样本ID,城市,年份,客群类型,年龄,性别,年收入_万,总资产_万,首付比例,预算上限_万,家庭人数,孩子数,老人同住,社会阶层,信息渠道,决策紧迫度,风险厌恶,偏好_景观,偏好_私密,偏好_圈层,偏好_户型,偏好_通勤,偏好_学校,偏好_品牌,购房目的,意向户型,意向面积_㎡,支付意愿_元每㎡,细分职业,家庭生命周期阶段,目前居住状况,目前居住痛点,核心看房细节需求,职住通勤偏好,生活方式偏好,首付资金来源,品牌与服务诉求,旅居度假频次
上_2003_00001,上海,2003,本地改善,39,男,0.8,6.5,0.45,10.8,4,2,是,B,agent,0.8,0.48,0.56,0.5,0.58,0.9,0.56,0.71,0.63,自住-改善,一室一厅,99,920,区财政局科员,二胎黄金期中大户型,上海中环品质两居，车位及空间极其拥挤,小区无地下车库且人车不分流，小孩在楼下玩耍或者推婴儿车极为不安全。,讲究超高得房率（超85%），主卧套房必须配备独立步入式衣帽间与干湿分离双卫。,主要在陆家嘴/徐家汇CBD上班，首选地铁2/9号线沿线，通勤半小时内。,倡导轻户外，周末常带家人自驾野营或山系徒步，注重生活情调与手作咖啡。,名下持有一套旧两居，置换回款 65% + 个人理财储蓄补充 + 公积金商业贷,重性价比，不盲信大牌，但要求物业管理有序、绿化修剪及时、人防技防规范。,常年本地稳定居住，工作日职住通勤动线规则单一。
上_2003_00002,上海,2003,教育型买房,46,女,0.6,5.5,0.4,10.4,1,2,是,B,social,0.68,0.36,0.36,0.4,0.67,0.61,0.67,0.93,0.58,学区房,一室一厅,98,835,市第二中学地理教师,二胎黄金期中大户型,上海中环品质两居，车位及空间极其拥挤,小区无地下车库且人车不分流，小孩在楼下玩耍或者推婴儿车极为不安全。,核心要求地块属于第一梯队名校学区，且周边500米内解决幼小衔接教育配套。,主要在陆家嘴/徐家汇CBD上班，首选地铁2/9号线沿线，通勤半小时内。,倡导轻户外，周末常带家人自驾野营或山系徒步，注重生活情调与手作咖啡。,名下持有一套旧两居，置换回款 65% + 个人理财储蓄补充 + 公积金商业贷,重性价比，不盲信大牌，但要求物业管理有序、绿化修剪及时、人防技防规范。,常年本地稳定居住，工作日职住通勤动线规则单一。
上_2003_00003,上海,2003,外籍海归,41,女,1.8,14.6,0.4,27.3,3,1,否,A,social,0.84,0.49,0.82,0.71,0.81,0.69,0.82,0.75,0.89,自住-首套,两室一厅,84,2590,合资日化企业技术主管,三口之家(学龄段),陆家嘴核心区江景大平层,无高端私密会所及管家式物业配套，圈层鱼龙混杂，高净值居住体验差。,要求独立电梯入户，主次卧动线分明，配备独立保姆房和私密后院。,主要在陆家嘴/徐家汇CBD上班，首选地铁2/9号线沿线，通勤半小时内。,周末常去高端商圈消费，热衷打网球和马术，重度手冲咖啡及黑胶唱片发烧友。,夫妻双方积蓄 + 双方父母出资赞助首付 + 公积金商业组合贷款,非仁恒、绿城、万科等金牌开发商不买，极度看重高端精装质量与顶级物业的增值口碑。,常年本地稳定居住，工作日职住通勤动线规则单一。
上_2003_00004,上海,2003,本地改善,48,女,0.8,7.1,0.45,11.9,5,2,否,B,agent,0.81,0.27,0.6,0.45,0.42,0.79,0.58,0.55,0.71,自住-改善,两室一厅,67,1120,邮政局局长秘书,二胎黄金期中大户型,上海中环品质两居，车位及空间极其拥挤,小区无地下车库且人车不分流，小孩在楼下玩耍或者推婴儿车极为不安全。,讲究超高得房率（超85%），主卧套房必须配备独立步入式衣帽间与干湿分离双卫。,主要在陆家嘴/徐家汇CBD上班，首选地铁2/9号线沿线，通勤半小时内。,倡导轻户外，周末常带家人自驾野营或山系徒步，注重生活情调与手作咖啡。,名下持有一套旧两居，置换回款 65% + 个人理财储蓄补充 + 公积金商业贷,非仁恒、绿城、万科等金牌开发商不买，极度看重高端精装质量与顶级物业的增值口碑。,常年本地稳定居住，工作日职住通勤动线规则单一。
上_2003_00005,上海,2003,金融精英,41,女,4.1,28.2,0.4,52.9,3,1,是,A,research,0.79,0.56,0.56,0.47,0.81,0.75,0.73,0.92,0.63,自住-改善,两室一厅,61,5530,老牌证券公司营业部经理,三口之家(学龄段),西湖边高精平层,当前房屋属于旧多层无电梯房，父母年纪渐高每天爬楼梯极为吃力。,讲究超高得房率（超85%），主卧套房必须配备独立步入式衣帽间与干湿分离双卫。,主要在陆家嘴/徐家汇CBD上班，首选地铁2/9号线沿线，通勤半小时内。,周末常去高端商圈消费，热衷打网球和马术，重度手冲咖啡及黑胶唱片发烧友。,名下已有企业股权套现或分红现金，一次性全款付清，基本不加杠杆,重性价比，不盲信大牌，但要求物业管理有序、绿化修剪及时、人防技防规范。,常年本地稳定居住，工作日职住通勤动线规则单一。
上_2003_00006,上海,2003,本地改善,56,男,1.5,13.8,0.45,22.9,5,2,是,B,agent,0.85,0.52,0.47,0.64,0.49,0.97,0.67,0.63,0.53,自住-改善,两室两厅,73,2126,区财政局科员,二胎黄金期中大户型,上海中环品质两居，车位及空间极其拥挤,小区无地下车库且人车不分流，小孩在楼下玩耍或者推婴儿车极为不安全。,讲究超高得房率（超85%），主卧套房必须配备独立步入式衣帽间与干湿分离双卫。,主要在陆家嘴/徐家汇CBD上班，首选地铁2/9号线沿线，通勤半小时内。,倡导轻户外，周末常带家人自驾野营或山系徒步，注重生活情调与手作咖啡。,名下持有一套旧两居，置换回款 65% + 个人理财储蓄补充 + 公积金商业贷,重性价比，不盲信大牌，但要求物业管理有序、绿化修剪及时、人防技防规范。,常年本地稳定居住，工作日职住通勤动线规则单一。
上_2003_00007,上海,2003,金融精英,47,女,0.7,4.7,0.4,8.8,3,1,否,A,research,0.73,0.45,0.8,0.67,0.56,0.81,0.72,0.72,0.65,自住-改善,两室两厅,78,986,商业银行支行信贷科长,三口之家(学龄段),陆家嘴核心区江景大平层,无高端私密会所及管家式物业配套，圈层鱼龙混杂，高净值居住体验差。,要求有超大面宽南向双阳台（观景家政分离），主卧大飘窗能270度直面自然景观。,主要在陆家嘴/徐家汇CBD上班，首选地铁2/9号线沿线，通勤半小时内。,周末常去高端商圈消费，热衷打网球和马术，重度手冲咖啡及黑胶唱片发烧友。,名下已有企业股权套现或分红现金，一次性全款付清，基本不加杠杆,重性价比，不盲信大牌，但要求物业管理有序、绿化修剪及时、人防技防规范。,常年本地稳定居住，工作日职住通勤动线规则单一。
上_2003_00008,上海,2003,金融精英,49,女,3.3,27.9,0.4,52.2,4,1,否,A,research,0.82,0.46,0.71,0.61,0.76,0.72,0.68,0.88,0.86,自住-改善,两室两厅,59,6000,申银万国证券分析员,三口之家(学龄段),市中心私密洋房住宅,无高端私密会所及管家式物业配套，圈层鱼龙混杂，高净值居住体验差。,要求有超大面宽南向双阳台（观景家政分离），主卧大飘窗能270度直面自然景观。,主要在陆家嘴/徐家汇CBD上班，首选地铁2/9号线沿线，通勤半小时内。,周末常去高端商圈消费，热衷打网球和马术，重度手冲咖啡及黑胶唱片发烧友。,名下已有企业股权套现或分红现金，一次性全款付清，基本不加杠杆,非仁恒、绿城、万科等金牌开发商不买，极度看重高端精装质量与顶级物业的增值口碑。,常年本地稳定居住，工作日职住通勤动线规则单一。
上_2003_00009,上海,2003,本地改善,55,女,1.3,11.9,0.45,19.9,4,2,是,B,agent,0.66,0.46,0.6,0.55,0.44,0.81,0.58,0.72,0.67,自住-改善,两室一厅,56,2268,市第二中学地理教师,二胎黄金期中大户型,上海中环品质两居，车位及空间极其拥挤,小区无地下车库且人车不分流，小孩在楼下玩耍或者推婴儿车极为不安全。,讲究超高得房率（超85%），主卧套房必须配备独立步入式衣帽间与干湿分离双卫。,主要在陆家嘴/徐家汇CBD上班，首选地铁2/9号线沿线，通勤半小时内。,倡导轻户外，周末常带家人自驾野营或山系徒步，注重生活情调与手作咖啡。,名下持有一套旧两居，置换回款 65% + 个人理财储蓄补充 + 公积金商业贷,重性价比，不盲信大牌，但要求物业管理有序、绿化修剪及时、人防技防规范。,常年本地稳定居住，工作日职住通勤动线规则单一。
上_2003_00010,上海,2003,本地改善,40,男,0.7,5.4,0.45,9.0,4,3,否,B,agent,0.8,0.55,0.51,0.32,0.37,0.84,0.57,0.67,0.6,自住-改善,一室一厅,100,562,市第二中学地理教师,二胎黄金期中大户型,上海中环品质两居，车位及空间极其拥挤,小区无地下车库且人车不分流，小孩在楼下玩耍或者推婴儿车极为不安全。,讲究超高得房率（超85%），主卧套房必须配备独立步入式衣帽间与干湿分离双卫。,主要在陆家嘴/徐家汇CBD上班，首选地铁2/9号线沿线，通勤半小时内。,倡导轻户外，周末常带家人自驾野营或山系徒步，注重生活情调与手作咖啡。,名下持有一套旧两居，置换回款 65% + 个人理财储蓄补充 + 公积金商业贷,重性价比，不盲信大牌，但要求物业管理有序、绿化修剪及时、人防技防规范。,常年本地稳定居住，工作日职住通勤动线规则单一。
上_2003_00011,上海,2003,长三角家庭,38,男,0.6,3.1,0.45,5.2,4,2,是,B,agent,0.84,0.57,0.48,0.63,0.44,0.81,0.46,0.83,0.54,自住-首套,两室一厅,50,610,区财政局科员,二胎黄金期中大户型,上海中环品质两居，车位及空间极其拥挤,小区无地下车库且人车不分流，小孩在楼下玩耍或者推婴儿车极为不安全。,讲究超高得房率（超85%），主卧套房必须配备独立步入式衣帽间与干湿分离双卫。,主要在陆家嘴/徐家汇CBD上班，首选地铁2/9号线沿线，通勤半小时内。,倡导轻户外，周末常带家人自驾野营或山系徒步，注重生活情调与手作咖啡。,夫妻双方积蓄 + 双方父母出资赞助首付 + 公积金商业组合贷款,重性价比，不盲信大牌，但要求物业管理有序、绿化修剪及时、人防技防规范。,常年本地稳定居住，工作日职住通勤动线规则单一。
上_2003_00012,上海,2003,教育型买房,43,女,1.9,12.9,0.4,24.3,3,2,否,B,social,0.99,0.39,0.51,0.4,0.54,0.69,0.47,0.96,0.67,学区房,一室一厅,80,2496,国企车间技术主任,二胎黄金期中大户型,上海中环品质两居，车位及空间极其拥挤,小区无地下车库且人车不分流，小孩在楼下玩耍或者推婴儿车极为不安全。,核心要求地块属于第一梯队名校学区，且周边500米内解决幼小衔接教育配套。,主要在陆家嘴/徐家汇CBD上班，首选地铁2/9号线沿线，通勤半小时内。,倡导轻户外，周末常带家人自驾野营或山系徒步，注重生活情调与手作咖啡。,名下持有一套旧两居，置换回款 65% + 个人理财储蓄补充 + 公积金商业贷,重性价比，不盲信大牌，但要求物业管理有序、绿化修剪及时、人防技防规范。,常年本地稳定居住，工作日职住通勤动线规则单一。
上_2003_00013,上海,2003,本地改善,57,男,1.2,12.9,0.45,21.5,4,2,否,B,agent,0.59,0.53,0.49,0.53,0.58,0.78,0.67,0.7,0.46,自住-改善,一室一厅,63,2320,国企车间技术主任,二胎黄金期中大户型,上海中环品质两居，车位及空间极其拥挤,小区无地下车库且人车不分流，小孩在楼下玩耍或者推婴儿车极为不安全。,讲究超高得房率（超85%），主卧套房必须配备独立步入式衣帽间与干湿分离双卫。,主要在陆家嘴/徐家汇CBD上班，首选地铁2/9号线沿线，通勤半小时内。,倡导轻户外，周末常带家人自驾野营或山系徒步，注重生活情调与手作咖啡。,名下持有一套旧两居，置换回款 65% + 个人理财储蓄补充 + 公积金商业贷,重性价比，不盲信大牌，但要求物业管理有序、绿化修剪及时、人防技防规范。,常年本地稳定居住，工作日职住通勤动线规则单一。
上_2003_00014,上海,2003,教育型买房,32,男,0.6,4.1,0.4,7.6,3,1,是,B,social,0.64,0.46,0.26,0.47,0.62,0.75,0.61,0.9,0.67,学区房,两室一厅,86,553,国企车间技术主任,三口之家(幼龄段),上海中环品质两居，车位及空间极其拥挤,小区无地下车库且人车不分流，小孩在楼下玩耍或者推婴儿车极为不安全。,讲究超高得房率（超85%），主卧套房必须配备独立步入式衣帽间与干湿分离双卫。,主要在陆家嘴/徐家汇CBD上班，首选地铁2/9号线沿线，通勤半小时内。,倡导轻户外，周末常带家人自驾野营或山系徒步，注重生活情调与手作咖啡。,名下持有一套旧两居，置换回款 65% + 个人理财储蓄补充 + 公积金商业贷,重性价比，不盲信大牌，但要求物业管理有序、绿化修剪及时、人防技防规范。,常年本地稳定居住，工作日职住通勤动线规则单一。
上_2003_00015,上海,2003,金融精英,47,男,1.3,7.5,0.4,14.0,3,1,否,A,research,0.93,0.44,0.66,0.57,0.73,0.81,0.72,0.88,0.74,自住-首套,一室一厅,69,1319,老牌证券公司营业部经理,三口之家(学龄段),市中心私密洋房住宅,无高端私密会所及管家式物业配套，圈层鱼龙混杂，高净值居住体验差。,讲究超高得房率（超85%），主卧套房必须配备独立步入式衣帽间与干湿分离双卫。,主要在陆家嘴/徐家汇CBD上班，首选地铁2/9号线沿线，通勤半小时内。,周末常去高端商圈消费，热衷打网球和马术，重度手冲咖啡及黑胶唱片发烧友。,夫妻双方积蓄 + 双方父母出资赞助首付 + 公积金商业组合贷款,非仁恒、绿城、万科等金牌开发商不买，极度看重高端精装质量与顶级物业的增值口碑。,常年本地稳定居住，工作日职住通勤动线规则单一。
上_2003_00016,上海,2003,教育型买房,34,男,1.5,10.4,0.4,19.6,3,2,否,B,social,0.76,0.36,0.25,0.43,0.6,0.74,0.51,1,0.7,学区房,一室一厅,53,3250,国企车间技术主任,二胎黄金期中大户型,上海中环品质两居，车位及空间极其拥挤,小区无地下车库且人车不分流，小孩在楼下玩耍或者推婴儿车极为不安全。,讲究超高得房率（超85%），主卧套房必须配备独立步入式衣帽间与干湿分离双卫。,主要在陆家嘴/徐家汇CBD上班，首选地铁2/9号线沿线，通勤半小时内。,倡导轻户外，周末常带家人自驾野营或山系徒步，注重生活情调与手作咖啡。,名下持有一套旧两居，置换回款 65% + 个人理财储蓄补充 + 公积金商业贷,重性价比，不盲信大牌，但要求物业管理有序、绿化修剪及时、人防技防规范。,常年本地稳定居住，工作日职住通勤动线规则单一。
上_2003_00017,上海,2003,本地改善,46,女,0.9,10.2,0.45,17.1,4,2,是,B,agent,0.72,0.49,0.62,0.57,0.56,0.78,0.74,0.76,0.54,自住-改善,两室一厅,71,1842,国企车间技术主任,二胎黄金期中大户型,上海中环品质两居，车位及空间极其拥挤,小区无地下车库且人车不分流，小孩在楼下玩耍或者推婴儿车极为不安全。,讲究超高得房率（超85%），主卧套房必须配备独立步入式衣帽间与干湿分离双卫。,主要在陆家嘴/徐家汇CBD上班，首选地铁2/9号线沿线，通勤半小时内。,倡导轻户外，周末常带家人自驾野营或山系徒步，注重生活情调与手作咖啡。,名下持有一套旧两居，置换回款 65% + 个人理财储蓄补充 + 公积金商业贷,重性价比，不盲信大牌，但要求物业管理有序、绿化修剪及时、人防技防规范。,常年本地稳定居住，工作日职住通勤动线规则单一。
上_2003_00018,上海,2003,本地改善,47,女,0.8,8.5,0.45,14.1,4,3,否,B,agent,0.79,0.34,0.47,0.36,0.59,0.9,0.56,0.67,0.48,自住-改善,两室一厅,85,1349,市第二中学地理教师,二胎黄金期中大户型,上海中环品质两居，车位及空间极其拥挤,小区无地下车库且人车不分流，小孩在楼下玩耍或者推婴儿车极为不安全。,讲究超高得房率（超85%），主卧套房必须配备独立步入式衣帽间与干湿分离双卫。,主要在陆家嘴/徐家汇CBD上班，首选地铁2/9号线沿线，通勤半小时内。,倡导轻户外，周末常带家人自驾野营或山系徒步，注重生活情调与手作咖啡。,名下持有一套旧两居，置换回款 65% + 个人理财储蓄补充 + 公积金商业贷,重性价比，不盲信大牌，但要求物业管理有序、绿化修剪及时、人防技防规范。,常年本地稳定居住，工作日职住通勤动线规则单一。
上_2003_00019,上海,2003,长三角家庭,41,男,1.3,8.1,0.45,13.6,4,2,否,B,agent,0.79,0.54,0.5,0.45,0.55,0.92,0.5,0.68,0.66,自住-首套,一室一厅,88,1129,国企车间技术主任,二胎黄金期中大户型,上海中环品质两居，车位及空间极其拥挤,小区无地下车库且人车不分流，小孩在楼下玩耍或者推婴儿车极为不安全。,讲究超高得房率（超85%），主卧套房必须配备独立步入式衣帽间与干湿分离双卫。,主要在陆家嘴/徐家汇CBD上班，首选地铁2/9号线沿线，通勤半小时内。,倡导轻户外，周末常带家人自驾野营或山系徒步，注重生活情调与手作咖啡。,夫妻双方积蓄 + 双方父母出资赞助首付 + 公积金商业组合贷款,重性价比，不盲信大牌，但要求物业管理有序、绿化修剪及时、人防技防规范。,常年本地稳定居住，工作日职住通勤动线规则单一。
上_2003_00020,上海,2003,金融精英,49,男,2.6,25.0,0.4,47.0,2,0,否,A,research,0.58,0.41,0.61,0.65,0.68,0.63,0.74,0.96,0.72,自住-改善,两室一厅,87,3470,老牌证券公司营业部经理,成熟期核心家庭,市中心私密洋房住宅,无高端私密会所及管家式物业配套，圈层鱼龙混杂，高净值居住体验差。,核心要求地块属于第一梯队名校学区，且周边500米内解决幼小衔接教育配套。,主要在陆家嘴/徐家汇CBD上班，首选地铁2/9号线沿线，通勤半小时内。,周末常去高端商圈消费，热衷打网球和马术，重度手冲咖啡及黑胶唱片发烧友。,名下已有企业股权套现或分红现金，一次性全款付清，基本不加杠杆,非仁恒、绿城、万科等金牌开发商不买，极度看重高端精装质量与顶级物业的增值口碑。,常年本地稳定居住，工作日职住通勤动线规则单一。
上_2003_00021,上海,2003,本地改善,53,女,0.6,7.0,0.45,11.6,5,1,是,B,agent,0.58,0.5,0.54,0.37,0.69,0.82,0.71,0.69,0.69,自住-改善,两室两厅,53,1790,国企车间技术主任,三口之家(学龄段),上海中环品质两居，车位及空间极其拥挤,小区无地下车库且人车不分流，小孩在楼下玩耍或者推婴儿车极为不安全。,讲究超高得房率（超85%），主卧套房必须配备独立步入式衣帽间与干湿分离双卫。,主要在陆家嘴/徐家汇CBD上班，首选地铁2/9号线沿线，通勤半小时内。,倡导轻户外，周末常带家人自驾野营或山系徒步，注重生活情调与手作咖啡。,名下持有一套旧两居，置换回款 65% + 个人理财储蓄补充 + 公积金商业贷,重性价比，不盲信大牌，但要求物业管理有序、绿化修剪及时、人防技防规范。,常年本地稳定居住，工作日职住通勤动线规则单一。
上_2003_00022,上海,2003,教育型买房,35,男,0.8,7.8,0.4,14.6,4,0,否,B,social,0.78,0.37,0.35,0.27,0.59,0.57,0.51,1,0.69,学区房,两室两厅,82,1081,邮政局局长秘书,新婚过渡两居,上海中环品质两居，车位及空间极其拥挤,老小区隔音差，邻里滋扰严重，且车位严重匮乏，每晚加班回来抢车位像打仗。,核心要求地块属于第一梯队名校学区，且周边500米内解决幼小衔接教育配套。,主要在陆家嘴/徐家汇CBD上班，首选地铁2/9号线沿线，通勤半小时内。,倡导轻户外，周末常带家人自驾野营或山系徒步，注重生活情调与手作咖啡。,名下持有一套旧两居，置换回款 65% + 个人理财储蓄补充 + 公积金商业贷,重性价比，不盲信大牌，但要求物业管理有序、绿化修剪及时、人防技防规范。,常年本地稳定居住，工作日职住通勤动线规则单一。
上_2003_00023,上海,2003,教育型买房,35,女,1.3,7.5,0.4,14.1,2,2,是,B,social,0.85,0.52,0.47,0.26,0.58,0.7,0.6,1,0.64,学区房,两室两厅,73,1383,区财政局科员,二胎黄金期中大户型,上海中环品质两居，车位及空间极其拥挤,小区无地下车库且人车不分流，小孩在楼下玩耍或者推婴儿车极为不安全。,核心要求地块属于第一梯队名校学区，且周边500米内解决幼小衔接教育配套。,主要在陆家嘴/徐家汇CBD上班，首选地铁2/9号线沿线，通勤半小时内。,倡导轻户外，周末常带家人自驾野营或山系徒步，注重生活情调与手作咖啡。,名下持有一套旧两居，置换回款 65% + 个人理财储蓄补充 + 公积金商业贷,重性价比，不盲信大牌，但要求物业管理有序、绿化修剪及时、人防技防规范。,常年本地稳定居住，工作日职住通勤动线规则单一。
上_2003_00024,上海,2003,教育型买房,34,男,1.9,19.1,0.4,35.8,4,1,否,B,social,1,0.58,0.39,0.42,0.54,0.66,0.57,0.81,0.5,学区房,两室一厅,75,3459,邮政局局长秘书,三口之家(幼龄段),上海中环品质两居，车位及空间极其拥挤,小区无地下车库且人车不分流，小孩在楼下玩耍或者推婴儿车极为不安全。,核心要求地块属于第一梯队名校学区，且周边500米内解决幼小衔接教育配套。,主要在陆家嘴/徐家汇CBD上班，首选地铁2/9号线沿线，通勤半小时内。,倡导轻户外，周末常带家人自驾野营或山系徒步，注重生活情调与手作咖啡。,名下持有一套旧两居，置换回款 65% + 个人理财储蓄补充 + 公积金商业贷,重性价比，不盲信大牌，但要求物业管理有序、绿化修剪及时、人防技防规范。,常年本地稳定居住，工作日职住通勤动线规则单一。
上_2003_00025,上海,2003,金融精英,37,女,3.8,28.9,0.4,54.2,2,2,否,A,research,0.45,0.39,0.58,0.62,0.7,0.8,0.59,0.81,0.74,自住-改善,两室两厅,87,5105,申银万国证券分析员,二胎黄金期中大户型,西湖边高精平层,无高端私密会所及管家式物业配套，圈层鱼龙混杂，高净值居住体验差。,讲究超高得房率（超85%），主卧套房必须配备独立步入式衣帽间与干湿分离双卫。,主要在陆家嘴/徐家汇CBD上班，首选地铁2/9号线沿线，通勤半小时内。,周末常去高端商圈消费，热衷打网球和马术，重度手冲咖啡及黑胶唱片发烧友。,名下已有企业股权套现或分红现金，一次性全款付清，基本不加杠杆,非仁恒、绿城、万科等金牌开发商不买，极度看重高端精装质量与顶级物业的增值口碑。,常年本地稳定居住，工作日职住通勤动线规则单一。
上_2003_00026,上海,2003,本地改善,58,男,0.6,5.1,0.45,8.6,4,2,否,B,agent,0.85,0.43,0.46,0.44,0.55,0.81,0.58,0.63,0.63,自住-改善,两室一厅,50,1030,国企车间技术主任,二胎黄金期中大户型,上海中环品质两居，车位及空间极其拥挤,小区无地下车库且人车不分流，小孩在楼下玩耍或者推婴儿车极为不安全。,讲究超高得房率（超85%），主卧套房必须配备独立步入式衣帽间与干湿分离双卫。,主要在陆家嘴/徐家汇CBD上班，首选地铁2/9号线沿线，通勤半小时内。,倡导轻户外，周末常带家人自驾野营或山系徒步，注重生活情调与手作咖啡。,名下持有一套旧两居，置换回款 65% + 个人理财储蓄补充 + 公积金商业贷,重性价比，不盲信大牌，但要求物业管理有序、绿化修剪及时、人防技防规范。,常年本地稳定居住，工作日职住通勤动线规则单一。
上_2003_00027,上海,2003,本地改善,52,男,1.5,15.4,0.45,25.6,4,2,是,B,agent,0.74,0.57,0.48,0.55,0.53,0.67,0.53,0.68,0.63,自住-改善,两室一厅,67,2416,区财政局科员,二胎黄金期中大户型,上海中环品质两居，车位及空间极其拥挤,小区无地下车库且人车不分流，小孩在楼下玩耍或者推婴儿车极为不安全。,要求采光通透，全明户型，带多功能嵌入式收纳墙以最大化空间利用。,主要在陆家嘴/徐家汇CBD上班，首选地铁2/9号线沿线，通勤半小时内。,倡导轻户外，周末常带家人自驾野营或山系徒步，注重生活情调与手作咖啡。,名下持有一套旧两居，置换回款 65% + 个人理财储蓄补充 + 公积金商业贷,重性价比，不盲信大牌，但要求物业管理有序、绿化修剪及时、人防技防规范。,常年本地稳定居住，工作日职住通勤动线规则单一。
上_2003_00028,上海,2003,金融精英,49,男,2.1,20.1,0.4,37.6,3,1,是,A,research,0.61,0.56,0.7,0.41,0.87,0.63,0.6,0.85,0.7,自住-首套,两室一厅,64,3313,老牌证券公司营业部经理,三口之家(学龄段),市中心私密洋房住宅,当前房屋属于旧多层无电梯房，父母年纪渐高每天爬楼梯极为吃力。,要求有超大面宽南向双阳台（观景家政分离），主卧大飘窗能270度直面自然景观。,主要在陆家嘴/徐家汇CBD上班，首选地铁2/9号线沿线，通勤半小时内。,周末常去高端商圈消费，热衷打网球和马术，重度手冲咖啡及黑胶唱片发烧友。,夫妻双方积蓄 + 双方父母出资赞助首付 + 公积金商业组合贷款,重性价比，不盲信大牌，但要求物业管理有序、绿化修剪及时、人防技防规范。,常年本地稳定居住，工作日职住通勤动线规则单一。
上_2003_00029,上海,2003,教育型买房,35,男,1.3,11.9,0.4,22.3,2,2,否,B,social,1,0.55,0.34,0.47,0.55,0.66,0.43,1,0.58,学区房,两室两厅,92,1669,市第二中学地理教师,二胎黄金期中大户型,上海中环品质两居，车位及空间极其拥挤,小区无地下车库且人车不分流，小孩在楼下玩耍或者推婴儿车极为不安全。,核心要求地块属于第一梯队名校学区，且周边500米内解决幼小衔接教育配套。,主要在陆家嘴/徐家汇CBD上班，首选地铁2/9号线沿线，通勤半小时内。,倡导轻户外，周末常带家人自驾野营或山系徒步，注重生活情调与手作咖啡。,名下持有一套旧两居，置换回款 65% + 个人理财储蓄补充 + 公积金商业贷,重性价比，不盲信大牌，但要求物业管理有序、绿化修剪及时、人防技防规范。,常年本地稳定居住，工作日职住通勤动线规则单一。
上_2003_00030,上海,2003,金融精英,40,女,2.0,15.7,0.4,29.5,2,1,否,A,research,0.8,0.43,0.54,0.64,0.67,0.63,0.67,0.97,0.8,自住-首套,两室两厅,85,2642,老牌证券公司营业部经理,三口之家(学龄段),西湖边高精平层,无高端私密会所及管家式物业配套，圈层鱼龙混杂，高净值居住体验差。,核心要求地块属于第一梯队名校学区，且周边500米内解决幼小衔接教育配套。,主要在陆家嘴/徐家汇CBD上班，首选地铁2/9号线沿线，通勤半小时内。,周末常去高端商圈消费，热衷打网球和马术，重度手冲咖啡及黑胶唱片发烧友。,夫妻双方积蓄 + 双方父母出资赞助首付 + 公积金商业组合贷款,非仁恒、绿城、万科等金牌开发商不买，极度看重高端精装质量与顶级物业的增值口碑。,常年本地稳定居住，工作日职住通勤动线规则单一。
上_2003_00031,上海,2003,本地改善,40,男,0.5,6.1,0.45,10.2,4,2,否,B,agent,0.96,0.6,0.48,0.52,0.57,0.76,0.66,0.62,0.56,自住-改善,一室一厅,54,1674,区财政局科员,二胎黄金期中大户型,上海中环品质两居，车位及空间极其拥挤,小区无地下车库且人车不分流，小孩在楼下玩耍或者推婴儿车极为不安全。,讲究超高得房率（超85%），主卧套房必须配备独立步入式衣帽间与干湿分离双卫。,主要在陆家嘴/徐家汇CBD上班，首选地铁2/9号线沿线，通勤半小时内。,倡导轻户外，周末常带家人自驾野营或山系徒步，注重生活情调与手作咖啡。,名下持有一套旧两居，置换回款 65% + 个人理财储蓄补充 + 公积金商业贷,重性价比，不盲信大牌，但要求物业管理有序、绿化修剪及时、人防技防规范。,常年本地稳定居住，工作日职住通勤动线规则单一。
上_2003_00032,上海,2003,长三角家庭,48,男,0.6,4.1,0.45,6.8,4,2,是,B,agent,0.46,0.53,0.55,0.48,0.55,0.71,0.3,0.88,0.6,自住-首套,两室一厅,52,870,国企车间技术主任,二胎黄金期中大户型,上海中环品质两居，车位及空间极其拥挤,小区无地下车库且人车不分流，小孩在楼下玩耍或者推婴儿车极为不安全。,讲究超高得房率（超85%），主卧套房必须配备独立步入式衣帽间与干湿分离双卫。,主要在陆家嘴/徐家汇CBD上班，首选地铁2/9号线沿线，通勤半小时内。,倡导轻户外，周末常带家人自驾野营或山系徒步，注重生活情调与手作咖啡。,夫妻双方积蓄 + 双方父母出资赞助首付 + 公积金商业组合贷款,重性价比，不盲信大牌，但要求物业管理有序、绿化修剪及时、人防技防规范。,常年本地稳定居住，工作日职住通勤动线规则单一。
上_2003_00033,上海,2003,本地改善,47,女,1.0,7.7,0.45,12.8,4,2,否,B,agent,0.77,0.6,0.47,0.51,0.49,0.89,0.59,0.54,0.62,自住-改善,两室两厅,98,828,国企车间技术主任,二胎黄金期中大户型,上海中环品质两居，车位及空间极其拥挤,小区无地下车库且人车不分流，小孩在楼下玩耍或者推婴儿车极为不安全。,讲究超高得房率（超85%），主卧套房必须配备独立步入式衣帽间与干湿分离双卫。,主要在陆家嘴/徐家汇CBD上班，首选地铁2/9号线沿线，通勤半小时内。,倡导轻户外，周末常带家人自驾野营或山系徒步，注重生活情调与手作咖啡。,名下持有一套旧两居，置换回款 65% + 个人理财储蓄补充 + 公积金商业贷,重性价比，不盲信大牌，但要求物业管理有序、绿化修剪及时、人防技防规范。,常年本地稳定居住，工作日职住通勤动线规则单一。
上_2003_00034,上海,2003,本地改善,58,女,1.4,11.4,0.45,19.0,3,3,是,B,agent,0.98,0.57,0.66,0.4,0.47,0.9,0.57,0.69,0.58,自住-改善,两室一厅,98,1484,国企车间技术主任,二胎黄金期中大户型,上海中环品质两居，车位及空间极其拥挤,小区无地下车库且人车不分流，小孩在楼下玩耍或者推婴儿车极为不安全。,讲究超高得房率（超85%），主卧套房必须配备独立步入式衣帽间与干湿分离双卫。,主要在陆家嘴/徐家汇CBD上班，首选地铁2/9号线沿线，通勤半小时内。,倡导轻户外，周末常带家人自驾野营或山系徒步，注重生活情调与手作咖啡。,名下持有一套旧两居，置换回款 65% + 个人理财储蓄补充 + 公积金商业贷,重性价比，不盲信大牌，但要求物业管理有序、绿化修剪及时、人防技防规范。,常年本地稳定居住，工作日职住通勤动线规则单一。
上_2003_00035,上海,2003,教育型买房,43,女,0.8,6.2,0.4,11.6,4,2,否,B,social,0.69,0.48,0.29,0.26,0.59,0.82,0.46,0.92,0.53,学区房,两室两厅,69,1333,区财政局科员,二胎黄金期中大户型,上海中环品质两居，车位及空间极其拥挤,小区无地下车库且人车不分流，小孩在楼下玩耍或者推婴儿车极为不安全。,讲究超高得房率（超85%），主卧套房必须配备独立步入式衣帽间与干湿分离双卫。,主要在陆家嘴/徐家汇CBD上班，首选地铁2/9号线沿线，通勤半小时内。,倡导轻户外，周末常带家人自驾野营或山系徒步，注重生活情调与手作咖啡。,名下持有一套旧两居，置换回款 65% + 个人理财储蓄补充 + 公积金商业贷,重性价比，不盲信大牌，但要求物业管理有序、绿化修剪及时、人防技防规范。,常年本地稳定居住，工作日职住通勤动线规则单一。
上_2003_00036,上海,2003,本地改善,40,男,1.3,10.1,0.45,16.9,3,1,是,B,agent,0.81,0.4,0.47,0.49,0.53,0.82,0.65,0.57,0.58,自住-改善,两室一厅,61,2356,邮政局局长秘书,三口之家(学龄段),上海中环品质两居，车位及空间极其拥挤,小区无地下车库且人车不分流，小孩在楼下玩耍或者推婴儿车极为不安全。,讲究超高得房率（超85%），主卧套房必须配备独立步入式衣帽间与干湿分离双卫。,主要在陆家嘴/徐家汇CBD上班，首选地铁2/9号线沿线，通勤半小时内。,倡导轻户外，周末常带家人自驾野营或山系徒步，注重生活情调与手作咖啡。,名下持有一套旧两居，置换回款 65% + 个人理财储蓄补充 + 公积金商业贷,重性价比，不盲信大牌，但要求物业管理有序、绿化修剪及时、人防技防规范。,常年本地稳定居住，工作日职住通勤动线规则单一。
上_2003_00037,上海,2003,金融精英,32,女,1.9,11.3,0.4,21.2,1,1,否,A,research,0.85,0.47,0.66,0.74,0.75,0.81,0.67,0.77,0.7,自住-首套,两室一厅,77,1898,老牌证券公司营业部经理,三口之家(幼龄段),陆家嘴核心区江景大平层,无高端私密会所及管家式物业配套，圈层鱼龙混杂，高净值居住体验差。,要求独立电梯入户，主次卧动线分明，配备独立保姆房和私密后院。,主要在陆家嘴/徐家汇CBD上班，首选地铁2/9号线沿线，通勤半小时内。,周末常去高端商圈消费，热衷打网球和马术，重度手冲咖啡及黑胶唱片发烧友。,夫妻双方积蓄 + 双方父母出资赞助首付 + 公积金商业组合贷款,非仁恒、绿城、万科等金牌开发商不买，极度看重高端精装质量与顶级物业的增值口碑。,常年本地稳定居住，工作日职住通勤动线规则单一。
上_2003_00038,上海,2003,本地改善,57,女,0.8,7.0,0.45,11.6,4,3,是,B,agent,0.94,0.45,0.58,0.47,0.48,0.89,0.72,0.77,0.54,自住-改善,两室两厅,66,1375,区财政局科员,二胎黄金期中大户型,上海中环品质两居，车位及空间极其拥挤,小区无地下车库且人车不分流，小孩在楼下玩耍或者推婴儿车极为不安全。,讲究超高得房率（超85%），主卧套房必须配备独立步入式衣帽间与干湿分离双卫。,主要在陆家嘴/徐家汇CBD上班，首选地铁2/9号线沿线，通勤半小时内。,倡导轻户外，周末常带家人自驾野营或山系徒步，注重生活情调与手作咖啡。,名下持有一套旧两居，置换回款 65% + 个人理财储蓄补充 + 公积金商业贷,重性价比，不盲信大牌，但要求物业管理有序、绿化修剪及时、人防技防规范。,常年本地稳定居住，工作日职住通勤动线规则单一。
上_2003_00039,上海,2003,本地改善,42,男,0.9,9.4,0.45,15.7,4,2,否,B,agent,0.62,0.58,0.5,0.49,0.64,0.71,0.68,0.6,0.67,自住-改善,一室一厅,61,1741,国企车间技术主任,二胎黄金期中大户型,上海中环品质两居，车位及空间极其拥挤,小区无地下车库且人车不分流，小孩在楼下玩耍或者推婴儿车极为不安全。,讲究超高得房率（超85%），主卧套房必须配备独立步入式衣帽间与干湿分离双卫。,主要在陆家嘴/徐家汇CBD上班，首选地铁2/9号线沿线，通勤半小时内。,倡导轻户外，周末常带家人自驾野营或山系徒步，注重生活情调与手作咖啡。,名下持有一套旧两居，置换回款 65% + 个人理财储蓄补充 + 公积金商业贷,重性价比，不盲信大牌，但要求物业管理有序、绿化修剪及时、人防技防规范。,常年本地稳定居住，工作日职住通勤动线规则单一。
上_2003_00040,上海,2003,长三角家庭,53,女,2.0,16.3,0.45,27.2,3,2,否,B,agent,1,0.55,0.57,0.6,0.54,0.74,0.39,0.75,0.7,自住-改善,两室一厅,93,2234,市第二中学地理教师,二胎黄金期中大户型,上海中环品质两居，车位及空间极其拥挤,小区无地下车库且人车不分流，小孩在楼下玩耍或者推婴儿车极为不安全。,讲究超高得房率（超85%），主卧套房必须配备独立步入式衣帽间与干湿分离双卫。,主要在陆家嘴/徐家汇CBD上班，首选地铁2/9号线沿线，通勤半小时内。,倡导轻户外，周末常带家人自驾野营或山系徒步，注重生活情调与手作咖啡。,名下持有一套旧两居，置换回款 65% + 个人理财储蓄补充 + 公积金商业贷,重性价比，不盲信大牌，但要求物业管理有序、绿化修剪及时、人防技防规范。,常年本地稳定居住，工作日职住通勤动线规则单一。
上_2003_00041,上海,2003,金融精英,40,男,2.8,17.7,0.4,33.1,3,0,否,A,research,0.83,0.43,0.55,0.67,0.69,0.71,0.59,0.86,0.81,自住-改善,一室一厅,59,3182,申银万国证券分析员,成熟期核心家庭,西湖边高精平层,无高端私密会所及管家式物业配套，圈层鱼龙混杂，高净值居住体验差。,讲究超高得房率（超85%），主卧套房必须配备独立步入式衣帽间与干湿分离双卫。,主要在陆家嘴/徐家汇CBD上班，首选地铁2/9号线沿线，通勤半小时内。,周末常去高端商圈消费，热衷打网球和马术，重度手冲咖啡及黑胶唱片发烧友。,名下已有企业股权套现或分红现金，一次性全款付清，基本不加杠杆,非仁恒、绿城、万科等金牌开发商不买，极度看重高端精装质量与顶级物业的增值口碑。,常年本地稳定居住，工作日职住通勤动线规则单一。
上_2003_00042,上海,2003,本地改善,56,男,1.1,14.6,0.45,24.4,4,2,否,B,agent,0.65,0.61,0.54,0.51,0.5,0.8,0.45,0.74,0.55,自住-改善,两室一厅,88,2022,国企车间技术主任,二胎黄金期中大户型,上海中环品质两居，车位及空间极其拥挤,小区无地下车库且人车不分流，小孩在楼下玩耍或者推婴儿车极为不安全。,讲究超高得房率（超85%），主卧套房必须配备独立步入式衣帽间与干湿分离双卫。,主要在陆家嘴/徐家汇CBD上班，首选地铁2/9号线沿线，通勤半小时内。,倡导轻户外，周末常带家人自驾野营或山系徒步，注重生活情调与手作咖啡。,名下持有一套旧两居，置换回款 65% + 个人理财储蓄补充 + 公积金商业贷,重性价比，不盲信大牌，但要求物业管理有序、绿化修剪及时、人防技防规范。,常年本地稳定居住，工作日职住通勤动线规则单一。
上_2003_00043,上海,2003,金融精英,39,男,3.7,31.1,0.4,58.3,4,3,否,A,research,0.56,0.42,0.55,0.61,0.71,0.74,0.79,0.78,0.88,自住-首套,两室两厅,94,4491,老牌证券公司营业部经理,二胎黄金期中大户型,市中心私密洋房住宅,无高端私密会所及管家式物业配套，圈层鱼龙混杂，高净值居住体验差。,讲究超高得房率（超85%），主卧套房必须配备独立步入式衣帽间与干湿分离双卫。,主要在陆家嘴/徐家汇CBD上班，首选地铁2/9号线沿线，通勤半小时内。,周末常去高端商圈消费，热衷打网球和马术，重度手冲咖啡及黑胶唱片发烧友。,夫妻双方积蓄 + 双方父母出资赞助首付 + 公积金商业组合贷款,非仁恒、绿城、万科等金牌开发商不买，极度看重高端精装质量与顶级物业的增值口碑。,常年本地稳定居住，工作日职住通勤动线规则单一。
上_2003_00044,上海,2003,教育型买房,46,男,0.7,6.4,0.4,12.1,3,0,是,B,social,0.9,0.54,0.33,0.51,0.5,0.84,0.56,0.91,0.57,学区房,一室一厅,56,1319,区财政局科员,成熟期核心家庭,上海中环品质两居，车位及空间极其拥挤,当前房屋属于旧多层无电梯房，父母年纪渐高每天爬楼梯极为吃力。,讲究超高得房率（超85%），主卧套房必须配备独立步入式衣帽间与干湿分离双卫。,主要在陆家嘴/徐家汇CBD上班，首选地铁2/9号线沿线，通勤半小时内。,倡导轻户外，周末常带家人自驾野营或山系徒步，注重生活情调与手作咖啡。,名下持有一套旧两居，置换回款 65% + 个人理财储蓄补充 + 公积金商业贷,重性价比，不盲信大牌，但要求物业管理有序、绿化修剪及时、人防技防规范。,常年本地稳定居住，工作日职住通勤动线规则单一。
上_2003_00045,上海,2003,外籍海归,34,女,1.4,12.5,0.4,23.4,3,1,否,A,social,0.65,0.57,0.61,0.48,0.77,0.76,0.4,0.82,0.82,自住-首套,两室两厅,50,3958,外企驻沪办事处代表,三口之家(幼龄段),市中心私密洋房住宅,无高端私密会所及管家式物业配套，圈层鱼龙混杂，高净值居住体验差。,讲究超高得房率（超85%），主卧套房必须配备独立步入式衣帽间与干湿分离双卫。,主要在陆家嘴/徐家汇CBD上班，首选地铁2/9号线沿线，通勤半小时内。,周末常去高端商圈消费，热衷打网球和马术，重度手冲咖啡及黑胶唱片发烧友。,夫妻双方积蓄 + 双方父母出资赞助首付 + 公积金商业组合贷款,非仁恒、绿城、万科等金牌开发商不买，极度看重高端精装质量与顶级物业的增值口碑。,常年本地稳定居住，工作日职住通勤动线规则单一。
上_2003_00046,上海,2003,本地改善,51,男,0.9,9.3,0.45,15.5,3,3,否,B,agent,0.89,0.46,0.64,0.52,0.55,0.93,0.7,0.66,0.55,自住-改善,一室一厅,94,1477,邮政局局长秘书,二胎黄金期中大户型,上海中环品质两居，车位及空间极其拥挤,小区无地下车库且人车不分流，小孩在楼下玩耍或者推婴儿车极为不安全。,讲究超高得房率（超85%），主卧套房必须配备独立步入式衣帽间与干湿分离双卫。,主要在陆家嘴/徐家汇CBD上班，首选地铁2/9号线沿线，通勤半小时内。,倡导轻户外，周末常带家人自驾野营或山系徒步，注重生活情调与手作咖啡。,名下持有一套旧两居，置换回款 65% + 个人理财储蓄补充 + 公积金商业贷,重性价比，不盲信大牌，但要求物业管理有序、绿化修剪及时、人防技防规范。,常年本地稳定居住，工作日职住通勤动线规则单一。
上_2003_00047,上海,2003,金融精英,32,女,1.5,13.2,0.4,24.8,3,0,是,A,research,1,0.43,0.72,0.52,0.72,0.8,0.6,0.91,0.86,婚房,两室一厅,95,1611,商业银行支行信贷科长,新婚过渡两居,市中心私密洋房住宅,当前房屋属于旧多层无电梯房，父母年纪渐高每天爬楼梯极为吃力。,要求有超大面宽南向双阳台（观景家政分离），主卧大飘窗能270度直面自然景观。,主要在陆家嘴/徐家汇CBD上班，首选地铁2/9号线沿线，通勤半小时内。,周末常去高端商圈消费，热衷打网球和马术，重度手冲咖啡及黑胶唱片发烧友。,夫妻双方积蓄 + 双方父母出资赞助首付 + 公积金商业组合贷款,非仁恒、绿城、万科等金牌开发商不买，极度看重高端精装质量与顶级物业的增值口碑。,常年本地稳定居住，工作日职住通勤动线规则单一。
上_2003_00048,上海,2003,教育型买房,40,男,1.5,12.6,0.4,23.5,3,1,否,B,social,0.84,0.41,0.34,0.43,0.51,0.63,0.45,0.98,0.64,学区房,两室两厅,64,3158,邮政局局长秘书,三口之家(学龄段),上海中环品质两居，车位及空间极其拥挤,小区无地下车库且人车不分流，小孩在楼下玩耍或者推婴儿车极为不安全。,核心要求地块属于第一梯队名校学区，且周边500米内解决幼小衔接教育配套。,主要在陆家嘴/徐家汇CBD上班，首选地铁2/9号线沿线，通勤半小时内。,倡导轻户外，周末常带家人自驾野营或山系徒步，注重生活情调与手作咖啡。,名下持有一套旧两居，置换回款 65% + 个人理财储蓄补充 + 公积金商业贷,重性价比，不盲信大牌，但要求物业管理有序、绿化修剪及时、人防技防规范。,常年本地稳定居住，工作日职住通勤动线规则单一。
上_2003_00049,上海,2003,金融精英,46,男,1.7,12.3,0.4,23.0,2,1,否,A,research,0.55,0.42,0.69,0.58,0.88,0.68,0.69,0.95,0.75,自住-首套,两室一厅,86,2110,申银万国证券分析员,三口之家(学龄段),西湖边高精平层,无高端私密会所及管家式物业配套，圈层鱼龙混杂，高净值居住体验差。,核心要求地块属于第一梯队名校学区，且周边500米内解决幼小衔接教育配套。,主要在陆家嘴/徐家汇CBD上班，首选地铁2/9号线沿线，通勤半小时内。,周末常去高端商圈消费，热衷打网球和马术，重度手冲咖啡及黑胶唱片发烧友。,夫妻双方积蓄 + 双方父母出资赞助首付 + 公积金商业组合贷款,非仁恒、绿城、万科等金牌开发商不买，极度看重高端精装质量与顶级物业的增值口碑。,常年本地稳定居住，工作日职住通勤动线规则单一。
上_2003_00050,上海,2003,金融精英,34,女,3.6,35.2,0.4,65.9,3,1,否,A,research,0.96,0.41,0.65,0.66,0.72,0.91,0.83,0.84,0.81,婚房,两室两厅,99,4371,申银万国证券分析员,三口之家(幼龄段),陆家嘴核心区江景大平层,无高端私密会所及管家式物业配套，圈层鱼龙混杂，高净值居住体验差。,讲究超高得房率（超85%），主卧套房必须配备独立步入式衣帽间与干湿分离双卫。,主要在陆家嘴/徐家汇CBD上班，首选地铁2/9号线沿线，通勤半小时内。,周末常去高端商圈消费，热衷打网球和马术，重度手冲咖啡及黑胶唱片发烧友。,夫妻双方积蓄 + 双方父母出资赞助首付 + 公积金商业组合贷款,非仁恒、绿城、万科等金牌开发商不买，极度看重高端精装质量与顶级物业的增值口碑。,常年本地稳定居住，工作日职住通勤动线规则单一。
上_2003_00051,上海,2003,本地改善,58,女,0.5,4.8,0.45,7.9,3,1,是,B,agent,0.83,0.48,0.5,0.48,0.66,0.78,0.62,0.69,0.69,自住-改善,两室一厅,89,735,区财政局科员,三口之家(学龄段),上海中环品质两居，车位及空间极其拥挤,小区无地下车库且人车不分流，小孩在楼下玩耍或者推婴儿车极为不安全。,讲究超高得房率（超85%），主卧套房必须配备独立步入式衣帽间与干湿分离双卫。,主要在陆家嘴/徐家汇CBD上班，首选地铁2/9号线沿线，通勤半小时内。,倡导轻户外，周末常带家人自驾野营或山系徒步，注重生活情调与手作咖啡。,名下持有一套旧两居，置换回款 65% + 个人理财储蓄补充 + 公积金商业贷,重性价比，不盲信大牌，但要求物业管理有序、绿化修剪及时、人防技防规范。,常年本地稳定居住，工作日职住通勤动线规则单一。
上_2003_00052,上海,2003,金融精英,38,女,2.2,15.0,0.4,28.2,2,2,否,A,research,0.75,0.48,0.6,0.66,0.77,0.9,0.82,0.74,0.66,自住-首套,两室一厅,86,2536,老牌证券公司营业部经理,二胎黄金期中大户型,市中心私密洋房住宅,无高端私密会所及管家式物业配套，圈层鱼龙混杂，高净值居住体验差。,讲究超高得房率（超85%），主卧套房必须配备独立步入式衣帽间与干湿分离双卫。,主要在陆家嘴/徐家汇CBD上班，首选地铁2/9号线沿线，通勤半小时内。,周末常去高端商圈消费，热衷打网球和马术，重度手冲咖啡及黑胶唱片发烧友。,夫妻双方积蓄 + 双方父母出资赞助首付 + 公积金商业组合贷款,重性价比，不盲信大牌，但要求物业管理有序、绿化修剪及时、人防技防规范。,常年本地稳定居住，工作日职住通勤动线规则单一。
上_2003_00053,上海,2003,本地改善,44,女,1.1,7.6,0.45,12.6,4,2,是,B,agent,0.8,0.5,0.54,0.43,0.53,0.86,0.54,0.8,0.6,自住-改善,一室一厅,65,1648,区财政局科员,二胎黄金期中大户型,上海中环品质两居，车位及空间极其拥挤,小区无地下车库且人车不分流，小孩在楼下玩耍或者推婴儿车极为不安全。,讲究超高得房率（超85%），主卧套房必须配备独立步入式衣帽间与干湿分离双卫。,主要在陆家嘴/徐家汇CBD上班，首选地铁2/9号线沿线，通勤半小时内。,倡导轻户外，周末常带家人自驾野营或山系徒步，注重生活情调与手作咖啡。,名下持有一套旧两居，置换回款 65% + 个人理财储蓄补充 + 公积金商业贷,重性价比，不盲信大牌，但要求物业管理有序、绿化修剪及时、人防技防规范。,常年本地稳定居住，工作日职住通勤动线规则单一。
上_2003_00054,上海,2003,教育型买房,43,男,1.2,7.1,0.4,13.4,3,1,否,B,social,0.87,0.45,0.44,0.36,0.65,0.79,0.59,1,0.68,学区房,两室一厅,90,1160,市第二中学地理教师,三口之家(学龄段),上海中环品质两居，车位及空间极其拥挤,小区无地下车库且人车不分流，小孩在楼下玩耍或者推婴儿车极为不安全。,讲究超高得房率（超85%），主卧套房必须配备独立步入式衣帽间与干湿分离双卫。,主要在陆家嘴/徐家汇CBD上班，首选地铁2/9号线沿线，通勤半小时内。,倡导轻户外，周末常带家人自驾野营或山系徒步，注重生活情调与手作咖啡。,名下持有一套旧两居，置换回款 65% + 个人理财储蓄补充 + 公积金商业贷,重性价比，不盲信大牌，但要求物业管理有序、绿化修剪及时、人防技防规范。,常年本地稳定居住，工作日职住通勤动线规则单一。
上_2003_00055,上海,2003,教育型买房,41,女,1.6,16.4,0.4,30.8,3,1,否,B,social,1,0.6,0.43,0.3,0.78,0.71,0.47,0.95,0.64,学区房,两室一厅,98,2691,国企车间技术主任,三口之家(学龄段),上海中环品质两居，车位及空间极其拥挤,小区无地下车库且人车不分流，小孩在楼下玩耍或者推婴儿车极为不安全。,讲究超高得房率（超85%），主卧套房必须配备独立步入式衣帽间与干湿分离双卫。,主要在陆家嘴/徐家汇CBD上班，首选地铁2/9号线沿线，通勤半小时内。,倡导轻户外，周末常带家人自驾野营或山系徒步，注重生活情调与手作咖啡。,名下持有一套旧两居，置换回款 65% + 个人理财储蓄补充 + 公积金商业贷,重性价比，不盲信大牌，但要求物业管理有序、绿化修剪及时、人防技防规范。,常年本地稳定居住，工作日职住通勤动线规则单一。
上_2003_00056,上海,2003,本地改善,38,男,0.5,7.0,0.45,11.7,4,2,是,B,agent,0.59,0.54,0.67,0.6,0.52,0.85,0.56,0.71,0.61,自住-改善,两室两厅,95,728,国企车间技术主任,二胎黄金期中大户型,上海中环品质两居，车位及空间极其拥挤,小区无地下车库且人车不分流，小孩在楼下玩耍或者推婴儿车极为不安全。,讲究超高得房率（超85%），主卧套房必须配备独立步入式衣帽间与干湿分离双卫。,主要在陆家嘴/徐家汇CBD上班，首选地铁2/9号线沿线，通勤半小时内。,倡导轻户外，周末常带家人自驾野营或山系徒步，注重生活情调与手作咖啡。,名下持有一套旧两居，置换回款 65% + 个人理财储蓄补充 + 公积金商业贷,重性价比，不盲信大牌，但要求物业管理有序、绿化修剪及时、人防技防规范。,常年本地稳定居住，工作日职住通勤动线规则单一。
上_2003_00057,上海,2003,外籍海归,32,男,1.9,11.5,0.4,21.5,2,0,否,A,social,0.89,0.53,0.61,0.52,0.85,0.77,0.69,0.86,0.8,自住-首套,两室一厅,84,1313,合资日化企业技术主管,新婚过渡两居,市中心私密洋房住宅,无高端私密会所及管家式物业配套，圈层鱼龙混杂，高净值居住体验差。,讲究超高得房率（超85%），主卧套房必须配备独立步入式衣帽间与干湿分离双卫。,主要在陆家嘴/徐家汇CBD上班，首选地铁2/9号线沿线，通勤半小时内。,周末常去高端商圈消费，热衷打网球和马术，重度手冲咖啡及黑胶唱片发烧友。,夫妻双方积蓄 + 双方父母出资赞助首付 + 公积金商业组合贷款,非仁恒、绿城、万科等金牌开发商不买，极度看重高端精装质量与顶级物业的增值口碑。,常年本地稳定居住，工作日职住通勤动线规则单一。
上_2003_00058,上海,2003,本地改善,43,女,0.6,7.7,0.45,12.9,5,1,是,B,agent,0.73,0.55,0.67,0.57,0.57,0.92,0.61,0.69,0.63,自住-改善,两室两厅,68,1194,市第二中学地理教师,三口之家(学龄段),上海中环品质两居，车位及空间极其拥挤,小区无地下车库且人车不分流，小孩在楼下玩耍或者推婴儿车极为不安全。,讲究超高得房率（超85%），主卧套房必须配备独立步入式衣帽间与干湿分离双卫。,主要在陆家嘴/徐家汇CBD上班，首选地铁2/9号线沿线，通勤半小时内。,倡导轻户外，周末常带家人自驾野营或山系徒步，注重生活情调与手作咖啡。,名下持有一套旧两居，置换回款 65% + 个人理财储蓄补充 + 公积金商业贷,重性价比，不盲信大牌，但要求物业管理有序、绿化修剪及时、人防技防规范。,常年本地稳定居住，工作日职住通勤动线规则单一。
上_2003_00059,上海,2003,本地改善,39,男,1.0,10.1,0.45,16.8,4,2,否,B,agent,0.86,0.61,0.39,0.47,0.47,0.73,0.7,0.72,0.62,自住-改善,一室一厅,55,2718,国企车间技术主任,二胎黄金期中大户型,上海中环品质两居，车位及空间极其拥挤,小区无地下车库且人车不分流，小孩在楼下玩耍或者推婴儿车极为不安全。,讲究超高得房率（超85%），主卧套房必须配备独立步入式衣帽间与干湿分离双卫。,主要在陆家嘴/徐家汇CBD上班，首选地铁2/9号线沿线，通勤半小时内。,倡导轻户外，周末常带家人自驾野营或山系徒步，注重生活情调与手作咖啡。,名下持有一套旧两居，置换回款 65% + 个人理财储蓄补充 + 公积金商业贷,重性价比，不盲信大牌，但要求物业管理有序、绿化修剪及时、人防技防规范。,常年本地稳定居住，工作日职住通勤动线规则单一。
上_2003_00060,上海,2003,本地改善,54,男,0.7,7.7,0.45,12.8,3,2,否,B,agent,0.73,0.55,0.53,0.72,0.51,0.91,0.74,0.66,0.58,自住-改善,一室一厅,90,967,区财政局科员,二胎黄金期中大户型,上海中环品质两居，车位及空间极其拥挤,小区无地下车库且人车不分流，小孩在楼下玩耍或者推婴儿车极为不安全。,要求独立电梯入户，主次卧动线分明，配备独立保姆房和私密后院。,主要在陆家嘴/徐家汇CBD上班，首选地铁2/9号线沿线，通勤半小时内。,倡导轻户外，周末常带家人自驾野营或山系徒步，注重生活情调与手作咖啡。,名下持有一套旧两居，置换回款 65% + 个人理财储蓄补充 + 公积金商业贷,重性价比，不盲信大牌，但要求物业管理有序、绿化修剪及时、人防技防规范。,常年本地稳定居住，工作日职住通勤动线规则单一。
上_2003_00061,上海,2003,外籍海归,30,男,2.7,23.7,0.4,44.4,3,0,否,A,social,0.82,0.49,0.61,0.66,0.88,0.68,0.64,0.84,0.67,婚房,两室一厅,97,2900,外企驻沪办事处代表,新婚过渡两居,市中心私密洋房住宅,无高端私密会所及管家式物业配套，圈层鱼龙混杂，高净值居住体验差。,核心要求地块属于第一梯队名校学区，且周边500米内解决幼小衔接教育配套。,主要在陆家嘴/徐家汇CBD上班，首选地铁2/9号线沿线，通勤半小时内。,周末常去高端商圈消费，热衷打网球和马术，重度手冲咖啡及黑胶唱片发烧友。,夫妻双方积蓄 + 双方父母出资赞助首付 + 公积金商业组合贷款,重性价比，不盲信大牌，但要求物业管理有序、绿化修剪及时、人防技防规范。,常年本地稳定居住，工作日职住通勤动线规则单一。
上_2003_00062,上海,2003,外籍海归,44,男,2.0,17.1,0.4,32.1,2,0,否,A,social,0.67,0.5,0.47,0.65,0.83,0.67,0.63,0.89,0.87,自住-首套,一室一厅,87,2567,合资日化企业技术主管,成熟期核心家庭,陆家嘴核心区江景大平层,无高端私密会所及管家式物业配套，圈层鱼龙混杂，高净值居住体验差。,核心要求地块属于第一梯队名校学区，且周边500米内解决幼小衔接教育配套。,主要在陆家嘴/徐家汇CBD上班，首选地铁2/9号线沿线，通勤半小时内。,周末常去高端商圈消费，热衷打网球和马术，重度手冲咖啡及黑胶唱片发烧友。,夫妻双方积蓄 + 双方父母出资赞助首付 + 公积金商业组合贷款,非仁恒、绿城、万科等金牌开发商不买，极度看重高端精装质量与顶级物业的增值口碑。,常年本地稳定居住，工作日职住通勤动线规则单一。
上_2003_00063,上海,2003,本地改善,52,女,0.6,6.7,0.45,11.2,4,2,否,B,agent,0.63,0.41,0.6,0.58,0.58,0.73,0.53,0.57,0.6,自住-改善,两室两厅,59,1132,区财政局科员,二胎黄金期中大户型,上海中环品质两居，车位及空间极其拥挤,小区无地下车库且人车不分流，小孩在楼下玩耍或者推婴儿车极为不安全。,讲究超高得房率（超85%），主卧套房必须配备独立步入式衣帽间与干湿分离双卫。,主要在陆家嘴/徐家汇CBD上班，首选地铁2/9号线沿线，通勤半小时内。,倡导轻户外，周末常带家人自驾野营或山系徒步，注重生活情调与手作咖啡。,名下持有一套旧两居，置换回款 65% + 个人理财储蓄补充 + 公积金商业贷,重性价比，不盲信大牌，但要求物业管理有序、绿化修剪及时、人防技防规范。,常年本地稳定居住，工作日职住通勤动线规则单一。
上_2003_00064,上海,2003,金融精英,46,女,1.4,11.3,0.4,21.1,3,1,否,A,research,0.75,0.48,0.7,0.68,0.66,0.82,0.64,0.75,0.87,自住-改善,一室一厅,92,1849,商业银行支行信贷科长,三口之家(学龄段),陆家嘴核心区江景大平层,无高端私密会所及管家式物业配套，圈层鱼龙混杂，高净值居住体验差。,讲究超高得房率（超85%），主卧套房必须配备独立步入式衣帽间与干湿分离双卫。,主要在陆家嘴/徐家汇CBD上班，首选地铁2/9号线沿线，通勤半小时内。,周末常去高端商圈消费，热衷打网球和马术，重度手冲咖啡及黑胶唱片发烧友。,名下已有企业股权套现或分红现金，一次性全款付清，基本不加杠杆,非仁恒、绿城、万科等金牌开发商不买，极度看重高端精装质量与顶级物业的增值口碑。,常年本地稳定居住，工作日职住通勤动线规则单一。
上_2003_00065,上海,2003,教育型买房,47,女,0.7,5.0,0.4,9.3,4,0,是,B,social,0.86,0.53,0.46,0.4,0.58,0.73,0.53,1,0.47,学区房,两室一厅,93,752,市第二中学地理教师,成熟期核心家庭,上海中环品质两居，车位及空间极其拥挤,当前房屋属于旧多层无电梯房，父母年纪渐高每天爬楼梯极为吃力。,讲究超高得房率（超85%），主卧套房必须配备独立步入式衣帽间与干湿分离双卫。,主要在陆家嘴/徐家汇CBD上班，首选地铁2/9号线沿线，通勤半小时内。,倡导轻户外，周末常带家人自驾野营或山系徒步，注重生活情调与手作咖啡。,名下持有一套旧两居，置换回款 65% + 个人理财储蓄补充 + 公积金商业贷,重性价比，不盲信大牌，但要求物业管理有序、绿化修剪及时、人防技防规范。,常年本地稳定居住，工作日职住通勤动线规则单一。
上_2003_00066,上海,2003,金融精英,33,女,0.7,4.9,0.4,9.2,4,2,否,A,research,0.72,0.45,0.73,0.62,0.8,0.76,0.72,0.82,0.69,自住-首套,两室两厅,81,609,老牌证券公司营业部经理,二胎黄金期中大户型,市中心私密洋房住宅,无高端私密会所及管家式物业配套，圈层鱼龙混杂，高净值居住体验差。,要求有超大面宽南向双阳台（观景家政分离），主卧大飘窗能270度直面自然景观。,主要在陆家嘴/徐家汇CBD上班，首选地铁2/9号线沿线，通勤半小时内。,周末常去高端商圈消费，热衷打网球和马术，重度手冲咖啡及黑胶唱片发烧友。,夫妻双方积蓄 + 双方父母出资赞助首付 + 公积金商业组合贷款,重性价比，不盲信大牌，但要求物业管理有序、绿化修剪及时、人防技防规范。,常年本地稳定居住，工作日职住通勤动线规则单一。
上_2003_00067,上海,2003,本地改善,41,男,0.6,6.1,0.45,10.2,3,2,否,B,agent,0.79,0.51,0.63,0.52,0.48,0.76,0.48,0.87,0.47,自住-改善,两室一厅,74,933,邮政局局长秘书,二胎黄金期中大户型,上海中环品质两居，车位及空间极其拥挤,小区无地下车库且人车不分流，小孩在楼下玩耍或者推婴儿车极为不安全。,讲究超高得房率（超85%），主卧套房必须配备独立步入式衣帽间与干湿分离双卫。,主要在陆家嘴/徐家汇CBD上班，首选地铁2/9号线沿线，通勤半小时内。,倡导轻户外，周末常带家人自驾野营或山系徒步，注重生活情调与手作咖啡。,名下持有一套旧两居，置换回款 65% + 个人理财储蓄补充 + 公积金商业贷,重性价比，不盲信大牌，但要求物业管理有序、绿化修剪及时、人防技防规范。,常年本地稳定居住，工作日职住通勤动线规则单一。
上_2003_00068,上海,2003,本地改善,53,女,1.1,11.8,0.45,19.6,4,2,是,B,agent,0.65,0.45,0.52,0.37,0.63,0.88,0.54,0.78,0.46,自住-改善,两室一厅,91,1519,市第二中学地理教师,二胎黄金期中大户型,上海中环品质两居，车位及空间极其拥挤,小区无地下车库且人车不分流，小孩在楼下玩耍或者推婴儿车极为不安全。,讲究超高得房率（超85%），主卧套房必须配备独立步入式衣帽间与干湿分离双卫。,主要在陆家嘴/徐家汇CBD上班，首选地铁2/9号线沿线，通勤半小时内。,倡导轻户外，周末常带家人自驾野营或山系徒步，注重生活情调与手作咖啡。,名下持有一套旧两居，置换回款 65% + 个人理财储蓄补充 + 公积金商业贷,重性价比，不盲信大牌，但要求物业管理有序、绿化修剪及时、人防技防规范。,常年本地稳定居住，工作日职住通勤动线规则单一。
上_2003_00069,上海,2003,本地改善,56,女,0.8,9.5,0.45,15.8,5,2,否,B,agent,0.89,0.46,0.72,0.5,0.57,0.69,0.61,0.65,0.55,自住-改善,两室一厅,63,1769,国企车间技术主任,二胎黄金期中大户型,上海中环品质两居，车位及空间极其拥挤,小区无地下车库且人车不分流，小孩在楼下玩耍或者推婴儿车极为不安全。,要求有超大面宽南向双阳台（观景家政分离），主卧大飘窗能270度直面自然景观。,主要在陆家嘴/徐家汇CBD上班，首选地铁2/9号线沿线，通勤半小时内。,倡导轻户外，周末常带家人自驾野营或山系徒步，注重生活情调与手作咖啡。,名下持有一套旧两居，置换回款 65% + 个人理财储蓄补充 + 公积金商业贷,重性价比，不盲信大牌，但要求物业管理有序、绿化修剪及时、人防技防规范。,常年本地稳定居住，工作日职住通勤动线规则单一。
上_2003_00070,上海,2003,金融精英,38,女,3.1,18.0,0.4,33.7,3,1,是,A,research,0.62,0.47,0.72,0.64,0.8,0.8,0.78,0.74,0.59,自住-首套,两室两厅,62,4795,商业银行支行信贷科长,三口之家(学龄段),市中心私密洋房住宅,当前房屋属于旧多层无电梯房，父母年纪渐高每天爬楼梯极为吃力。,要求有超大面宽南向双阳台（观景家政分离），主卧大飘窗能270度直面自然景观。,主要在陆家嘴/徐家汇CBD上班，首选地铁2/9号线沿线，通勤半小时内。,周末常去高端商圈消费，热衷打网球和马术，重度手冲咖啡及黑胶唱片发烧友。,夫妻双方积蓄 + 双方父母出资赞助首付 + 公积金商业组合贷款,重性价比，不盲信大牌，但要求物业管理有序、绿化修剪及时、人防技防规范。,常年本地稳定居住，工作日职住通勤动线规则单一。
上_2003_00071,上海,2003,本地改善,54,女,0.9,11.3,0.45,18.8,4,2,否,B,agent,0.9,0.51,0.73,0.41,0.52,0.89,0.59,0.63,0.52,自住-改善,一室一厅,83,1914,区财政局科员,二胎黄金期中大户型,上海中环品质两居，车位及空间极其拥挤,小区无地下车库且人车不分流，小孩在楼下玩耍或者推婴儿车极为不安全。,要求有超大面宽南向双阳台（观景家政分离），主卧大飘窗能270度直面自然景观。,主要在陆家嘴/徐家汇CBD上班，首选地铁2/9号线沿线，通勤半小时内。,倡导轻户外，周末常带家人自驾野营或山系徒步，注重生活情调与手作咖啡。,名下持有一套旧两居，置换回款 65% + 个人理财储蓄补充 + 公积金商业贷,重性价比，不盲信大牌，但要求物业管理有序、绿化修剪及时、人防技防规范。,常年本地稳定居住，工作日职住通勤动线规则单一。
上_2003_00072,上海,2003,本地改善,52,女,0.9,10.6,0.45,17.6,4,2,是,B,agent,0.98,0.37,0.5,0.42,0.56,0.79,0.62,0.71,0.53,自住-改善,两室两厅,73,2027,市第二中学地理教师,二胎黄金期中大户型,上海中环品质两居，车位及空间极其拥挤,小区无地下车库且人车不分流，小孩在楼下玩耍或者推婴儿车极为不安全。,讲究超高得房率（超85%），主卧套房必须配备独立步入式衣帽间与干湿分离双卫。,主要在陆家嘴/徐家汇CBD上班，首选地铁2/9号线沿线，通勤半小时内。,倡导轻户外，周末常带家人自驾野营或山系徒步，注重生活情调与手作咖啡。,名下持有一套旧两居，置换回款 65% + 个人理财储蓄补充 + 公积金商业贷,重性价比，不盲信大牌，但要求物业管理有序、绿化修剪及时、人防技防规范。,常年本地稳定居住，工作日职住通勤动线规则单一。
上_2003_00073,上海,2003,本地改善,46,女,0.7,8.7,0.45,14.4,5,3,是,B,agent,0.36,0.55,0.53,0.66,0.57,0.95,0.58,0.61,0.54,自住-改善,一室一厅,60,1947,邮政局局长秘书,二胎黄金期中大户型,上海中环品质两居，车位及空间极其拥挤,小区无地下车库且人车不分流，小孩在楼下玩耍或者推婴儿车极为不安全。,讲究超高得房率（超85%），主卧套房必须配备独立步入式衣帽间与干湿分离双卫。,主要在陆家嘴/徐家汇CBD上班，首选地铁2/9号线沿线，通勤半小时内。,倡导轻户外，周末常带家人自驾野营或山系徒步，注重生活情调与手作咖啡。,名下持有一套旧两居，置换回款 65% + 个人理财储蓄补充 + 公积金商业贷,重性价比，不盲信大牌，但要求物业管理有序、绿化修剪及时、人防技防规范。,常年本地稳定居住，工作日职住通勤动线规则单一。
上_2003_00074,上海,2003,本地改善,42,女,0.9,9.9,0.45,16.5,3,1,否,B,agent,0.56,0.53,0.56,0.5,0.61,0.87,0.56,0.84,0.47,自住-改善,两室一厅,58,1887,市第二中学地理教师,三口之家(学龄段),上海中环品质两居，车位及空间极其拥挤,小区无地下车库且人车不分流，小孩在楼下玩耍或者推婴儿车极为不安全。,讲究超高得房率（超85%），主卧套房必须配备独立步入式衣帽间与干湿分离双卫。,主要在陆家嘴/徐家汇CBD上班，首选地铁2/9号线沿线，通勤半小时内。,倡导轻户外，周末常带家人自驾野营或山系徒步，注重生活情调与手作咖啡。,名下持有一套旧两居，置换回款 65% + 个人理财储蓄补充 + 公积金商业贷,重性价比，不盲信大牌，但要求物业管理有序、绿化修剪及时、人防技防规范。,常年本地稳定居住，工作日职住通勤动线规则单一。
上_2003_00075,上海,2003,教育型买房,45,男,2.1,16.8,0.4,31.4,4,1,是,B,social,0.97,0.5,0.28,0.5,0.5,0.64,0.55,1,0.6,学区房,一室一厅,66,2512,国企车间技术主任,三口之家(学龄段),上海中环品质两居，车位及空间极其拥挤,小区无地下车库且人车不分流，小孩在楼下玩耍或者推婴儿车极为不安全。,核心要求地块属于第一梯队名校学区，且周边500米内解决幼小衔接教育配套。,主要在陆家嘴/徐家汇CBD上班，首选地铁2/9号线沿线，通勤半小时内。,倡导轻户外，周末常带家人自驾野营或山系徒步，注重生活情调与手作咖啡。,名下持有一套旧两居，置换回款 65% + 个人理财储蓄补充 + 公积金商业贷,重性价比，不盲信大牌，但要求物业管理有序、绿化修剪及时、人防技防规范。,常年本地稳定居住，工作日职住通勤动线规则单一。
上_2003_00076,上海,2003,外籍海归,31,男,1.4,11.1,0.4,20.8,2,1,否,A,social,0.78,0.57,0.48,0.47,0.71,0.73,0.74,0.88,0.77,婚房,两室一厅,65,2151,外企驻沪办事处代表,三口之家(幼龄段),西湖边高精平层,无高端私密会所及管家式物业配套，圈层鱼龙混杂，高净值居住体验差。,讲究超高得房率（超85%），主卧套房必须配备独立步入式衣帽间与干湿分离双卫。,主要在陆家嘴/徐家汇CBD上班，首选地铁2/9号线沿线，通勤半小时内。,周末常去高端商圈消费，热衷打网球和马术，重度手冲咖啡及黑胶唱片发烧友。,夫妻双方积蓄 + 双方父母出资赞助首付 + 公积金商业组合贷款,非仁恒、绿城、万科等金牌开发商不买，极度看重高端精装质量与顶级物业的增值口碑。,常年本地稳定居住，工作日职住通勤动线规则单一。
上_2003_00077,上海,2003,教育型买房,41,女,1.9,15.2,0.4,28.5,4,0,是,B,social,1,0.57,0.35,0.38,0.68,0.79,0.55,1,0.66,学区房,一室一厅,79,2100,邮政局局长秘书,成熟期核心家庭,上海中环品质两居，车位及空间极其拥挤,当前房屋属于旧多层无电梯房，父母年纪渐高每天爬楼梯极为吃力。,讲究超高得房率（超85%），主卧套房必须配备独立步入式衣帽间与干湿分离双卫。,主要在陆家嘴/徐家汇CBD上班，首选地铁2/9号线沿线，通勤半小时内。,倡导轻户外，周末常带家人自驾野营或山系徒步，注重生活情调与手作咖啡。,名下持有一套旧两居，置换回款 65% + 个人理财储蓄补充 + 公积金商业贷,重性价比，不盲信大牌，但要求物业管理有序、绿化修剪及时、人防技防规范。,常年本地稳定居住，工作日职住通勤动线规则单一。
上_2003_00078,上海,2003,本地改善,41,男,1.3,9.7,0.45,16.2,4,2,否,B,agent,0.68,0.46,0.46,0.49,0.66,0.9,0.47,0.67,0.51,自住-改善,两室一厅,56,1945,国企车间技术主任,二胎黄金期中大户型,上海中环品质两居，车位及空间极其拥挤,小区无地下车库且人车不分流，小孩在楼下玩耍或者推婴儿车极为不安全。,讲究超高得房率（超85%），主卧套房必须配备独立步入式衣帽间与干湿分离双卫。,主要在陆家嘴/徐家汇CBD上班，首选地铁2/9号线沿线，通勤半小时内。,倡导轻户外，周末常带家人自驾野营或山系徒步，注重生活情调与手作咖啡。,名下持有一套旧两居，置换回款 65% + 个人理财储蓄补充 + 公积金商业贷,重性价比，不盲信大牌，但要求物业管理有序、绿化修剪及时、人防技防规范。,常年本地稳定居住，工作日职住通勤动线规则单一。
上_2003_00079,上海,2003,本地改善,54,男,1.1,11.3,0.45,18.9,4,2,是,B,agent,1,0.6,0.54,0.58,0.59,0.79,0.61,0.51,0.61,自住-改善,一室一厅,80,1608,市第二中学地理教师,二胎黄金期中大户型,上海中环品质两居，车位及空间极其拥挤,小区无地下车库且人车不分流，小孩在楼下玩耍或者推婴儿车极为不安全。,讲究超高得房率（超85%），主卧套房必须配备独立步入式衣帽间与干湿分离双卫。,主要在陆家嘴/徐家汇CBD上班，首选地铁2/9号线沿线，通勤半小时内。,倡导轻户外，周末常带家人自驾野营或山系徒步，注重生活情调与手作咖啡。,名下持有一套旧两居，置换回款 65% + 个人理财储蓄补充 + 公积金商业贷,重性价比，不盲信大牌，但要求物业管理有序、绿化修剪及时、人防技防规范。,常年本地稳定居住，工作日职住通勤动线规则单一。
上_2003_00080,上海,2003,教育型买房,46,女,1.8,16.1,0.4,30.2,3,2,否,B,social,0.84,0.45,0.43,0.34,0.56,0.71,0.73,0.88,0.58,学区房,一室一厅,91,2041,国企车间技术主任,二胎黄金期中大户型,上海中环品质两居，车位及空间极其拥挤,小区无地下车库且人车不分流，小孩在楼下玩耍或者推婴儿车极为不安全。,讲究超高得房率（超85%），主卧套房必须配备独立步入式衣帽间与干湿分离双卫。,主要在陆家嘴/徐家汇CBD上班，首选地铁2/9号线沿线，通勤半小时内。,倡导轻户外，周末常带家人自驾野营或山系徒步，注重生活情调与手作咖啡。,名下持有一套旧两居，置换回款 65% + 个人理财储蓄补充 + 公积金商业贷,重性价比，不盲信大牌，但要求物业管理有序、绿化修剪及时、人防技防规范。,常年本地稳定居住，工作日职住通勤动线规则单一。
上_2003_00081,上海,2003,金融精英,48,男,2.7,25.3,0.4,47.4,3,1,否,A,research,0.87,0.36,0.55,0.56,0.82,0.63,0.66,0.71,0.83,自住-改善,一室一厅,68,3719,申银万国证券分析员,三口之家(学龄段),陆家嘴核心区江景大平层,无高端私密会所及管家式物业配套，圈层鱼龙混杂，高净值居住体验差。,核心要求地块属于第一梯队名校学区，且周边500米内解决幼小衔接教育配套。,主要在陆家嘴/徐家汇CBD上班，首选地铁2/9号线沿线，通勤半小时内。,周末常去高端商圈消费，热衷打网球和马术，重度手冲咖啡及黑胶唱片发烧友。,名下已有企业股权套现或分红现金，一次性全款付清，基本不加杠杆,非仁恒、绿城、万科等金牌开发商不买，极度看重高端精装质量与顶级物业的增值口碑。,常年本地稳定居住，工作日职住通勤动线规则单一。
上_2003_00082,上海,2003,教育型买房,45,男,1.4,12.9,0.4,24.1,2,1,否,B,social,1,0.41,0.36,0.37,0.59,0.79,0.52,0.95,0.72,学区房,一室一厅,55,3262,国企车间技术主任,三口之家(学龄段),上海中环品质两居，车位及空间极其拥挤,小区无地下车库且人车不分流，小孩在楼下玩耍或者推婴儿车极为不安全。,讲究超高得房率（超85%），主卧套房必须配备独立步入式衣帽间与干湿分离双卫。,主要在陆家嘴/徐家汇CBD上班，首选地铁2/9号线沿线，通勤半小时内。,倡导轻户外，周末常带家人自驾野营或山系徒步，注重生活情调与手作咖啡。,名下持有一套旧两居，置换回款 65% + 个人理财储蓄补充 + 公积金商业贷,非仁恒、绿城、万科等金牌开发商不买，极度看重高端精装质量与顶级物业的增值口碑。,常年本地稳定居住，工作日职住通勤动线规则单一。
上_2003_00083,上海,2003,本地改善,40,女,1.7,17.3,0.45,28.9,4,2,否,B,agent,0.7,0.56,0.53,0.45,0.44,0.94,0.46,0.58,0.53,自住-改善,两室一厅,80,2462,区财政局科员,二胎黄金期中大户型,上海中环品质两居，车位及空间极其拥挤,小区无地下车库且人车不分流，小孩在楼下玩耍或者推婴儿车极为不安全。,讲究超高得房率（超85%），主卧套房必须配备独立步入式衣帽间与干湿分离双卫。,主要在陆家嘴/徐家汇CBD上班，首选地铁2/9号线沿线，通勤半小时内。,倡导轻户外，周末常带家人自驾野营或山系徒步，注重生活情调与手作咖啡。,名下持有一套旧两居，置换回款 65% + 个人理财储蓄补充 + 公积金商业贷,重性价比，不盲信大牌，但要求物业管理有序、绿化修剪及时、人防技防规范。,常年本地稳定居住，工作日职住通勤动线规则单一。
上_2003_00084,上海,2003,教育型买房,43,男,1.4,11.3,0.4,21.2,3,1,否,B,social,0.82,0.48,0.49,0.33,0.65,0.67,0.66,1,0.73,学区房,两室两厅,52,2709,市第二中学地理教师,三口之家(学龄段),上海中环品质两居，车位及空间极其拥挤,小区无地下车库且人车不分流，小孩在楼下玩耍或者推婴儿车极为不安全。,核心要求地块属于第一梯队名校学区，且周边500米内解决幼小衔接教育配套。,主要在陆家嘴/徐家汇CBD上班，首选地铁2/9号线沿线，通勤半小时内。,倡导轻户外，周末常带家人自驾野营或山系徒步，注重生活情调与手作咖啡。,名下持有一套旧两居，置换回款 65% + 个人理财储蓄补充 + 公积金商业贷,非仁恒、绿城、万科等金牌开发商不买，极度看重高端精装质量与顶级物业的增值口碑。,常年本地稳定居住，工作日职住通勤动线规则单一。
上_2003_00085,上海,2003,本地改善,44,男,0.9,7.3,0.45,12.2,5,3,是,B,agent,0.79,0.5,0.63,0.55,0.56,0.84,0.63,0.74,0.67,自住-改善,两室两厅,52,1559,市第二中学地理教师,二胎黄金期中大户型,上海中环品质两居，车位及空间极其拥挤,小区无地下车库且人车不分流，小孩在楼下玩耍或者推婴儿车极为不安全。,讲究超高得房率（超85%），主卧套房必须配备独立步入式衣帽间与干湿分离双卫。,主要在陆家嘴/徐家汇CBD上班，首选地铁2/9号线沿线，通勤半小时内。,倡导轻户外，周末常带家人自驾野营或山系徒步，注重生活情调与手作咖啡。,名下持有一套旧两居，置换回款 65% + 个人理财储蓄补充 + 公积金商业贷,重性价比，不盲信大牌，但要求物业管理有序、绿化修剪及时、人防技防规范。,常年本地稳定居住，工作日职住通勤动线规则单一。
上_2003_00086,上海,2003,本地改善,48,男,1.4,10.4,0.45,17.3,4,2,是,B,agent,0.71,0.4,0.6,0.44,0.55,0.69,0.47,0.81,0.55,自住-改善,一室一厅,95,1346,市第二中学地理教师,二胎黄金期中大户型,上海中环品质两居，车位及空间极其拥挤,小区无地下车库且人车不分流，小孩在楼下玩耍或者推婴儿车极为不安全。,核心要求地块属于第一梯队名校学区，且周边500米内解决幼小衔接教育配套。,主要在陆家嘴/徐家汇CBD上班，首选地铁2/9号线沿线，通勤半小时内。,倡导轻户外，周末常带家人自驾野营或山系徒步，注重生活情调与手作咖啡。,名下持有一套旧两居，置换回款 65% + 个人理财储蓄补充 + 公积金商业贷,重性价比，不盲信大牌，但要求物业管理有序、绿化修剪及时、人防技防规范。,常年本地稳定居住，工作日职住通勤动线规则单一。
上_2003_00087,上海,2003,本地改善,41,女,0.8,7.9,0.45,13.2,5,2,是,B,agent,0.65,0.54,0.55,0.41,0.66,0.76,0.63,0.69,0.57,自住-改善,两室两厅,54,2177,邮政局局长秘书,二胎黄金期中大户型,上海中环品质两居，车位及空间极其拥挤,小区无地下车库且人车不分流，小孩在楼下玩耍或者推婴儿车极为不安全。,讲究超高得房率（超85%），主卧套房必须配备独立步入式衣帽间与干湿分离双卫。,主要在陆家嘴/徐家汇CBD上班，首选地铁2/9号线沿线，通勤半小时内。,倡导轻户外，周末常带家人自驾野营或山系徒步，注重生活情调与手作咖啡。,名下持有一套旧两居，置换回款 65% + 个人理财储蓄补充 + 公积金商业贷,重性价比，不盲信大牌，但要求物业管理有序、绿化修剪及时、人防技防规范。,常年本地稳定居住，工作日职住通勤动线规则单一。
上_2003_00088,上海,2003,本地改善,43,女,1.2,12.0,0.45,20.0,4,2,是,B,agent,0.88,0.66,0.48,0.52,0.5,0.89,0.76,0.66,0.55,自住-改善,两室两厅,76,1343,区财政局科员,二胎黄金期中大户型,上海中环品质两居，车位及空间极其拥挤,小区无地下车库且人车不分流，小孩在楼下玩耍或者推婴儿车极为不安全。,讲究超高得房率（超85%），主卧套房必须配备独立步入式衣帽间与干湿分离双卫。,主要在陆家嘴/徐家汇CBD上班，首选地铁2/9号线沿线，通勤半小时内。,倡导轻户外，周末常带家人自驾野营或山系徒步，注重生活情调与手作咖啡。,名下持有一套旧两居，置换回款 65% + 个人理财储蓄补充 + 公积金商业贷,重性价比，不盲信大牌，但要求物业管理有序、绿化修剪及时、人防技防规范。,常年本地稳定居住，工作日职住通勤动线规则单一。
上_2003_00089,上海,2003,教育型买房,39,女,0.7,6.6,0.4,12.4,3,2,否,B,social,0.86,0.41,0.45,0.31,0.68,0.79,0.53,0.99,0.76,学区房,两室一厅,76,1331,国企车间技术主任,二胎黄金期中大户型,上海中环品质两居，车位及空间极其拥挤,小区无地下车库且人车不分流，小孩在楼下玩耍或者推婴儿车极为不安全。,讲究超高得房率（超85%），主卧套房必须配备独立步入式衣帽间与干湿分离双卫。,主要在陆家嘴/徐家汇CBD上班，首选地铁2/9号线沿线，通勤半小时内。,倡导轻户外，周末常带家人自驾野营或山系徒步，注重生活情调与手作咖啡。,名下持有一套旧两居，置换回款 65% + 个人理财储蓄补充 + 公积金商业贷,非仁恒、绿城、万科等金牌开发商不买，极度看重高端精装质量与顶级物业的增值口碑。,常年本地稳定居住，工作日职住通勤动线规则单一。
上_2003_00090,上海,2003,本地改善,47,男,0.9,7.5,0.45,12.4,4,2,否,B,agent,0.95,0.55,0.64,0.56,0.54,0.9,0.62,0.65,0.6,自住-改善,一室一厅,65,1359,邮政局局长秘书,二胎黄金期中大户型,上海中环品质两居，车位及空间极其拥挤,小区无地下车库且人车不分流，小孩在楼下玩耍或者推婴儿车极为不安全。,讲究超高得房率（超85%），主卧套房必须配备独立步入式衣帽间与干湿分离双卫。,主要在陆家嘴/徐家汇CBD上班，首选地铁2/9号线沿线，通勤半小时内。,倡导轻户外，周末常带家人自驾野营或山系徒步，注重生活情调与手作咖啡。,名下持有一套旧两居，置换回款 65% + 个人理财储蓄补充 + 公积金商业贷,重性价比，不盲信大牌，但要求物业管理有序、绿化修剪及时、人防技防规范。,常年本地稳定居住，工作日职住通勤动线规则单一。
上_2003_00091,上海,2003,本地改善,41,男,0.6,4.8,0.45,8.0,3,2,否,B,agent,0.85,0.6,0.57,0.52,0.5,0.87,0.66,0.71,0.58,自住-改善,两室两厅,80,698,邮政局局长秘书,二胎黄金期中大户型,上海中环品质两居，车位及空间极其拥挤,小区无地下车库且人车不分流，小孩在楼下玩耍或者推婴儿车极为不安全。,讲究超高得房率（超85%），主卧套房必须配备独立步入式衣帽间与干湿分离双卫。,主要在陆家嘴/徐家汇CBD上班，首选地铁2/9号线沿线，通勤半小时内。,倡导轻户外，周末常带家人自驾野营或山系徒步，注重生活情调与手作咖啡。,名下持有一套旧两居，置换回款 65% + 个人理财储蓄补充 + 公积金商业贷,重性价比，不盲信大牌，但要求物业管理有序、绿化修剪及时、人防技防规范。,常年本地稳定居住，工作日职住通勤动线规则单一。
上_2003_00092,上海,2003,本地改善,47,男,1.4,10.9,0.45,18.2,4,2,是,B,agent,0.63,0.52,0.42,0.46,0.54,0.74,0.47,0.65,0.5,自住-改善,两室一厅,90,1402,市第二中学地理教师,二胎黄金期中大户型,上海中环品质两居，车位及空间极其拥挤,小区无地下车库且人车不分流，小孩在楼下玩耍或者推婴儿车极为不安全。,讲究超高得房率（超85%），主卧套房必须配备独立步入式衣帽间与干湿分离双卫。,主要在陆家嘴/徐家汇CBD上班，首选地铁2/9号线沿线，通勤半小时内。,倡导轻户外，周末常带家人自驾野营或山系徒步，注重生活情调与手作咖啡。,名下持有一套旧两居，置换回款 65% + 个人理财储蓄补充 + 公积金商业贷,重性价比，不盲信大牌，但要求物业管理有序、绿化修剪及时、人防技防规范。,常年本地稳定居住，工作日职住通勤动线规则单一。
上_2003_00093,上海,2003,教育型买房,43,男,0.9,5.4,0.4,10.1,4,1,是,B,social,0.73,0.5,0.38,0.47,0.65,0.82,0.6,0.95,0.64,学区房,一室一厅,69,1193,区财政局科员,三口之家(学龄段),上海中环品质两居，车位及空间极其拥挤,小区无地下车库且人车不分流，小孩在楼下玩耍或者推婴儿车极为不安全。,讲究超高得房率（超85%），主卧套房必须配备独立步入式衣帽间与干湿分离双卫。,主要在陆家嘴/徐家汇CBD上班，首选地铁2/9号线沿线，通勤半小时内。,倡导轻户外，周末常带家人自驾野营或山系徒步，注重生活情调与手作咖啡。,名下持有一套旧两居，置换回款 65% + 个人理财储蓄补充 + 公积金商业贷,重性价比，不盲信大牌，但要求物业管理有序、绿化修剪及时、人防技防规范。,常年本地稳定居住，工作日职住通勤动线规则单一。
上_2003_00094,上海,2003,金融精英,42,女,1.7,9.8,0.4,18.5,3,1,否,A,research,1,0.3,0.56,0.53,0.88,0.75,0.82,0.79,0.71,自住-改善,两室两厅,79,2075,老牌证券公司营业部经理,三口之家(学龄段),市中心私密洋房住宅,无高端私密会所及管家式物业配套，圈层鱼龙混杂，高净值居住体验差。,讲究超高得房率（超85%），主卧套房必须配备独立步入式衣帽间与干湿分离双卫。,主要在陆家嘴/徐家汇CBD上班，首选地铁2/9号线沿线，通勤半小时内。,周末常去高端商圈消费，热衷打网球和马术，重度手冲咖啡及黑胶唱片发烧友。,名下已有企业股权套现或分红现金，一次性全款付清，基本不加杠杆,非仁恒、绿城、万科等金牌开发商不买，极度看重高端精装质量与顶级物业的增值口碑。,常年本地稳定居住，工作日职住通勤动线规则单一。
上_2003_00095,上海,2003,本地改善,53,男,1.0,7.3,0.45,12.2,6,2,是,B,agent,0.81,0.62,0.56,0.57,0.54,0.88,0.69,0.67,0.53,自住-改善,两室一厅,60,1769,市第二中学地理教师,二胎黄金期中大户型,上海中环品质两居，车位及空间极其拥挤,小区无地下车库且人车不分流，小孩在楼下玩耍或者推婴儿车极为不安全。,讲究超高得房率（超85%），主卧套房必须配备独立步入式衣帽间与干湿分离双卫。,主要在陆家嘴/徐家汇CBD上班，首选地铁2/9号线沿线，通勤半小时内。,倡导轻户外，周末常带家人自驾野营或山系徒步，注重生活情调与手作咖啡。,名下持有一套旧两居，置换回款 65% + 个人理财储蓄补充 + 公积金商业贷,重性价比，不盲信大牌，但要求物业管理有序、绿化修剪及时、人防技防规范。,常年本地稳定居住，工作日职住通勤动线规则单一。
上_2003_00096,上海,2003,本地改善,57,女,0.6,6.2,0.45,10.4,4,2,否,B,agent,0.77,0.56,0.45,0.42,0.7,0.85,0.61,0.67,0.55,自住-改善,两室一厅,55,1215,邮政局局长秘书,二胎黄金期中大户型,上海中环品质两居，车位及空间极其拥挤,小区无地下车库且人车不分流，小孩在楼下玩耍或者推婴儿车极为不安全。,讲究超高得房率（超85%），主卧套房必须配备独立步入式衣帽间与干湿分离双卫。,主要在陆家嘴/徐家汇CBD上班，首选地铁2/9号线沿线，通勤半小时内。,倡导轻户外，周末常带家人自驾野营或山系徒步，注重生活情调与手作咖啡。,名下持有一套旧两居，置换回款 65% + 个人理财储蓄补充 + 公积金商业贷,重性价比，不盲信大牌，但要求物业管理有序、绿化修剪及时、人防技防规范。,常年本地稳定居住，工作日职住通勤动线规则单一。
上_2003_00097,上海,2003,长三角家庭,51,女,1.4,7.6,0.45,12.6,5,2,是,B,agent,0.54,0.56,0.44,0.56,0.51,0.74,0.39,0.75,0.64,自住-改善,两室两厅,58,1542,市第二中学地理教师,二胎黄金期中大户型,上海中环品质两居，车位及空间极其拥挤,小区无地下车库且人车不分流，小孩在楼下玩耍或者推婴儿车极为不安全。,讲究超高得房率（超85%），主卧套房必须配备独立步入式衣帽间与干湿分离双卫。,主要在陆家嘴/徐家汇CBD上班，首选地铁2/9号线沿线，通勤半小时内。,倡导轻户外，周末常带家人自驾野营或山系徒步，注重生活情调与手作咖啡。,名下持有一套旧两居，置换回款 65% + 个人理财储蓄补充 + 公积金商业贷,重性价比，不盲信大牌，但要求物业管理有序、绿化修剪及时、人防技防规范。,常年本地稳定居住，工作日职住通勤动线规则单一。
上_2003_00098,上海,2003,教育型买房,39,女,1.2,9.0,0.4,16.8,4,1,否,B,social,0.99,0.65,0.42,0.41,0.63,0.82,0.5,1,0.7,学区房,两室一厅,76,1836,区财政局科员,三口之家(学龄段),上海中环品质两居，车位及空间极其拥挤,小区无地下车库且人车不分流，小孩在楼下玩耍或者推婴儿车极为不安全。,讲究超高得房率（超85%），主卧套房必须配备独立步入式衣帽间与干湿分离双卫。,主要在陆家嘴/徐家汇CBD上班，首选地铁2/9号线沿线，通勤半小时内。,倡导轻户外，周末常带家人自驾野营或山系徒步，注重生活情调与手作咖啡。,名下持有一套旧两居，置换回款 65% + 个人理财储蓄补充 + 公积金商业贷,非仁恒、绿城、万科等金牌开发商不买，极度看重高端精装质量与顶级物业的增值口碑。,常年本地稳定居住，工作日职住通勤动线规则单一。
上_2003_00099,上海,2003,长三角家庭,46,男,1.3,10.8,0.45,18.0,3,1,否,B,agent,0.54,0.65,0.51,0.42,0.51,0.89,0.39,0.81,0.59,自住-改善,一室一厅,73,1299,市第二中学地理教师,三口之家(学龄段),上海中环品质两居，车位及空间极其拥挤,小区无地下车库且人车不分流，小孩在楼下玩耍或者推婴儿车极为不安全。,讲究超高得房率（超85%），主卧套房必须配备独立步入式衣帽间与干湿分离双卫。,主要在陆家嘴/徐家汇CBD上班，首选地铁2/9号线沿线，通勤半小时内。,倡导轻户外，周末常带家人自驾野营或山系徒步，注重生活情调与手作咖啡。,名下持有一套旧两居，置换回款 65% + 个人理财储蓄补充 + 公积金商业贷,重性价比，不盲信大牌，但要求物业管理有序、绿化修剪及时、人防技防规范。,常年本地稳定居住，工作日职住通勤动线规则单一。
上_2003_00100,上海,2003,教育型买房,33,男,1.5,15.2,0.4,28.4,3,1,是,B,social,0.93,0.41,0.38,0.31,0.72,0.61,0.64,1,0.64,学区房,两室一厅,79,2797,国企车间技术主任,三口之家(幼龄段),上海中环品质两居，车位及空间极其拥挤,小区无地下车库且人车不分流，小孩在楼下玩耍或者推婴儿车极为不安全。,核心要求地块属于第一梯队名校学区，且周边500米内解决幼小衔接教育配套。,主要在陆家嘴/徐家汇CBD上班，首选地铁2/9号线沿线，通勤半小时内。,倡导轻户外，周末常带家人自驾野营或山系徒步，注重生活情调与手作咖啡。,名下持有一套旧两居，置换回款 65% + 个人理财储蓄补充 + 公积金商业贷,重性价比，不盲信大牌，但要求物业管理有序、绿化修剪及时、人防技防规范。,常年本地稳定居住，工作日职住通勤动线规则单一。
上_2003_00101,上海,2003,本地改善,53,女,1.3,9.3,0.45,15.5,4,2,是,B,agent,0.72,0.64,0.51,0.63,0.65,0.83,0.54,0.61,0.58,自住-改善,两室两厅,50,2359,国企车间技术主任,二胎黄金期中大户型,上海中环品质两居，车位及空间极其拥挤,小区无地下车库且人车不分流，小孩在楼下玩耍或者推婴儿车极为不安全。,讲究超高得房率（超85%），主卧套房必须配备独立步入式衣帽间与干湿分离双卫。,主要在陆家嘴/徐家汇CBD上班，首选地铁2/9号线沿线，通勤半小时内。,倡导轻户外，周末常带家人自驾野营或山系徒步，注重生活情调与手作咖啡。,名下持有一套旧两居，置换回款 65% + 个人理财储蓄补充 + 公积金商业贷,重性价比，不盲信大牌，但要求物业管理有序、绿化修剪及时、人防技防规范。,常年本地稳定居住，工作日职住通勤动线规则单一。
上_2003_00102,上海,2003,本地改善,47,男,1.0,8.5,0.45,14.1,4,2,是,B,agent,0.72,0.61,0.47,0.46,0.48,0.97,0.65,0.75,0.47,自住-改善,两室两厅,90,1120,区财政局科员,二胎黄金期中大户型,上海中环品质两居，车位及空间极其拥挤,小区无地下车库且人车不分流，小孩在楼下玩耍或者推婴儿车极为不安全。,讲究超高得房率（超85%），主卧套房必须配备独立步入式衣帽间与干湿分离双卫。,主要在陆家嘴/徐家汇CBD上班，首选地铁2/9号线沿线，通勤半小时内。,倡导轻户外，周末常带家人自驾野营或山系徒步，注重生活情调与手作咖啡。,名下持有一套旧两居，置换回款 65% + 个人理财储蓄补充 + 公积金商业贷,重性价比，不盲信大牌，但要求物业管理有序、绿化修剪及时、人防技防规范。,常年本地稳定居住，工作日职住通勤动线规则单一。
上_2003_00103,上海,2003,金融精英,41,女,3.1,23.5,0.4,44.1,4,0,否,A,research,0.89,0.39,0.65,0.58,0.76,0.76,0.8,0.77,0.73,自住-首套,两室两厅,70,4392,申银万国证券分析员,成熟期核心家庭,西湖边高精平层,无高端私密会所及管家式物业配套，圈层鱼龙混杂，高净值居住体验差。,讲究超高得房率（超85%），主卧套房必须配备独立步入式衣帽间与干湿分离双卫。,主要在陆家嘴/徐家汇CBD上班，首选地铁2/9号线沿线，通勤半小时内。,周末常去高端商圈消费，热衷打网球和马术，重度手冲咖啡及黑胶唱片发烧友。,夫妻双方积蓄 + 双方父母出资赞助首付 + 公积金商业组合贷款,非仁恒、绿城、万科等金牌开发商不买，极度看重高端精装质量与顶级物业的增值口碑。,常年本地稳定居住，工作日职住通勤动线规则单一。
上_2003_00104,上海,2003,金融精英,32,男,2.3,15.8,0.4,29.6,3,3,否,A,research,0.9,0.46,0.61,0.6,0.67,0.72,0.56,0.71,0.77,婚房,两室两厅,52,4486,老牌证券公司营业部经理,二胎黄金期中大户型,陆家嘴核心区江景大平层,无高端私密会所及管家式物业配套，圈层鱼龙混杂，高净值居住体验差。,讲究超高得房率（超85%），主卧套房必须配备独立步入式衣帽间与干湿分离双卫。,主要在陆家嘴/徐家汇CBD上班，首选地铁2/9号线沿线，通勤半小时内。,周末常去高端商圈消费，热衷打网球和马术，重度手冲咖啡及黑胶唱片发烧友。,夫妻双方积蓄 + 双方父母出资赞助首付 + 公积金商业组合贷款,非仁恒、绿城、万科等金牌开发商不买，极度看重高端精装质量与顶级物业的增值口碑。,常年本地稳定居住，工作日职住通勤动线规则单一。
上_2003_00105,上海,2003,本地改善,44,女,1.4,14.2,0.45,23.7,4,2,否,B,agent,0.75,0.67,0.55,0.45,0.48,0.83,0.57,0.75,0.74,自住-改善,两室一厅,51,2426,邮政局局长秘书,二胎黄金期中大户型,上海中环品质两居，车位及空间极其拥挤,小区无地下车库且人车不分流，小孩在楼下玩耍或者推婴儿车极为不安全。,讲究超高得房率（超85%），主卧套房必须配备独立步入式衣帽间与干湿分离双卫。,主要在陆家嘴/徐家汇CBD上班，首选地铁2/9号线沿线，通勤半小时内。,倡导轻户外，周末常带家人自驾野营或山系徒步，注重生活情调与手作咖啡。,名下持有一套旧两居，置换回款 65% + 个人理财储蓄补充 + 公积金商业贷,非仁恒、绿城、万科等金牌开发商不买，极度看重高端精装质量与顶级物业的增值口碑。,常年本地稳定居住，工作日职住通勤动线规则单一。
上_2003_00106,上海,2003,金融精英,47,女,2.1,12.4,0.4,23.3,3,1,否,A,research,0.73,0.48,0.66,0.64,0.67,0.64,0.87,0.85,0.7,自住-改善,两室一厅,55,3087,老牌证券公司营业部经理,三口之家(学龄段),陆家嘴核心区江景大平层,无高端私密会所及管家式物业配套，圈层鱼龙混杂，高净值居住体验差。,核心要求地块属于第一梯队名校学区，且周边500米内解决幼小衔接教育配套。,主要在陆家嘴/徐家汇CBD上班，首选地铁2/9号线沿线，通勤半小时内。,周末常去高端商圈消费，热衷打网球和马术，重度手冲咖啡及黑胶唱片发烧友。,名下已有企业股权套现或分红现金，一次性全款付清，基本不加杠杆,非仁恒、绿城、万科等金牌开发商不买，极度看重高端精装质量与顶级物业的增值口碑。,常年本地稳定居住，工作日职住通勤动线规则单一。
上_2003_00107,上海,2003,教育型买房,48,女,1.7,16.0,0.4,29.9,2,0,否,B,social,0.91,0.65,0.38,0.43,0.69,0.68,0.65,1,0.57,学区房,两室两厅,63,3914,邮政局局长秘书,成熟期核心家庭,上海中环品质两居，车位及空间极其拥挤,老小区隔音差，邻里滋扰严重，且车位严重匮乏，每晚加班回来抢车位像打仗。,核心要求地块属于第一梯队名校学区，且周边500米内解决幼小衔接教育配套。,主要在陆家嘴/徐家汇CBD上班，首选地铁2/9号线沿线，通勤半小时内。,倡导轻户外，周末常带家人自驾野营或山系徒步，注重生活情调与手作咖啡。,名下持有一套旧两居，置换回款 65% + 个人理财储蓄补充 + 公积金商业贷,重性价比，不盲信大牌，但要求物业管理有序、绿化修剪及时、人防技防规范。,常年本地稳定居住，工作日职住通勤动线规则单一。
上_2003_00108,上海,2003,本地改善,57,女,1.6,15.5,0.45,25.8,4,2,否,B,agent,0.77,0.5,0.44,0.55,0.49,0.76,0.54,0.68,0.52,自住-改善,一室一厅,51,3762,区财政局科员,二胎黄金期中大户型,上海中环品质两居，车位及空间极其拥挤,小区无地下车库且人车不分流，小孩在楼下玩耍或者推婴儿车极为不安全。,讲究超高得房率（超85%），主卧套房必须配备独立步入式衣帽间与干湿分离双卫。,主要在陆家嘴/徐家汇CBD上班，首选地铁2/9号线沿线，通勤半小时内。,倡导轻户外，周末常带家人自驾野营或山系徒步，注重生活情调与手作咖啡。,名下持有一套旧两居，置换回款 65% + 个人理财储蓄补充 + 公积金商业贷,重性价比，不盲信大牌，但要求物业管理有序、绿化修剪及时、人防技防规范。,常年本地稳定居住，工作日职住通勤动线规则单一。
上_2003_00109,上海,2003,本地改善,52,女,0.7,6.8,0.45,11.4,4,2,否,B,agent,0.68,0.44,0.51,0.46,0.5,0.89,0.49,0.61,0.75,自住-改善,一室一厅,86,675,国企车间技术主任,二胎黄金期中大户型,上海中环品质两居，车位及空间极其拥挤,小区无地下车库且人车不分流，小孩在楼下玩耍或者推婴儿车极为不安全。,讲究超高得房率（超85%），主卧套房必须配备独立步入式衣帽间与干湿分离双卫。,主要在陆家嘴/徐家汇CBD上班，首选地铁2/9号线沿线，通勤半小时内。,倡导轻户外，周末常带家人自驾野营或山系徒步，注重生活情调与手作咖啡。,名下持有一套旧两居，置换回款 65% + 个人理财储蓄补充 + 公积金商业贷,非仁恒、绿城、万科等金牌开发商不买，极度看重高端精装质量与顶级物业的增值口碑。,常年本地稳定居住，工作日职住通勤动线规则单一。
上_2003_00110,上海,2003,教育型买房,40,女,1.7,11.9,0.4,22.2,2,2,是,B,social,1,0.52,0.4,0.35,0.64,0.72,0.52,1,0.63,学区房,一室一厅,79,1543,市第二中学地理教师,二胎黄金期中大户型,上海中环品质两居，车位及空间极其拥挤,小区无地下车库且人车不分流，小孩在楼下玩耍或者推婴儿车极为不安全。,讲究超高得房率（超85%），主卧套房必须配备独立步入式衣帽间与干湿分离双卫。,主要在陆家嘴/徐家汇CBD上班，首选地铁2/9号线沿线，通勤半小时内。,倡导轻户外，周末常带家人自驾野营或山系徒步，注重生活情调与手作咖啡。,名下持有一套旧两居，置换回款 65% + 个人理财储蓄补充 + 公积金商业贷,重性价比，不盲信大牌，但要求物业管理有序、绿化修剪及时、人防技防规范。,常年本地稳定居住，工作日职住通勤动线规则单一。
上_2003_00111,上海,2003,本地改善,48,男,1.9,24.1,0.45,40.2,4,2,否,B,agent,0.76,0.46,0.43,0.55,0.59,0.88,0.53,0.69,0.69,自住-改善,一室一厅,66,4461,邮政局局长秘书,二胎黄金期中大户型,上海中环品质两居，车位及空间极其拥挤,小区无地下车库且人车不分流，小孩在楼下玩耍或者推婴儿车极为不安全。,讲究超高得房率（超85%），主卧套房必须配备独立步入式衣帽间与干湿分离双卫。,主要在陆家嘴/徐家汇CBD上班，首选地铁2/9号线沿线，通勤半小时内。,倡导轻户外，周末常带家人自驾野营或山系徒步，注重生活情调与手作咖啡。,名下持有一套旧两居，置换回款 65% + 个人理财储蓄补充 + 公积金商业贷,重性价比，不盲信大牌，但要求物业管理有序、绿化修剪及时、人防技防规范。,常年本地稳定居住，工作日职住通勤动线规则单一。
上_2003_00112,上海,2003,本地改善,56,女,0.9,8.3,0.45,13.8,4,1,否,B,agent,0.68,0.33,0.57,0.74,0.62,0.87,0.5,0.89,0.47,自住-改善,两室一厅,82,920,市第二中学地理教师,三口之家(学龄段),上海中环品质两居，车位及空间极其拥挤,小区无地下车库且人车不分流，小孩在楼下玩耍或者推婴儿车极为不安全。,要求独立电梯入户，主次卧动线分明，配备独立保姆房和私密后院。,主要在陆家嘴/徐家汇CBD上班，首选地铁2/9号线沿线，通勤半小时内。,倡导轻户外，周末常带家人自驾野营或山系徒步，注重生活情调与手作咖啡。,名下持有一套旧两居，置换回款 65% + 个人理财储蓄补充 + 公积金商业贷,重性价比，不盲信大牌，但要求物业管理有序、绿化修剪及时、人防技防规范。,常年本地稳定居住，工作日职住通勤动线规则单一。
上_2003_00113,上海,2003,金融精英,47,男,2.5,24.8,0.4,46.5,4,1,否,A,research,0.73,0.35,0.69,0.62,0.7,0.7,0.59,0.83,0.73,自住-首套,两室一厅,51,5254,老牌证券公司营业部经理,三口之家(学龄段),陆家嘴核心区江景大平层,无高端私密会所及管家式物业配套，圈层鱼龙混杂，高净值居住体验差。,讲究超高得房率（超85%），主卧套房必须配备独立步入式衣帽间与干湿分离双卫。,主要在陆家嘴/徐家汇CBD上班，首选地铁2/9号线沿线，通勤半小时内。,周末常去高端商圈消费，热衷打网球和马术，重度手冲咖啡及黑胶唱片发烧友。,夫妻双方积蓄 + 双方父母出资赞助首付 + 公积金商业组合贷款,非仁恒、绿城、万科等金牌开发商不买，极度看重高端精装质量与顶级物业的增值口碑。,常年本地稳定居住，工作日职住通勤动线规则单一。
上_2003_00114,上海,2003,金融精英,35,男,1.6,11.6,0.4,21.7,3,1,否,A,research,0.69,0.42,0.7,0.43,0.78,0.72,0.66,0.76,0.79,自住-首套,一室一厅,70,1966,申银万国证券分析员,三口之家(幼龄段),陆家嘴核心区江景大平层,无高端私密会所及管家式物业配套，圈层鱼龙混杂，高净值居住体验差。,讲究超高得房率（超85%），主卧套房必须配备独立步入式衣帽间与干湿分离双卫。,主要在陆家嘴/徐家汇CBD上班，首选地铁2/9号线沿线，通勤半小时内。,周末常去高端商圈消费，热衷打网球和马术，重度手冲咖啡及黑胶唱片发烧友。,夫妻双方积蓄 + 双方父母出资赞助首付 + 公积金商业组合贷款,非仁恒、绿城、万科等金牌开发商不买，极度看重高端精装质量与顶级物业的增值口碑。,常年本地稳定居住，工作日职住通勤动线规则单一。
上_2003_00115,上海,2003,教育型买房,40,女,1.8,11.0,0.4,20.7,3,2,否,B,social,1,0.48,0.45,0.58,0.54,0.72,0.52,0.91,0.68,学区房,一室一厅,51,3080,国企车间技术主任,二胎黄金期中大户型,上海中环品质两居，车位及空间极其拥挤,小区无地下车库且人车不分流，小孩在楼下玩耍或者推婴儿车极为不安全。,讲究超高得房率（超85%），主卧套房必须配备独立步入式衣帽间与干湿分离双卫。,主要在陆家嘴/徐家汇CBD上班，首选地铁2/9号线沿线，通勤半小时内。,倡导轻户外，周末常带家人自驾野营或山系徒步，注重生活情调与手作咖啡。,名下持有一套旧两居，置换回款 65% + 个人理财储蓄补充 + 公积金商业贷,重性价比，不盲信大牌，但要求物业管理有序、绿化修剪及时、人防技防规范。,常年本地稳定居住，工作日职住通勤动线规则单一。
上_2003_00116,上海,2003,金融精英,39,女,2.5,15.4,0.4,29.0,3,1,否,A,research,0.6,0.38,0.53,0.64,0.67,0.92,0.51,0.87,0.85,自住-改善,两室一厅,61,3640,老牌证券公司营业部经理,三口之家(学龄段),市中心私密洋房住宅,无高端私密会所及管家式物业配套，圈层鱼龙混杂，高净值居住体验差。,讲究超高得房率（超85%），主卧套房必须配备独立步入式衣帽间与干湿分离双卫。,主要在陆家嘴/徐家汇CBD上班，首选地铁2/9号线沿线，通勤半小时内。,周末常去高端商圈消费，热衷打网球和马术，重度手冲咖啡及黑胶唱片发烧友。,名下已有企业股权套现或分红现金，一次性全款付清，基本不加杠杆,非仁恒、绿城、万科等金牌开发商不买，极度看重高端精装质量与顶级物业的增值口碑。,常年本地稳定居住，工作日职住通勤动线规则单一。
上_2003_00117,上海,2003,本地改善,50,女,1.3,11.0,0.45,18.4,5,1,否,B,agent,0.64,0.61,0.52,0.5,0.64,0.84,0.57,0.83,0.55,自住-改善,两室两厅,75,1989,国企车间技术主任,三口之家(学龄段),上海中环品质两居，车位及空间极其拥挤,小区无地下车库且人车不分流，小孩在楼下玩耍或者推婴儿车极为不安全。,讲究超高得房率（超85%），主卧套房必须配备独立步入式衣帽间与干湿分离双卫。,主要在陆家嘴/徐家汇CBD上班，首选地铁2/9号线沿线，通勤半小时内。,倡导轻户外，周末常带家人自驾野营或山系徒步，注重生活情调与手作咖啡。,名下持有一套旧两居，置换回款 65% + 个人理财储蓄补充 + 公积金商业贷,重性价比，不盲信大牌，但要求物业管理有序、绿化修剪及时、人防技防规范。,常年本地稳定居住，工作日职住通勤动线规则单一。
上_2003_00118,上海,2003,本地改善,51,女,0.8,7.4,0.45,12.3,4,2,否,B,agent,0.84,0.51,0.58,0.38,0.53,0.85,0.63,0.74,0.47,自住-改善,两室两厅,56,1704,邮政局局长秘书,二胎黄金期中大户型,上海中环品质两居，车位及空间极其拥挤,小区无地下车库且人车不分流，小孩在楼下玩耍或者推婴儿车极为不安全。,讲究超高得房率（超85%），主卧套房必须配备独立步入式衣帽间与干湿分离双卫。,主要在陆家嘴/徐家汇CBD上班，首选地铁2/9号线沿线，通勤半小时内。,倡导轻户外，周末常带家人自驾野营或山系徒步，注重生活情调与手作咖啡。,名下持有一套旧两居，置换回款 65% + 个人理财储蓄补充 + 公积金商业贷,重性价比，不盲信大牌，但要求物业管理有序、绿化修剪及时、人防技防规范。,常年本地稳定居住，工作日职住通勤动线规则单一。
上_2003_00119,上海,2003,金融精英,34,男,1.5,10.0,0.4,18.7,3,0,否,A,research,0.74,0.44,0.69,0.6,0.77,0.86,0.72,0.76,0.85,婚房,两室两厅,53,2243,老牌证券公司营业部经理,新婚过渡两居,西湖边高精平层,无高端私密会所及管家式物业配套，圈层鱼龙混杂，高净值居住体验差。,讲究超高得房率（超85%），主卧套房必须配备独立步入式衣帽间与干湿分离双卫。,主要在陆家嘴/徐家汇CBD上班，首选地铁2/9号线沿线，通勤半小时内。,周末常去高端商圈消费，热衷打网球和马术，重度手冲咖啡及黑胶唱片发烧友。,夫妻双方积蓄 + 双方父母出资赞助首付 + 公积金商业组合贷款,非仁恒、绿城、万科等金牌开发商不买，极度看重高端精装质量与顶级物业的增值口碑。,常年本地稳定居住，工作日职住通勤动线规则单一。
上_2003_00120,上海,2003,教育型买房,36,男,1.0,9.1,0.4,17.0,3,0,是,B,social,0.66,0.56,0.38,0.42,0.6,0.84,0.41,0.93,0.62,学区房,一室一厅,73,1763,市第二中学地理教师,成熟期核心家庭,上海中环品质两居，车位及空间极其拥挤,当前房屋属于旧多层无电梯房，父母年纪渐高每天爬楼梯极为吃力。,讲究超高得房率（超85%），主卧套房必须配备独立步入式衣帽间与干湿分离双卫。,主要在陆家嘴/徐家汇CBD上班，首选地铁2/9号线沿线，通勤半小时内。,倡导轻户外，周末常带家人自驾野营或山系徒步，注重生活情调与手作咖啡。,名下持有一套旧两居，置换回款 65% + 个人理财储蓄补充 + 公积金商业贷,重性价比，不盲信大牌，但要求物业管理有序、绿化修剪及时、人防技防规范。,常年本地稳定居住，工作日职住通勤动线规则单一。
上_2003_00121,上海,2003,本地改善,40,男,1.1,13.9,0.45,23.2,3,2,是,B,agent,0.55,0.64,0.58,0.59,0.49,0.8,0.63,0.82,0.59,自住-改善,两室一厅,54,3519,邮政局局长秘书,二胎黄金期中大户型,上海中环品质两居，车位及空间极其拥挤,小区无地下车库且人车不分流，小孩在楼下玩耍或者推婴儿车极为不安全。,讲究超高得房率（超85%），主卧套房必须配备独立步入式衣帽间与干湿分离双卫。,主要在陆家嘴/徐家汇CBD上班，首选地铁2/9号线沿线，通勤半小时内。,倡导轻户外，周末常带家人自驾野营或山系徒步，注重生活情调与手作咖啡。,名下持有一套旧两居，置换回款 65% + 个人理财储蓄补充 + 公积金商业贷,重性价比，不盲信大牌，但要求物业管理有序、绿化修剪及时、人防技防规范。,常年本地稳定居住，工作日职住通勤动线规则单一。
上_2003_00122,上海,2003,外籍海归,33,女,1.6,10.2,0.4,19.1,3,1,否,A,social,0.93,0.52,0.53,0.58,0.84,0.97,0.78,0.88,0.64,婚房,两室两厅,51,2508,外企驻沪办事处代表,三口之家(幼龄段),市中心私密洋房住宅,无高端私密会所及管家式物业配套，圈层鱼龙混杂，高净值居住体验差。,讲究超高得房率（超85%），主卧套房必须配备独立步入式衣帽间与干湿分离双卫。,主要在陆家嘴/徐家汇CBD上班，首选地铁2/9号线沿线，通勤半小时内。,周末常去高端商圈消费，热衷打网球和马术，重度手冲咖啡及黑胶唱片发烧友。,夫妻双方积蓄 + 双方父母出资赞助首付 + 公积金商业组合贷款,重性价比，不盲信大牌，但要求物业管理有序、绿化修剪及时、人防技防规范。,常年本地稳定居住，工作日职住通勤动线规则单一。
上_2003_00123,上海,2003,金融精英,34,女,1.2,9.4,0.4,17.6,3,2,是,A,research,0.79,0.65,0.74,0.4,0.72,0.8,0.6,0.68,0.72,自住-首套,两室一厅,71,1897,老牌证券公司营业部经理,二胎黄金期中大户型,西湖边高精平层,当前房屋属于旧多层无电梯房，父母年纪渐高每天爬楼梯极为吃力。,要求有超大面宽南向双阳台（观景家政分离），主卧大飘窗能270度直面自然景观。,主要在陆家嘴/徐家汇CBD上班，首选地铁2/9号线沿线，通勤半小时内。,周末常去高端商圈消费，热衷打网球和马术，重度手冲咖啡及黑胶唱片发烧友。,夫妻双方积蓄 + 双方父母出资赞助首付 + 公积金商业组合贷款,非仁恒、绿城、万科等金牌开发商不买，极度看重高端精装质量与顶级物业的增值口碑。,常年本地稳定居住，工作日职住通勤动线规则单一。
上_2003_00124,上海,2003,本地改善,44,女,0.7,7.9,0.45,13.2,3,2,是,B,agent,0.68,0.37,0.47,0.58,0.63,0.85,0.6,0.63,0.57,自住-改善,一室一厅,67,1153,市第二中学地理教师,二胎黄金期中大户型,上海中环品质两居，车位及空间极其拥挤,小区无地下车库且人车不分流，小孩在楼下玩耍或者推婴儿车极为不安全。,讲究超高得房率（超85%），主卧套房必须配备独立步入式衣帽间与干湿分离双卫。,主要在陆家嘴/徐家汇CBD上班，首选地铁2/9号线沿线，通勤半小时内。,倡导轻户外，周末常带家人自驾野营或山系徒步，注重生活情调与手作咖啡。,名下持有一套旧两居，置换回款 65% + 个人理财储蓄补充 + 公积金商业贷,重性价比，不盲信大牌，但要求物业管理有序、绿化修剪及时、人防技防规范。,常年本地稳定居住，工作日职住通勤动线规则单一。
上_2003_00125,上海,2003,金融精英,41,女,2.3,22.5,0.4,42.1,3,1,否,A,research,0.64,0.36,0.62,0.67,0.66,0.7,0.79,0.72,0.96,自住-首套,一室一厅,94,3533,商业银行支行信贷科长,三口之家(学龄段),西湖边高精平层,无高端私密会所及管家式物业配套，圈层鱼龙混杂，高净值居住体验差。,核心要求地块属于第一梯队名校学区，且周边500米内解决幼小衔接教育配套。,主要在陆家嘴/徐家汇CBD上班，首选地铁2/9号线沿线，通勤半小时内。,周末常去高端商圈消费，热衷打网球和马术，重度手冲咖啡及黑胶唱片发烧友。,夫妻双方积蓄 + 双方父母出资赞助首付 + 公积金商业组合贷款,非仁恒、绿城、万科等金牌开发商不买，极度看重高端精装质量与顶级物业的增值口碑。,常年本地稳定居住，工作日职住通勤动线规则单一。
上_2003_00126,上海,2003,本地改善,53,女,0.7,8.3,0.45,13.8,5,3,否,B,agent,0.93,0.48,0.49,0.45,0.57,0.7,0.71,0.77,0.56,自住-改善,一室一厅,93,1080,邮政局局长秘书,二胎黄金期中大户型,上海中环品质两居，车位及空间极其拥挤,小区无地下车库且人车不分流，小孩在楼下玩耍或者推婴儿车极为不安全。,讲究超高得房率（超85%），主卧套房必须配备独立步入式衣帽间与干湿分离双卫。,主要在陆家嘴/徐家汇CBD上班，首选地铁2/9号线沿线，通勤半小时内。,倡导轻户外，周末常带家人自驾野营或山系徒步，注重生活情调与手作咖啡。,名下持有一套旧两居，置换回款 65% + 个人理财储蓄补充 + 公积金商业贷,重性价比，不盲信大牌，但要求物业管理有序、绿化修剪及时、人防技防规范。,常年本地稳定居住，工作日职住通勤动线规则单一。
上_2003_00127,上海,2003,外籍海归,32,女,2.3,17.6,0.4,33.0,3,1,否,A,social,0.61,0.6,0.58,0.46,0.85,0.76,0.7,0.78,0.63,婚房,两室一厅,65,3660,外企驻沪办事处代表,三口之家(幼龄段),市中心私密洋房住宅,无高端私密会所及管家式物业配套，圈层鱼龙混杂，高净值居住体验差。,讲究超高得房率（超85%），主卧套房必须配备独立步入式衣帽间与干湿分离双卫。,主要在陆家嘴/徐家汇CBD上班，首选地铁2/9号线沿线，通勤半小时内。,周末常去高端商圈消费，热衷打网球和马术，重度手冲咖啡及黑胶唱片发烧友。,夫妻双方积蓄 + 双方父母出资赞助首付 + 公积金商业组合贷款,重性价比，不盲信大牌，但要求物业管理有序、绿化修剪及时、人防技防规范。,常年本地稳定居住，工作日职住通勤动线规则单一。
上_2003_00128,上海,2003,教育型买房,46,男,1.5,14.4,0.4,26.9,3,1,否,B,social,1,0.48,0.44,0.37,0.71,0.71,0.5,0.91,0.58,学区房,两室两厅,70,2256,国企车间技术主任,三口之家(学龄段),上海中环品质两居，车位及空间极其拥挤,小区无地下车库且人车不分流，小孩在楼下玩耍或者推婴儿车极为不安全。,讲究超高得房率（超85%），主卧套房必须配备独立步入式衣帽间与干湿分离双卫。,主要在陆家嘴/徐家汇CBD上班，首选地铁2/9号线沿线，通勤半小时内。,倡导轻户外，周末常带家人自驾野营或山系徒步，注重生活情调与手作咖啡。,名下持有一套旧两居，置换回款 65% + 个人理财储蓄补充 + 公积金商业贷,重性价比，不盲信大牌，但要求物业管理有序、绿化修剪及时、人防技防规范。,常年本地稳定居住，工作日职住通勤动线规则单一。
上_2003_00129,上海,2003,本地改善,38,女,0.6,6.5,0.45,10.8,4,2,是,B,agent,0.53,0.42,0.44,0.55,0.66,0.77,0.53,0.62,0.52,自住-改善,两室两厅,67,1370,区财政局科员,二胎黄金期中大户型,上海中环品质两居，车位及空间极其拥挤,小区无地下车库且人车不分流，小孩在楼下玩耍或者推婴儿车极为不安全。,讲究超高得房率（超85%），主卧套房必须配备独立步入式衣帽间与干湿分离双卫。,主要在陆家嘴/徐家汇CBD上班，首选地铁2/9号线沿线，通勤半小时内。,倡导轻户外，周末常带家人自驾野营或山系徒步，注重生活情调与手作咖啡。,名下持有一套旧两居，置换回款 65% + 个人理财储蓄补充 + 公积金商业贷,重性价比，不盲信大牌，但要求物业管理有序、绿化修剪及时、人防技防规范。,常年本地稳定居住，工作日职住通勤动线规则单一。
上_2003_00130,上海,2003,教育型买房,34,女,1.4,9.3,0.4,17.4,3,1,否,B,social,0.82,0.51,0.43,0.38,0.69,0.68,0.57,1,0.58,学区房,两室一厅,95,1249,邮政局局长秘书,三口之家(幼龄段),上海中环品质两居，车位及空间极其拥挤,小区无地下车库且人车不分流，小孩在楼下玩耍或者推婴儿车极为不安全。,核心要求地块属于第一梯队名校学区，且周边500米内解决幼小衔接教育配套。,主要在陆家嘴/徐家汇CBD上班，首选地铁2/9号线沿线，通勤半小时内。,倡导轻户外，周末常带家人自驾野营或山系徒步，注重生活情调与手作咖啡。,名下持有一套旧两居，置换回款 65% + 个人理财储蓄补充 + 公积金商业贷,重性价比，不盲信大牌，但要求物业管理有序、绿化修剪及时、人防技防规范。,常年本地稳定居住，工作日职住通勤动线规则单一。
上_2003_00131,上海,2003,本地改善,53,男,1.0,11.8,0.45,19.7,4,2,是,B,agent,0.3,0.4,0.6,0.39,0.54,0.83,0.54,0.64,0.5,自住-改善,一室一厅,60,2660,国企车间技术主任,二胎黄金期中大户型,上海中环品质两居，车位及空间极其拥挤,小区无地下车库且人车不分流，小孩在楼下玩耍或者推婴儿车极为不安全。,讲究超高得房率（超85%），主卧套房必须配备独立步入式衣帽间与干湿分离双卫。,主要在陆家嘴/徐家汇CBD上班，首选地铁2/9号线沿线，通勤半小时内。,倡导轻户外，周末常带家人自驾野营或山系徒步，注重生活情调与手作咖啡。,名下持有一套旧两居，置换回款 65% + 个人理财储蓄补充 + 公积金商业贷,重性价比，不盲信大牌，但要求物业管理有序、绿化修剪及时、人防技防规范。,常年本地稳定居住，工作日职住通勤动线规则单一。
上_2003_00132,上海,2003,本地改善,40,男,1.2,13.3,0.45,22.2,4,1,否,B,agent,0.96,0.53,0.47,0.58,0.48,0.69,0.62,0.66,0.54,自住-改善,一室一厅,70,2673,市第二中学地理教师,三口之家(学龄段),上海中环品质两居，车位及空间极其拥挤,小区无地下车库且人车不分流，小孩在楼下玩耍或者推婴儿车极为不安全。,要求采光通透，全明户型，带多功能嵌入式收纳墙以最大化空间利用。,主要在陆家嘴/徐家汇CBD上班，首选地铁2/9号线沿线，通勤半小时内。,倡导轻户外，周末常带家人自驾野营或山系徒步，注重生活情调与手作咖啡。,名下持有一套旧两居，置换回款 65% + 个人理财储蓄补充 + 公积金商业贷,重性价比，不盲信大牌，但要求物业管理有序、绿化修剪及时、人防技防规范。,常年本地稳定居住，工作日职住通勤动线规则单一。
上_2003_00133,上海,2003,教育型买房,39,女,1.3,12.3,0.4,23.0,3,1,是,B,social,0.81,0.52,0.3,0.39,0.56,0.66,0.54,1,0.52,学区房,两室一厅,79,2093,邮政局局长秘书,三口之家(学龄段),上海中环品质两居，车位及空间极其拥挤,小区无地下车库且人车不分流，小孩在楼下玩耍或者推婴儿车极为不安全。,核心要求地块属于第一梯队名校学区，且周边500米内解决幼小衔接教育配套。,主要在陆家嘴/徐家汇CBD上班，首选地铁2/9号线沿线，通勤半小时内。,倡导轻户外，周末常带家人自驾野营或山系徒步，注重生活情调与手作咖啡。,名下持有一套旧两居，置换回款 65% + 个人理财储蓄补充 + 公积金商业贷,重性价比，不盲信大牌，但要求物业管理有序、绿化修剪及时、人防技防规范。,常年本地稳定居住，工作日职住通勤动线规则单一。
上_2003_00134,上海,2003,本地改善,47,男,1.0,11.3,0.45,18.9,4,1,否,B,agent,0.86,0.33,0.61,0.56,0.52,0.84,0.62,0.81,0.62,自住-改善,两室一厅,63,1952,邮政局局长秘书,三口之家(学龄段),上海中环品质两居，车位及空间极其拥挤,小区无地下车库且人车不分流，小孩在楼下玩耍或者推婴儿车极为不安全。,讲究超高得房率（超85%），主卧套房必须配备独立步入式衣帽间与干湿分离双卫。,主要在陆家嘴/徐家汇CBD上班，首选地铁2/9号线沿线，通勤半小时内。,倡导轻户外，周末常带家人自驾野营或山系徒步，注重生活情调与手作咖啡。,名下持有一套旧两居，置换回款 65% + 个人理财储蓄补充 + 公积金商业贷,重性价比，不盲信大牌，但要求物业管理有序、绿化修剪及时、人防技防规范。,常年本地稳定居住，工作日职住通勤动线规则单一。
上_2003_00135,上海,2003,本地改善,56,女,0.7,7.2,0.45,12.1,4,3,是,B,agent,0.84,0.42,0.51,0.51,0.49,0.81,0.56,0.58,0.61,自住-改善,两室一厅,56,1084,市第二中学地理教师,二胎黄金期中大户型,上海中环品质两居，车位及空间极其拥挤,小区无地下车库且人车不分流，小孩在楼下玩耍或者推婴儿车极为不安全。,讲究超高得房率（超85%），主卧套房必须配备独立步入式衣帽间与干湿分离双卫。,主要在陆家嘴/徐家汇CBD上班，首选地铁2/9号线沿线，通勤半小时内。,倡导轻户外，周末常带家人自驾野营或山系徒步，注重生活情调与手作咖啡。,名下持有一套旧两居，置换回款 65% + 个人理财储蓄补充 + 公积金商业贷,重性价比，不盲信大牌，但要求物业管理有序、绿化修剪及时、人防技防规范。,常年本地稳定居住，工作日职住通勤动线规则单一。
上_2003_00136,上海,2003,本地改善,40,男,0.8,7.2,0.45,12.0,4,3,否,B,agent,0.68,0.61,0.57,0.55,0.55,0.88,0.63,0.7,0.55,自住-改善,一室一厅,66,1437,国企车间技术主任,二胎黄金期中大户型,上海中环品质两居，车位及空间极其拥挤,小区无地下车库且人车不分流，小孩在楼下玩耍或者推婴儿车极为不安全。,讲究超高得房率（超85%），主卧套房必须配备独立步入式衣帽间与干湿分离双卫。,主要在陆家嘴/徐家汇CBD上班，首选地铁2/9号线沿线，通勤半小时内。,倡导轻户外，周末常带家人自驾野营或山系徒步，注重生活情调与手作咖啡。,名下持有一套旧两居，置换回款 65% + 个人理财储蓄补充 + 公积金商业贷,重性价比，不盲信大牌，但要求物业管理有序、绿化修剪及时、人防技防规范。,常年本地稳定居住，工作日职住通勤动线规则单一。
上_2003_00137,上海,2003,教育型买房,48,女,1.3,8.5,0.4,15.9,2,1,否,B,social,0.92,0.54,0.52,0.38,0.64,0.7,0.59,0.97,0.61,学区房,两室两厅,83,1194,国企车间技术主任,三口之家(学龄段),上海中环品质两居，车位及空间极其拥挤,小区无地下车库且人车不分流，小孩在楼下玩耍或者推婴儿车极为不安全。,讲究超高得房率（超85%），主卧套房必须配备独立步入式衣帽间与干湿分离双卫。,主要在陆家嘴/徐家汇CBD上班，首选地铁2/9号线沿线，通勤半小时内。,倡导轻户外，周末常带家人自驾野营或山系徒步，注重生活情调与手作咖啡。,名下持有一套旧两居，置换回款 65% + 个人理财储蓄补充 + 公积金商业贷,重性价比，不盲信大牌，但要求物业管理有序、绿化修剪及时、人防技防规范。,常年本地稳定居住，工作日职住通勤动线规则单一。
上_2003_00138,上海,2003,本地改善,44,男,0.5,3.4,0.45,5.7,4,2,否,B,agent,0.88,0.53,0.64,0.49,0.66,0.91,0.57,0.58,0.69,自住-改善,两室两厅,73,629,国企车间技术主任,二胎黄金期中大户型,上海中环品质两居，车位及空间极其拥挤,小区无地下车库且人车不分流，小孩在楼下玩耍或者推婴儿车极为不安全。,讲究超高得房率（超85%），主卧套房必须配备独立步入式衣帽间与干湿分离双卫。,主要在陆家嘴/徐家汇CBD上班，首选地铁2/9号线沿线，通勤半小时内。,倡导轻户外，周末常带家人自驾野营或山系徒步，注重生活情调与手作咖啡。,名下持有一套旧两居，置换回款 65% + 个人理财储蓄补充 + 公积金商业贷,重性价比，不盲信大牌，但要求物业管理有序、绿化修剪及时、人防技防规范。,常年本地稳定居住，工作日职住通勤动线规则单一。
上_2003_00139,上海,2003,长三角家庭,47,男,0.8,6.4,0.45,10.6,4,1,是,B,agent,1,0.4,0.55,0.46,0.42,0.84,0.3,0.71,0.65,自住-首套,一室一厅,77,924,邮政局局长秘书,三口之家(学龄段),上海中环品质两居，车位及空间极其拥挤,小区无地下车库且人车不分流，小孩在楼下玩耍或者推婴儿车极为不安全。,讲究超高得房率（超85%），主卧套房必须配备独立步入式衣帽间与干湿分离双卫。,主要在陆家嘴/徐家汇CBD上班，首选地铁2/9号线沿线，通勤半小时内。,倡导轻户外，周末常带家人自驾野营或山系徒步，注重生活情调与手作咖啡。,夫妻双方积蓄 + 双方父母出资赞助首付 + 公积金商业组合贷款,重性价比，不盲信大牌，但要求物业管理有序、绿化修剪及时、人防技防规范。,常年本地稳定居住，工作日职住通勤动线规则单一。
上_2003_00140,上海,2003,金融精英,42,女,2.9,26.8,0.4,50.3,4,1,否,A,research,0.76,0.55,0.69,0.47,0.76,0.7,0.82,0.78,0.84,自住-首套,一室一厅,61,5330,商业银行支行信贷科长,三口之家(学龄段),西湖边高精平层,无高端私密会所及管家式物业配套，圈层鱼龙混杂，高净值居住体验差。,核心要求地块属于第一梯队名校学区，且周边500米内解决幼小衔接教育配套。,主要在陆家嘴/徐家汇CBD上班，首选地铁2/9号线沿线，通勤半小时内。,周末常去高端商圈消费，热衷打网球和马术，重度手冲咖啡及黑胶唱片发烧友。,夫妻双方积蓄 + 双方父母出资赞助首付 + 公积金商业组合贷款,非仁恒、绿城、万科等金牌开发商不买，极度看重高端精装质量与顶级物业的增值口碑。,常年本地稳定居住，工作日职住通勤动线规则单一。
上_2003_00141,上海,2003,本地改善,45,男,1.6,18.4,0.45,30.7,4,3,否,B,agent,0.36,0.4,0.55,0.46,0.61,1,0.59,0.63,0.5,自住-改善,两室一厅,100,2165,市第二中学地理教师,二胎黄金期中大户型,上海中环品质两居，车位及空间极其拥挤,小区无地下车库且人车不分流，小孩在楼下玩耍或者推婴儿车极为不安全。,讲究超高得房率（超85%），主卧套房必须配备独立步入式衣帽间与干湿分离双卫。,主要在陆家嘴/徐家汇CBD上班，首选地铁2/9号线沿线，通勤半小时内。,倡导轻户外，周末常带家人自驾野营或山系徒步，注重生活情调与手作咖啡。,名下持有一套旧两居，置换回款 65% + 个人理财储蓄补充 + 公积金商业贷,重性价比，不盲信大牌，但要求物业管理有序、绿化修剪及时、人防技防规范。,常年本地稳定居住，工作日职住通勤动线规则单一。
上_2003_00142,上海,2003,长三角家庭,54,女,1.3,10.8,0.45,18.0,5,2,否,B,agent,0.69,0.57,0.67,0.41,0.47,0.75,0.44,0.84,0.52,自住-改善,两室两厅,72,1784,邮政局局长秘书,二胎黄金期中大户型,上海中环品质两居，车位及空间极其拥挤,小区无地下车库且人车不分流，小孩在楼下玩耍或者推婴儿车极为不安全。,讲究超高得房率（超85%），主卧套房必须配备独立步入式衣帽间与干湿分离双卫。,主要在陆家嘴/徐家汇CBD上班，首选地铁2/9号线沿线，通勤半小时内。,倡导轻户外，周末常带家人自驾野营或山系徒步，注重生活情调与手作咖啡。,名下持有一套旧两居，置换回款 65% + 个人理财储蓄补充 + 公积金商业贷,重性价比，不盲信大牌，但要求物业管理有序、绿化修剪及时、人防技防规范。,常年本地稳定居住，工作日职住通勤动线规则单一。
上_2003_00143,上海,2003,本地改善,57,男,1.2,10.8,0.45,18.0,4,2,是,B,agent,0.63,0.64,0.6,0.45,0.7,0.9,0.6,0.71,0.63,自住-改善,两室一厅,82,1962,邮政局局长秘书,二胎黄金期中大户型,上海中环品质两居，车位及空间极其拥挤,小区无地下车库且人车不分流，小孩在楼下玩耍或者推婴儿车极为不安全。,讲究超高得房率（超85%），主卧套房必须配备独立步入式衣帽间与干湿分离双卫。,主要在陆家嘴/徐家汇CBD上班，首选地铁2/9号线沿线，通勤半小时内。,倡导轻户外，周末常带家人自驾野营或山系徒步，注重生活情调与手作咖啡。,名下持有一套旧两居，置换回款 65% + 个人理财储蓄补充 + 公积金商业贷,重性价比，不盲信大牌，但要求物业管理有序、绿化修剪及时、人防技防规范。,常年本地稳定居住，工作日职住通勤动线规则单一。
上_2003_00144,上海,2003,本地改善,57,男,1.1,13.1,0.45,21.8,4,2,否,B,agent,0.73,0.63,0.6,0.57,0.61,0.84,0.7,0.71,0.53,自住-改善,两室两厅,57,3012,国企车间技术主任,二胎黄金期中大户型,上海中环品质两居，车位及空间极其拥挤,小区无地下车库且人车不分流，小孩在楼下玩耍或者推婴儿车极为不安全。,讲究超高得房率（超85%），主卧套房必须配备独立步入式衣帽间与干湿分离双卫。,主要在陆家嘴/徐家汇CBD上班，首选地铁2/9号线沿线，通勤半小时内。,倡导轻户外，周末常带家人自驾野营或山系徒步，注重生活情调与手作咖啡。,名下持有一套旧两居，置换回款 65% + 个人理财储蓄补充 + 公积金商业贷,重性价比，不盲信大牌，但要求物业管理有序、绿化修剪及时、人防技防规范。,常年本地稳定居住，工作日职住通勤动线规则单一。
上_2003_00145,上海,2003,金融精英,38,女,2.6,19.7,0.4,37.0,3,1,否,A,research,0.65,0.44,0.67,0.62,0.71,0.67,0.57,0.87,0.72,自住-首套,一室一厅,92,2392,老牌证券公司营业部经理,三口之家(学龄段),市中心私密洋房住宅,无高端私密会所及管家式物业配套，圈层鱼龙混杂，高净值居住体验差。,核心要求地块属于第一梯队名校学区，且周边500米内解决幼小衔接教育配套。,主要在陆家嘴/徐家汇CBD上班，首选地铁2/9号线沿线，通勤半小时内。,周末常去高端商圈消费，热衷打网球和马术，重度手冲咖啡及黑胶唱片发烧友。,夫妻双方积蓄 + 双方父母出资赞助首付 + 公积金商业组合贷款,非仁恒、绿城、万科等金牌开发商不买，极度看重高端精装质量与顶级物业的增值口碑。,常年本地稳定居住，工作日职住通勤动线规则单一。
上_2003_00146,上海,2003,本地改善,44,女,0.9,6.9,0.45,11.5,3,2,否,B,agent,0.65,0.48,0.35,0.46,0.49,0.87,0.55,0.58,0.6,自住-改善,两室一厅,91,1131,国企车间技术主任,二胎黄金期中大户型,上海中环品质两居，车位及空间极其拥挤,小区无地下车库且人车不分流，小孩在楼下玩耍或者推婴儿车极为不安全。,讲究超高得房率（超85%），主卧套房必须配备独立步入式衣帽间与干湿分离双卫。,主要在陆家嘴/徐家汇CBD上班，首选地铁2/9号线沿线，通勤半小时内。,倡导轻户外，周末常带家人自驾野营或山系徒步，注重生活情调与手作咖啡。,名下持有一套旧两居，置换回款 65% + 个人理财储蓄补充 + 公积金商业贷,重性价比，不盲信大牌，但要求物业管理有序、绿化修剪及时、人防技防规范。,常年本地稳定居住，工作日职住通勤动线规则单一。
上_2003_00147,上海,2003,本地改善,48,男,1.2,14.8,0.45,24.7,4,1,否,B,agent,0.82,0.55,0.58,0.29,0.63,0.82,0.54,0.58,0.78,自住-改善,两室一厅,56,3334,国企车间技术主任,三口之家(学龄段),上海中环品质两居，车位及空间极其拥挤,小区无地下车库且人车不分流，小孩在楼下玩耍或者推婴儿车极为不安全。,讲究超高得房率（超85%），主卧套房必须配备独立步入式衣帽间与干湿分离双卫。,主要在陆家嘴/徐家汇CBD上班，首选地铁2/9号线沿线，通勤半小时内。,倡导轻户外，周末常带家人自驾野营或山系徒步，注重生活情调与手作咖啡。,名下持有一套旧两居，置换回款 65% + 个人理财储蓄补充 + 公积金商业贷,非仁恒、绿城、万科等金牌开发商不买，极度看重高端精装质量与顶级物业的增值口碑。,常年本地稳定居住，工作日职住通勤动线规则单一。
上_2003_00148,上海,2003,金融精英,44,男,1.7,16.5,0.4,31.0,3,1,是,A,research,0.71,0.44,0.69,0.59,0.82,0.77,0.7,0.95,0.83,自住-改善,两室一厅,63,3637,老牌证券公司营业部经理,三口之家(学龄段),市中心私密洋房住宅,当前房屋属于旧多层无电梯房，父母年纪渐高每天爬楼梯极为吃力。,讲究超高得房率（超85%），主卧套房必须配备独立步入式衣帽间与干湿分离双卫。,主要在陆家嘴/徐家汇CBD上班，首选地铁2/9号线沿线，通勤半小时内。,周末常去高端商圈消费，热衷打网球和马术，重度手冲咖啡及黑胶唱片发烧友。,名下已有企业股权套现或分红现金，一次性全款付清，基本不加杠杆,非仁恒、绿城、万科等金牌开发商不买，极度看重高端精装质量与顶级物业的增值口碑。,常年本地稳定居住，工作日职住通勤动线规则单一。
上_2003_00149,上海,2003,本地改善,44,女,1.2,10.2,0.45,16.9,4,2,是,B,agent,0.53,0.58,0.44,0.5,0.54,0.83,0.69,0.74,0.74,自住-改善,两室两厅,63,1997,区财政局科员,二胎黄金期中大户型,上海中环品质两居，车位及空间极其拥挤,小区无地下车库且人车不分流，小孩在楼下玩耍或者推婴儿车极为不安全。,讲究超高得房率（超85%），主卧套房必须配备独立步入式衣帽间与干湿分离双卫。,主要在陆家嘴/徐家汇CBD上班，首选地铁2/9号线沿线，通勤半小时内。,倡导轻户外，周末常带家人自驾野营或山系徒步，注重生活情调与手作咖啡。,名下持有一套旧两居，置换回款 65% + 个人理财储蓄补充 + 公积金商业贷,非仁恒、绿城、万科等金牌开发商不买，极度看重高端精装质量与顶级物业的增值口碑。,常年本地稳定居住，工作日职住通勤动线规则单一。
上_2003_00150,上海,2003,金融精英,35,女,1.8,12.0,0.4,22.6,2,1,否,A,research,0.58,0.52,0.76,0.6,0.72,0.68,0.7,0.83,0.92,自住-改善,两室两厅,55,3552,老牌证券公司营业部经理,三口之家(幼龄段),市中心私密洋房住宅,无高端私密会所及管家式物业配套，圈层鱼龙混杂，高净值居住体验差。,要求有超大面宽南向双阳台（观景家政分离），主卧大飘窗能270度直面自然景观。,主要在陆家嘴/徐家汇CBD上班，首选地铁2/9号线沿线，通勤半小时内。,周末常去高端商圈消费，热衷打网球和马术，重度手冲咖啡及黑胶唱片发烧友。,名下已有企业股权套现或分红现金，一次性全款付清，基本不加杠杆,非仁恒、绿城、万科等金牌开发商不买，极度看重高端精装质量与顶级物业的增值口碑。,常年本地稳定居住，工作日职住通勤动线规则单一。
上_2003_00151,上海,2003,金融精英,48,男,1.8,10.4,0.4,19.5,3,1,否,A,research,0.73,0.5,0.76,0.65,0.74,0.73,0.82,0.85,0.76,自住-首套,两室一厅,94,1620,老牌证券公司营业部经理,三口之家(学龄段),市中心私密洋房住宅,无高端私密会所及管家式物业配套，圈层鱼龙混杂，高净值居住体验差。,要求有超大面宽南向双阳台（观景家政分离），主卧大飘窗能270度直面自然景观。,主要在陆家嘴/徐家汇CBD上班，首选地铁2/9号线沿线，通勤半小时内。,周末常去高端商圈消费，热衷打网球和马术，重度手冲咖啡及黑胶唱片发烧友。,夫妻双方积蓄 + 双方父母出资赞助首付 + 公积金商业组合贷款,非仁恒、绿城、万科等金牌开发商不买，极度看重高端精装质量与顶级物业的增值口碑。,常年本地稳定居住，工作日职住通勤动线规则单一。
上_2003_00152,上海,2003,金融精英,32,女,1.6,14.6,0.4,27.4,3,1,否,A,research,0.39,0.51,0.65,0.56,0.78,0.84,0.72,0.75,0.78,自住-首套,两室两厅,55,2756,老牌证券公司营业部经理,三口之家(幼龄段),陆家嘴核心区江景大平层,无高端私密会所及管家式物业配套，圈层鱼龙混杂，高净值居住体验差。,讲究超高得房率（超85%），主卧套房必须配备独立步入式衣帽间与干湿分离双卫。,主要在陆家嘴/徐家汇CBD上班，首选地铁2/9号线沿线，通勤半小时内。,周末常去高端商圈消费，热衷打网球和马术，重度手冲咖啡及黑胶唱片发烧友。,夫妻双方积蓄 + 双方父母出资赞助首付 + 公积金商业组合贷款,非仁恒、绿城、万科等金牌开发商不买，极度看重高端精装质量与顶级物业的增值口碑。,常年本地稳定居住，工作日职住通勤动线规则单一。
上_2003_00153,上海,2003,本地改善,48,女,0.7,6.2,0.45,10.4,5,2,是,B,agent,0.57,0.37,0.6,0.47,0.53,0.78,0.74,0.68,0.58,自住-改善,两室一厅,94,981,市第二中学地理教师,二胎黄金期中大户型,上海中环品质两居，车位及空间极其拥挤,小区无地下车库且人车不分流，小孩在楼下玩耍或者推婴儿车极为不安全。,讲究超高得房率（超85%），主卧套房必须配备独立步入式衣帽间与干湿分离双卫。,主要在陆家嘴/徐家汇CBD上班，首选地铁2/9号线沿线，通勤半小时内。,倡导轻户外，周末常带家人自驾野营或山系徒步，注重生活情调与手作咖啡。,名下持有一套旧两居，置换回款 65% + 个人理财储蓄补充 + 公积金商业贷,重性价比，不盲信大牌，但要求物业管理有序、绿化修剪及时、人防技防规范。,常年本地稳定居住，工作日职住通勤动线规则单一。
上_2003_00154,上海,2003,本地改善,38,男,0.5,5.1,0.45,8.5,4,1,否,B,agent,0.89,0.43,0.65,0.51,0.38,0.73,0.44,0.69,0.64,自住-改善,一室一厅,97,779,邮政局局长秘书,三口之家(学龄段),上海中环品质两居，车位及空间极其拥挤,小区无地下车库且人车不分流，小孩在楼下玩耍或者推婴儿车极为不安全。,讲究超高得房率（超85%），主卧套房必须配备独立步入式衣帽间与干湿分离双卫。,主要在陆家嘴/徐家汇CBD上班，首选地铁2/9号线沿线，通勤半小时内。,倡导轻户外，周末常带家人自驾野营或山系徒步，注重生活情调与手作咖啡。,名下持有一套旧两居，置换回款 65% + 个人理财储蓄补充 + 公积金商业贷,重性价比，不盲信大牌，但要求物业管理有序、绿化修剪及时、人防技防规范。,常年本地稳定居住，工作日职住通勤动线规则单一。
上_2003_00155,上海,2003,教育型买房,43,男,1.5,15.2,0.4,28.5,3,1,是,B,social,0.8,0.5,0.31,0.5,0.61,0.63,0.47,1,0.69,学区房,两室一厅,92,2291,市第二中学地理教师,三口之家(学龄段),上海中环品质两居，车位及空间极其拥挤,小区无地下车库且人车不分流，小孩在楼下玩耍或者推婴儿车极为不安全。,核心要求地块属于第一梯队名校学区，且周边500米内解决幼小衔接教育配套。,主要在陆家嘴/徐家汇CBD上班，首选地铁2/9号线沿线，通勤半小时内。,倡导轻户外，周末常带家人自驾野营或山系徒步，注重生活情调与手作咖啡。,名下持有一套旧两居，置换回款 65% + 个人理财储蓄补充 + 公积金商业贷,重性价比，不盲信大牌，但要求物业管理有序、绿化修剪及时、人防技防规范。,常年本地稳定居住，工作日职住通勤动线规则单一。
上_2003_00156,上海,2003,本地改善,45,男,1.1,11.6,0.45,19.3,5,2,是,B,agent,0.81,0.5,0.48,0.41,0.45,0.86,0.56,0.6,0.69,自住-改善,两室两厅,93,1785,邮政局局长秘书,二胎黄金期中大户型,上海中环品质两居，车位及空间极其拥挤,小区无地下车库且人车不分流，小孩在楼下玩耍或者推婴儿车极为不安全。,讲究超高得房率（超85%），主卧套房必须配备独立步入式衣帽间与干湿分离双卫。,主要在陆家嘴/徐家汇CBD上班，首选地铁2/9号线沿线，通勤半小时内。,倡导轻户外，周末常带家人自驾野营或山系徒步，注重生活情调与手作咖啡。,名下持有一套旧两居，置换回款 65% + 个人理财储蓄补充 + 公积金商业贷,重性价比，不盲信大牌，但要求物业管理有序、绿化修剪及时、人防技防规范。,常年本地稳定居住，工作日职住通勤动线规则单一。
上_2003_00157,上海,2003,教育型买房,36,女,1.5,11.4,0.4,21.3,3,1,否,B,social,0.81,0.53,0.41,0.48,0.62,0.69,0.56,1,0.59,学区房,一室一厅,73,2200,国企车间技术主任,三口之家(幼龄段),上海中环品质两居，车位及空间极其拥挤,小区无地下车库且人车不分流，小孩在楼下玩耍或者推婴儿车极为不安全。,核心要求地块属于第一梯队名校学区，且周边500米内解决幼小衔接教育配套。,主要在陆家嘴/徐家汇CBD上班，首选地铁2/9号线沿线，通勤半小时内。,倡导轻户外，周末常带家人自驾野营或山系徒步，注重生活情调与手作咖啡。,名下持有一套旧两居，置换回款 65% + 个人理财储蓄补充 + 公积金商业贷,重性价比，不盲信大牌，但要求物业管理有序、绿化修剪及时、人防技防规范。,常年本地稳定居住，工作日职住通勤动线规则单一。
上_2003_00158,上海,2003,金融精英,47,女,1.6,15.0,0.4,28.1,2,2,否,A,research,0.89,0.51,0.68,0.65,0.78,0.8,0.68,0.95,0.64,自住-首套,两室两厅,67,2733,老牌证券公司营业部经理,二胎黄金期中大户型,陆家嘴核心区江景大平层,无高端私密会所及管家式物业配套，圈层鱼龙混杂，高净值居住体验差。,讲究超高得房率（超85%），主卧套房必须配备独立步入式衣帽间与干湿分离双卫。,主要在陆家嘴/徐家汇CBD上班，首选地铁2/9号线沿线，通勤半小时内。,周末常去高端商圈消费，热衷打网球和马术，重度手冲咖啡及黑胶唱片发烧友。,夫妻双方积蓄 + 双方父母出资赞助首付 + 公积金商业组合贷款,重性价比，不盲信大牌，但要求物业管理有序、绿化修剪及时、人防技防规范。,常年本地稳定居住，工作日职住通勤动线规则单一。
上_2003_00159,上海,2003,金融精英,48,男,3.2,32.9,0.4,61.6,3,0,是,A,research,0.8,0.46,0.67,0.5,0.71,0.78,0.71,0.81,0.84,自住-改善,两室两厅,77,5397,申银万国证券分析员,成熟期核心家庭,西湖边高精平层,当前房屋属于旧多层无电梯房，父母年纪渐高每天爬楼梯极为吃力。,讲究超高得房率（超85%），主卧套房必须配备独立步入式衣帽间与干湿分离双卫。,主要在陆家嘴/徐家汇CBD上班，首选地铁2/9号线沿线，通勤半小时内。,周末常去高端商圈消费，热衷打网球和马术，重度手冲咖啡及黑胶唱片发烧友。,名下已有企业股权套现或分红现金，一次性全款付清，基本不加杠杆,非仁恒、绿城、万科等金牌开发商不买，极度看重高端精装质量与顶级物业的增值口碑。,常年本地稳定居住，工作日职住通勤动线规则单一。
上_2003_00160,上海,2003,教育型买房,45,男,1.7,10.7,0.4,20.0,3,2,是,B,social,1,0.59,0.42,0.4,0.5,0.64,0.64,0.93,0.55,学区房,一室一厅,69,1995,市第二中学地理教师,二胎黄金期中大户型,上海中环品质两居，车位及空间极其拥挤,小区无地下车库且人车不分流，小孩在楼下玩耍或者推婴儿车极为不安全。,核心要求地块属于第一梯队名校学区，且周边500米内解决幼小衔接教育配套。,主要在陆家嘴/徐家汇CBD上班，首选地铁2/9号线沿线，通勤半小时内。,倡导轻户外，周末常带家人自驾野营或山系徒步，注重生活情调与手作咖啡。,名下持有一套旧两居，置换回款 65% + 个人理财储蓄补充 + 公积金商业贷,重性价比，不盲信大牌，但要求物业管理有序、绿化修剪及时、人防技防规范。,常年本地稳定居住，工作日职住通勤动线规则单一。
上_2003_00161,上海,2003,本地改善,50,男,1.2,8.9,0.45,14.9,4,1,否,B,agent,0.82,0.49,0.46,0.65,0.52,0.91,0.6,0.61,0.46,自住-改善,两室两厅,97,814,邮政局局长秘书,三口之家(学龄段),上海中环品质两居，车位及空间极其拥挤,小区无地下车库且人车不分流，小孩在楼下玩耍或者推婴儿车极为不安全。,讲究超高得房率（超85%），主卧套房必须配备独立步入式衣帽间与干湿分离双卫。,主要在陆家嘴/徐家汇CBD上班，首选地铁2/9号线沿线，通勤半小时内。,倡导轻户外，周末常带家人自驾野营或山系徒步，注重生活情调与手作咖啡。,名下持有一套旧两居，置换回款 65% + 个人理财储蓄补充 + 公积金商业贷,重性价比，不盲信大牌，但要求物业管理有序、绿化修剪及时、人防技防规范。,常年本地稳定居住，工作日职住通勤动线规则单一。
上_2003_00162,上海,2003,教育型买房,45,男,1.1,9.9,0.4,18.6,4,2,是,B,social,0.99,0.48,0.4,0.38,0.58,0.7,0.54,1,0.63,学区房,一室一厅,56,2865,区财政局科员,二胎黄金期中大户型,上海中环品质两居，车位及空间极其拥挤,小区无地下车库且人车不分流，小孩在楼下玩耍或者推婴儿车极为不安全。,讲究超高得房率（超85%），主卧套房必须配备独立步入式衣帽间与干湿分离双卫。,主要在陆家嘴/徐家汇CBD上班，首选地铁2/9号线沿线，通勤半小时内。,倡导轻户外，周末常带家人自驾野营或山系徒步，注重生活情调与手作咖啡。,名下持有一套旧两居，置换回款 65% + 个人理财储蓄补充 + 公积金商业贷,重性价比，不盲信大牌，但要求物业管理有序、绿化修剪及时、人防技防规范。,常年本地稳定居住，工作日职住通勤动线规则单一。
上_2003_00163,上海,2003,教育型买房,48,男,1.1,9.3,0.4,17.5,4,1,是,B,social,0.99,0.33,0.46,0.3,0.49,0.8,0.57,0.94,0.37,学区房,两室两厅,93,1494,区财政局科员,三口之家(学龄段),上海中环品质两居，车位及空间极其拥挤,小区无地下车库且人车不分流，小孩在楼下玩耍或者推婴儿车极为不安全。,讲究超高得房率（超85%），主卧套房必须配备独立步入式衣帽间与干湿分离双卫。,主要在陆家嘴/徐家汇CBD上班，首选地铁2/9号线沿线，通勤半小时内。,倡导轻户外，周末常带家人自驾野营或山系徒步，注重生活情调与手作咖啡。,名下持有一套旧两居，置换回款 65% + 个人理财储蓄补充 + 公积金商业贷,重性价比，不盲信大牌，但要求物业管理有序、绿化修剪及时、人防技防规范。,常年本地稳定居住，工作日职住通勤动线规则单一。
上_2003_00164,上海,2003,本地改善,39,男,1.8,17.5,0.45,29.1,4,2,否,B,agent,0.8,0.52,0.5,0.55,0.68,0.81,0.69,0.61,0.62,自住-改善,两室两厅,66,2856,国企车间技术主任,二胎黄金期中大户型,上海中环品质两居，车位及空间极其拥挤,小区无地下车库且人车不分流，小孩在楼下玩耍或者推婴儿车极为不安全。,讲究超高得房率（超85%），主卧套房必须配备独立步入式衣帽间与干湿分离双卫。,主要在陆家嘴/徐家汇CBD上班，首选地铁2/9号线沿线，通勤半小时内。,倡导轻户外，周末常带家人自驾野营或山系徒步，注重生活情调与手作咖啡。,名下持有一套旧两居，置换回款 65% + 个人理财储蓄补充 + 公积金商业贷,重性价比，不盲信大牌，但要求物业管理有序、绿化修剪及时、人防技防规范。,常年本地稳定居住，工作日职住通勤动线规则单一。
上_2003_00165,上海,2003,金融精英,38,男,2.6,20.5,0.4,38.4,3,1,否,A,research,0.65,0.6,0.61,0.51,0.91,0.76,0.65,0.71,0.77,自住-首套,两室两厅,93,2718,老牌证券公司营业部经理,三口之家(学龄段),西湖边高精平层,无高端私密会所及管家式物业配套，圈层鱼龙混杂，高净值居住体验差。,讲究超高得房率（超85%），主卧套房必须配备独立步入式衣帽间与干湿分离双卫。,主要在陆家嘴/徐家汇CBD上班，首选地铁2/9号线沿线，通勤半小时内。,周末常去高端商圈消费，热衷打网球和马术，重度手冲咖啡及黑胶唱片发烧友。,夫妻双方积蓄 + 双方父母出资赞助首付 + 公积金商业组合贷款,非仁恒、绿城、万科等金牌开发商不买，极度看重高端精装质量与顶级物业的增值口碑。,常年本地稳定居住，工作日职住通勤动线规则单一。
上_2003_00166,上海,2003,本地改善,58,女,1.0,11.6,0.45,19.4,4,2,否,B,agent,0.95,0.56,0.57,0.64,0.59,0.84,0.8,0.71,0.55,自住-改善,两室一厅,71,1744,区财政局科员,二胎黄金期中大户型,上海中环品质两居，车位及空间极其拥挤,小区无地下车库且人车不分流，小孩在楼下玩耍或者推婴儿车极为不安全。,讲究超高得房率（超85%），主卧套房必须配备独立步入式衣帽间与干湿分离双卫。,主要在陆家嘴/徐家汇CBD上班，首选地铁2/9号线沿线，通勤半小时内。,倡导轻户外，周末常带家人自驾野营或山系徒步，注重生活情调与手作咖啡。,名下持有一套旧两居，置换回款 65% + 个人理财储蓄补充 + 公积金商业贷,重性价比，不盲信大牌，但要求物业管理有序、绿化修剪及时、人防技防规范。,常年本地稳定居住，工作日职住通勤动线规则单一。
上_2003_00167,上海,2003,本地改善,41,男,1.0,12.9,0.45,21.4,4,2,是,B,agent,0.75,0.42,0.57,0.58,0.58,0.75,0.71,0.65,0.49,自住-改善,两室一厅,73,2187,邮政局局长秘书,二胎黄金期中大户型,上海中环品质两居，车位及空间极其拥挤,小区无地下车库且人车不分流，小孩在楼下玩耍或者推婴儿车极为不安全。,讲究超高得房率（超85%），主卧套房必须配备独立步入式衣帽间与干湿分离双卫。,主要在陆家嘴/徐家汇CBD上班，首选地铁2/9号线沿线，通勤半小时内。,倡导轻户外，周末常带家人自驾野营或山系徒步，注重生活情调与手作咖啡。,名下持有一套旧两居，置换回款 65% + 个人理财储蓄补充 + 公积金商业贷,重性价比，不盲信大牌，但要求物业管理有序、绿化修剪及时、人防技防规范。,常年本地稳定居住，工作日职住通勤动线规则单一。
上_2003_00168,上海,2003,本地改善,56,男,0.9,8.9,0.45,14.8,4,1,是,B,agent,0.98,0.45,0.55,0.5,0.47,0.85,0.53,0.67,0.39,自住-改善,两室一厅,96,958,邮政局局长秘书,三口之家(学龄段),上海中环品质两居，车位及空间极其拥挤,小区无地下车库且人车不分流，小孩在楼下玩耍或者推婴儿车极为不安全。,讲究超高得房率（超85%），主卧套房必须配备独立步入式衣帽间与干湿分离双卫。,主要在陆家嘴/徐家汇CBD上班，首选地铁2/9号线沿线，通勤半小时内。,倡导轻户外，周末常带家人自驾野营或山系徒步，注重生活情调与手作咖啡。,名下持有一套旧两居，置换回款 65% + 个人理财储蓄补充 + 公积金商业贷,重性价比，不盲信大牌，但要求物业管理有序、绿化修剪及时、人防技防规范。,常年本地稳定居住，工作日职住通勤动线规则单一。
上_2003_00169,上海,2003,本地改善,57,男,0.6,6.5,0.45,10.8,4,2,否,B,agent,0.95,0.55,0.67,0.6,0.46,0.89,0.74,0.81,0.61,自住-改善,两室两厅,74,933,邮政局局长秘书,二胎黄金期中大户型,上海中环品质两居，车位及空间极其拥挤,小区无地下车库且人车不分流，小孩在楼下玩耍或者推婴儿车极为不安全。,讲究超高得房率（超85%），主卧套房必须配备独立步入式衣帽间与干湿分离双卫。,主要在陆家嘴/徐家汇CBD上班，首选地铁2/9号线沿线，通勤半小时内。,倡导轻户外，周末常带家人自驾野营或山系徒步，注重生活情调与手作咖啡。,名下持有一套旧两居，置换回款 65% + 个人理财储蓄补充 + 公积金商业贷,重性价比，不盲信大牌，但要求物业管理有序、绿化修剪及时、人防技防规范。,常年本地稳定居住，工作日职住通勤动线规则单一。
上_2003_00170,上海,2003,教育型买房,36,女,1.5,10.6,0.4,19.8,3,1,否,B,social,1,0.51,0.45,0.53,0.63,0.71,0.6,0.93,0.64,学区房,一室一厅,64,2151,市第二中学地理教师,三口之家(幼龄段),上海中环品质两居，车位及空间极其拥挤,小区无地下车库且人车不分流，小孩在楼下玩耍或者推婴儿车极为不安全。,讲究超高得房率（超85%），主卧套房必须配备独立步入式衣帽间与干湿分离双卫。,主要在陆家嘴/徐家汇CBD上班，首选地铁2/9号线沿线，通勤半小时内。,倡导轻户外，周末常带家人自驾野营或山系徒步，注重生活情调与手作咖啡。,名下持有一套旧两居，置换回款 65% + 个人理财储蓄补充 + 公积金商业贷,重性价比，不盲信大牌，但要求物业管理有序、绿化修剪及时、人防技防规范。,常年本地稳定居住，工作日职住通勤动线规则单一。
上_2003_00171,上海,2003,本地改善,39,女,0.5,6.2,0.45,10.3,3,3,否,B,agent,0.74,0.38,0.56,0.31,0.58,0.74,0.65,0.67,0.75,自住-改善,两室两厅,64,1075,区财政局科员,二胎黄金期中大户型,上海中环品质两居，车位及空间极其拥挤,小区无地下车库且人车不分流，小孩在楼下玩耍或者推婴儿车极为不安全。,讲究超高得房率（超85%），主卧套房必须配备独立步入式衣帽间与干湿分离双卫。,主要在陆家嘴/徐家汇CBD上班，首选地铁2/9号线沿线，通勤半小时内。,倡导轻户外，周末常带家人自驾野营或山系徒步，注重生活情调与手作咖啡。,名下持有一套旧两居，置换回款 65% + 个人理财储蓄补充 + 公积金商业贷,非仁恒、绿城、万科等金牌开发商不买，极度看重高端精装质量与顶级物业的增值口碑。,常年本地稳定居住，工作日职住通勤动线规则单一。
上_2003_00172,上海,2003,教育型买房,37,男,0.9,6.0,0.4,11.2,3,2,否,B,social,0.68,0.49,0.38,0.42,0.65,0.7,0.5,0.95,0.55,学区房,两室两厅,61,1071,市第二中学地理教师,二胎黄金期中大户型,上海中环品质两居，车位及空间极其拥挤,小区无地下车库且人车不分流，小孩在楼下玩耍或者推婴儿车极为不安全。,讲究超高得房率（超85%），主卧套房必须配备独立步入式衣帽间与干湿分离双卫。,主要在陆家嘴/徐家汇CBD上班，首选地铁2/9号线沿线，通勤半小时内。,倡导轻户外，周末常带家人自驾野营或山系徒步，注重生活情调与手作咖啡。,名下持有一套旧两居，置换回款 65% + 个人理财储蓄补充 + 公积金商业贷,重性价比，不盲信大牌，但要求物业管理有序、绿化修剪及时、人防技防规范。,常年本地稳定居住，工作日职住通勤动线规则单一。
上_2003_00173,上海,2003,本地改善,57,女,0.5,6.3,0.45,10.5,3,2,否,B,agent,0.85,0.47,0.61,0.69,0.4,0.87,0.51,0.79,0.52,自住-改善,两室两厅,91,838,区财政局科员,二胎黄金期中大户型,上海中环品质两居，车位及空间极其拥挤,小区无地下车库且人车不分流，小孩在楼下玩耍或者推婴儿车极为不安全。,讲究超高得房率（超85%），主卧套房必须配备独立步入式衣帽间与干湿分离双卫。,主要在陆家嘴/徐家汇CBD上班，首选地铁2/9号线沿线，通勤半小时内。,倡导轻户外，周末常带家人自驾野营或山系徒步，注重生活情调与手作咖啡。,名下持有一套旧两居，置换回款 65% + 个人理财储蓄补充 + 公积金商业贷,重性价比，不盲信大牌，但要求物业管理有序、绿化修剪及时、人防技防规范。,常年本地稳定居住，工作日职住通勤动线规则单一。
上_2003_00174,上海,2003,本地改善,48,男,1.2,9.4,0.45,15.7,5,3,否,B,agent,0.92,0.59,0.49,0.6,0.55,1,0.67,0.62,0.42,自住-改善,两室一厅,74,1642,邮政局局长秘书,二胎黄金期中大户型,上海中环品质两居，车位及空间极其拥挤,小区无地下车库且人车不分流，小孩在楼下玩耍或者推婴儿车极为不安全。,讲究超高得房率（超85%），主卧套房必须配备独立步入式衣帽间与干湿分离双卫。,主要在陆家嘴/徐家汇CBD上班，首选地铁2/9号线沿线，通勤半小时内。,倡导轻户外，周末常带家人自驾野营或山系徒步，注重生活情调与手作咖啡。,名下持有一套旧两居，置换回款 65% + 个人理财储蓄补充 + 公积金商业贷,重性价比，不盲信大牌，但要求物业管理有序、绿化修剪及时、人防技防规范。,常年本地稳定居住，工作日职住通勤动线规则单一。
上_2003_00175,上海,2003,长三角家庭,39,男,1.8,15.5,0.45,25.9,4,2,否,B,agent,0.9,0.54,0.59,0.44,0.42,0.89,0.5,0.72,0.65,自住-改善,一室一厅,78,2308,国企车间技术主任,二胎黄金期中大户型,上海中环品质两居，车位及空间极其拥挤,小区无地下车库且人车不分流，小孩在楼下玩耍或者推婴儿车极为不安全。,讲究超高得房率（超85%），主卧套房必须配备独立步入式衣帽间与干湿分离双卫。,主要在陆家嘴/徐家汇CBD上班，首选地铁2/9号线沿线，通勤半小时内。,倡导轻户外，周末常带家人自驾野营或山系徒步，注重生活情调与手作咖啡。,名下持有一套旧两居，置换回款 65% + 个人理财储蓄补充 + 公积金商业贷,重性价比，不盲信大牌，但要求物业管理有序、绿化修剪及时、人防技防规范。,常年本地稳定居住，工作日职住通勤动线规则单一。
上_2003_00176,上海,2003,教育型买房,33,女,1.0,9.5,0.4,17.8,2,2,否,B,social,0.86,0.46,0.47,0.39,0.8,0.86,0.45,0.95,0.66,学区房,两室两厅,56,2460,市第二中学地理教师,二胎黄金期中大户型,上海中环品质两居，车位及空间极其拥挤,小区无地下车库且人车不分流，小孩在楼下玩耍或者推婴儿车极为不安全。,讲究超高得房率（超85%），主卧套房必须配备独立步入式衣帽间与干湿分离双卫。,主要在陆家嘴/徐家汇CBD上班，首选地铁2/9号线沿线，通勤半小时内。,倡导轻户外，周末常带家人自驾野营或山系徒步，注重生活情调与手作咖啡。,名下持有一套旧两居，置换回款 65% + 个人理财储蓄补充 + 公积金商业贷,重性价比，不盲信大牌，但要求物业管理有序、绿化修剪及时、人防技防规范。,常年本地稳定居住，工作日职住通勤动线规则单一。
上_2003_00177,上海,2003,金融精英,46,男,1.3,13.4,0.4,25.2,4,1,否,A,research,0.63,0.38,0.73,0.62,0.9,0.71,0.66,0.8,0.97,自住-首套,两室一厅,95,1348,申银万国证券分析员,三口之家(学龄段),陆家嘴核心区江景大平层,无高端私密会所及管家式物业配套，圈层鱼龙混杂，高净值居住体验差。,要求有超大面宽南向双阳台（观景家政分离），主卧大飘窗能270度直面自然景观。,主要在陆家嘴/徐家汇CBD上班，首选地铁2/9号线沿线，通勤半小时内。,周末常去高端商圈消费，热衷打网球和马术，重度手冲咖啡及黑胶唱片发烧友。,夫妻双方积蓄 + 双方父母出资赞助首付 + 公积金商业组合贷款,非仁恒、绿城、万科等金牌开发商不买，极度看重高端精装质量与顶级物业的增值口碑。,常年本地稳定居住，工作日职住通勤动线规则单一。
上_2003_00178,上海,2003,教育型买房,33,女,1.4,10.2,0.4,19.2,4,1,是,B,social,1,0.57,0.31,0.34,0.68,0.64,0.57,0.88,0.71,学区房,两室两厅,56,2924,国企车间技术主任,三口之家(幼龄段),上海中环品质两居，车位及空间极其拥挤,小区无地下车库且人车不分流，小孩在楼下玩耍或者推婴儿车极为不安全。,核心要求地块属于第一梯队名校学区，且周边500米内解决幼小衔接教育配套。,主要在陆家嘴/徐家汇CBD上班，首选地铁2/9号线沿线，通勤半小时内。,倡导轻户外，周末常带家人自驾野营或山系徒步，注重生活情调与手作咖啡。,名下持有一套旧两居，置换回款 65% + 个人理财储蓄补充 + 公积金商业贷,非仁恒、绿城、万科等金牌开发商不买，极度看重高端精装质量与顶级物业的增值口碑。,常年本地稳定居住，工作日职住通勤动线规则单一。
上_2003_00179,上海,2003,本地改善,48,女,0.6,6.5,0.45,10.9,3,2,否,B,agent,0.82,0.41,0.51,0.51,0.42,0.91,0.41,0.75,0.58,自住-改善,两室两厅,68,909,国企车间技术主任,二胎黄金期中大户型,上海中环品质两居，车位及空间极其拥挤,小区无地下车库且人车不分流，小孩在楼下玩耍或者推婴儿车极为不安全。,讲究超高得房率（超85%），主卧套房必须配备独立步入式衣帽间与干湿分离双卫。,主要在陆家嘴/徐家汇CBD上班，首选地铁2/9号线沿线，通勤半小时内。,倡导轻户外，周末常带家人自驾野营或山系徒步，注重生活情调与手作咖啡。,名下持有一套旧两居，置换回款 65% + 个人理财储蓄补充 + 公积金商业贷,重性价比，不盲信大牌，但要求物业管理有序、绿化修剪及时、人防技防规范。,常年本地稳定居住，工作日职住通勤动线规则单一。
上_2003_00180,上海,2003,金融精英,46,男,2.0,16.7,0.4,31.3,3,2,否,A,research,0.83,0.38,0.55,0.53,0.72,0.77,0.79,0.79,0.78,自住-首套,一室一厅,98,2158,商业银行支行信贷科长,二胎黄金期中大户型,陆家嘴核心区江景大平层,无高端私密会所及管家式物业配套，圈层鱼龙混杂，高净值居住体验差。,讲究超高得房率（超85%），主卧套房必须配备独立步入式衣帽间与干湿分离双卫。,主要在陆家嘴/徐家汇CBD上班，首选地铁2/9号线沿线，通勤半小时内。,周末常去高端商圈消费，热衷打网球和马术，重度手冲咖啡及黑胶唱片发烧友。,夫妻双方积蓄 + 双方父母出资赞助首付 + 公积金商业组合贷款,非仁恒、绿城、万科等金牌开发商不买，极度看重高端精装质量与顶级物业的增值口碑。,常年本地稳定居住，工作日职住通勤动线规则单一。
上_2003_00181,上海,2003,教育型买房,35,女,1.2,9.0,0.4,16.8,2,0,是,B,social,0.98,0.46,0.31,0.39,0.65,0.73,0.6,0.92,0.58,学区房,一室一厅,100,899,邮政局局长秘书,新婚过渡两居,上海中环品质两居，车位及空间极其拥挤,当前房屋属于旧多层无电梯房，父母年纪渐高每天爬楼梯极为吃力。,讲究超高得房率（超85%），主卧套房必须配备独立步入式衣帽间与干湿分离双卫。,主要在陆家嘴/徐家汇CBD上班，首选地铁2/9号线沿线，通勤半小时内。,倡导轻户外，周末常带家人自驾野营或山系徒步，注重生活情调与手作咖啡。,名下持有一套旧两居，置换回款 65% + 个人理财储蓄补充 + 公积金商业贷,重性价比，不盲信大牌，但要求物业管理有序、绿化修剪及时、人防技防规范。,常年本地稳定居住，工作日职住通勤动线规则单一。
上_2003_00182,上海,2003,本地改善,58,女,0.8,6.8,0.45,11.4,5,1,否,B,agent,0.81,0.52,0.69,0.45,0.45,0.88,0.71,0.73,0.54,自住-改善,两室两厅,60,1201,国企车间技术主任,三口之家(学龄段),上海中环品质两居，车位及空间极其拥挤,小区无地下车库且人车不分流，小孩在楼下玩耍或者推婴儿车极为不安全。,讲究超高得房率（超85%），主卧套房必须配备独立步入式衣帽间与干湿分离双卫。,主要在陆家嘴/徐家汇CBD上班，首选地铁2/9号线沿线，通勤半小时内。,倡导轻户外，周末常带家人自驾野营或山系徒步，注重生活情调与手作咖啡。,名下持有一套旧两居，置换回款 65% + 个人理财储蓄补充 + 公积金商业贷,重性价比，不盲信大牌，但要求物业管理有序、绿化修剪及时、人防技防规范。,常年本地稳定居住，工作日职住通勤动线规则单一。
上_2003_00183,上海,2003,本地改善,45,女,1.1,13.1,0.45,21.9,4,2,否,B,agent,0.82,0.6,0.56,0.6,0.69,0.82,0.63,0.71,0.69,自住-改善,两室一厅,65,2040,市第二中学地理教师,二胎黄金期中大户型,上海中环品质两居，车位及空间极其拥挤,小区无地下车库且人车不分流，小孩在楼下玩耍或者推婴儿车极为不安全。,讲究超高得房率（超85%），主卧套房必须配备独立步入式衣帽间与干湿分离双卫。,主要在陆家嘴/徐家汇CBD上班，首选地铁2/9号线沿线，通勤半小时内。,倡导轻户外，周末常带家人自驾野营或山系徒步，注重生活情调与手作咖啡。,名下持有一套旧两居，置换回款 65% + 个人理财储蓄补充 + 公积金商业贷,重性价比，不盲信大牌，但要求物业管理有序、绿化修剪及时、人防技防规范。,常年本地稳定居住，工作日职住通勤动线规则单一。
上_2003_00184,上海,2003,本地改善,41,男,1.3,11.2,0.45,18.7,4,2,是,B,agent,0.78,0.5,0.49,0.64,0.57,0.87,0.65,0.51,0.65,自住-改善,一室一厅,79,1895,市第二中学地理教师,二胎黄金期中大户型,上海中环品质两居，车位及空间极其拥挤,小区无地下车库且人车不分流，小孩在楼下玩耍或者推婴儿车极为不安全。,讲究超高得房率（超85%），主卧套房必须配备独立步入式衣帽间与干湿分离双卫。,主要在陆家嘴/徐家汇CBD上班，首选地铁2/9号线沿线，通勤半小时内。,倡导轻户外，周末常带家人自驾野营或山系徒步，注重生活情调与手作咖啡。,名下持有一套旧两居，置换回款 65% + 个人理财储蓄补充 + 公积金商业贷,重性价比，不盲信大牌，但要求物业管理有序、绿化修剪及时、人防技防规范。,常年本地稳定居住，工作日职住通勤动线规则单一。
上_2003_00185,上海,2003,本地改善,38,女,0.9,11.1,0.45,18.5,3,1,是,B,agent,0.67,0.46,0.5,0.41,0.48,0.75,0.64,0.7,0.63,自住-改善,两室两厅,96,1297,邮政局局长秘书,三口之家(学龄段),上海中环品质两居，车位及空间极其拥挤,小区无地下车库且人车不分流，小孩在楼下玩耍或者推婴儿车极为不安全。,讲究超高得房率（超85%），主卧套房必须配备独立步入式衣帽间与干湿分离双卫。,主要在陆家嘴/徐家汇CBD上班，首选地铁2/9号线沿线，通勤半小时内。,倡导轻户外，周末常带家人自驾野营或山系徒步，注重生活情调与手作咖啡。,名下持有一套旧两居，置换回款 65% + 个人理财储蓄补充 + 公积金商业贷,重性价比，不盲信大牌，但要求物业管理有序、绿化修剪及时、人防技防规范。,常年本地稳定居住，工作日职住通勤动线规则单一。
上_2003_00186,上海,2003,金融精英,43,女,2.6,26.2,0.4,49.1,2,1,否,A,research,0.8,0.33,0.58,0.58,0.79,0.81,0.83,0.67,0.68,自住-改善,两室一厅,84,5248,老牌证券公司营业部经理,三口之家(学龄段),西湖边高精平层,无高端私密会所及管家式物业配套，圈层鱼龙混杂，高净值居住体验差。,讲究超高得房率（超85%），主卧套房必须配备独立步入式衣帽间与干湿分离双卫。,主要在陆家嘴/徐家汇CBD上班，首选地铁2/9号线沿线，通勤半小时内。,周末常去高端商圈消费，热衷打网球和马术，重度手冲咖啡及黑胶唱片发烧友。,名下已有企业股权套现或分红现金，一次性全款付清，基本不加杠杆,重性价比，不盲信大牌，但要求物业管理有序、绿化修剪及时、人防技防规范。,常年本地稳定居住，工作日职住通勤动线规则单一。
上_2003_00187,上海,2003,教育型买房,36,男,0.8,8.2,0.4,15.3,3,0,否,B,social,0.79,0.5,0.36,0.54,0.57,0.7,0.57,0.93,0.56,学区房,两室一厅,58,1990,区财政局科员,成熟期核心家庭,上海中环品质两居，车位及空间极其拥挤,老小区隔音差，邻里滋扰严重，且车位严重匮乏，每晚加班回来抢车位像打仗。,讲究超高得房率（超85%），主卧套房必须配备独立步入式衣帽间与干湿分离双卫。,主要在陆家嘴/徐家汇CBD上班，首选地铁2/9号线沿线，通勤半小时内。,倡导轻户外，周末常带家人自驾野营或山系徒步，注重生活情调与手作咖啡。,名下持有一套旧两居，置换回款 65% + 个人理财储蓄补充 + 公积金商业贷,重性价比，不盲信大牌，但要求物业管理有序、绿化修剪及时、人防技防规范。,常年本地稳定居住，工作日职住通勤动线规则单一。
上_2003_00188,上海,2003,本地改善,41,女,0.7,8.6,0.45,14.3,4,2,否,B,agent,0.79,0.47,0.56,0.44,0.51,0.96,0.68,0.63,0.51,自住-改善,两室两厅,95,1008,市第二中学地理教师,二胎黄金期中大户型,上海中环品质两居，车位及空间极其拥挤,小区无地下车库且人车不分流，小孩在楼下玩耍或者推婴儿车极为不安全。,讲究超高得房率（超85%），主卧套房必须配备独立步入式衣帽间与干湿分离双卫。,主要在陆家嘴/徐家汇CBD上班，首选地铁2/9号线沿线，通勤半小时内。,倡导轻户外，周末常带家人自驾野营或山系徒步，注重生活情调与手作咖啡。,名下持有一套旧两居，置换回款 65% + 个人理财储蓄补充 + 公积金商业贷,重性价比，不盲信大牌，但要求物业管理有序、绿化修剪及时、人防技防规范。,常年本地稳定居住，工作日职住通勤动线规则单一。
上_2003_00189,上海,2003,本地改善,45,女,1.4,16.5,0.45,27.6,4,2,否,B,agent,1,0.41,0.65,0.69,0.4,0.8,0.66,0.66,0.64,自住-改善,一室一厅,55,4275,邮政局局长秘书,二胎黄金期中大户型,上海中环品质两居，车位及空间极其拥挤,小区无地下车库且人车不分流，小孩在楼下玩耍或者推婴儿车极为不安全。,讲究超高得房率（超85%），主卧套房必须配备独立步入式衣帽间与干湿分离双卫。,主要在陆家嘴/徐家汇CBD上班，首选地铁2/9号线沿线，通勤半小时内。,倡导轻户外，周末常带家人自驾野营或山系徒步，注重生活情调与手作咖啡。,名下持有一套旧两居，置换回款 65% + 个人理财储蓄补充 + 公积金商业贷,重性价比，不盲信大牌，但要求物业管理有序、绿化修剪及时、人防技防规范。,常年本地稳定居住，工作日职住通勤动线规则单一。
上_2003_00190,上海,2003,教育型买房,37,女,1.3,8.3,0.4,15.6,3,0,否,B,social,0.81,0.6,0.38,0.34,0.58,0.58,0.46,1,0.74,学区房,一室一厅,62,1718,市第二中学地理教师,成熟期核心家庭,上海中环品质两居，车位及空间极其拥挤,老小区隔音差，邻里滋扰严重，且车位严重匮乏，每晚加班回来抢车位像打仗。,核心要求地块属于第一梯队名校学区，且周边500米内解决幼小衔接教育配套。,主要在陆家嘴/徐家汇CBD上班，首选地铁2/9号线沿线，通勤半小时内。,倡导轻户外，周末常带家人自驾野营或山系徒步，注重生活情调与手作咖啡。,名下持有一套旧两居，置换回款 65% + 个人理财储蓄补充 + 公积金商业贷,非仁恒、绿城、万科等金牌开发商不买，极度看重高端精装质量与顶级物业的增值口碑。,常年本地稳定居住，工作日职住通勤动线规则单一。
上_2003_00191,上海,2003,教育型买房,41,男,1.4,13.7,0.4,25.8,3,0,否,B,social,1,0.68,0.35,0.43,0.53,0.74,0.58,1,0.53,学区房,一室一厅,87,2585,国企车间技术主任,成熟期核心家庭,上海中环品质两居，车位及空间极其拥挤,老小区隔音差，邻里滋扰严重，且车位严重匮乏，每晚加班回来抢车位像打仗。,讲究超高得房率（超85%），主卧套房必须配备独立步入式衣帽间与干湿分离双卫。,主要在陆家嘴/徐家汇CBD上班，首选地铁2/9号线沿线，通勤半小时内。,倡导轻户外，周末常带家人自驾野营或山系徒步，注重生活情调与手作咖啡。,名下持有一套旧两居，置换回款 65% + 个人理财储蓄补充 + 公积金商业贷,重性价比，不盲信大牌，但要求物业管理有序、绿化修剪及时、人防技防规范。,常年本地稳定居住，工作日职住通勤动线规则单一。
上_2003_00192,上海,2003,本地改善,49,男,1.2,13.0,0.45,21.7,5,2,否,B,agent,0.66,0.52,0.6,0.41,0.56,0.76,0.66,0.81,0.68,自住-改善,一室一厅,67,2674,国企车间技术主任,二胎黄金期中大户型,上海中环品质两居，车位及空间极其拥挤,小区无地下车库且人车不分流，小孩在楼下玩耍或者推婴儿车极为不安全。,讲究超高得房率（超85%），主卧套房必须配备独立步入式衣帽间与干湿分离双卫。,主要在陆家嘴/徐家汇CBD上班，首选地铁2/9号线沿线，通勤半小时内。,倡导轻户外，周末常带家人自驾野营或山系徒步，注重生活情调与手作咖啡。,名下持有一套旧两居，置换回款 65% + 个人理财储蓄补充 + 公积金商业贷,重性价比，不盲信大牌，但要求物业管理有序、绿化修剪及时、人防技防规范。,常年本地稳定居住，工作日职住通勤动线规则单一。
上_2003_00193,上海,2003,教育型买房,45,男,1.7,13.7,0.4,25.6,3,1,是,B,social,0.95,0.48,0.33,0.42,0.67,0.63,0.55,0.88,0.53,学区房,两室一厅,97,1953,邮政局局长秘书,三口之家(学龄段),上海中环品质两居，车位及空间极其拥挤,小区无地下车库且人车不分流，小孩在楼下玩耍或者推婴儿车极为不安全。,核心要求地块属于第一梯队名校学区，且周边500米内解决幼小衔接教育配套。,主要在陆家嘴/徐家汇CBD上班，首选地铁2/9号线沿线，通勤半小时内。,倡导轻户外，周末常带家人自驾野营或山系徒步，注重生活情调与手作咖啡。,名下持有一套旧两居，置换回款 65% + 个人理财储蓄补充 + 公积金商业贷,重性价比，不盲信大牌，但要求物业管理有序、绿化修剪及时、人防技防规范。,常年本地稳定居住，工作日职住通勤动线规则单一。
上_2003_00194,上海,2003,金融精英,48,男,2.1,13.3,0.4,24.8,4,1,是,A,research,0.94,0.55,0.56,0.68,0.78,0.62,0.84,0.67,0.8,自住-首套,一室一厅,57,2310,商业银行支行信贷科长,三口之家(学龄段),市中心私密洋房住宅,当前房屋属于旧多层无电梯房，父母年纪渐高每天爬楼梯极为吃力。,要求采光通透，全明户型，带多功能嵌入式收纳墙以最大化空间利用。,主要在陆家嘴/徐家汇CBD上班，首选地铁2/9号线沿线，通勤半小时内。,周末常去高端商圈消费，热衷打网球和马术，重度手冲咖啡及黑胶唱片发烧友。,夫妻双方积蓄 + 双方父母出资赞助首付 + 公积金商业组合贷款,非仁恒、绿城、万科等金牌开发商不买，极度看重高端精装质量与顶级物业的增值口碑。,常年本地稳定居住，工作日职住通勤动线规则单一。
上_2003_00195,上海,2003,本地改善,56,男,1.6,18.9,0.45,31.5,4,2,否,B,agent,0.95,0.51,0.64,0.42,0.45,1,0.69,0.75,0.64,自住-改善,两室一厅,97,2647,国企车间技术主任,二胎黄金期中大户型,上海中环品质两居，车位及空间极其拥挤,小区无地下车库且人车不分流，小孩在楼下玩耍或者推婴儿车极为不安全。,讲究超高得房率（超85%），主卧套房必须配备独立步入式衣帽间与干湿分离双卫。,主要在陆家嘴/徐家汇CBD上班，首选地铁2/9号线沿线，通勤半小时内。,倡导轻户外，周末常带家人自驾野营或山系徒步，注重生活情调与手作咖啡。,名下持有一套旧两居，置换回款 65% + 个人理财储蓄补充 + 公积金商业贷,重性价比，不盲信大牌，但要求物业管理有序、绿化修剪及时、人防技防规范。,常年本地稳定居住，工作日职住通勤动线规则单一。
上_2003_00196,上海,2003,本地改善,42,女,2.0,25.6,0.45,42.6,4,2,否,B,agent,0.64,0.42,0.71,0.53,0.58,0.82,0.7,0.67,0.61,自住-改善,两室一厅,89,2617,区财政局科员,二胎黄金期中大户型,上海中环品质两居，车位及空间极其拥挤,小区无地下车库且人车不分流，小孩在楼下玩耍或者推婴儿车极为不安全。,要求有超大面宽南向双阳台（观景家政分离），主卧大飘窗能270度直面自然景观。,主要在陆家嘴/徐家汇CBD上班，首选地铁2/9号线沿线，通勤半小时内。,倡导轻户外，周末常带家人自驾野营或山系徒步，注重生活情调与手作咖啡。,名下持有一套旧两居，置换回款 65% + 个人理财储蓄补充 + 公积金商业贷,重性价比，不盲信大牌，但要求物业管理有序、绿化修剪及时、人防技防规范。,常年本地稳定居住，工作日职住通勤动线规则单一。
上_2003_00197,上海,2003,金融精英,50,男,3.1,28.8,0.4,54.0,3,2,否,A,research,0.83,0.28,0.66,0.41,0.87,0.82,0.77,0.79,0.81,自住-改善,两室一厅,53,8772,申银万国证券分析员,二胎黄金期中大户型,陆家嘴核心区江景大平层,无高端私密会所及管家式物业配套，圈层鱼龙混杂，高净值居住体验差。,讲究超高得房率（超85%），主卧套房必须配备独立步入式衣帽间与干湿分离双卫。,主要在陆家嘴/徐家汇CBD上班，首选地铁2/9号线沿线，通勤半小时内。,周末常去高端商圈消费，热衷打网球和马术，重度手冲咖啡及黑胶唱片发烧友。,名下已有企业股权套现或分红现金，一次性全款付清，基本不加杠杆,非仁恒、绿城、万科等金牌开发商不买，极度看重高端精装质量与顶级物业的增值口碑。,常年本地稳定居住，工作日职住通勤动线规则单一。
上_2003_00198,上海,2003,本地改善,48,女,0.8,6.0,0.45,10.1,5,1,是,B,agent,0.91,0.44,0.55,0.49,0.45,0.94,0.61,0.76,0.48,自住-改善,两室两厅,80,949,邮政局局长秘书,三口之家(学龄段),上海中环品质两居，车位及空间极其拥挤,小区无地下车库且人车不分流，小孩在楼下玩耍或者推婴儿车极为不安全。,讲究超高得房率（超85%），主卧套房必须配备独立步入式衣帽间与干湿分离双卫。,主要在陆家嘴/徐家汇CBD上班，首选地铁2/9号线沿线，通勤半小时内。,倡导轻户外，周末常带家人自驾野营或山系徒步，注重生活情调与手作咖啡。,名下持有一套旧两居，置换回款 65% + 个人理财储蓄补充 + 公积金商业贷,重性价比，不盲信大牌，但要求物业管理有序、绿化修剪及时、人防技防规范。,常年本地稳定居住，工作日职住通勤动线规则单一。
上_2003_00199,上海,2003,本地改善,54,女,0.9,8.2,0.45,13.7,5,2,否,B,agent,1,0.57,0.42,0.42,0.57,0.91,0.54,0.68,0.56,自住-改善,两室一厅,52,1514,国企车间技术主任,二胎黄金期中大户型,上海中环品质两居，车位及空间极其拥挤,小区无地下车库且人车不分流，小孩在楼下玩耍或者推婴儿车极为不安全。,讲究超高得房率（超85%），主卧套房必须配备独立步入式衣帽间与干湿分离双卫。,主要在陆家嘴/徐家汇CBD上班，首选地铁2/9号线沿线，通勤半小时内。,倡导轻户外，周末常带家人自驾野营或山系徒步，注重生活情调与手作咖啡。,名下持有一套旧两居，置换回款 65% + 个人理财储蓄补充 + 公积金商业贷,重性价比，不盲信大牌，但要求物业管理有序、绿化修剪及时、人防技防规范。,常年本地稳定居住，工作日职住通勤动线规则单一。
上_2003_00200,上海,2003,本地改善,54,女,0.8,9.0,0.45,15.0,4,1,否,B,agent,0.96,0.35,0.64,0.47,0.55,0.88,0.59,0.69,0.5,自住-改善,两室一厅,77,1724,区财政局科员,三口之家(学龄段),上海中环品质两居，车位及空间极其拥挤,小区无地下车库且人车不分流，小孩在楼下玩耍或者推婴儿车极为不安全。,讲究超高得房率（超85%），主卧套房必须配备独立步入式衣帽间与干湿分离双卫。,主要在陆家嘴/徐家汇CBD上班，首选地铁2/9号线沿线，通勤半小时内。,倡导轻户外，周末常带家人自驾野营或山系徒步，注重生活情调与手作咖啡。,名下持有一套旧两居，置换回款 65% + 个人理财储蓄补充 + 公积金商业贷,重性价比，不盲信大牌，但要求物业管理有序、绿化修剪及时、人防技防规范。,常年本地稳定居住，工作日职住通勤动线规则单一。
上_2003_00201,上海,2003,本地改善,47,女,1.0,8.7,0.45,14.6,4,3,否,B,agent,0.75,0.58,0.51,0.53,0.53,0.87,0.67,0.73,0.64,自住-改善,一室一厅,98,1270,市第二中学地理教师,二胎黄金期中大户型,上海中环品质两居，车位及空间极其拥挤,小区无地下车库且人车不分流，小孩在楼下玩耍或者推婴儿车极为不安全。,讲究超高得房率（超85%），主卧套房必须配备独立步入式衣帽间与干湿分离双卫。,主要在陆家嘴/徐家汇CBD上班，首选地铁2/9号线沿线，通勤半小时内。,倡导轻户外，周末常带家人自驾野营或山系徒步，注重生活情调与手作咖啡。,名下持有一套旧两居，置换回款 65% + 个人理财储蓄补充 + 公积金商业贷,重性价比，不盲信大牌，但要求物业管理有序、绿化修剪及时、人防技防规范。,常年本地稳定居住，工作日职住通勤动线规则单一。
上_2003_00202,上海,2003,金融精英,42,男,1.3,13.2,0.4,24.8,4,1,否,A,research,0.89,0.45,0.68,0.55,0.63,0.72,0.71,0.77,0.92,自住-首套,两室一厅,77,2536,商业银行支行信贷科长,三口之家(学龄段),西湖边高精平层,无高端私密会所及管家式物业配套，圈层鱼龙混杂，高净值居住体验差。,讲究超高得房率（超85%），主卧套房必须配备独立步入式衣帽间与干湿分离双卫。,主要在陆家嘴/徐家汇CBD上班，首选地铁2/9号线沿线，通勤半小时内。,周末常去高端商圈消费，热衷打网球和马术，重度手冲咖啡及黑胶唱片发烧友。,夫妻双方积蓄 + 双方父母出资赞助首付 + 公积金商业组合贷款,非仁恒、绿城、万科等金牌开发商不买，极度看重高端精装质量与顶级物业的增值口碑。,常年本地稳定居住，工作日职住通勤动线规则单一。
上_2003_00203,上海,2003,本地改善,47,男,1.1,8.8,0.45,14.6,4,2,是,B,agent,0.95,0.39,0.58,0.49,0.54,0.8,0.62,0.69,0.65,自住-改善,两室一厅,84,1039,邮政局局长秘书,二胎黄金期中大户型,上海中环品质两居，车位及空间极其拥挤,小区无地下车库且人车不分流，小孩在楼下玩耍或者推婴儿车极为不安全。,讲究超高得房率（超85%），主卧套房必须配备独立步入式衣帽间与干湿分离双卫。,主要在陆家嘴/徐家汇CBD上班，首选地铁2/9号线沿线，通勤半小时内。,倡导轻户外，周末常带家人自驾野营或山系徒步，注重生活情调与手作咖啡。,名下持有一套旧两居，置换回款 65% + 个人理财储蓄补充 + 公积金商业贷,重性价比，不盲信大牌，但要求物业管理有序、绿化修剪及时、人防技防规范。,常年本地稳定居住，工作日职住通勤动线规则单一。
上_2003_00204,上海,2003,金融精英,35,女,1.4,13.3,0.4,25.0,3,0,否,A,research,0.72,0.55,0.63,0.59,0.77,0.63,0.76,0.78,0.7,自住-首套,一室一厅,86,2600,商业银行支行信贷科长,新婚过渡两居,西湖边高精平层,无高端私密会所及管家式物业配套，圈层鱼龙混杂，高净值居住体验差。,核心要求地块属于第一梯队名校学区，且周边500米内解决幼小衔接教育配套。,主要在陆家嘴/徐家汇CBD上班，首选地铁2/9号线沿线，通勤半小时内。,周末常去高端商圈消费，热衷打网球和马术，重度手冲咖啡及黑胶唱片发烧友。,夫妻双方积蓄 + 双方父母出资赞助首付 + 公积金商业组合贷款,重性价比，不盲信大牌，但要求物业管理有序、绿化修剪及时、人防技防规范。,常年本地稳定居住，工作日职住通勤动线规则单一。
上_2003_00205,上海,2003,金融精英,41,男,2.6,24.0,0.4,45.0,3,1,否,A,research,0.58,0.45,0.57,0.53,0.68,0.78,0.85,0.86,0.77,自住-改善,两室一厅,69,4803,商业银行支行信贷科长,三口之家(学龄段),西湖边高精平层,无高端私密会所及管家式物业配套，圈层鱼龙混杂，高净值居住体验差。,讲究超高得房率（超85%），主卧套房必须配备独立步入式衣帽间与干湿分离双卫。,主要在陆家嘴/徐家汇CBD上班，首选地铁2/9号线沿线，通勤半小时内。,周末常去高端商圈消费，热衷打网球和马术，重度手冲咖啡及黑胶唱片发烧友。,名下已有企业股权套现或分红现金，一次性全款付清，基本不加杠杆,非仁恒、绿城、万科等金牌开发商不买，极度看重高端精装质量与顶级物业的增值口碑。,常年本地稳定居住，工作日职住通勤动线规则单一。
上_2003_00206,上海,2003,本地改善,46,女,1.3,11.1,0.45,18.6,5,2,是,B,agent,0.77,0.55,0.54,0.46,0.57,0.86,0.42,0.69,0.49,自住-改善,两室一厅,69,1768,市第二中学地理教师,二胎黄金期中大户型,上海中环品质两居，车位及空间极其拥挤,小区无地下车库且人车不分流，小孩在楼下玩耍或者推婴儿车极为不安全。,讲究超高得房率（超85%），主卧套房必须配备独立步入式衣帽间与干湿分离双卫。,主要在陆家嘴/徐家汇CBD上班，首选地铁2/9号线沿线，通勤半小时内。,倡导轻户外，周末常带家人自驾野营或山系徒步，注重生活情调与手作咖啡。,名下持有一套旧两居，置换回款 65% + 个人理财储蓄补充 + 公积金商业贷,重性价比，不盲信大牌，但要求物业管理有序、绿化修剪及时、人防技防规范。,常年本地稳定居住，工作日职住通勤动线规则单一。
上_2003_00207,上海,2003,金融精英,42,女,2.7,15.5,0.4,29.1,3,1,否,A,research,0.6,0.45,0.72,0.76,0.71,0.81,0.76,0.76,0.95,自住-改善,两室一厅,83,2126,老牌证券公司营业部经理,三口之家(学龄段),市中心私密洋房住宅,无高端私密会所及管家式物业配套，圈层鱼龙混杂，高净值居住体验差。,要求独立电梯入户，主次卧动线分明，配备独立保姆房和私密后院。,主要在陆家嘴/徐家汇CBD上班，首选地铁2/9号线沿线，通勤半小时内。,周末常去高端商圈消费，热衷打网球和马术，重度手冲咖啡及黑胶唱片发烧友。,名下已有企业股权套现或分红现金，一次性全款付清，基本不加杠杆,非仁恒、绿城、万科等金牌开发商不买，极度看重高端精装质量与顶级物业的增值口碑。,常年本地稳定居住，工作日职住通勤动线规则单一。
上_2003_00208,上海,2003,教育型买房,42,女,1.9,16.4,0.4,30.8,3,1,否,B,social,0.91,0.61,0.39,0.46,0.6,0.71,0.61,0.99,0.66,学区房,一室一厅,91,2459,区财政局科员,三口之家(学龄段),上海中环品质两居，车位及空间极其拥挤,小区无地下车库且人车不分流，小孩在楼下玩耍或者推婴儿车极为不安全。,讲究超高得房率（超85%），主卧套房必须配备独立步入式衣帽间与干湿分离双卫。,主要在陆家嘴/徐家汇CBD上班，首选地铁2/9号线沿线，通勤半小时内。,倡导轻户外，周末常带家人自驾野营或山系徒步，注重生活情调与手作咖啡。,名下持有一套旧两居，置换回款 65% + 个人理财储蓄补充 + 公积金商业贷,重性价比，不盲信大牌，但要求物业管理有序、绿化修剪及时、人防技防规范。,常年本地稳定居住，工作日职住通勤动线规则单一。
上_2003_00209,上海,2003,本地改善,55,女,0.5,3.6,0.45,6.0,5,2,是,B,agent,0.59,0.53,0.45,0.35,0.66,0.8,0.6,0.68,0.61,自住-改善,一室一厅,50,896,邮政局局长秘书,二胎黄金期中大户型,上海中环品质两居，车位及空间极其拥挤,小区无地下车库且人车不分流，小孩在楼下玩耍或者推婴儿车极为不安全。,讲究超高得房率（超85%），主卧套房必须配备独立步入式衣帽间与干湿分离双卫。,主要在陆家嘴/徐家汇CBD上班，首选地铁2/9号线沿线，通勤半小时内。,倡导轻户外，周末常带家人自驾野营或山系徒步，注重生活情调与手作咖啡。,名下持有一套旧两居，置换回款 65% + 个人理财储蓄补充 + 公积金商业贷,重性价比，不盲信大牌，但要求物业管理有序、绿化修剪及时、人防技防规范。,常年本地稳定居住，工作日职住通勤动线规则单一。
上_2003_00210,上海,2003,教育型买房,34,女,1.7,10.1,0.4,18.9,3,0,否,B,social,1,0.41,0.36,0.57,0.56,0.87,0.37,1,0.65,学区房,两室一厅,75,2014,区财政局科员,新婚过渡两居,上海中环品质两居，车位及空间极其拥挤,老小区隔音差，邻里滋扰严重，且车位严重匮乏，每晚加班回来抢车位像打仗。,讲究超高得房率（超85%），主卧套房必须配备独立步入式衣帽间与干湿分离双卫。,主要在陆家嘴/徐家汇CBD上班，首选地铁2/9号线沿线，通勤半小时内。,倡导轻户外，周末常带家人自驾野营或山系徒步，注重生活情调与手作咖啡。,名下持有一套旧两居，置换回款 65% + 个人理财储蓄补充 + 公积金商业贷,重性价比，不盲信大牌，但要求物业管理有序、绿化修剪及时、人防技防规范。,常年本地稳定居住，工作日职住通勤动线规则单一。
上_2003_00211,上海,2003,金融精英,37,女,2.8,19.1,0.4,35.8,4,1,否,A,research,0.84,0.6,0.65,0.7,0.9,0.85,0.7,0.85,0.85,自住-改善,一室一厅,54,4009,商业银行支行信贷科长,三口之家(幼龄段),市中心私密洋房住宅,无高端私密会所及管家式物业配套，圈层鱼龙混杂，高净值居住体验差。,讲究超高得房率（超85%），主卧套房必须配备独立步入式衣帽间与干湿分离双卫。,主要在陆家嘴/徐家汇CBD上班，首选地铁2/9号线沿线，通勤半小时内。,周末常去高端商圈消费，热衷打网球和马术，重度手冲咖啡及黑胶唱片发烧友。,名下已有企业股权套现或分红现金，一次性全款付清，基本不加杠杆,非仁恒、绿城、万科等金牌开发商不买，极度看重高端精装质量与顶级物业的增值口碑。,常年本地稳定居住，工作日职住通勤动线规则单一。
上_2003_00212,上海,2003,本地改善,44,女,0.8,10.0,0.45,16.7,3,2,否,B,agent,0.98,0.35,0.53,0.41,0.48,0.94,0.55,0.74,0.66,自住-改善,两室两厅,64,1406,邮政局局长秘书,二胎黄金期中大户型,上海中环品质两居，车位及空间极其拥挤,小区无地下车库且人车不分流，小孩在楼下玩耍或者推婴儿车极为不安全。,讲究超高得房率（超85%），主卧套房必须配备独立步入式衣帽间与干湿分离双卫。,主要在陆家嘴/徐家汇CBD上班，首选地铁2/9号线沿线，通勤半小时内。,倡导轻户外，周末常带家人自驾野营或山系徒步，注重生活情调与手作咖啡。,名下持有一套旧两居，置换回款 65% + 个人理财储蓄补充 + 公积金商业贷,重性价比，不盲信大牌，但要求物业管理有序、绿化修剪及时、人防技防规范。,常年本地稳定居住，工作日职住通勤动线规则单一。
上_2003_00213,上海,2003,长三角家庭,38,女,1.6,8.2,0.45,13.6,4,2,是,B,agent,0.39,0.56,0.63,0.5,0.48,0.74,0.43,0.69,0.79,自住-首套,两室一厅,70,1037,区财政局科员,二胎黄金期中大户型,上海中环品质两居，车位及空间极其拥挤,小区无地下车库且人车不分流，小孩在楼下玩耍或者推婴儿车极为不安全。,讲究超高得房率（超85%），主卧套房必须配备独立步入式衣帽间与干湿分离双卫。,主要在陆家嘴/徐家汇CBD上班，首选地铁2/9号线沿线，通勤半小时内。,倡导轻户外，周末常带家人自驾野营或山系徒步，注重生活情调与手作咖啡。,夫妻双方积蓄 + 双方父母出资赞助首付 + 公积金商业组合贷款,非仁恒、绿城、万科等金牌开发商不买，极度看重高端精装质量与顶级物业的增值口碑。,常年本地稳定居住，工作日职住通勤动线规则单一。
上_2003_00214,上海,2003,本地改善,58,女,1.2,10.1,0.45,16.8,4,2,否,B,agent,0.65,0.53,0.52,0.39,0.62,0.86,0.61,0.76,0.57,自住-改善,一室一厅,50,2505,区财政局科员,二胎黄金期中大户型,上海中环品质两居，车位及空间极其拥挤,小区无地下车库且人车不分流，小孩在楼下玩耍或者推婴儿车极为不安全。,讲究超高得房率（超85%），主卧套房必须配备独立步入式衣帽间与干湿分离双卫。,主要在陆家嘴/徐家汇CBD上班，首选地铁2/9号线沿线，通勤半小时内。,倡导轻户外，周末常带家人自驾野营或山系徒步，注重生活情调与手作咖啡。,名下持有一套旧两居，置换回款 65% + 个人理财储蓄补充 + 公积金商业贷,重性价比，不盲信大牌，但要求物业管理有序、绿化修剪及时、人防技防规范。,常年本地稳定居住，工作日职住通勤动线规则单一。
上_2003_00215,上海,2003,教育型买房,35,男,0.8,7.0,0.4,13.1,4,1,否,B,social,0.84,0.45,0.29,0.42,0.66,0.63,0.53,0.97,0.56,学区房,两室一厅,82,972,区财政局科员,三口之家(幼龄段),上海中环品质两居，车位及空间极其拥挤,小区无地下车库且人车不分流，小孩在楼下玩耍或者推婴儿车极为不安全。,核心要求地块属于第一梯队名校学区，且周边500米内解决幼小衔接教育配套。,主要在陆家嘴/徐家汇CBD上班，首选地铁2/9号线沿线，通勤半小时内。,倡导轻户外，周末常带家人自驾野营或山系徒步，注重生活情调与手作咖啡。,名下持有一套旧两居，置换回款 65% + 个人理财储蓄补充 + 公积金商业贷,重性价比，不盲信大牌，但要求物业管理有序、绿化修剪及时、人防技防规范。,常年本地稳定居住，工作日职住通勤动线规则单一。
上_2003_00216,上海,2003,本地改善,47,男,1.1,9.2,0.45,15.4,3,2,是,B,agent,0.85,0.48,0.67,0.57,0.55,0.93,0.6,0.73,0.47,自住-改善,两室两厅,68,1532,市第二中学地理教师,二胎黄金期中大户型,上海中环品质两居，车位及空间极其拥挤,小区无地下车库且人车不分流，小孩在楼下玩耍或者推婴儿车极为不安全。,讲究超高得房率（超85%），主卧套房必须配备独立步入式衣帽间与干湿分离双卫。,主要在陆家嘴/徐家汇CBD上班，首选地铁2/9号线沿线，通勤半小时内。,倡导轻户外，周末常带家人自驾野营或山系徒步，注重生活情调与手作咖啡。,名下持有一套旧两居，置换回款 65% + 个人理财储蓄补充 + 公积金商业贷,重性价比，不盲信大牌，但要求物业管理有序、绿化修剪及时、人防技防规范。,常年本地稳定居住，工作日职住通勤动线规则单一。
上_2003_00217,上海,2003,教育型买房,47,男,0.7,6.2,0.4,11.6,5,1,否,B,social,0.82,0.52,0.28,0.44,0.6,0.67,0.61,1,0.54,学区房,两室两厅,56,1238,市第二中学地理教师,三口之家(学龄段),上海中环品质两居，车位及空间极其拥挤,小区无地下车库且人车不分流，小孩在楼下玩耍或者推婴儿车极为不安全。,核心要求地块属于第一梯队名校学区，且周边500米内解决幼小衔接教育配套。,主要在陆家嘴/徐家汇CBD上班，首选地铁2/9号线沿线，通勤半小时内。,倡导轻户外，周末常带家人自驾野营或山系徒步，注重生活情调与手作咖啡。,名下持有一套旧两居，置换回款 65% + 个人理财储蓄补充 + 公积金商业贷,重性价比，不盲信大牌，但要求物业管理有序、绿化修剪及时、人防技防规范。,常年本地稳定居住，工作日职住通勤动线规则单一。
上_2003_00218,上海,2003,长三角家庭,35,女,1.1,6.6,0.45,11.0,3,2,否,B,agent,0.67,0.5,0.61,0.38,0.61,0.88,0.45,0.64,0.59,自住-首套,两室一厅,84,955,国企车间技术主任,二胎黄金期中大户型,上海中环品质两居，车位及空间极其拥挤,小区无地下车库且人车不分流，小孩在楼下玩耍或者推婴儿车极为不安全。,讲究超高得房率（超85%），主卧套房必须配备独立步入式衣帽间与干湿分离双卫。,主要在陆家嘴/徐家汇CBD上班，首选地铁2/9号线沿线，通勤半小时内。,倡导轻户外，周末常带家人自驾野营或山系徒步，注重生活情调与手作咖啡。,夫妻双方积蓄 + 双方父母出资赞助首付 + 公积金商业组合贷款,重性价比，不盲信大牌，但要求物业管理有序、绿化修剪及时、人防技防规范。,常年本地稳定居住，工作日职住通勤动线规则单一。
上_2003_00219,上海,2003,本地改善,51,男,1.1,14.2,0.45,23.7,4,2,否,B,agent,0.73,0.58,0.6,0.74,0.45,0.9,0.59,0.85,0.48,自住-改善,两室一厅,58,2278,国企车间技术主任,二胎黄金期中大户型,上海中环品质两居，车位及空间极其拥挤,小区无地下车库且人车不分流，小孩在楼下玩耍或者推婴儿车极为不安全。,要求独立电梯入户，主次卧动线分明，配备独立保姆房和私密后院。,主要在陆家嘴/徐家汇CBD上班，首选地铁2/9号线沿线，通勤半小时内。,倡导轻户外，周末常带家人自驾野营或山系徒步，注重生活情调与手作咖啡。,名下持有一套旧两居，置换回款 65% + 个人理财储蓄补充 + 公积金商业贷,重性价比，不盲信大牌，但要求物业管理有序、绿化修剪及时、人防技防规范。,常年本地稳定居住，工作日职住通勤动线规则单一。
上_2003_00220,上海,2003,本地改善,50,男,1.5,12.3,0.45,20.5,4,3,是,B,agent,0.67,0.59,0.45,0.54,0.58,0.86,0.67,0.67,0.53,自住-改善,一室一厅,100,1668,邮政局局长秘书,二胎黄金期中大户型,上海中环品质两居，车位及空间极其拥挤,小区无地下车库且人车不分流，小孩在楼下玩耍或者推婴儿车极为不安全。,讲究超高得房率（超85%），主卧套房必须配备独立步入式衣帽间与干湿分离双卫。,主要在陆家嘴/徐家汇CBD上班，首选地铁2/9号线沿线，通勤半小时内。,倡导轻户外，周末常带家人自驾野营或山系徒步，注重生活情调与手作咖啡。,名下持有一套旧两居，置换回款 65% + 个人理财储蓄补充 + 公积金商业贷,重性价比，不盲信大牌，但要求物业管理有序、绿化修剪及时、人防技防规范。,常年本地稳定居住，工作日职住通勤动线规则单一。
上_2003_00221,上海,2003,教育型买房,33,男,1.2,11.2,0.4,21.1,2,1,是,B,social,1,0.41,0.42,0.46,0.67,0.71,0.57,0.9,0.47,学区房,两室一厅,64,2196,市第二中学地理教师,三口之家(幼龄段),上海中环品质两居，车位及空间极其拥挤,小区无地下车库且人车不分流，小孩在楼下玩耍或者推婴儿车极为不安全。,讲究超高得房率（超85%），主卧套房必须配备独立步入式衣帽间与干湿分离双卫。,主要在陆家嘴/徐家汇CBD上班，首选地铁2/9号线沿线，通勤半小时内。,倡导轻户外，周末常带家人自驾野营或山系徒步，注重生活情调与手作咖啡。,名下持有一套旧两居，置换回款 65% + 个人理财储蓄补充 + 公积金商业贷,重性价比，不盲信大牌，但要求物业管理有序、绿化修剪及时、人防技防规范。,常年本地稳定居住，工作日职住通勤动线规则单一。
上_2003_00222,上海,2003,教育型买房,44,女,0.6,5.0,0.4,9.4,2,1,是,B,social,0.75,0.5,0.36,0.34,0.68,0.65,0.64,0.91,0.53,学区房,两室两厅,75,683,区财政局科员,三口之家(学龄段),上海中环品质两居，车位及空间极其拥挤,小区无地下车库且人车不分流，小孩在楼下玩耍或者推婴儿车极为不安全。,核心要求地块属于第一梯队名校学区，且周边500米内解决幼小衔接教育配套。,主要在陆家嘴/徐家汇CBD上班，首选地铁2/9号线沿线，通勤半小时内。,倡导轻户外，周末常带家人自驾野营或山系徒步，注重生活情调与手作咖啡。,名下持有一套旧两居，置换回款 65% + 个人理财储蓄补充 + 公积金商业贷,重性价比，不盲信大牌，但要求物业管理有序、绿化修剪及时、人防技防规范。,常年本地稳定居住，工作日职住通勤动线规则单一。
上_2003_00223,上海,2003,本地改善,39,女,1.9,21.7,0.45,36.2,4,2,否,B,agent,0.7,0.48,0.55,0.67,0.5,0.81,0.57,0.69,0.6,自住-改善,一室一厅,93,3061,邮政局局长秘书,二胎黄金期中大户型,上海中环品质两居，车位及空间极其拥挤,小区无地下车库且人车不分流，小孩在楼下玩耍或者推婴儿车极为不安全。,讲究超高得房率（超85%），主卧套房必须配备独立步入式衣帽间与干湿分离双卫。,主要在陆家嘴/徐家汇CBD上班，首选地铁2/9号线沿线，通勤半小时内。,倡导轻户外，周末常带家人自驾野营或山系徒步，注重生活情调与手作咖啡。,名下持有一套旧两居，置换回款 65% + 个人理财储蓄补充 + 公积金商业贷,重性价比，不盲信大牌，但要求物业管理有序、绿化修剪及时、人防技防规范。,常年本地稳定居住，工作日职住通勤动线规则单一。
上_2003_00224,上海,2003,教育型买房,40,女,2.0,17.4,0.4,32.6,3,1,否,B,social,1,0.49,0.53,0.48,0.49,0.83,0.66,1,0.58,学区房,一室一厅,53,3768,邮政局局长秘书,三口之家(学龄段),上海中环品质两居，车位及空间极其拥挤,小区无地下车库且人车不分流，小孩在楼下玩耍或者推婴儿车极为不安全。,讲究超高得房率（超85%），主卧套房必须配备独立步入式衣帽间与干湿分离双卫。,主要在陆家嘴/徐家汇CBD上班，首选地铁2/9号线沿线，通勤半小时内。,倡导轻户外，周末常带家人自驾野营或山系徒步，注重生活情调与手作咖啡。,名下持有一套旧两居，置换回款 65% + 个人理财储蓄补充 + 公积金商业贷,重性价比，不盲信大牌，但要求物业管理有序、绿化修剪及时、人防技防规范。,常年本地稳定居住，工作日职住通勤动线规则单一。
上_2003_00225,上海,2003,本地改善,51,女,0.8,6.8,0.45,11.3,4,2,否,B,agent,0.36,0.57,0.55,0.53,0.63,0.65,0.47,0.58,0.51,自住-改善,两室一厅,85,1085,市第二中学地理教师,二胎黄金期中大户型,上海中环品质两居，车位及空间极其拥挤,小区无地下车库且人车不分流，小孩在楼下玩耍或者推婴儿车极为不安全。,要求采光通透，全明户型，带多功能嵌入式收纳墙以最大化空间利用。,主要在陆家嘴/徐家汇CBD上班，首选地铁2/9号线沿线，通勤半小时内。,倡导轻户外，周末常带家人自驾野营或山系徒步，注重生活情调与手作咖啡。,名下持有一套旧两居，置换回款 65% + 个人理财储蓄补充 + 公积金商业贷,重性价比，不盲信大牌，但要求物业管理有序、绿化修剪及时、人防技防规范。,常年本地稳定居住，工作日职住通勤动线规则单一。
上_2003_00226,上海,2003,教育型买房,33,女,1.0,9.8,0.4,18.3,2,2,是,B,social,0.74,0.66,0.35,0.34,0.66,0.79,0.62,0.96,0.62,学区房,两室一厅,51,3062,市第二中学地理教师,二胎黄金期中大户型,上海中环品质两居，车位及空间极其拥挤,小区无地下车库且人车不分流，小孩在楼下玩耍或者推婴儿车极为不安全。,讲究超高得房率（超85%），主卧套房必须配备独立步入式衣帽间与干湿分离双卫。,主要在陆家嘴/徐家汇CBD上班，首选地铁2/9号线沿线，通勤半小时内。,倡导轻户外，周末常带家人自驾野营或山系徒步，注重生活情调与手作咖啡。,名下持有一套旧两居，置换回款 65% + 个人理财储蓄补充 + 公积金商业贷,重性价比，不盲信大牌，但要求物业管理有序、绿化修剪及时、人防技防规范。,常年本地稳定居住，工作日职住通勤动线规则单一。
上_2003_00227,上海,2003,本地改善,51,女,1.2,12.1,0.45,20.2,3,1,是,B,agent,1,0.56,0.6,0.52,0.4,0.79,0.77,0.72,0.64,自住-改善,两室一厅,93,1884,市第二中学地理教师,三口之家(学龄段),上海中环品质两居，车位及空间极其拥挤,小区无地下车库且人车不分流，小孩在楼下玩耍或者推婴儿车极为不安全。,讲究超高得房率（超85%），主卧套房必须配备独立步入式衣帽间与干湿分离双卫。,主要在陆家嘴/徐家汇CBD上班，首选地铁2/9号线沿线，通勤半小时内。,倡导轻户外，周末常带家人自驾野营或山系徒步，注重生活情调与手作咖啡。,名下持有一套旧两居，置换回款 65% + 个人理财储蓄补充 + 公积金商业贷,重性价比，不盲信大牌，但要求物业管理有序、绿化修剪及时、人防技防规范。,常年本地稳定居住，工作日职住通勤动线规则单一。
上_2003_00228,上海,2003,教育型买房,37,女,1.0,9.7,0.4,18.3,2,1,否,B,social,0.93,0.58,0.37,0.34,0.62,0.71,0.64,1,0.52,学区房,两室两厅,74,1872,区财政局科员,三口之家(幼龄段),上海中环品质两居，车位及空间极其拥挤,小区无地下车库且人车不分流，小孩在楼下玩耍或者推婴儿车极为不安全。,讲究超高得房率（超85%），主卧套房必须配备独立步入式衣帽间与干湿分离双卫。,主要在陆家嘴/徐家汇CBD上班，首选地铁2/9号线沿线，通勤半小时内。,倡导轻户外，周末常带家人自驾野营或山系徒步，注重生活情调与手作咖啡。,名下持有一套旧两居，置换回款 65% + 个人理财储蓄补充 + 公积金商业贷,重性价比，不盲信大牌，但要求物业管理有序、绿化修剪及时、人防技防规范。,常年本地稳定居住，工作日职住通勤动线规则单一。
上_2003_00229,上海,2003,长三角家庭,51,女,1.1,9.5,0.45,15.8,3,2,否,B,agent,0.7,0.48,0.57,0.54,0.56,0.75,0.16,0.72,0.61,自住-改善,一室一厅,50,2452,国企车间技术主任,二胎黄金期中大户型,上海中环品质两居，车位及空间极其拥挤,小区无地下车库且人车不分流，小孩在楼下玩耍或者推婴儿车极为不安全。,讲究超高得房率（超85%），主卧套房必须配备独立步入式衣帽间与干湿分离双卫。,主要在陆家嘴/徐家汇CBD上班，首选地铁2/9号线沿线，通勤半小时内。,倡导轻户外，周末常带家人自驾野营或山系徒步，注重生活情调与手作咖啡。,名下持有一套旧两居，置换回款 65% + 个人理财储蓄补充 + 公积金商业贷,重性价比，不盲信大牌，但要求物业管理有序、绿化修剪及时、人防技防规范。,常年本地稳定居住，工作日职住通勤动线规则单一。
上_2003_00230,上海,2003,本地改善,47,女,1.1,11.3,0.45,18.9,4,3,否,B,agent,0.86,0.51,0.45,0.59,0.4,0.76,0.56,0.59,0.37,自住-改善,一室一厅,75,1702,国企车间技术主任,二胎黄金期中大户型,上海中环品质两居，车位及空间极其拥挤,小区无地下车库且人车不分流，小孩在楼下玩耍或者推婴儿车极为不安全。,讲究超高得房率（超85%），主卧套房必须配备独立步入式衣帽间与干湿分离双卫。,主要在陆家嘴/徐家汇CBD上班，首选地铁2/9号线沿线，通勤半小时内。,倡导轻户外，周末常带家人自驾野营或山系徒步，注重生活情调与手作咖啡。,名下持有一套旧两居，置换回款 65% + 个人理财储蓄补充 + 公积金商业贷,重性价比，不盲信大牌，但要求物业管理有序、绿化修剪及时、人防技防规范。,常年本地稳定居住，工作日职住通勤动线规则单一。
上_2003_00231,上海,2003,金融精英,35,女,3.4,34.2,0.4,64.2,3,1,是,A,research,0.89,0.52,0.52,0.55,0.71,0.83,0.67,0.98,0.82,自住-改善,一室一厅,93,5946,商业银行支行信贷科长,三口之家(幼龄段),西湖边高精平层,当前房屋属于旧多层无电梯房，父母年纪渐高每天爬楼梯极为吃力。,讲究超高得房率（超85%），主卧套房必须配备独立步入式衣帽间与干湿分离双卫。,主要在陆家嘴/徐家汇CBD上班，首选地铁2/9号线沿线，通勤半小时内。,周末常去高端商圈消费，热衷打网球和马术，重度手冲咖啡及黑胶唱片发烧友。,名下已有企业股权套现或分红现金，一次性全款付清，基本不加杠杆,非仁恒、绿城、万科等金牌开发商不买，极度看重高端精装质量与顶级物业的增值口碑。,常年本地稳定居住，工作日职住通勤动线规则单一。
上_2003_00232,上海,2003,长三角家庭,48,男,1.1,9.7,0.45,16.2,5,2,是,B,agent,0.82,0.46,0.47,0.53,0.39,0.7,0.4,0.65,0.66,自住-改善,两室一厅,99,1130,区财政局科员,二胎黄金期中大户型,上海中环品质两居，车位及空间极其拥挤,小区无地下车库且人车不分流，小孩在楼下玩耍或者推婴儿车极为不安全。,要求采光通透，全明户型，带多功能嵌入式收纳墙以最大化空间利用。,主要在陆家嘴/徐家汇CBD上班，首选地铁2/9号线沿线，通勤半小时内。,倡导轻户外，周末常带家人自驾野营或山系徒步，注重生活情调与手作咖啡。,名下持有一套旧两居，置换回款 65% + 个人理财储蓄补充 + 公积金商业贷,重性价比，不盲信大牌，但要求物业管理有序、绿化修剪及时、人防技防规范。,常年本地稳定居住，工作日职住通勤动线规则单一。
上_2003_00233,上海,2003,金融精英,35,男,3.2,21.3,0.4,40.0,3,1,否,A,research,0.69,0.48,0.55,0.52,0.73,0.53,0.7,0.81,0.66,自住-改善,一室一厅,64,4274,老牌证券公司营业部经理,三口之家(幼龄段),市中心私密洋房住宅,无高端私密会所及管家式物业配套，圈层鱼龙混杂，高净值居住体验差。,核心要求地块属于第一梯队名校学区，且周边500米内解决幼小衔接教育配套。,主要在陆家嘴/徐家汇CBD上班，首选地铁2/9号线沿线，通勤半小时内。,周末常去高端商圈消费，热衷打网球和马术，重度手冲咖啡及黑胶唱片发烧友。,名下已有企业股权套现或分红现金，一次性全款付清，基本不加杠杆,重性价比，不盲信大牌，但要求物业管理有序、绿化修剪及时、人防技防规范。,常年本地稳定居住，工作日职住通勤动线规则单一。
上_2003_00234,上海,2003,本地改善,43,男,0.8,9.7,0.45,16.1,4,2,否,B,agent,0.98,0.46,0.43,0.48,0.47,0.74,0.59,0.56,0.5,自住-改善,两室两厅,70,1645,国企车间技术主任,二胎黄金期中大户型,上海中环品质两居，车位及空间极其拥挤,小区无地下车库且人车不分流，小孩在楼下玩耍或者推婴儿车极为不安全。,讲究超高得房率（超85%），主卧套房必须配备独立步入式衣帽间与干湿分离双卫。,主要在陆家嘴/徐家汇CBD上班，首选地铁2/9号线沿线，通勤半小时内。,倡导轻户外，周末常带家人自驾野营或山系徒步，注重生活情调与手作咖啡。,名下持有一套旧两居，置换回款 65% + 个人理财储蓄补充 + 公积金商业贷,重性价比，不盲信大牌，但要求物业管理有序、绿化修剪及时、人防技防规范。,常年本地稳定居住，工作日职住通勤动线规则单一。
上_2003_00235,上海,2003,金融精英,35,男,3.1,26.5,0.4,49.8,2,1,否,A,research,1,0.64,0.6,0.45,0.71,0.78,0.71,0.72,0.79,自住-改善,两室两厅,76,4170,申银万国证券分析员,三口之家(幼龄段),市中心私密洋房住宅,无高端私密会所及管家式物业配套，圈层鱼龙混杂，高净值居住体验差。,讲究超高得房率（超85%），主卧套房必须配备独立步入式衣帽间与干湿分离双卫。,主要在陆家嘴/徐家汇CBD上班，首选地铁2/9号线沿线，通勤半小时内。,周末常去高端商圈消费，热衷打网球和马术，重度手冲咖啡及黑胶唱片发烧友。,名下已有企业股权套现或分红现金，一次性全款付清，基本不加杠杆,非仁恒、绿城、万科等金牌开发商不买，极度看重高端精装质量与顶级物业的增值口碑。,常年本地稳定居住，工作日职住通勤动线规则单一。
上_2003_00236,上海,2003,本地改善,52,男,0.9,8.0,0.45,13.3,4,2,否,B,agent,1,0.47,0.63,0.53,0.51,0.79,0.62,0.78,0.63,自住-改善,两室两厅,68,1147,邮政局局长秘书,二胎黄金期中大户型,上海中环品质两居，车位及空间极其拥挤,小区无地下车库且人车不分流，小孩在楼下玩耍或者推婴儿车极为不安全。,讲究超高得房率（超85%），主卧套房必须配备独立步入式衣帽间与干湿分离双卫。,主要在陆家嘴/徐家汇CBD上班，首选地铁2/9号线沿线，通勤半小时内。,倡导轻户外，周末常带家人自驾野营或山系徒步，注重生活情调与手作咖啡。,名下持有一套旧两居，置换回款 65% + 个人理财储蓄补充 + 公积金商业贷,重性价比，不盲信大牌，但要求物业管理有序、绿化修剪及时、人防技防规范。,常年本地稳定居住，工作日职住通勤动线规则单一。
上_2003_00237,上海,2003,金融精英,43,男,2.7,22.2,0.4,41.7,2,1,否,A,research,0.7,0.52,0.69,0.58,0.79,0.9,0.56,0.88,0.76,自住-改善,两室一厅,78,2804,申银万国证券分析员,三口之家(学龄段),市中心私密洋房住宅,无高端私密会所及管家式物业配套，圈层鱼龙混杂，高净值居住体验差。,讲究超高得房率（超85%），主卧套房必须配备独立步入式衣帽间与干湿分离双卫。,主要在陆家嘴/徐家汇CBD上班，首选地铁2/9号线沿线，通勤半小时内。,周末常去高端商圈消费，热衷打网球和马术，重度手冲咖啡及黑胶唱片发烧友。,名下已有企业股权套现或分红现金，一次性全款付清，基本不加杠杆,非仁恒、绿城、万科等金牌开发商不买，极度看重高端精装质量与顶级物业的增值口碑。,常年本地稳定居住，工作日职住通勤动线规则单一。
上_2003_00238,上海,2003,本地改善,42,女,1.2,9.6,0.45,16.0,5,2,是,B,agent,0.81,0.56,0.5,0.52,0.63,0.78,0.65,0.71,0.54,自住-改善,一室一厅,64,1994,邮政局局长秘书,二胎黄金期中大户型,上海中环品质两居，车位及空间极其拥挤,小区无地下车库且人车不分流，小孩在楼下玩耍或者推婴儿车极为不安全。,讲究超高得房率（超85%），主卧套房必须配备独立步入式衣帽间与干湿分离双卫。,主要在陆家嘴/徐家汇CBD上班，首选地铁2/9号线沿线，通勤半小时内。,倡导轻户外，周末常带家人自驾野营或山系徒步，注重生活情调与手作咖啡。,名下持有一套旧两居，置换回款 65% + 个人理财储蓄补充 + 公积金商业贷,重性价比，不盲信大牌，但要求物业管理有序、绿化修剪及时、人防技防规范。,常年本地稳定居住，工作日职住通勤动线规则单一。
上_2003_00239,上海,2003,金融精英,39,女,3.5,28.3,0.4,53.1,3,1,否,A,research,0.54,0.54,0.58,0.56,0.68,0.75,0.63,0.81,0.69,自住-首套,一室一厅,91,3332,申银万国证券分析员,三口之家(学龄段),西湖边高精平层,无高端私密会所及管家式物业配套，圈层鱼龙混杂，高净值居住体验差。,讲究超高得房率（超85%），主卧套房必须配备独立步入式衣帽间与干湿分离双卫。,主要在陆家嘴/徐家汇CBD上班，首选地铁2/9号线沿线，通勤半小时内。,周末常去高端商圈消费，热衷打网球和马术，重度手冲咖啡及黑胶唱片发烧友。,夫妻双方积蓄 + 双方父母出资赞助首付 + 公积金商业组合贷款,重性价比，不盲信大牌，但要求物业管理有序、绿化修剪及时、人防技防规范。,常年本地稳定居住，工作日职住通勤动线规则单一。
上_2003_00240,上海,2003,外籍海归,38,女,1.7,11.1,0.4,20.8,3,0,否,A,social,0.71,0.54,0.73,0.48,0.82,0.66,0.57,0.82,0.77,自住-首套,两室一厅,85,1832,合资日化企业技术主管,成熟期核心家庭,西湖边高精平层,无高端私密会所及管家式物业配套，圈层鱼龙混杂，高净值居住体验差。,要求有超大面宽南向双阳台（观景家政分离），主卧大飘窗能270度直面自然景观。,主要在陆家嘴/徐家汇CBD上班，首选地铁2/9号线沿线，通勤半小时内。,周末常去高端商圈消费，热衷打网球和马术，重度手冲咖啡及黑胶唱片发烧友。,夫妻双方积蓄 + 双方父母出资赞助首付 + 公积金商业组合贷款,非仁恒、绿城、万科等金牌开发商不买，极度看重高端精装质量与顶级物业的增值口碑。,常年本地稳定居住，工作日职住通勤动线规则单一。
上_2003_00241,上海,2003,长三角家庭,53,女,1.4,12.0,0.45,20.0,4,2,是,B,agent,1,0.63,0.65,0.64,0.56,0.9,0.36,0.77,0.62,自住-首套,一室一厅,93,1267,市第二中学地理教师,二胎黄金期中大户型,上海中环品质两居，车位及空间极其拥挤,小区无地下车库且人车不分流，小孩在楼下玩耍或者推婴儿车极为不安全。,讲究超高得房率（超85%），主卧套房必须配备独立步入式衣帽间与干湿分离双卫。,主要在陆家嘴/徐家汇CBD上班，首选地铁2/9号线沿线，通勤半小时内。,倡导轻户外，周末常带家人自驾野营或山系徒步，注重生活情调与手作咖啡。,夫妻双方积蓄 + 双方父母出资赞助首付 + 公积金商业组合贷款,重性价比，不盲信大牌，但要求物业管理有序、绿化修剪及时、人防技防规范。,常年本地稳定居住，工作日职住通勤动线规则单一。
上_2003_00242,上海,2003,本地改善,41,男,1.3,16.2,0.45,27.0,3,2,是,B,agent,0.82,0.37,0.54,0.32,0.53,0.95,0.56,0.74,0.76,自住-改善,两室一厅,70,3305,国企车间技术主任,二胎黄金期中大户型,上海中环品质两居，车位及空间极其拥挤,小区无地下车库且人车不分流，小孩在楼下玩耍或者推婴儿车极为不安全。,讲究超高得房率（超85%），主卧套房必须配备独立步入式衣帽间与干湿分离双卫。,主要在陆家嘴/徐家汇CBD上班，首选地铁2/9号线沿线，通勤半小时内。,倡导轻户外，周末常带家人自驾野营或山系徒步，注重生活情调与手作咖啡。,名下持有一套旧两居，置换回款 65% + 个人理财储蓄补充 + 公积金商业贷,非仁恒、绿城、万科等金牌开发商不买，极度看重高端精装质量与顶级物业的增值口碑。,常年本地稳定居住，工作日职住通勤动线规则单一。
上_2003_00243,上海,2003,本地改善,57,女,1.1,9.0,0.45,15.1,5,2,是,B,agent,0.74,0.46,0.48,0.53,0.5,0.8,0.47,0.67,0.69,自住-改善,两室一厅,86,939,国企车间技术主任,二胎黄金期中大户型,上海中环品质两居，车位及空间极其拥挤,小区无地下车库且人车不分流，小孩在楼下玩耍或者推婴儿车极为不安全。,讲究超高得房率（超85%），主卧套房必须配备独立步入式衣帽间与干湿分离双卫。,主要在陆家嘴/徐家汇CBD上班，首选地铁2/9号线沿线，通勤半小时内。,倡导轻户外，周末常带家人自驾野营或山系徒步，注重生活情调与手作咖啡。,名下持有一套旧两居，置换回款 65% + 个人理财储蓄补充 + 公积金商业贷,重性价比，不盲信大牌，但要求物业管理有序、绿化修剪及时、人防技防规范。,常年本地稳定居住，工作日职住通勤动线规则单一。
上_2003_00244,上海,2003,教育型买房,47,女,0.9,5.4,0.4,10.1,2,2,是,B,social,0.69,0.61,0.43,0.22,0.75,0.66,0.43,0.97,0.62,学区房,两室一厅,98,682,邮政局局长秘书,二胎黄金期中大户型,上海中环品质两居，车位及空间极其拥挤,小区无地下车库且人车不分流，小孩在楼下玩耍或者推婴儿车极为不安全。,核心要求地块属于第一梯队名校学区，且周边500米内解决幼小衔接教育配套。,主要在陆家嘴/徐家汇CBD上班，首选地铁2/9号线沿线，通勤半小时内。,倡导轻户外，周末常带家人自驾野营或山系徒步，注重生活情调与手作咖啡。,名下持有一套旧两居，置换回款 65% + 个人理财储蓄补充 + 公积金商业贷,重性价比，不盲信大牌，但要求物业管理有序、绿化修剪及时、人防技防规范。,常年本地稳定居住，工作日职住通勤动线规则单一。
上_2003_00245,上海,2003,本地改善,58,男,1.4,15.0,0.45,25.0,4,2,否,B,agent,0.74,0.49,0.45,0.46,0.62,0.73,0.64,0.84,0.54,自住-改善,两室两厅,61,3061,区财政局科员,二胎黄金期中大户型,上海中环品质两居，车位及空间极其拥挤,小区无地下车库且人车不分流，小孩在楼下玩耍或者推婴儿车极为不安全。,讲究超高得房率（超85%），主卧套房必须配备独立步入式衣帽间与干湿分离双卫。,主要在陆家嘴/徐家汇CBD上班，首选地铁2/9号线沿线，通勤半小时内。,倡导轻户外，周末常带家人自驾野营或山系徒步，注重生活情调与手作咖啡。,名下持有一套旧两居，置换回款 65% + 个人理财储蓄补充 + 公积金商业贷,重性价比，不盲信大牌，但要求物业管理有序、绿化修剪及时、人防技防规范。,常年本地稳定居住，工作日职住通勤动线规则单一。
上_2003_00246,上海,2003,金融精英,45,男,0.8,5.3,0.4,9.9,3,0,是,A,research,0.73,0.4,0.52,0.53,0.66,0.57,0.69,0.91,0.83,自住-首套,两室两厅,56,1195,商业银行支行信贷科长,成熟期核心家庭,西湖边高精平层,当前房屋属于旧多层无电梯房，父母年纪渐高每天爬楼梯极为吃力。,核心要求地块属于第一梯队名校学区，且周边500米内解决幼小衔接教育配套。,主要在陆家嘴/徐家汇CBD上班，首选地铁2/9号线沿线，通勤半小时内。,周末常去高端商圈消费，热衷打网球和马术，重度手冲咖啡及黑胶唱片发烧友。,夫妻双方积蓄 + 双方父母出资赞助首付 + 公积金商业组合贷款,非仁恒、绿城、万科等金牌开发商不买，极度看重高端精装质量与顶级物业的增值口碑。,常年本地稳定居住，工作日职住通勤动线规则单一。
上_2003_00247,上海,2003,本地改善,46,女,0.9,8.5,0.45,14.2,3,2,否,B,agent,1,0.62,0.75,0.6,0.51,0.64,0.63,0.66,0.64,自住-改善,两室一厅,92,958,市第二中学地理教师,二胎黄金期中大户型,上海中环品质两居，车位及空间极其拥挤,小区无地下车库且人车不分流，小孩在楼下玩耍或者推婴儿车极为不安全。,要求有超大面宽南向双阳台（观景家政分离），主卧大飘窗能270度直面自然景观。,主要在陆家嘴/徐家汇CBD上班，首选地铁2/9号线沿线，通勤半小时内。,倡导轻户外，周末常带家人自驾野营或山系徒步，注重生活情调与手作咖啡。,名下持有一套旧两居，置换回款 65% + 个人理财储蓄补充 + 公积金商业贷,重性价比，不盲信大牌，但要求物业管理有序、绿化修剪及时、人防技防规范。,常年本地稳定居住，工作日职住通勤动线规则单一。
上_2003_00248,上海,2003,本地改善,52,男,1.4,18.1,0.45,30.1,5,2,否,B,agent,0.89,0.47,0.73,0.43,0.6,0.85,0.51,0.59,0.63,自住-改善,两室一厅,99,2045,区财政局科员,二胎黄金期中大户型,上海中环品质两居，车位及空间极其拥挤,小区无地下车库且人车不分流，小孩在楼下玩耍或者推婴儿车极为不安全。,要求有超大面宽南向双阳台（观景家政分离），主卧大飘窗能270度直面自然景观。,主要在陆家嘴/徐家汇CBD上班，首选地铁2/9号线沿线，通勤半小时内。,倡导轻户外，周末常带家人自驾野营或山系徒步，注重生活情调与手作咖啡。,名下持有一套旧两居，置换回款 65% + 个人理财储蓄补充 + 公积金商业贷,重性价比，不盲信大牌，但要求物业管理有序、绿化修剪及时、人防技防规范。,常年本地稳定居住，工作日职住通勤动线规则单一。
上_2003_00249,上海,2003,本地改善,54,女,1.2,13.5,0.45,22.4,4,2,否,B,agent,0.9,0.35,0.59,0.45,0.51,0.82,0.57,0.71,0.54,自住-改善,两室两厅,65,2991,国企车间技术主任,二胎黄金期中大户型,上海中环品质两居，车位及空间极其拥挤,小区无地下车库且人车不分流，小孩在楼下玩耍或者推婴儿车极为不安全。,讲究超高得房率（超85%），主卧套房必须配备独立步入式衣帽间与干湿分离双卫。,主要在陆家嘴/徐家汇CBD上班，首选地铁2/9号线沿线，通勤半小时内。,倡导轻户外，周末常带家人自驾野营或山系徒步，注重生活情调与手作咖啡。,名下持有一套旧两居，置换回款 65% + 个人理财储蓄补充 + 公积金商业贷,重性价比，不盲信大牌，但要求物业管理有序、绿化修剪及时、人防技防规范。,常年本地稳定居住，工作日职住通勤动线规则单一。
上_2003_00250,上海,2003,金融精英,35,女,2.9,24.6,0.4,46.1,3,2,否,A,research,0.73,0.52,0.73,0.64,0.61,0.59,0.94,0.84,0.84,自住-首套,一室一厅,77,3815,老牌证券公司营业部经理,二胎黄金期中大户型,市中心私密洋房住宅,无高端私密会所及管家式物业配套，圈层鱼龙混杂，高净值居住体验差。,要求有超大面宽南向双阳台（观景家政分离），主卧大飘窗能270度直面自然景观。,主要在陆家嘴/徐家汇CBD上班，首选地铁2/9号线沿线，通勤半小时内。,周末常去高端商圈消费，热衷打网球和马术，重度手冲咖啡及黑胶唱片发烧友。,夫妻双方积蓄 + 双方父母出资赞助首付 + 公积金商业组合贷款,非仁恒、绿城、万科等金牌开发商不买，极度看重高端精装质量与顶级物业的增值口碑。,常年本地稳定居住，工作日职住通勤动线规则单一。
上_2003_00251,上海,2003,外籍海归,41,男,1.6,12.5,0.4,23.5,2,1,否,A,social,0.68,0.51,0.49,0.5,0.78,0.72,0.72,0.84,0.7,自住-首套,两室两厅,53,3011,合资日化企业技术主管,三口之家(学龄段),市中心私密洋房住宅,无高端私密会所及管家式物业配套，圈层鱼龙混杂，高净值居住体验差。,讲究超高得房率（超85%），主卧套房必须配备独立步入式衣帽间与干湿分离双卫。,主要在陆家嘴/徐家汇CBD上班，首选地铁2/9号线沿线，通勤半小时内。,周末常去高端商圈消费，热衷打网球和马术，重度手冲咖啡及黑胶唱片发烧友。,夫妻双方积蓄 + 双方父母出资赞助首付 + 公积金商业组合贷款,重性价比，不盲信大牌，但要求物业管理有序、绿化修剪及时、人防技防规范。,常年本地稳定居住，工作日职住通勤动线规则单一。
上_2003_00252,上海,2003,长三角家庭,43,男,1.2,10.4,0.45,17.3,3,3,是,B,agent,0.96,0.39,0.59,0.64,0.44,0.91,0.42,0.61,0.71,自住-改善,两室两厅,99,1416,国企车间技术主任,二胎黄金期中大户型,上海中环品质两居，车位及空间极其拥挤,小区无地下车库且人车不分流，小孩在楼下玩耍或者推婴儿车极为不安全。,讲究超高得房率（超85%），主卧套房必须配备独立步入式衣帽间与干湿分离双卫。,主要在陆家嘴/徐家汇CBD上班，首选地铁2/9号线沿线，通勤半小时内。,倡导轻户外，周末常带家人自驾野营或山系徒步，注重生活情调与手作咖啡。,名下持有一套旧两居，置换回款 65% + 个人理财储蓄补充 + 公积金商业贷,非仁恒、绿城、万科等金牌开发商不买，极度看重高端精装质量与顶级物业的增值口碑。,常年本地稳定居住，工作日职住通勤动线规则单一。
上_2003_00253,上海,2003,本地改善,56,男,0.6,4.3,0.45,7.2,3,1,否,B,agent,0.83,0.52,0.47,0.52,0.46,0.92,0.69,0.78,0.55,自住-改善,两室一厅,68,669,邮政局局长秘书,三口之家(学龄段),上海中环品质两居，车位及空间极其拥挤,小区无地下车库且人车不分流，小孩在楼下玩耍或者推婴儿车极为不安全。,讲究超高得房率（超85%），主卧套房必须配备独立步入式衣帽间与干湿分离双卫。,主要在陆家嘴/徐家汇CBD上班，首选地铁2/9号线沿线，通勤半小时内。,倡导轻户外，周末常带家人自驾野营或山系徒步，注重生活情调与手作咖啡。,名下持有一套旧两居，置换回款 65% + 个人理财储蓄补充 + 公积金商业贷,重性价比，不盲信大牌，但要求物业管理有序、绿化修剪及时、人防技防规范。,常年本地稳定居住，工作日职住通勤动线规则单一。
上_2003_00254,上海,2003,金融精英,34,男,2.8,17.8,0.4,33.3,3,0,是,A,research,0.65,0.37,0.59,0.56,0.8,0.69,0.66,0.82,0.67,自住-首套,一室一厅,64,3571,申银万国证券分析员,新婚过渡两居,市中心私密洋房住宅,当前房屋属于旧多层无电梯房，父母年纪渐高每天爬楼梯极为吃力。,核心要求地块属于第一梯队名校学区，且周边500米内解决幼小衔接教育配套。,主要在陆家嘴/徐家汇CBD上班，首选地铁2/9号线沿线，通勤半小时内。,周末常去高端商圈消费，热衷打网球和马术，重度手冲咖啡及黑胶唱片发烧友。,夫妻双方积蓄 + 双方父母出资赞助首付 + 公积金商业组合贷款,重性价比，不盲信大牌，但要求物业管理有序、绿化修剪及时、人防技防规范。,常年本地稳定居住，工作日职住通勤动线规则单一。
上_2003_00255,上海,2003,外籍海归,30,男,2.4,19.6,0.4,36.7,2,0,否,A,social,0.75,0.45,0.77,0.64,0.83,0.61,0.6,0.83,0.57,自住-首套,两室两厅,84,3474,合资日化企业技术主管,新婚过渡两居,西湖边高精平层,无高端私密会所及管家式物业配套，圈层鱼龙混杂，高净值居住体验差。,要求有超大面宽南向双阳台（观景家政分离），主卧大飘窗能270度直面自然景观。,主要在陆家嘴/徐家汇CBD上班，首选地铁2/9号线沿线，通勤半小时内。,周末常去高端商圈消费，热衷打网球和马术，重度手冲咖啡及黑胶唱片发烧友。,夫妻双方积蓄 + 双方父母出资赞助首付 + 公积金商业组合贷款,重性价比，不盲信大牌，但要求物业管理有序、绿化修剪及时、人防技防规范。,常年本地稳定居住，工作日职住通勤动线规则单一。
上_2003_00256,上海,2003,长三角家庭,36,男,0.7,6.0,0.45,10.0,4,2,是,B,agent,0.85,0.64,0.55,0.62,0.48,0.76,0.23,0.71,0.65,自住-首套,两室两厅,53,1561,区财政局科员,二胎黄金期中大户型,上海中环品质两居，车位及空间极其拥挤,小区无地下车库且人车不分流，小孩在楼下玩耍或者推婴儿车极为不安全。,讲究超高得房率（超85%），主卧套房必须配备独立步入式衣帽间与干湿分离双卫。,主要在陆家嘴/徐家汇CBD上班，首选地铁2/9号线沿线，通勤半小时内。,倡导轻户外，周末常带家人自驾野营或山系徒步，注重生活情调与手作咖啡。,夫妻双方积蓄 + 双方父母出资赞助首付 + 公积金商业组合贷款,重性价比，不盲信大牌，但要求物业管理有序、绿化修剪及时、人防技防规范。,常年本地稳定居住，工作日职住通勤动线规则单一。
上_2003_00257,上海,2003,本地改善,49,男,0.6,7.0,0.45,11.6,4,2,是,B,agent,0.49,0.5,0.44,0.54,0.52,0.83,0.67,0.78,0.59,自住-改善,两室一厅,69,1484,国企车间技术主任,二胎黄金期中大户型,上海中环品质两居，车位及空间极其拥挤,小区无地下车库且人车不分流，小孩在楼下玩耍或者推婴儿车极为不安全。,讲究超高得房率（超85%），主卧套房必须配备独立步入式衣帽间与干湿分离双卫。,主要在陆家嘴/徐家汇CBD上班，首选地铁2/9号线沿线，通勤半小时内。,倡导轻户外，周末常带家人自驾野营或山系徒步，注重生活情调与手作咖啡。,名下持有一套旧两居，置换回款 65% + 个人理财储蓄补充 + 公积金商业贷,重性价比，不盲信大牌，但要求物业管理有序、绿化修剪及时、人防技防规范。,常年本地稳定居住，工作日职住通勤动线规则单一。
上_2003_00258,上海,2003,金融精英,48,男,2.2,13.9,0.4,26.1,2,2,否,A,research,0.59,0.53,0.69,0.56,0.79,0.79,0.69,0.87,0.86,自住-首套,两室一厅,70,2303,申银万国证券分析员,二胎黄金期中大户型,陆家嘴核心区江景大平层,无高端私密会所及管家式物业配套，圈层鱼龙混杂，高净值居住体验差。,讲究超高得房率（超85%），主卧套房必须配备独立步入式衣帽间与干湿分离双卫。,主要在陆家嘴/徐家汇CBD上班，首选地铁2/9号线沿线，通勤半小时内。,周末常去高端商圈消费，热衷打网球和马术，重度手冲咖啡及黑胶唱片发烧友。,夫妻双方积蓄 + 双方父母出资赞助首付 + 公积金商业组合贷款,非仁恒、绿城、万科等金牌开发商不买，极度看重高端精装质量与顶级物业的增值口碑。,常年本地稳定居住，工作日职住通勤动线规则单一。
上_2003_00259,上海,2003,本地改善,45,男,1.5,12.5,0.45,20.8,5,2,否,B,agent,0.67,0.6,0.6,0.42,0.47,0.9,0.7,0.66,0.58,自住-改善,一室一厅,67,2268,邮政局局长秘书,二胎黄金期中大户型,上海中环品质两居，车位及空间极其拥挤,小区无地下车库且人车不分流，小孩在楼下玩耍或者推婴儿车极为不安全。,讲究超高得房率（超85%），主卧套房必须配备独立步入式衣帽间与干湿分离双卫。,主要在陆家嘴/徐家汇CBD上班，首选地铁2/9号线沿线，通勤半小时内。,倡导轻户外，周末常带家人自驾野营或山系徒步，注重生活情调与手作咖啡。,名下持有一套旧两居，置换回款 65% + 个人理财储蓄补充 + 公积金商业贷,重性价比，不盲信大牌，但要求物业管理有序、绿化修剪及时、人防技防规范。,常年本地稳定居住，工作日职住通勤动线规则单一。
上_2003_00260,上海,2003,教育型买房,41,男,0.8,5.2,0.4,9.7,2,2,否,B,social,1,0.55,0.15,0.55,0.68,0.71,0.46,0.9,0.69,学区房,一室一厅,67,932,市第二中学地理教师,二胎黄金期中大户型,上海中环品质两居，车位及空间极其拥挤,小区无地下车库且人车不分流，小孩在楼下玩耍或者推婴儿车极为不安全。,讲究超高得房率（超85%），主卧套房必须配备独立步入式衣帽间与干湿分离双卫。,主要在陆家嘴/徐家汇CBD上班，首选地铁2/9号线沿线，通勤半小时内。,倡导轻户外，周末常带家人自驾野营或山系徒步，注重生活情调与手作咖啡。,名下持有一套旧两居，置换回款 65% + 个人理财储蓄补充 + 公积金商业贷,重性价比，不盲信大牌，但要求物业管理有序、绿化修剪及时、人防技防规范。,常年本地稳定居住，工作日职住通勤动线规则单一。
上_2003_00261,上海,2003,金融精英,33,女,3.2,20.9,0.4,39.3,3,2,是,A,research,0.75,0.6,0.6,0.68,0.65,0.77,0.7,0.74,0.93,婚房,两室两厅,66,5268,老牌证券公司营业部经理,二胎黄金期中大户型,市中心私密洋房住宅,当前房屋属于旧多层无电梯房，父母年纪渐高每天爬楼梯极为吃力。,讲究超高得房率（超85%），主卧套房必须配备独立步入式衣帽间与干湿分离双卫。,主要在陆家嘴/徐家汇CBD上班，首选地铁2/9号线沿线，通勤半小时内。,周末常去高端商圈消费，热衷打网球和马术，重度手冲咖啡及黑胶唱片发烧友。,夫妻双方积蓄 + 双方父母出资赞助首付 + 公积金商业组合贷款,非仁恒、绿城、万科等金牌开发商不买，极度看重高端精装质量与顶级物业的增值口碑。,常年本地稳定居住，工作日职住通勤动线规则单一。
上_2003_00262,上海,2003,金融精英,47,男,3.1,26.4,0.4,49.6,3,1,是,A,research,0.95,0.35,0.71,0.5,0.82,0.73,0.69,0.85,0.88,自住-改善,一室一厅,91,3650,商业银行支行信贷科长,三口之家(学龄段),陆家嘴核心区江景大平层,当前房屋属于旧多层无电梯房，父母年纪渐高每天爬楼梯极为吃力。,要求有超大面宽南向双阳台（观景家政分离），主卧大飘窗能270度直面自然景观。,主要在陆家嘴/徐家汇CBD上班，首选地铁2/9号线沿线，通勤半小时内。,周末常去高端商圈消费，热衷打网球和马术，重度手冲咖啡及黑胶唱片发烧友。,名下已有企业股权套现或分红现金，一次性全款付清，基本不加杠杆,非仁恒、绿城、万科等金牌开发商不买，极度看重高端精装质量与顶级物业的增值口碑。,常年本地稳定居住，工作日职住通勤动线规则单一。
上_2003_00263,上海,2003,金融精英,49,女,2.5,14.9,0.4,27.9,3,2,否,A,research,0.96,0.31,0.58,0.64,0.69,0.74,0.64,0.71,0.8,自住-改善,两室一厅,87,1634,老牌证券公司营业部经理,二胎黄金期中大户型,西湖边高精平层,无高端私密会所及管家式物业配套，圈层鱼龙混杂，高净值居住体验差。,讲究超高得房率（超85%），主卧套房必须配备独立步入式衣帽间与干湿分离双卫。,主要在陆家嘴/徐家汇CBD上班，首选地铁2/9号线沿线，通勤半小时内。,周末常去高端商圈消费，热衷打网球和马术，重度手冲咖啡及黑胶唱片发烧友。,名下已有企业股权套现或分红现金，一次性全款付清，基本不加杠杆,非仁恒、绿城、万科等金牌开发商不买，极度看重高端精装质量与顶级物业的增值口碑。,常年本地稳定居住，工作日职住通勤动线规则单一。
上_2003_00264,上海,2003,金融精英,50,男,1.4,12.2,0.4,22.8,3,1,否,A,research,0.56,0.52,0.62,0.56,0.74,0.7,0.58,0.74,0.7,自住-首套,两室两厅,88,2226,申银万国证券分析员,三口之家(学龄段),市中心私密洋房住宅,无高端私密会所及管家式物业配套，圈层鱼龙混杂，高净值居住体验差。,讲究超高得房率（超85%），主卧套房必须配备独立步入式衣帽间与干湿分离双卫。,主要在陆家嘴/徐家汇CBD上班，首选地铁2/9号线沿线，通勤半小时内。,周末常去高端商圈消费，热衷打网球和马术，重度手冲咖啡及黑胶唱片发烧友。,夫妻双方积蓄 + 双方父母出资赞助首付 + 公积金商业组合贷款,重性价比，不盲信大牌，但要求物业管理有序、绿化修剪及时、人防技防规范。,常年本地稳定居住，工作日职住通勤动线规则单一。
上_2003_00265,上海,2003,本地改善,47,女,0.7,6.5,0.45,10.9,4,1,否,B,agent,0.86,0.45,0.53,0.57,0.48,0.91,0.53,0.68,0.68,自住-改善,一室一厅,68,1114,邮政局局长秘书,三口之家(学龄段),上海中环品质两居，车位及空间极其拥挤,小区无地下车库且人车不分流，小孩在楼下玩耍或者推婴儿车极为不安全。,讲究超高得房率（超85%），主卧套房必须配备独立步入式衣帽间与干湿分离双卫。,主要在陆家嘴/徐家汇CBD上班，首选地铁2/9号线沿线，通勤半小时内。,倡导轻户外，周末常带家人自驾野营或山系徒步，注重生活情调与手作咖啡。,名下持有一套旧两居，置换回款 65% + 个人理财储蓄补充 + 公积金商业贷,重性价比，不盲信大牌，但要求物业管理有序、绿化修剪及时、人防技防规范。,常年本地稳定居住，工作日职住通勤动线规则单一。
上_2003_00266,上海,2003,本地改善,51,女,1.6,15.3,0.45,25.5,5,2,否,B,agent,0.58,0.48,0.56,0.43,0.57,0.99,0.68,0.7,0.54,自住-改善,两室一厅,93,2451,区财政局科员,二胎黄金期中大户型,上海中环品质两居，车位及空间极其拥挤,小区无地下车库且人车不分流，小孩在楼下玩耍或者推婴儿车极为不安全。,讲究超高得房率（超85%），主卧套房必须配备独立步入式衣帽间与干湿分离双卫。,主要在陆家嘴/徐家汇CBD上班，首选地铁2/9号线沿线，通勤半小时内。,倡导轻户外，周末常带家人自驾野营或山系徒步，注重生活情调与手作咖啡。,名下持有一套旧两居，置换回款 65% + 个人理财储蓄补充 + 公积金商业贷,重性价比，不盲信大牌，但要求物业管理有序、绿化修剪及时、人防技防规范。,常年本地稳定居住，工作日职住通勤动线规则单一。
上_2003_00267,上海,2003,本地改善,56,女,0.5,4.4,0.45,7.4,4,2,是,B,agent,0.49,0.44,0.52,0.55,0.42,0.77,0.55,0.65,0.68,自住-改善,一室一厅,59,1031,邮政局局长秘书,二胎黄金期中大户型,上海中环品质两居，车位及空间极其拥挤,小区无地下车库且人车不分流，小孩在楼下玩耍或者推婴儿车极为不安全。,讲究超高得房率（超85%），主卧套房必须配备独立步入式衣帽间与干湿分离双卫。,主要在陆家嘴/徐家汇CBD上班，首选地铁2/9号线沿线，通勤半小时内。,倡导轻户外，周末常带家人自驾野营或山系徒步，注重生活情调与手作咖啡。,名下持有一套旧两居，置换回款 65% + 个人理财储蓄补充 + 公积金商业贷,重性价比，不盲信大牌，但要求物业管理有序、绿化修剪及时、人防技防规范。,常年本地稳定居住，工作日职住通勤动线规则单一。
上_2003_00268,上海,2003,金融精英,40,女,2.0,13.8,0.4,25.9,3,1,否,A,research,0.55,0.41,0.58,0.47,0.77,0.73,0.63,0.77,0.86,自住-改善,两室一厅,50,3687,老牌证券公司营业部经理,三口之家(学龄段),陆家嘴核心区江景大平层,无高端私密会所及管家式物业配套，圈层鱼龙混杂，高净值居住体验差。,讲究超高得房率（超85%），主卧套房必须配备独立步入式衣帽间与干湿分离双卫。,主要在陆家嘴/徐家汇CBD上班，首选地铁2/9号线沿线，通勤半小时内。,周末常去高端商圈消费，热衷打网球和马术，重度手冲咖啡及黑胶唱片发烧友。,名下已有企业股权套现或分红现金，一次性全款付清，基本不加杠杆,非仁恒、绿城、万科等金牌开发商不买，极度看重高端精装质量与顶级物业的增值口碑。,常年本地稳定居住，工作日职住通勤动线规则单一。
上_2003_00269,上海,2003,本地改善,40,男,0.9,11.1,0.45,18.5,4,3,是,B,agent,0.96,0.59,0.6,0.38,0.41,0.91,0.57,0.47,0.57,自住-改善,一室一厅,64,1915,国企车间技术主任,二胎黄金期中大户型,上海中环品质两居，车位及空间极其拥挤,小区无地下车库且人车不分流，小孩在楼下玩耍或者推婴儿车极为不安全。,讲究超高得房率（超85%），主卧套房必须配备独立步入式衣帽间与干湿分离双卫。,主要在陆家嘴/徐家汇CBD上班，首选地铁2/9号线沿线，通勤半小时内。,倡导轻户外，周末常带家人自驾野营或山系徒步，注重生活情调与手作咖啡。,名下持有一套旧两居，置换回款 65% + 个人理财储蓄补充 + 公积金商业贷,重性价比，不盲信大牌，但要求物业管理有序、绿化修剪及时、人防技防规范。,常年本地稳定居住，工作日职住通勤动线规则单一。
上_2003_00270,上海,2003,本地改善,49,女,1.4,13.8,0.45,23.0,5,3,是,B,agent,0.73,0.56,0.62,0.51,0.51,0.89,0.5,0.55,0.6,自住-改善,一室一厅,70,2173,区财政局科员,二胎黄金期中大户型,上海中环品质两居，车位及空间极其拥挤,小区无地下车库且人车不分流，小孩在楼下玩耍或者推婴儿车极为不安全。,讲究超高得房率（超85%），主卧套房必须配备独立步入式衣帽间与干湿分离双卫。,主要在陆家嘴/徐家汇CBD上班，首选地铁2/9号线沿线，通勤半小时内。,倡导轻户外，周末常带家人自驾野营或山系徒步，注重生活情调与手作咖啡。,名下持有一套旧两居，置换回款 65% + 个人理财储蓄补充 + 公积金商业贷,重性价比，不盲信大牌，但要求物业管理有序、绿化修剪及时、人防技防规范。,常年本地稳定居住，工作日职住通勤动线规则单一。
上_2003_00271,上海,2003,本地改善,43,男,0.6,6.2,0.45,10.3,4,3,否,B,agent,0.8,0.42,0.51,0.55,0.66,0.91,0.65,0.65,0.53,自住-改善,两室两厅,51,1719,区财政局科员,二胎黄金期中大户型,上海中环品质两居，车位及空间极其拥挤,小区无地下车库且人车不分流，小孩在楼下玩耍或者推婴儿车极为不安全。,讲究超高得房率（超85%），主卧套房必须配备独立步入式衣帽间与干湿分离双卫。,主要在陆家嘴/徐家汇CBD上班，首选地铁2/9号线沿线，通勤半小时内。,倡导轻户外，周末常带家人自驾野营或山系徒步，注重生活情调与手作咖啡。,名下持有一套旧两居，置换回款 65% + 个人理财储蓄补充 + 公积金商业贷,重性价比，不盲信大牌，但要求物业管理有序、绿化修剪及时、人防技防规范。,常年本地稳定居住，工作日职住通勤动线规则单一。
上_2003_00272,上海,2003,金融精英,37,男,1.2,11.0,0.4,20.6,3,1,否,A,research,0.83,0.46,0.74,0.68,0.78,0.76,0.73,0.92,0.87,自住-改善,两室两厅,78,2007,商业银行支行信贷科长,三口之家(幼龄段),陆家嘴核心区江景大平层,无高端私密会所及管家式物业配套，圈层鱼龙混杂，高净值居住体验差。,要求有超大面宽南向双阳台（观景家政分离），主卧大飘窗能270度直面自然景观。,主要在陆家嘴/徐家汇CBD上班，首选地铁2/9号线沿线，通勤半小时内。,周末常去高端商圈消费，热衷打网球和马术，重度手冲咖啡及黑胶唱片发烧友。,名下已有企业股权套现或分红现金，一次性全款付清，基本不加杠杆,非仁恒、绿城、万科等金牌开发商不买，极度看重高端精装质量与顶级物业的增值口碑。,常年本地稳定居住，工作日职住通勤动线规则单一。
上_2003_00273,上海,2003,本地改善,51,女,1.1,13.9,0.45,23.2,3,2,是,B,agent,0.83,0.52,0.68,0.53,0.62,0.79,0.65,0.67,0.52,自住-改善,一室一厅,75,2237,国企车间技术主任,二胎黄金期中大户型,上海中环品质两居，车位及空间极其拥挤,小区无地下车库且人车不分流，小孩在楼下玩耍或者推婴儿车极为不安全。,讲究超高得房率（超85%），主卧套房必须配备独立步入式衣帽间与干湿分离双卫。,主要在陆家嘴/徐家汇CBD上班，首选地铁2/9号线沿线，通勤半小时内。,倡导轻户外，周末常带家人自驾野营或山系徒步，注重生活情调与手作咖啡。,名下持有一套旧两居，置换回款 65% + 个人理财储蓄补充 + 公积金商业贷,重性价比，不盲信大牌，但要求物业管理有序、绿化修剪及时、人防技防规范。,常年本地稳定居住，工作日职住通勤动线规则单一。
上_2003_00274,上海,2003,金融精英,32,女,1.2,9.4,0.4,17.7,3,1,否,A,research,0.75,0.36,0.58,0.57,0.79,0.71,0.65,0.87,0.8,自住-首套,两室一厅,83,1566,老牌证券公司营业部经理,三口之家(幼龄段),市中心私密洋房住宅,无高端私密会所及管家式物业配套，圈层鱼龙混杂，高净值居住体验差。,讲究超高得房率（超85%），主卧套房必须配备独立步入式衣帽间与干湿分离双卫。,主要在陆家嘴/徐家汇CBD上班，首选地铁2/9号线沿线，通勤半小时内。,周末常去高端商圈消费，热衷打网球和马术，重度手冲咖啡及黑胶唱片发烧友。,夫妻双方积蓄 + 双方父母出资赞助首付 + 公积金商业组合贷款,非仁恒、绿城、万科等金牌开发商不买，极度看重高端精装质量与顶级物业的增值口碑。,常年本地稳定居住，工作日职住通勤动线规则单一。
上_2003_00275,上海,2003,本地改善,48,男,1.0,10.2,0.45,17.1,4,2,是,B,agent,0.64,0.4,0.53,0.46,0.59,0.84,0.54,0.58,0.66,自住-改善,两室两厅,69,1960,国企车间技术主任,二胎黄金期中大户型,上海中环品质两居，车位及空间极其拥挤,小区无地下车库且人车不分流，小孩在楼下玩耍或者推婴儿车极为不安全。,讲究超高得房率（超85%），主卧套房必须配备独立步入式衣帽间与干湿分离双卫。,主要在陆家嘴/徐家汇CBD上班，首选地铁2/9号线沿线，通勤半小时内。,倡导轻户外，周末常带家人自驾野营或山系徒步，注重生活情调与手作咖啡。,名下持有一套旧两居，置换回款 65% + 个人理财储蓄补充 + 公积金商业贷,重性价比，不盲信大牌，但要求物业管理有序、绿化修剪及时、人防技防规范。,常年本地稳定居住，工作日职住通勤动线规则单一。
上_2003_00276,上海,2003,本地改善,56,女,1.2,11.1,0.45,18.5,4,2,否,B,agent,0.75,0.49,0.57,0.49,0.51,0.74,0.5,0.74,0.83,自住-改善,两室一厅,52,2294,邮政局局长秘书,二胎黄金期中大户型,上海中环品质两居，车位及空间极其拥挤,小区无地下车库且人车不分流，小孩在楼下玩耍或者推婴儿车极为不安全。,讲究超高得房率（超85%），主卧套房必须配备独立步入式衣帽间与干湿分离双卫。,主要在陆家嘴/徐家汇CBD上班，首选地铁2/9号线沿线，通勤半小时内。,倡导轻户外，周末常带家人自驾野营或山系徒步，注重生活情调与手作咖啡。,名下持有一套旧两居，置换回款 65% + 个人理财储蓄补充 + 公积金商业贷,非仁恒、绿城、万科等金牌开发商不买，极度看重高端精装质量与顶级物业的增值口碑。,常年本地稳定居住，工作日职住通勤动线规则单一。
上_2003_00277,上海,2003,本地改善,49,女,1.5,18.3,0.45,30.5,3,2,否,B,agent,0.63,0.43,0.52,0.5,0.54,0.8,0.65,0.65,0.59,自住-改善,两室一厅,50,4681,区财政局科员,二胎黄金期中大户型,上海中环品质两居，车位及空间极其拥挤,小区无地下车库且人车不分流，小孩在楼下玩耍或者推婴儿车极为不安全。,讲究超高得房率（超85%），主卧套房必须配备独立步入式衣帽间与干湿分离双卫。,主要在陆家嘴/徐家汇CBD上班，首选地铁2/9号线沿线，通勤半小时内。,倡导轻户外，周末常带家人自驾野营或山系徒步，注重生活情调与手作咖啡。,名下持有一套旧两居，置换回款 65% + 个人理财储蓄补充 + 公积金商业贷,重性价比，不盲信大牌，但要求物业管理有序、绿化修剪及时、人防技防规范。,常年本地稳定居住，工作日职住通勤动线规则单一。
上_2003_00278,上海,2003,教育型买房,38,女,2.0,15.2,0.4,28.5,3,0,否,B,social,1,0.39,0.38,0.38,0.65,0.85,0.54,0.96,0.58,学区房,两室两厅,52,3678,市第二中学地理教师,成熟期核心家庭,上海中环品质两居，车位及空间极其拥挤,老小区隔音差，邻里滋扰严重，且车位严重匮乏，每晚加班回来抢车位像打仗。,讲究超高得房率（超85%），主卧套房必须配备独立步入式衣帽间与干湿分离双卫。,主要在陆家嘴/徐家汇CBD上班，首选地铁2/9号线沿线，通勤半小时内。,倡导轻户外，周末常带家人自驾野营或山系徒步，注重生活情调与手作咖啡。,名下持有一套旧两居，置换回款 65% + 个人理财储蓄补充 + 公积金商业贷,重性价比，不盲信大牌，但要求物业管理有序、绿化修剪及时、人防技防规范。,常年本地稳定居住，工作日职住通勤动线规则单一。
上_2003_00279,上海,2003,本地改善,56,女,1.4,17.9,0.45,29.9,5,2,否,B,agent,0.73,0.55,0.59,0.59,0.55,0.77,0.63,0.63,0.47,自住-改善,一室一厅,64,3739,区财政局科员,二胎黄金期中大户型,上海中环品质两居，车位及空间极其拥挤,小区无地下车库且人车不分流，小孩在楼下玩耍或者推婴儿车极为不安全。,讲究超高得房率（超85%），主卧套房必须配备独立步入式衣帽间与干湿分离双卫。,主要在陆家嘴/徐家汇CBD上班，首选地铁2/9号线沿线，通勤半小时内。,倡导轻户外，周末常带家人自驾野营或山系徒步，注重生活情调与手作咖啡。,名下持有一套旧两居，置换回款 65% + 个人理财储蓄补充 + 公积金商业贷,重性价比，不盲信大牌，但要求物业管理有序、绿化修剪及时、人防技防规范。,常年本地稳定居住，工作日职住通勤动线规则单一。
上_2003_00280,上海,2003,本地改善,58,女,0.5,5.9,0.45,9.8,4,2,否,B,agent,0.81,0.65,0.56,0.57,0.52,0.83,0.7,0.75,0.57,自住-改善,两室两厅,93,876,区财政局科员,二胎黄金期中大户型,上海中环品质两居，车位及空间极其拥挤,小区无地下车库且人车不分流，小孩在楼下玩耍或者推婴儿车极为不安全。,讲究超高得房率（超85%），主卧套房必须配备独立步入式衣帽间与干湿分离双卫。,主要在陆家嘴/徐家汇CBD上班，首选地铁2/9号线沿线，通勤半小时内。,倡导轻户外，周末常带家人自驾野营或山系徒步，注重生活情调与手作咖啡。,名下持有一套旧两居，置换回款 65% + 个人理财储蓄补充 + 公积金商业贷,重性价比，不盲信大牌，但要求物业管理有序、绿化修剪及时、人防技防规范。,常年本地稳定居住，工作日职住通勤动线规则单一。
上_2003_00281,上海,2003,本地改善,46,男,0.5,3.9,0.45,6.5,3,2,否,B,agent,0.91,0.56,0.63,0.51,0.61,0.95,0.65,0.74,0.67,自住-改善,两室两厅,73,522,邮政局局长秘书,二胎黄金期中大户型,上海中环品质两居，车位及空间极其拥挤,小区无地下车库且人车不分流，小孩在楼下玩耍或者推婴儿车极为不安全。,讲究超高得房率（超85%），主卧套房必须配备独立步入式衣帽间与干湿分离双卫。,主要在陆家嘴/徐家汇CBD上班，首选地铁2/9号线沿线，通勤半小时内。,倡导轻户外，周末常带家人自驾野营或山系徒步，注重生活情调与手作咖啡。,名下持有一套旧两居，置换回款 65% + 个人理财储蓄补充 + 公积金商业贷,重性价比，不盲信大牌，但要求物业管理有序、绿化修剪及时、人防技防规范。,常年本地稳定居住，工作日职住通勤动线规则单一。
上_2003_00282,上海,2003,金融精英,49,男,1.8,16.6,0.4,31.1,3,1,否,A,research,0.65,0.5,0.65,0.5,0.76,0.71,0.66,0.85,0.91,自住-改善,一室一厅,69,3155,老牌证券公司营业部经理,三口之家(学龄段),陆家嘴核心区江景大平层,无高端私密会所及管家式物业配套，圈层鱼龙混杂，高净值居住体验差。,讲究超高得房率（超85%），主卧套房必须配备独立步入式衣帽间与干湿分离双卫。,主要在陆家嘴/徐家汇CBD上班，首选地铁2/9号线沿线，通勤半小时内。,周末常去高端商圈消费，热衷打网球和马术，重度手冲咖啡及黑胶唱片发烧友。,名下已有企业股权套现或分红现金，一次性全款付清，基本不加杠杆,非仁恒、绿城、万科等金牌开发商不买，极度看重高端精装质量与顶级物业的增值口碑。,常年本地稳定居住，工作日职住通勤动线规则单一。
上_2003_00283,上海,2003,本地改善,53,男,0.5,5.4,0.45,9.0,4,3,否,B,agent,0.86,0.48,0.65,0.32,0.71,0.9,0.63,0.71,0.59,自住-改善,两室一厅,79,644,市第二中学地理教师,二胎黄金期中大户型,上海中环品质两居，车位及空间极其拥挤,小区无地下车库且人车不分流，小孩在楼下玩耍或者推婴儿车极为不安全。,讲究超高得房率（超85%），主卧套房必须配备独立步入式衣帽间与干湿分离双卫。,主要在陆家嘴/徐家汇CBD上班，首选地铁2/9号线沿线，通勤半小时内。,倡导轻户外，周末常带家人自驾野营或山系徒步，注重生活情调与手作咖啡。,名下持有一套旧两居，置换回款 65% + 个人理财储蓄补充 + 公积金商业贷,重性价比，不盲信大牌，但要求物业管理有序、绿化修剪及时、人防技防规范。,常年本地稳定居住，工作日职住通勤动线规则单一。
上_2003_00284,上海,2003,金融精英,32,男,1.8,13.8,0.4,25.9,3,1,否,A,research,0.85,0.45,0.55,0.57,0.78,0.75,0.65,0.83,0.83,婚房,一室一厅,76,2527,老牌证券公司营业部经理,三口之家(幼龄段),市中心私密洋房住宅,无高端私密会所及管家式物业配套，圈层鱼龙混杂，高净值居住体验差。,讲究超高得房率（超85%），主卧套房必须配备独立步入式衣帽间与干湿分离双卫。,主要在陆家嘴/徐家汇CBD上班，首选地铁2/9号线沿线，通勤半小时内。,周末常去高端商圈消费，热衷打网球和马术，重度手冲咖啡及黑胶唱片发烧友。,夫妻双方积蓄 + 双方父母出资赞助首付 + 公积金商业组合贷款,非仁恒、绿城、万科等金牌开发商不买，极度看重高端精装质量与顶级物业的增值口碑。,常年本地稳定居住，工作日职住通勤动线规则单一。
上_2003_00285,上海,2003,金融精英,42,女,2.5,18.4,0.4,34.6,4,1,否,A,research,0.93,0.51,0.64,0.6,0.61,0.73,0.68,0.97,0.71,自住-首套,一室一厅,64,4460,老牌证券公司营业部经理,三口之家(学龄段),陆家嘴核心区江景大平层,无高端私密会所及管家式物业配套，圈层鱼龙混杂，高净值居住体验差。,讲究超高得房率（超85%），主卧套房必须配备独立步入式衣帽间与干湿分离双卫。,主要在陆家嘴/徐家汇CBD上班，首选地铁2/9号线沿线，通勤半小时内。,周末常去高端商圈消费，热衷打网球和马术，重度手冲咖啡及黑胶唱片发烧友。,夫妻双方积蓄 + 双方父母出资赞助首付 + 公积金商业组合贷款,非仁恒、绿城、万科等金牌开发商不买，极度看重高端精装质量与顶级物业的增值口碑。,常年本地稳定居住，工作日职住通勤动线规则单一。
上_2003_00286,上海,2003,本地改善,48,男,1.7,21.7,0.45,36.2,3,2,是,B,agent,0.58,0.57,0.68,0.43,0.45,0.99,0.51,0.7,0.65,自住-改善,两室一厅,62,3277,市第二中学地理教师,二胎黄金期中大户型,上海中环品质两居，车位及空间极其拥挤,小区无地下车库且人车不分流，小孩在楼下玩耍或者推婴儿车极为不安全。,讲究超高得房率（超85%），主卧套房必须配备独立步入式衣帽间与干湿分离双卫。,主要在陆家嘴/徐家汇CBD上班，首选地铁2/9号线沿线，通勤半小时内。,倡导轻户外，周末常带家人自驾野营或山系徒步，注重生活情调与手作咖啡。,名下持有一套旧两居，置换回款 65% + 个人理财储蓄补充 + 公积金商业贷,重性价比，不盲信大牌，但要求物业管理有序、绿化修剪及时、人防技防规范。,常年本地稳定居住，工作日职住通勤动线规则单一。
上_2003_00287,上海,2003,教育型买房,36,男,1.0,8.3,0.4,15.5,4,1,是,B,social,0.76,0.54,0.33,0.4,0.67,0.8,0.48,1,0.47,学区房,一室一厅,88,1448,邮政局局长秘书,三口之家(幼龄段),上海中环品质两居，车位及空间极其拥挤,小区无地下车库且人车不分流，小孩在楼下玩耍或者推婴儿车极为不安全。,讲究超高得房率（超85%），主卧套房必须配备独立步入式衣帽间与干湿分离双卫。,主要在陆家嘴/徐家汇CBD上班，首选地铁2/9号线沿线，通勤半小时内。,倡导轻户外，周末常带家人自驾野营或山系徒步，注重生活情调与手作咖啡。,名下持有一套旧两居，置换回款 65% + 个人理财储蓄补充 + 公积金商业贷,重性价比，不盲信大牌，但要求物业管理有序、绿化修剪及时、人防技防规范。,常年本地稳定居住，工作日职住通勤动线规则单一。
上_2003_00288,上海,2003,本地改善,51,男,0.9,10.3,0.45,17.2,5,3,是,B,agent,0.46,0.51,0.65,0.47,0.41,0.91,0.47,0.57,0.6,自住-改善,一室一厅,86,1562,市第二中学地理教师,二胎黄金期中大户型,上海中环品质两居，车位及空间极其拥挤,小区无地下车库且人车不分流，小孩在楼下玩耍或者推婴儿车极为不安全。,讲究超高得房率（超85%），主卧套房必须配备独立步入式衣帽间与干湿分离双卫。,主要在陆家嘴/徐家汇CBD上班，首选地铁2/9号线沿线，通勤半小时内。,倡导轻户外，周末常带家人自驾野营或山系徒步，注重生活情调与手作咖啡。,名下持有一套旧两居，置换回款 65% + 个人理财储蓄补充 + 公积金商业贷,重性价比，不盲信大牌，但要求物业管理有序、绿化修剪及时、人防技防规范。,常年本地稳定居住，工作日职住通勤动线规则单一。
上_2003_00289,上海,2003,金融精英,37,女,1.5,14.7,0.4,27.6,3,0,是,A,research,0.72,0.39,0.66,0.6,0.79,0.74,0.71,0.82,0.93,自住-首套,一室一厅,82,2893,老牌证券公司营业部经理,成熟期核心家庭,市中心私密洋房住宅,当前房屋属于旧多层无电梯房，父母年纪渐高每天爬楼梯极为吃力。,讲究超高得房率（超85%），主卧套房必须配备独立步入式衣帽间与干湿分离双卫。,主要在陆家嘴/徐家汇CBD上班，首选地铁2/9号线沿线，通勤半小时内。,周末常去高端商圈消费，热衷打网球和马术，重度手冲咖啡及黑胶唱片发烧友。,夫妻双方积蓄 + 双方父母出资赞助首付 + 公积金商业组合贷款,非仁恒、绿城、万科等金牌开发商不买，极度看重高端精装质量与顶级物业的增值口碑。,常年本地稳定居住，工作日职住通勤动线规则单一。
上_2003_00290,上海,2003,教育型买房,46,男,2.3,16.5,0.4,31.0,3,1,否,B,social,0.87,0.5,0.36,0.42,0.57,0.85,0.61,0.89,0.53,学区房,一室一厅,64,3833,国企车间技术主任,三口之家(学龄段),上海中环品质两居，车位及空间极其拥挤,小区无地下车库且人车不分流，小孩在楼下玩耍或者推婴儿车极为不安全。,讲究超高得房率（超85%），主卧套房必须配备独立步入式衣帽间与干湿分离双卫。,主要在陆家嘴/徐家汇CBD上班，首选地铁2/9号线沿线，通勤半小时内。,倡导轻户外，周末常带家人自驾野营或山系徒步，注重生活情调与手作咖啡。,名下持有一套旧两居，置换回款 65% + 个人理财储蓄补充 + 公积金商业贷,重性价比，不盲信大牌，但要求物业管理有序、绿化修剪及时、人防技防规范。,常年本地稳定居住，工作日职住通勤动线规则单一。
上_2003_00291,上海,2003,本地改善,38,女,0.7,7.5,0.45,12.5,5,3,是,B,agent,0.54,0.49,0.49,0.35,0.52,0.87,0.57,0.65,0.53,自住-改善,两室一厅,51,1769,邮政局局长秘书,二胎黄金期中大户型,上海中环品质两居，车位及空间极其拥挤,小区无地下车库且人车不分流，小孩在楼下玩耍或者推婴儿车极为不安全。,讲究超高得房率（超85%），主卧套房必须配备独立步入式衣帽间与干湿分离双卫。,主要在陆家嘴/徐家汇CBD上班，首选地铁2/9号线沿线，通勤半小时内。,倡导轻户外，周末常带家人自驾野营或山系徒步，注重生活情调与手作咖啡。,名下持有一套旧两居，置换回款 65% + 个人理财储蓄补充 + 公积金商业贷,重性价比，不盲信大牌，但要求物业管理有序、绿化修剪及时、人防技防规范。,常年本地稳定居住，工作日职住通勤动线规则单一。
上_2003_00292,上海,2003,金融精英,32,男,2.2,22.1,0.4,41.4,4,2,否,A,research,0.72,0.46,0.72,0.62,0.77,0.63,0.53,0.91,0.73,自住-首套,两室一厅,94,3433,老牌证券公司营业部经理,二胎黄金期中大户型,陆家嘴核心区江景大平层,无高端私密会所及管家式物业配套，圈层鱼龙混杂，高净值居住体验差。,要求有超大面宽南向双阳台（观景家政分离），主卧大飘窗能270度直面自然景观。,主要在陆家嘴/徐家汇CBD上班，首选地铁2/9号线沿线，通勤半小时内。,周末常去高端商圈消费，热衷打网球和马术，重度手冲咖啡及黑胶唱片发烧友。,夫妻双方积蓄 + 双方父母出资赞助首付 + 公积金商业组合贷款,非仁恒、绿城、万科等金牌开发商不买，极度看重高端精装质量与顶级物业的增值口碑。,常年本地稳定居住，工作日职住通勤动线规则单一。
上_2003_00293,上海,2003,本地改善,44,男,1.3,16.6,0.45,27.6,4,3,是,B,agent,0.74,0.41,0.66,0.63,0.59,0.88,0.58,0.72,0.47,自住-改善,一室一厅,62,3821,区财政局科员,二胎黄金期中大户型,上海中环品质两居，车位及空间极其拥挤,小区无地下车库且人车不分流，小孩在楼下玩耍或者推婴儿车极为不安全。,讲究超高得房率（超85%），主卧套房必须配备独立步入式衣帽间与干湿分离双卫。,主要在陆家嘴/徐家汇CBD上班，首选地铁2/9号线沿线，通勤半小时内。,倡导轻户外，周末常带家人自驾野营或山系徒步，注重生活情调与手作咖啡。,名下持有一套旧两居，置换回款 65% + 个人理财储蓄补充 + 公积金商业贷,重性价比，不盲信大牌，但要求物业管理有序、绿化修剪及时、人防技防规范。,常年本地稳定居住，工作日职住通勤动线规则单一。
上_2003_00294,上海,2003,金融精英,45,女,1.9,17.9,0.4,33.5,3,1,否,A,research,0.78,0.52,0.72,0.67,0.81,0.65,0.77,0.81,0.68,自住-改善,两室一厅,73,3434,老牌证券公司营业部经理,三口之家(学龄段),市中心私密洋房住宅,无高端私密会所及管家式物业配套，圈层鱼龙混杂，高净值居住体验差。,要求有超大面宽南向双阳台（观景家政分离），主卧大飘窗能270度直面自然景观。,主要在陆家嘴/徐家汇CBD上班，首选地铁2/9号线沿线，通勤半小时内。,周末常去高端商圈消费，热衷打网球和马术，重度手冲咖啡及黑胶唱片发烧友。,名下已有企业股权套现或分红现金，一次性全款付清，基本不加杠杆,重性价比，不盲信大牌，但要求物业管理有序、绿化修剪及时、人防技防规范。,常年本地稳定居住，工作日职住通勤动线规则单一。
上_2003_00295,上海,2003,本地改善,46,女,1.3,12.2,0.45,20.3,5,2,是,B,agent,0.32,0.44,0.58,0.56,0.57,0.87,0.59,0.79,0.64,自住-改善,一室一厅,81,1897,邮政局局长秘书,二胎黄金期中大户型,上海中环品质两居，车位及空间极其拥挤,小区无地下车库且人车不分流，小孩在楼下玩耍或者推婴儿车极为不安全。,讲究超高得房率（超85%），主卧套房必须配备独立步入式衣帽间与干湿分离双卫。,主要在陆家嘴/徐家汇CBD上班，首选地铁2/9号线沿线，通勤半小时内。,倡导轻户外，周末常带家人自驾野营或山系徒步，注重生活情调与手作咖啡。,名下持有一套旧两居，置换回款 65% + 个人理财储蓄补充 + 公积金商业贷,重性价比，不盲信大牌，但要求物业管理有序、绿化修剪及时、人防技防规范。,常年本地稳定居住，工作日职住通勤动线规则单一。
上_2003_00296,上海,2003,本地改善,48,男,0.8,8.2,0.45,13.7,5,2,否,B,agent,0.83,0.51,0.53,0.45,0.62,0.82,0.56,0.51,0.7,自住-改善,两室两厅,100,1097,邮政局局长秘书,二胎黄金期中大户型,上海中环品质两居，车位及空间极其拥挤,小区无地下车库且人车不分流，小孩在楼下玩耍或者推婴儿车极为不安全。,讲究超高得房率（超85%），主卧套房必须配备独立步入式衣帽间与干湿分离双卫。,主要在陆家嘴/徐家汇CBD上班，首选地铁2/9号线沿线，通勤半小时内。,倡导轻户外，周末常带家人自驾野营或山系徒步，注重生活情调与手作咖啡。,名下持有一套旧两居，置换回款 65% + 个人理财储蓄补充 + 公积金商业贷,重性价比，不盲信大牌，但要求物业管理有序、绿化修剪及时、人防技防规范。,常年本地稳定居住，工作日职住通勤动线规则单一。
上_2003_00297,上海,2003,本地改善,42,男,0.8,8.5,0.45,14.1,4,2,是,B,agent,1,0.55,0.48,0.61,0.48,0.9,0.65,0.76,0.78,自住-改善,两室两厅,69,1550,国企车间技术主任,二胎黄金期中大户型,上海中环品质两居，车位及空间极其拥挤,小区无地下车库且人车不分流，小孩在楼下玩耍或者推婴儿车极为不安全。,讲究超高得房率（超85%），主卧套房必须配备独立步入式衣帽间与干湿分离双卫。,主要在陆家嘴/徐家汇CBD上班，首选地铁2/9号线沿线，通勤半小时内。,倡导轻户外，周末常带家人自驾野营或山系徒步，注重生活情调与手作咖啡。,名下持有一套旧两居，置换回款 65% + 个人理财储蓄补充 + 公积金商业贷,非仁恒、绿城、万科等金牌开发商不买，极度看重高端精装质量与顶级物业的增值口碑。,常年本地稳定居住，工作日职住通勤动线规则单一。
上_2003_00298,上海,2003,外籍海归,43,女,2.0,15.2,0.4,28.6,3,1,否,A,social,1,0.42,0.51,0.55,0.74,0.76,0.48,0.91,0.62,自住-改善,一室一厅,55,4309,合资日化企业技术主管,三口之家(学龄段),市中心私密洋房住宅,无高端私密会所及管家式物业配套，圈层鱼龙混杂，高净值居住体验差。,讲究超高得房率（超85%），主卧套房必须配备独立步入式衣帽间与干湿分离双卫。,主要在陆家嘴/徐家汇CBD上班，首选地铁2/9号线沿线，通勤半小时内。,周末常去高端商圈消费，热衷打网球和马术，重度手冲咖啡及黑胶唱片发烧友。,名下已有企业股权套现或分红现金，一次性全款付清，基本不加杠杆,重性价比，不盲信大牌，但要求物业管理有序、绿化修剪及时、人防技防规范。,常年本地稳定居住，工作日职住通勤动线规则单一。
上_2003_00299,上海,2003,本地改善,39,女,0.8,7.0,0.45,11.7,3,2,是,B,agent,1,0.36,0.6,0.49,0.36,0.78,0.58,0.75,0.69,自住-改善,一室一厅,94,644,市第二中学地理教师,二胎黄金期中大户型,上海中环品质两居，车位及空间极其拥挤,小区无地下车库且人车不分流，小孩在楼下玩耍或者推婴儿车极为不安全。,讲究超高得房率（超85%），主卧套房必须配备独立步入式衣帽间与干湿分离双卫。,主要在陆家嘴/徐家汇CBD上班，首选地铁2/9号线沿线，通勤半小时内。,倡导轻户外，周末常带家人自驾野营或山系徒步，注重生活情调与手作咖啡。,名下持有一套旧两居，置换回款 65% + 个人理财储蓄补充 + 公积金商业贷,重性价比，不盲信大牌，但要求物业管理有序、绿化修剪及时、人防技防规范。,常年本地稳定居住，工作日职住通勤动线规则单一。
上_2003_00300,上海,2003,金融精英,32,男,1.2,11.1,0.4,20.9,4,1,否,A,research,0.97,0.46,0.77,0.4,0.65,0.61,0.69,0.75,1,自住-首套,一室一厅,98,1682,商业银行支行信贷科长,三口之家(幼龄段),陆家嘴核心区江景大平层,无高端私密会所及管家式物业配套，圈层鱼龙混杂，高净值居住体验差。,要求有超大面宽南向双阳台（观景家政分离），主卧大飘窗能270度直面自然景观。,主要在陆家嘴/徐家汇CBD上班，首选地铁2/9号线沿线，通勤半小时内。,周末常去高端商圈消费，热衷打网球和马术，重度手冲咖啡及黑胶唱片发烧友。,夫妻双方积蓄 + 双方父母出资赞助首付 + 公积金商业组合贷款,非仁恒、绿城、万科等金牌开发商不买，极度看重高端精装质量与顶级物业的增值口碑。,常年本地稳定居住，工作日职住通勤动线规则单一。
上_2003_00301,上海,2003,金融精英,46,男,3.1,28.0,0.4,52.4,3,0,是,A,research,0.89,0.55,0.75,0.64,0.75,0.78,0.63,0.76,0.77,自住-首套,一室一厅,57,8193,申银万国证券分析员,成熟期核心家庭,市中心私密洋房住宅,当前房屋属于旧多层无电梯房，父母年纪渐高每天爬楼梯极为吃力。,要求有超大面宽南向双阳台（观景家政分离），主卧大飘窗能270度直面自然景观。,主要在陆家嘴/徐家汇CBD上班，首选地铁2/9号线沿线，通勤半小时内。,周末常去高端商圈消费，热衷打网球和马术，重度手冲咖啡及黑胶唱片发烧友。,夫妻双方积蓄 + 双方父母出资赞助首付 + 公积金商业组合贷款,非仁恒、绿城、万科等金牌开发商不买，极度看重高端精装质量与顶级物业的增值口碑。,常年本地稳定居住，工作日职住通勤动线规则单一。
上_2003_00302,上海,2003,金融精英,46,男,2.9,17.3,0.4,32.5,3,2,是,A,research,0.58,0.52,0.69,0.71,0.65,0.65,0.75,0.96,0.85,自住-改善,一室一厅,67,3368,商业银行支行信贷科长,二胎黄金期中大户型,陆家嘴核心区江景大平层,当前房屋属于旧多层无电梯房，父母年纪渐高每天爬楼梯极为吃力。,要求独立电梯入户，主次卧动线分明，配备独立保姆房和私密后院。,主要在陆家嘴/徐家汇CBD上班，首选地铁2/9号线沿线，通勤半小时内。,周末常去高端商圈消费，热衷打网球和马术，重度手冲咖啡及黑胶唱片发烧友。,名下已有企业股权套现或分红现金，一次性全款付清，基本不加杠杆,非仁恒、绿城、万科等金牌开发商不买，极度看重高端精装质量与顶级物业的增值口碑。,常年本地稳定居住，工作日职住通勤动线规则单一。
上_2003_00303,上海,2003,本地改善,48,男,0.5,6.4,0.45,10.7,4,2,是,B,agent,0.95,0.53,0.52,0.49,0.5,0.85,0.76,0.65,0.75,自住-改善,两室一厅,67,1316,市第二中学地理教师,二胎黄金期中大户型,上海中环品质两居，车位及空间极其拥挤,小区无地下车库且人车不分流，小孩在楼下玩耍或者推婴儿车极为不安全。,讲究超高得房率（超85%），主卧套房必须配备独立步入式衣帽间与干湿分离双卫。,主要在陆家嘴/徐家汇CBD上班，首选地铁2/9号线沿线，通勤半小时内。,倡导轻户外，周末常带家人自驾野营或山系徒步，注重生活情调与手作咖啡。,名下持有一套旧两居，置换回款 65% + 个人理财储蓄补充 + 公积金商业贷,非仁恒、绿城、万科等金牌开发商不买，极度看重高端精装质量与顶级物业的增值口碑。,常年本地稳定居住，工作日职住通勤动线规则单一。
上_2003_00304,上海,2003,金融精英,34,男,1.5,11.3,0.4,21.2,3,1,否,A,research,0.74,0.43,0.65,0.66,0.77,0.64,0.8,0.74,0.6,自住-首套,两室两厅,82,1745,商业银行支行信贷科长,三口之家(幼龄段),陆家嘴核心区江景大平层,无高端私密会所及管家式物业配套，圈层鱼龙混杂，高净值居住体验差。,核心要求地块属于第一梯队名校学区，且周边500米内解决幼小衔接教育配套。,主要在陆家嘴/徐家汇CBD上班，首选地铁2/9号线沿线，通勤半小时内。,周末常去高端商圈消费，热衷打网球和马术，重度手冲咖啡及黑胶唱片发烧友。,夫妻双方积蓄 + 双方父母出资赞助首付 + 公积金商业组合贷款,重性价比，不盲信大牌，但要求物业管理有序、绿化修剪及时、人防技防规范。,常年本地稳定居住，工作日职住通勤动线规则单一。
上_2003_00305,上海,2003,本地改善,53,女,1.2,9.9,0.45,16.5,5,2,是,B,agent,0.75,0.43,0.62,0.48,0.41,0.76,0.45,0.62,0.64,自住-改善,一室一厅,85,1199,区财政局科员,二胎黄金期中大户型,上海中环品质两居，车位及空间极其拥挤,小区无地下车库且人车不分流，小孩在楼下玩耍或者推婴儿车极为不安全。,讲究超高得房率（超85%），主卧套房必须配备独立步入式衣帽间与干湿分离双卫。,主要在陆家嘴/徐家汇CBD上班，首选地铁2/9号线沿线，通勤半小时内。,倡导轻户外，周末常带家人自驾野营或山系徒步，注重生活情调与手作咖啡。,名下持有一套旧两居，置换回款 65% + 个人理财储蓄补充 + 公积金商业贷,重性价比，不盲信大牌，但要求物业管理有序、绿化修剪及时、人防技防规范。,常年本地稳定居住，工作日职住通勤动线规则单一。
上_2003_00306,上海,2003,教育型买房,48,女,1.2,11.2,0.4,20.9,3,1,是,B,social,1,0.33,0.49,0.32,0.64,0.78,0.63,1,0.57,学区房,两室两厅,86,2059,国企车间技术主任,三口之家(学龄段),上海中环品质两居，车位及空间极其拥挤,小区无地下车库且人车不分流，小孩在楼下玩耍或者推婴儿车极为不安全。,讲究超高得房率（超85%），主卧套房必须配备独立步入式衣帽间与干湿分离双卫。,主要在陆家嘴/徐家汇CBD上班，首选地铁2/9号线沿线，通勤半小时内。,倡导轻户外，周末常带家人自驾野营或山系徒步，注重生活情调与手作咖啡。,名下持有一套旧两居，置换回款 65% + 个人理财储蓄补充 + 公积金商业贷,重性价比，不盲信大牌，但要求物业管理有序、绿化修剪及时、人防技防规范。,常年本地稳定居住，工作日职住通勤动线规则单一。
上_2003_00307,上海,2003,本地改善,40,女,1.5,10.7,0.45,17.8,4,2,否,B,agent,0.86,0.49,0.62,0.41,0.56,0.82,0.57,0.73,0.54,自住-改善,两室两厅,77,1316,邮政局局长秘书,二胎黄金期中大户型,上海中环品质两居，车位及空间极其拥挤,小区无地下车库且人车不分流，小孩在楼下玩耍或者推婴儿车极为不安全。,讲究超高得房率（超85%），主卧套房必须配备独立步入式衣帽间与干湿分离双卫。,主要在陆家嘴/徐家汇CBD上班，首选地铁2/9号线沿线，通勤半小时内。,倡导轻户外，周末常带家人自驾野营或山系徒步，注重生活情调与手作咖啡。,名下持有一套旧两居，置换回款 65% + 个人理财储蓄补充 + 公积金商业贷,重性价比，不盲信大牌，但要求物业管理有序、绿化修剪及时、人防技防规范。,常年本地稳定居住，工作日职住通勤动线规则单一。
上_2003_00308,上海,2003,本地改善,44,男,0.6,5.8,0.45,9.7,4,2,是,B,agent,0.8,0.56,0.5,0.57,0.58,0.88,0.62,0.85,0.63,自住-改善,一室一厅,91,661,市第二中学地理教师,二胎黄金期中大户型,上海中环品质两居，车位及空间极其拥挤,小区无地下车库且人车不分流，小孩在楼下玩耍或者推婴儿车极为不安全。,讲究超高得房率（超85%），主卧套房必须配备独立步入式衣帽间与干湿分离双卫。,主要在陆家嘴/徐家汇CBD上班，首选地铁2/9号线沿线，通勤半小时内。,倡导轻户外，周末常带家人自驾野营或山系徒步，注重生活情调与手作咖啡。,名下持有一套旧两居，置换回款 65% + 个人理财储蓄补充 + 公积金商业贷,重性价比，不盲信大牌，但要求物业管理有序、绿化修剪及时、人防技防规范。,常年本地稳定居住，工作日职住通勤动线规则单一。
上_2003_00309,上海,2003,本地改善,38,女,0.8,9.9,0.45,16.5,5,1,否,B,agent,0.65,0.45,0.63,0.51,0.55,0.83,0.63,0.82,0.46,自住-改善,一室一厅,63,1466,国企车间技术主任,三口之家(学龄段),上海中环品质两居，车位及空间极其拥挤,小区无地下车库且人车不分流，小孩在楼下玩耍或者推婴儿车极为不安全。,讲究超高得房率（超85%），主卧套房必须配备独立步入式衣帽间与干湿分离双卫。,主要在陆家嘴/徐家汇CBD上班，首选地铁2/9号线沿线，通勤半小时内。,倡导轻户外，周末常带家人自驾野营或山系徒步，注重生活情调与手作咖啡。,名下持有一套旧两居，置换回款 65% + 个人理财储蓄补充 + 公积金商业贷,重性价比，不盲信大牌，但要求物业管理有序、绿化修剪及时、人防技防规范。,常年本地稳定居住，工作日职住通勤动线规则单一。
上_2003_00310,上海,2003,本地改善,47,男,0.9,7.2,0.45,12.0,5,1,否,B,agent,0.49,0.48,0.5,0.58,0.35,0.91,0.61,0.83,0.48,自住-改善,两室一厅,81,799,区财政局科员,三口之家(学龄段),上海中环品质两居，车位及空间极其拥挤,小区无地下车库且人车不分流，小孩在楼下玩耍或者推婴儿车极为不安全。,讲究超高得房率（超85%），主卧套房必须配备独立步入式衣帽间与干湿分离双卫。,主要在陆家嘴/徐家汇CBD上班，首选地铁2/9号线沿线，通勤半小时内。,倡导轻户外，周末常带家人自驾野营或山系徒步，注重生活情调与手作咖啡。,名下持有一套旧两居，置换回款 65% + 个人理财储蓄补充 + 公积金商业贷,重性价比，不盲信大牌，但要求物业管理有序、绿化修剪及时、人防技防规范。,常年本地稳定居住，工作日职住通勤动线规则单一。
上_2003_00311,上海,2003,长三角家庭,53,男,1.2,9.1,0.45,15.2,4,2,否,B,agent,0.82,0.48,0.55,0.51,0.61,0.72,0.4,0.57,0.8,自住-首套,两室两厅,75,1117,市第二中学地理教师,二胎黄金期中大户型,上海中环品质两居，车位及空间极其拥挤,小区无地下车库且人车不分流，小孩在楼下玩耍或者推婴儿车极为不安全。,讲究超高得房率（超85%），主卧套房必须配备独立步入式衣帽间与干湿分离双卫。,主要在陆家嘴/徐家汇CBD上班，首选地铁2/9号线沿线，通勤半小时内。,倡导轻户外，周末常带家人自驾野营或山系徒步，注重生活情调与手作咖啡。,夫妻双方积蓄 + 双方父母出资赞助首付 + 公积金商业组合贷款,非仁恒、绿城、万科等金牌开发商不买，极度看重高端精装质量与顶级物业的增值口碑。,常年本地稳定居住，工作日职住通勤动线规则单一。
上_2003_00312,上海,2003,本地改善,48,男,0.5,6.6,0.45,11.1,3,2,否,B,agent,0.71,0.48,0.66,0.47,0.59,0.9,0.66,0.77,0.62,自住-改善,两室一厅,79,1170,市第二中学地理教师,二胎黄金期中大户型,上海中环品质两居，车位及空间极其拥挤,小区无地下车库且人车不分流，小孩在楼下玩耍或者推婴儿车极为不安全。,讲究超高得房率（超85%），主卧套房必须配备独立步入式衣帽间与干湿分离双卫。,主要在陆家嘴/徐家汇CBD上班，首选地铁2/9号线沿线，通勤半小时内。,倡导轻户外，周末常带家人自驾野营或山系徒步，注重生活情调与手作咖啡。,名下持有一套旧两居，置换回款 65% + 个人理财储蓄补充 + 公积金商业贷,重性价比，不盲信大牌，但要求物业管理有序、绿化修剪及时、人防技防规范。,常年本地稳定居住，工作日职住通勤动线规则单一。
上_2003_00313,上海,2003,教育型买房,34,女,1.1,8.1,0.4,15.2,3,1,否,B,social,1,0.33,0.27,0.37,0.68,0.83,0.51,0.95,0.5,学区房,一室一厅,76,1626,国企车间技术主任,三口之家(幼龄段),上海中环品质两居，车位及空间极其拥挤,小区无地下车库且人车不分流，小孩在楼下玩耍或者推婴儿车极为不安全。,讲究超高得房率（超85%），主卧套房必须配备独立步入式衣帽间与干湿分离双卫。,主要在陆家嘴/徐家汇CBD上班，首选地铁2/9号线沿线，通勤半小时内。,倡导轻户外，周末常带家人自驾野营或山系徒步，注重生活情调与手作咖啡。,名下持有一套旧两居，置换回款 65% + 个人理财储蓄补充 + 公积金商业贷,重性价比，不盲信大牌，但要求物业管理有序、绿化修剪及时、人防技防规范。,常年本地稳定居住，工作日职住通勤动线规则单一。
上_2003_00314,上海,2003,本地改善,40,女,1.2,13.4,0.45,22.3,4,2,是,B,agent,0.75,0.53,0.57,0.48,0.54,0.77,0.52,0.74,0.61,自住-改善,两室两厅,67,1803,邮政局局长秘书,二胎黄金期中大户型,上海中环品质两居，车位及空间极其拥挤,小区无地下车库且人车不分流，小孩在楼下玩耍或者推婴儿车极为不安全。,讲究超高得房率（超85%），主卧套房必须配备独立步入式衣帽间与干湿分离双卫。,主要在陆家嘴/徐家汇CBD上班，首选地铁2/9号线沿线，通勤半小时内。,倡导轻户外，周末常带家人自驾野营或山系徒步，注重生活情调与手作咖啡。,名下持有一套旧两居，置换回款 65% + 个人理财储蓄补充 + 公积金商业贷,重性价比，不盲信大牌，但要求物业管理有序、绿化修剪及时、人防技防规范。,常年本地稳定居住，工作日职住通勤动线规则单一。
上_2003_00315,上海,2003,教育型买房,47,女,1.0,10.3,0.4,19.3,3,1,否,B,social,0.8,0.42,0.37,0.37,0.68,0.52,0.69,0.85,0.7,学区房,两室两厅,80,1478,国企车间技术主任,三口之家(学龄段),上海中环品质两居，车位及空间极其拥挤,小区无地下车库且人车不分流，小孩在楼下玩耍或者推婴儿车极为不安全。,核心要求地块属于第一梯队名校学区，且周边500米内解决幼小衔接教育配套。,主要在陆家嘴/徐家汇CBD上班，首选地铁2/9号线沿线，通勤半小时内。,倡导轻户外，周末常带家人自驾野营或山系徒步，注重生活情调与手作咖啡。,名下持有一套旧两居，置换回款 65% + 个人理财储蓄补充 + 公积金商业贷,非仁恒、绿城、万科等金牌开发商不买，极度看重高端精装质量与顶级物业的增值口碑。,常年本地稳定居住，工作日职住通勤动线规则单一。
上_2003_00316,上海,2003,本地改善,44,男,1.3,13.3,0.45,22.2,5,2,否,B,agent,0.85,0.55,0.48,0.6,0.68,0.81,0.66,0.7,0.48,自住-改善,一室一厅,73,1750,区财政局科员,二胎黄金期中大户型,上海中环品质两居，车位及空间极其拥挤,小区无地下车库且人车不分流，小孩在楼下玩耍或者推婴儿车极为不安全。,讲究超高得房率（超85%），主卧套房必须配备独立步入式衣帽间与干湿分离双卫。,主要在陆家嘴/徐家汇CBD上班，首选地铁2/9号线沿线，通勤半小时内。,倡导轻户外，周末常带家人自驾野营或山系徒步，注重生活情调与手作咖啡。,名下持有一套旧两居，置换回款 65% + 个人理财储蓄补充 + 公积金商业贷,重性价比，不盲信大牌，但要求物业管理有序、绿化修剪及时、人防技防规范。,常年本地稳定居住，工作日职住通勤动线规则单一。
上_2003_00317,上海,2003,长三角家庭,46,男,1.5,13.6,0.45,22.7,5,3,是,B,agent,0.56,0.6,0.67,0.46,0.54,0.89,0.48,0.67,0.62,自住-改善,两室两厅,78,2190,市第二中学地理教师,二胎黄金期中大户型,上海中环品质两居，车位及空间极其拥挤,小区无地下车库且人车不分流，小孩在楼下玩耍或者推婴儿车极为不安全。,讲究超高得房率（超85%），主卧套房必须配备独立步入式衣帽间与干湿分离双卫。,主要在陆家嘴/徐家汇CBD上班，首选地铁2/9号线沿线，通勤半小时内。,倡导轻户外，周末常带家人自驾野营或山系徒步，注重生活情调与手作咖啡。,名下持有一套旧两居，置换回款 65% + 个人理财储蓄补充 + 公积金商业贷,重性价比，不盲信大牌，但要求物业管理有序、绿化修剪及时、人防技防规范。,常年本地稳定居住，工作日职住通勤动线规则单一。
上_2003_00318,上海,2003,金融精英,50,男,1.8,18.4,0.4,34.5,3,1,否,A,research,0.7,0.52,0.65,0.65,0.91,0.81,0.65,0.82,0.69,自住-改善,两室两厅,83,2390,商业银行支行信贷科长,三口之家(学龄段),市中心私密洋房住宅,无高端私密会所及管家式物业配套，圈层鱼龙混杂，高净值居住体验差。,讲究超高得房率（超85%），主卧套房必须配备独立步入式衣帽间与干湿分离双卫。,主要在陆家嘴/徐家汇CBD上班，首选地铁2/9号线沿线，通勤半小时内。,周末常去高端商圈消费，热衷打网球和马术，重度手冲咖啡及黑胶唱片发烧友。,名下已有企业股权套现或分红现金，一次性全款付清，基本不加杠杆,重性价比，不盲信大牌，但要求物业管理有序、绿化修剪及时、人防技防规范。,常年本地稳定居住，工作日职住通勤动线规则单一。
上_2003_00319,上海,2003,本地改善,55,女,0.9,9.0,0.45,15.0,5,2,是,B,agent,0.85,0.4,0.52,0.48,0.57,0.78,0.52,0.76,0.61,自住-改善,一室一厅,55,2145,国企车间技术主任,二胎黄金期中大户型,上海中环品质两居，车位及空间极其拥挤,小区无地下车库且人车不分流，小孩在楼下玩耍或者推婴儿车极为不安全。,讲究超高得房率（超85%），主卧套房必须配备独立步入式衣帽间与干湿分离双卫。,主要在陆家嘴/徐家汇CBD上班，首选地铁2/9号线沿线，通勤半小时内。,倡导轻户外，周末常带家人自驾野营或山系徒步，注重生活情调与手作咖啡。,名下持有一套旧两居，置换回款 65% + 个人理财储蓄补充 + 公积金商业贷,重性价比，不盲信大牌，但要求物业管理有序、绿化修剪及时、人防技防规范。,常年本地稳定居住，工作日职住通勤动线规则单一。
上_2003_00320,上海,2003,教育型买房,41,女,1.1,8.1,0.4,15.3,3,0,是,B,social,1,0.52,0.46,0.51,0.57,0.74,0.42,0.93,0.48,学区房,两室一厅,55,1508,邮政局局长秘书,成熟期核心家庭,上海中环品质两居，车位及空间极其拥挤,当前房屋属于旧多层无电梯房，父母年纪渐高每天爬楼梯极为吃力。,讲究超高得房率（超85%），主卧套房必须配备独立步入式衣帽间与干湿分离双卫。,主要在陆家嘴/徐家汇CBD上班，首选地铁2/9号线沿线，通勤半小时内。,倡导轻户外，周末常带家人自驾野营或山系徒步，注重生活情调与手作咖啡。,名下持有一套旧两居，置换回款 65% + 个人理财储蓄补充 + 公积金商业贷,重性价比，不盲信大牌，但要求物业管理有序、绿化修剪及时、人防技防规范。,常年本地稳定居住，工作日职住通勤动线规则单一。
上_2003_00321,上海,2003,本地改善,45,女,1.2,13.6,0.45,22.7,3,2,否,B,agent,0.75,0.38,0.74,0.55,0.58,0.87,0.65,0.59,0.57,自住-改善,一室一厅,53,3426,国企车间技术主任,二胎黄金期中大户型,上海中环品质两居，车位及空间极其拥挤,小区无地下车库且人车不分流，小孩在楼下玩耍或者推婴儿车极为不安全。,要求有超大面宽南向双阳台（观景家政分离），主卧大飘窗能270度直面自然景观。,主要在陆家嘴/徐家汇CBD上班，首选地铁2/9号线沿线，通勤半小时内。,倡导轻户外，周末常带家人自驾野营或山系徒步，注重生活情调与手作咖啡。,名下持有一套旧两居，置换回款 65% + 个人理财储蓄补充 + 公积金商业贷,重性价比，不盲信大牌，但要求物业管理有序、绿化修剪及时、人防技防规范。,常年本地稳定居住，工作日职住通勤动线规则单一。
上_2003_00322,上海,2003,教育型买房,44,男,0.9,8.3,0.4,15.5,4,1,否,B,social,0.51,0.36,0.47,0.47,0.66,0.74,0.54,0.85,0.53,学区房,一室一厅,82,1560,国企车间技术主任,三口之家(学龄段),上海中环品质两居，车位及空间极其拥挤,小区无地下车库且人车不分流，小孩在楼下玩耍或者推婴儿车极为不安全。,讲究超高得房率（超85%），主卧套房必须配备独立步入式衣帽间与干湿分离双卫。,主要在陆家嘴/徐家汇CBD上班，首选地铁2/9号线沿线，通勤半小时内。,倡导轻户外，周末常带家人自驾野营或山系徒步，注重生活情调与手作咖啡。,名下持有一套旧两居，置换回款 65% + 个人理财储蓄补充 + 公积金商业贷,重性价比，不盲信大牌，但要求物业管理有序、绿化修剪及时、人防技防规范。,常年本地稳定居住，工作日职住通勤动线规则单一。
上_2003_00323,上海,2003,本地改善,57,女,1.2,11.4,0.45,19.0,4,1,否,B,agent,1,0.57,0.62,0.61,0.61,0.94,0.59,0.65,0.48,自住-改善,一室一厅,76,2191,区财政局科员,三口之家(学龄段),上海中环品质两居，车位及空间极其拥挤,小区无地下车库且人车不分流，小孩在楼下玩耍或者推婴儿车极为不安全。,讲究超高得房率（超85%），主卧套房必须配备独立步入式衣帽间与干湿分离双卫。,主要在陆家嘴/徐家汇CBD上班，首选地铁2/9号线沿线，通勤半小时内。,倡导轻户外，周末常带家人自驾野营或山系徒步，注重生活情调与手作咖啡。,名下持有一套旧两居，置换回款 65% + 个人理财储蓄补充 + 公积金商业贷,重性价比，不盲信大牌，但要求物业管理有序、绿化修剪及时、人防技防规范。,常年本地稳定居住，工作日职住通勤动线规则单一。
上_2003_00324,上海,2003,教育型买房,45,女,0.6,4.4,0.4,8.2,3,1,否,B,social,0.99,0.45,0.2,0.5,0.58,0.72,0.5,1,0.56,学区房,两室一厅,89,536,区财政局科员,三口之家(学龄段),上海中环品质两居，车位及空间极其拥挤,小区无地下车库且人车不分流，小孩在楼下玩耍或者推婴儿车极为不安全。,讲究超高得房率（超85%），主卧套房必须配备独立步入式衣帽间与干湿分离双卫。,主要在陆家嘴/徐家汇CBD上班，首选地铁2/9号线沿线，通勤半小时内。,倡导轻户外，周末常带家人自驾野营或山系徒步，注重生活情调与手作咖啡。,名下持有一套旧两居，置换回款 65% + 个人理财储蓄补充 + 公积金商业贷,重性价比，不盲信大牌，但要求物业管理有序、绿化修剪及时、人防技防规范。,常年本地稳定居住，工作日职住通勤动线规则单一。
上_2003_00325,上海,2003,金融精英,41,男,3.2,25.0,0.4,46.9,3,1,否,A,research,0.91,0.56,0.67,0.57,0.91,0.89,0.66,0.88,0.86,自住-首套,一室一厅,86,4144,老牌证券公司营业部经理,三口之家(学龄段),陆家嘴核心区江景大平层,无高端私密会所及管家式物业配套，圈层鱼龙混杂，高净值居住体验差。,讲究超高得房率（超85%），主卧套房必须配备独立步入式衣帽间与干湿分离双卫。,主要在陆家嘴/徐家汇CBD上班，首选地铁2/9号线沿线，通勤半小时内。,周末常去高端商圈消费，热衷打网球和马术，重度手冲咖啡及黑胶唱片发烧友。,夫妻双方积蓄 + 双方父母出资赞助首付 + 公积金商业组合贷款,非仁恒、绿城、万科等金牌开发商不买，极度看重高端精装质量与顶级物业的增值口碑。,常年本地稳定居住，工作日职住通勤动线规则单一。
上_2003_00326,上海,2003,教育型买房,33,男,1.3,8.6,0.4,16.2,3,1,否,B,social,0.98,0.38,0.29,0.4,0.54,0.78,0.48,0.98,0.63,学区房,两室两厅,55,2099,市第二中学地理教师,三口之家(幼龄段),上海中环品质两居，车位及空间极其拥挤,小区无地下车库且人车不分流，小孩在楼下玩耍或者推婴儿车极为不安全。,讲究超高得房率（超85%），主卧套房必须配备独立步入式衣帽间与干湿分离双卫。,主要在陆家嘴/徐家汇CBD上班，首选地铁2/9号线沿线，通勤半小时内。,倡导轻户外，周末常带家人自驾野营或山系徒步，注重生活情调与手作咖啡。,名下持有一套旧两居，置换回款 65% + 个人理财储蓄补充 + 公积金商业贷,重性价比，不盲信大牌，但要求物业管理有序、绿化修剪及时、人防技防规范。,常年本地稳定居住，工作日职住通勤动线规则单一。
上_2003_00327,上海,2003,长三角家庭,53,女,0.9,5.7,0.45,9.6,4,2,否,B,agent,0.74,0.57,0.56,0.54,0.5,0.7,0.53,0.68,0.67,自住-首套,一室一厅,66,1234,区财政局科员,二胎黄金期中大户型,上海中环品质两居，车位及空间极其拥挤,小区无地下车库且人车不分流，小孩在楼下玩耍或者推婴儿车极为不安全。,讲究超高得房率（超85%），主卧套房必须配备独立步入式衣帽间与干湿分离双卫。,主要在陆家嘴/徐家汇CBD上班，首选地铁2/9号线沿线，通勤半小时内。,倡导轻户外，周末常带家人自驾野营或山系徒步，注重生活情调与手作咖啡。,夫妻双方积蓄 + 双方父母出资赞助首付 + 公积金商业组合贷款,重性价比，不盲信大牌，但要求物业管理有序、绿化修剪及时、人防技防规范。,常年本地稳定居住，工作日职住通勤动线规则单一。
上_2003_00328,上海,2003,本地改善,40,女,1.2,9.7,0.45,16.1,4,3,否,B,agent,1,0.5,0.46,0.65,0.59,0.72,0.49,0.66,0.57,自住-改善,两室一厅,85,1070,市第二中学地理教师,二胎黄金期中大户型,上海中环品质两居，车位及空间极其拥挤,小区无地下车库且人车不分流，小孩在楼下玩耍或者推婴儿车极为不安全。,讲究超高得房率（超85%），主卧套房必须配备独立步入式衣帽间与干湿分离双卫。,主要在陆家嘴/徐家汇CBD上班，首选地铁2/9号线沿线，通勤半小时内。,倡导轻户外，周末常带家人自驾野营或山系徒步，注重生活情调与手作咖啡。,名下持有一套旧两居，置换回款 65% + 个人理财储蓄补充 + 公积金商业贷,重性价比，不盲信大牌，但要求物业管理有序、绿化修剪及时、人防技防规范。,常年本地稳定居住，工作日职住通勤动线规则单一。
上_2003_00329,上海,2003,本地改善,57,男,1.4,12.0,0.45,20.0,3,2,是,B,agent,0.67,0.59,0.4,0.47,0.57,0.81,0.62,0.67,0.61,自住-改善,两室两厅,91,1347,邮政局局长秘书,二胎黄金期中大户型,上海中环品质两居，车位及空间极其拥挤,小区无地下车库且人车不分流，小孩在楼下玩耍或者推婴儿车极为不安全。,讲究超高得房率（超85%），主卧套房必须配备独立步入式衣帽间与干湿分离双卫。,主要在陆家嘴/徐家汇CBD上班，首选地铁2/9号线沿线，通勤半小时内。,倡导轻户外，周末常带家人自驾野营或山系徒步，注重生活情调与手作咖啡。,名下持有一套旧两居，置换回款 65% + 个人理财储蓄补充 + 公积金商业贷,重性价比，不盲信大牌，但要求物业管理有序、绿化修剪及时、人防技防规范。,常年本地稳定居住，工作日职住通勤动线规则单一。
上_2003_00330,上海,2003,外籍海归,37,女,2.9,18.7,0.4,35.1,3,1,否,A,social,0.84,0.44,0.72,0.61,0.89,0.76,0.81,0.89,0.84,自住-改善,两室一厅,68,4516,外企驻沪办事处代表,三口之家(幼龄段),陆家嘴核心区江景大平层,无高端私密会所及管家式物业配套，圈层鱼龙混杂，高净值居住体验差。,要求有超大面宽南向双阳台（观景家政分离），主卧大飘窗能270度直面自然景观。,主要在陆家嘴/徐家汇CBD上班，首选地铁2/9号线沿线，通勤半小时内。,周末常去高端商圈消费，热衷打网球和马术，重度手冲咖啡及黑胶唱片发烧友。,名下已有企业股权套现或分红现金，一次性全款付清，基本不加杠杆,非仁恒、绿城、万科等金牌开发商不买，极度看重高端精装质量与顶级物业的增值口碑。,常年本地稳定居住，工作日职住通勤动线规则单一。
上_2003_00331,上海,2003,本地改善,42,女,1.2,13.3,0.45,22.2,3,1,是,B,agent,0.8,0.5,0.39,0.45,0.56,0.98,0.74,0.75,0.6,自住-改善,两室两厅,100,1293,国企车间技术主任,三口之家(学龄段),上海中环品质两居，车位及空间极其拥挤,小区无地下车库且人车不分流，小孩在楼下玩耍或者推婴儿车极为不安全。,讲究超高得房率（超85%），主卧套房必须配备独立步入式衣帽间与干湿分离双卫。,主要在陆家嘴/徐家汇CBD上班，首选地铁2/9号线沿线，通勤半小时内。,倡导轻户外，周末常带家人自驾野营或山系徒步，注重生活情调与手作咖啡。,名下持有一套旧两居，置换回款 65% + 个人理财储蓄补充 + 公积金商业贷,重性价比，不盲信大牌，但要求物业管理有序、绿化修剪及时、人防技防规范。,常年本地稳定居住，工作日职住通勤动线规则单一。
上_2003_00332,上海,2003,金融精英,45,男,2.4,24.7,0.4,46.3,3,0,否,A,research,0.64,0.4,0.65,0.53,0.82,0.75,0.57,0.9,0.75,自住-改善,两室两厅,90,4012,老牌证券公司营业部经理,成熟期核心家庭,陆家嘴核心区江景大平层,无高端私密会所及管家式物业配套，圈层鱼龙混杂，高净值居住体验差。,讲究超高得房率（超85%），主卧套房必须配备独立步入式衣帽间与干湿分离双卫。,主要在陆家嘴/徐家汇CBD上班，首选地铁2/9号线沿线，通勤半小时内。,周末常去高端商圈消费，热衷打网球和马术，重度手冲咖啡及黑胶唱片发烧友。,名下已有企业股权套现或分红现金，一次性全款付清，基本不加杠杆,非仁恒、绿城、万科等金牌开发商不买，极度看重高端精装质量与顶级物业的增值口碑。,常年本地稳定居住，工作日职住通勤动线规则单一。
上_2003_00333,上海,2003,本地改善,53,男,1.2,11.2,0.45,18.6,5,3,否,B,agent,0.46,0.58,0.64,0.58,0.46,0.84,0.76,0.71,0.61,自住-改善,一室一厅,56,2033,国企车间技术主任,二胎黄金期中大户型,上海中环品质两居，车位及空间极其拥挤,小区无地下车库且人车不分流，小孩在楼下玩耍或者推婴儿车极为不安全。,讲究超高得房率（超85%），主卧套房必须配备独立步入式衣帽间与干湿分离双卫。,主要在陆家嘴/徐家汇CBD上班，首选地铁2/9号线沿线，通勤半小时内。,倡导轻户外，周末常带家人自驾野营或山系徒步，注重生活情调与手作咖啡。,名下持有一套旧两居，置换回款 65% + 个人理财储蓄补充 + 公积金商业贷,重性价比，不盲信大牌，但要求物业管理有序、绿化修剪及时、人防技防规范。,常年本地稳定居住，工作日职住通勤动线规则单一。
上_2003_00334,上海,2003,长三角家庭,40,男,1.4,10.9,0.45,18.1,4,3,是,B,agent,0.54,0.56,0.56,0.5,0.49,0.75,0.37,0.75,0.74,自住-改善,两室一厅,82,1980,区财政局科员,二胎黄金期中大户型,上海中环品质两居，车位及空间极其拥挤,小区无地下车库且人车不分流，小孩在楼下玩耍或者推婴儿车极为不安全。,讲究超高得房率（超85%），主卧套房必须配备独立步入式衣帽间与干湿分离双卫。,主要在陆家嘴/徐家汇CBD上班，首选地铁2/9号线沿线，通勤半小时内。,倡导轻户外，周末常带家人自驾野营或山系徒步，注重生活情调与手作咖啡。,名下持有一套旧两居，置换回款 65% + 个人理财储蓄补充 + 公积金商业贷,非仁恒、绿城、万科等金牌开发商不买，极度看重高端精装质量与顶级物业的增值口碑。,常年本地稳定居住，工作日职住通勤动线规则单一。
上_2003_00335,上海,2003,金融精英,39,女,2.1,12.9,0.4,24.1,2,2,否,A,research,0.84,0.42,0.62,0.62,0.79,0.87,0.71,0.82,1,自住-改善,两室两厅,92,1957,商业银行支行信贷科长,二胎黄金期中大户型,市中心私密洋房住宅,无高端私密会所及管家式物业配套，圈层鱼龙混杂，高净值居住体验差。,讲究超高得房率（超85%），主卧套房必须配备独立步入式衣帽间与干湿分离双卫。,主要在陆家嘴/徐家汇CBD上班，首选地铁2/9号线沿线，通勤半小时内。,周末常去高端商圈消费，热衷打网球和马术，重度手冲咖啡及黑胶唱片发烧友。,名下已有企业股权套现或分红现金，一次性全款付清，基本不加杠杆,非仁恒、绿城、万科等金牌开发商不买，极度看重高端精装质量与顶级物业的增值口碑。,常年本地稳定居住，工作日职住通勤动线规则单一。
上_2003_00336,上海,2003,教育型买房,32,男,2.0,19.1,0.4,35.9,3,1,是,B,social,1,0.65,0.37,0.45,0.69,0.77,0.61,1,0.61,学区房,一室一厅,96,2200,邮政局局长秘书,三口之家(幼龄段),上海中环品质两居，车位及空间极其拥挤,小区无地下车库且人车不分流，小孩在楼下玩耍或者推婴儿车极为不安全。,讲究超高得房率（超85%），主卧套房必须配备独立步入式衣帽间与干湿分离双卫。,主要在陆家嘴/徐家汇CBD上班，首选地铁2/9号线沿线，通勤半小时内。,倡导轻户外，周末常带家人自驾野营或山系徒步，注重生活情调与手作咖啡。,名下持有一套旧两居，置换回款 65% + 个人理财储蓄补充 + 公积金商业贷,重性价比，不盲信大牌，但要求物业管理有序、绿化修剪及时、人防技防规范。,常年本地稳定居住，工作日职住通勤动线规则单一。
上_2003_00337,上海,2003,本地改善,56,女,1.1,10.9,0.45,18.2,3,2,是,B,agent,0.89,0.43,0.49,0.45,0.52,0.77,0.61,0.67,0.53,自住-改善,两室一厅,80,1952,邮政局局长秘书,二胎黄金期中大户型,上海中环品质两居，车位及空间极其拥挤,小区无地下车库且人车不分流，小孩在楼下玩耍或者推婴儿车极为不安全。,讲究超高得房率（超85%），主卧套房必须配备独立步入式衣帽间与干湿分离双卫。,主要在陆家嘴/徐家汇CBD上班，首选地铁2/9号线沿线，通勤半小时内。,倡导轻户外，周末常带家人自驾野营或山系徒步，注重生活情调与手作咖啡。,名下持有一套旧两居，置换回款 65% + 个人理财储蓄补充 + 公积金商业贷,重性价比，不盲信大牌，但要求物业管理有序、绿化修剪及时、人防技防规范。,常年本地稳定居住，工作日职住通勤动线规则单一。
上_2003_00338,上海,2003,教育型买房,47,男,1.5,9.6,0.4,17.9,1,0,否,B,social,1,0.57,0.32,0.34,0.55,0.61,0.63,0.96,0.49,学区房,一室一厅,91,1140,区财政局科员,成熟期核心家庭,上海中环品质两居，车位及空间极其拥挤,老小区隔音差，邻里滋扰严重，且车位严重匮乏，每晚加班回来抢车位像打仗。,核心要求地块属于第一梯队名校学区，且周边500米内解决幼小衔接教育配套。,主要在陆家嘴/徐家汇CBD上班，首选地铁2/9号线沿线，通勤半小时内。,倡导轻户外，周末常带家人自驾野营或山系徒步，注重生活情调与手作咖啡。,名下持有一套旧两居，置换回款 65% + 个人理财储蓄补充 + 公积金商业贷,重性价比，不盲信大牌，但要求物业管理有序、绿化修剪及时、人防技防规范。,常年本地稳定居住，工作日职住通勤动线规则单一。
上_2003_00339,上海,2003,教育型买房,37,女,1.8,11.3,0.4,21.2,3,1,是,B,social,0.83,0.48,0.41,0.32,0.55,0.71,0.64,0.92,0.67,学区房,一室一厅,90,1693,市第二中学地理教师,三口之家(幼龄段),上海中环品质两居，车位及空间极其拥挤,小区无地下车库且人车不分流，小孩在楼下玩耍或者推婴儿车极为不安全。,讲究超高得房率（超85%），主卧套房必须配备独立步入式衣帽间与干湿分离双卫。,主要在陆家嘴/徐家汇CBD上班，首选地铁2/9号线沿线，通勤半小时内。,倡导轻户外，周末常带家人自驾野营或山系徒步，注重生活情调与手作咖啡。,名下持有一套旧两居，置换回款 65% + 个人理财储蓄补充 + 公积金商业贷,重性价比，不盲信大牌，但要求物业管理有序、绿化修剪及时、人防技防规范。,常年本地稳定居住，工作日职住通勤动线规则单一。
上_2003_00340,上海,2003,教育型买房,44,男,1.2,9.5,0.4,17.8,3,2,否,B,social,0.75,0.61,0.31,0.46,0.52,0.67,0.66,0.88,0.59,学区房,一室一厅,92,1031,区财政局科员,二胎黄金期中大户型,上海中环品质两居，车位及空间极其拥挤,小区无地下车库且人车不分流，小孩在楼下玩耍或者推婴儿车极为不安全。,核心要求地块属于第一梯队名校学区，且周边500米内解决幼小衔接教育配套。,主要在陆家嘴/徐家汇CBD上班，首选地铁2/9号线沿线，通勤半小时内。,倡导轻户外，周末常带家人自驾野营或山系徒步，注重生活情调与手作咖啡。,名下持有一套旧两居，置换回款 65% + 个人理财储蓄补充 + 公积金商业贷,重性价比，不盲信大牌，但要求物业管理有序、绿化修剪及时、人防技防规范。,常年本地稳定居住，工作日职住通勤动线规则单一。
上_2003_00341,上海,2003,长三角家庭,36,女,0.9,6.0,0.45,10.0,4,1,否,B,agent,0.65,0.65,0.35,0.51,0.48,0.68,0.33,0.7,0.71,自住-首套,一室一厅,54,930,区财政局科员,三口之家(幼龄段),上海中环品质两居，车位及空间极其拥挤,小区无地下车库且人车不分流，小孩在楼下玩耍或者推婴儿车极为不安全。,核心要求地块属于第一梯队名校学区，且周边500米内解决幼小衔接教育配套。,主要在陆家嘴/徐家汇CBD上班，首选地铁2/9号线沿线，通勤半小时内。,倡导轻户外，周末常带家人自驾野营或山系徒步，注重生活情调与手作咖啡。,夫妻双方积蓄 + 双方父母出资赞助首付 + 公积金商业组合贷款,非仁恒、绿城、万科等金牌开发商不买，极度看重高端精装质量与顶级物业的增值口碑。,常年本地稳定居住，工作日职住通勤动线规则单一。
上_2003_00342,上海,2003,本地改善,53,女,1.8,19.4,0.45,32.4,4,2,否,B,agent,0.72,0.53,0.49,0.41,0.65,1,0.54,0.73,0.5,自住-改善,一室一厅,54,4545,市第二中学地理教师,二胎黄金期中大户型,上海中环品质两居，车位及空间极其拥挤,小区无地下车库且人车不分流，小孩在楼下玩耍或者推婴儿车极为不安全。,讲究超高得房率（超85%），主卧套房必须配备独立步入式衣帽间与干湿分离双卫。,主要在陆家嘴/徐家汇CBD上班，首选地铁2/9号线沿线，通勤半小时内。,倡导轻户外，周末常带家人自驾野营或山系徒步，注重生活情调与手作咖啡。,名下持有一套旧两居，置换回款 65% + 个人理财储蓄补充 + 公积金商业贷,重性价比，不盲信大牌，但要求物业管理有序、绿化修剪及时、人防技防规范。,常年本地稳定居住，工作日职住通勤动线规则单一。
上_2003_00343,上海,2003,本地改善,55,女,1.0,11.3,0.45,18.8,3,2,否,B,agent,0.71,0.44,0.52,0.53,0.46,0.83,0.61,0.82,0.69,自住-改善,两室两厅,98,1042,市第二中学地理教师,二胎黄金期中大户型,上海中环品质两居，车位及空间极其拥挤,小区无地下车库且人车不分流，小孩在楼下玩耍或者推婴儿车极为不安全。,讲究超高得房率（超85%），主卧套房必须配备独立步入式衣帽间与干湿分离双卫。,主要在陆家嘴/徐家汇CBD上班，首选地铁2/9号线沿线，通勤半小时内。,倡导轻户外，周末常带家人自驾野营或山系徒步，注重生活情调与手作咖啡。,名下持有一套旧两居，置换回款 65% + 个人理财储蓄补充 + 公积金商业贷,重性价比，不盲信大牌，但要求物业管理有序、绿化修剪及时、人防技防规范。,常年本地稳定居住，工作日职住通勤动线规则单一。
上_2003_00344,上海,2003,本地改善,40,男,1.7,15.2,0.45,25.3,3,2,否,B,agent,0.93,0.43,0.63,0.27,0.55,0.8,0.63,0.6,0.71,自住-改善,一室一厅,90,2035,国企车间技术主任,二胎黄金期中大户型,上海中环品质两居，车位及空间极其拥挤,小区无地下车库且人车不分流，小孩在楼下玩耍或者推婴儿车极为不安全。,讲究超高得房率（超85%），主卧套房必须配备独立步入式衣帽间与干湿分离双卫。,主要在陆家嘴/徐家汇CBD上班，首选地铁2/9号线沿线，通勤半小时内。,倡导轻户外，周末常带家人自驾野营或山系徒步，注重生活情调与手作咖啡。,名下持有一套旧两居，置换回款 65% + 个人理财储蓄补充 + 公积金商业贷,非仁恒、绿城、万科等金牌开发商不买，极度看重高端精装质量与顶级物业的增值口碑。,常年本地稳定居住，工作日职住通勤动线规则单一。
上_2003_00345,上海,2003,本地改善,56,女,0.7,5.3,0.45,8.9,4,1,是,B,agent,0.81,0.45,0.49,0.42,0.55,0.92,0.77,0.74,0.66,自住-改善,两室两厅,75,753,区财政局科员,三口之家(学龄段),上海中环品质两居，车位及空间极其拥挤,小区无地下车库且人车不分流，小孩在楼下玩耍或者推婴儿车极为不安全。,讲究超高得房率（超85%），主卧套房必须配备独立步入式衣帽间与干湿分离双卫。,主要在陆家嘴/徐家汇CBD上班，首选地铁2/9号线沿线，通勤半小时内。,倡导轻户外，周末常带家人自驾野营或山系徒步，注重生活情调与手作咖啡。,名下持有一套旧两居，置换回款 65% + 个人理财储蓄补充 + 公积金商业贷,重性价比，不盲信大牌，但要求物业管理有序、绿化修剪及时、人防技防规范。,常年本地稳定居住，工作日职住通勤动线规则单一。
上_2003_00346,上海,2003,金融精英,32,男,1.8,11.8,0.4,22.1,4,1,否,A,research,0.67,0.42,0.54,0.52,0.69,0.74,0.55,0.79,0.75,婚房,一室一厅,99,1884,申银万国证券分析员,三口之家(幼龄段),陆家嘴核心区江景大平层,无高端私密会所及管家式物业配套，圈层鱼龙混杂，高净值居住体验差。,讲究超高得房率（超85%），主卧套房必须配备独立步入式衣帽间与干湿分离双卫。,主要在陆家嘴/徐家汇CBD上班，首选地铁2/9号线沿线，通勤半小时内。,周末常去高端商圈消费，热衷打网球和马术，重度手冲咖啡及黑胶唱片发烧友。,夫妻双方积蓄 + 双方父母出资赞助首付 + 公积金商业组合贷款,非仁恒、绿城、万科等金牌开发商不买，极度看重高端精装质量与顶级物业的增值口碑。,常年本地稳定居住，工作日职住通勤动线规则单一。
上_2003_00347,上海,2003,本地改善,52,女,1.7,17.0,0.45,28.3,4,1,否,B,agent,0.73,0.58,0.65,0.38,0.56,0.92,0.62,0.72,0.64,自住-改善,一室一厅,59,3379,区财政局科员,三口之家(学龄段),上海中环品质两居，车位及空间极其拥挤,小区无地下车库且人车不分流，小孩在楼下玩耍或者推婴儿车极为不安全。,讲究超高得房率（超85%），主卧套房必须配备独立步入式衣帽间与干湿分离双卫。,主要在陆家嘴/徐家汇CBD上班，首选地铁2/9号线沿线，通勤半小时内。,倡导轻户外，周末常带家人自驾野营或山系徒步，注重生活情调与手作咖啡。,名下持有一套旧两居，置换回款 65% + 个人理财储蓄补充 + 公积金商业贷,重性价比，不盲信大牌，但要求物业管理有序、绿化修剪及时、人防技防规范。,常年本地稳定居住，工作日职住通勤动线规则单一。
上_2003_00348,上海,2003,本地改善,51,男,0.8,6.0,0.45,10.0,4,2,是,B,agent,0.62,0.62,0.53,0.49,0.58,0.82,0.63,0.65,0.57,自住-改善,一室一厅,84,830,市第二中学地理教师,二胎黄金期中大户型,上海中环品质两居，车位及空间极其拥挤,小区无地下车库且人车不分流，小孩在楼下玩耍或者推婴儿车极为不安全。,讲究超高得房率（超85%），主卧套房必须配备独立步入式衣帽间与干湿分离双卫。,主要在陆家嘴/徐家汇CBD上班，首选地铁2/9号线沿线，通勤半小时内。,倡导轻户外，周末常带家人自驾野营或山系徒步，注重生活情调与手作咖啡。,名下持有一套旧两居，置换回款 65% + 个人理财储蓄补充 + 公积金商业贷,重性价比，不盲信大牌，但要求物业管理有序、绿化修剪及时、人防技防规范。,常年本地稳定居住，工作日职住通勤动线规则单一。
上_2003_00349,上海,2003,本地改善,56,女,0.7,6.9,0.45,11.4,4,2,是,B,agent,0.71,0.48,0.54,0.56,0.52,0.81,0.61,0.61,0.73,自住-改善,一室一厅,60,1259,市第二中学地理教师,二胎黄金期中大户型,上海中环品质两居，车位及空间极其拥挤,小区无地下车库且人车不分流，小孩在楼下玩耍或者推婴儿车极为不安全。,讲究超高得房率（超85%），主卧套房必须配备独立步入式衣帽间与干湿分离双卫。,主要在陆家嘴/徐家汇CBD上班，首选地铁2/9号线沿线，通勤半小时内。,倡导轻户外，周末常带家人自驾野营或山系徒步，注重生活情调与手作咖啡。,名下持有一套旧两居，置换回款 65% + 个人理财储蓄补充 + 公积金商业贷,非仁恒、绿城、万科等金牌开发商不买，极度看重高端精装质量与顶级物业的增值口碑。,常年本地稳定居住，工作日职住通勤动线规则单一。
上_2003_00350,上海,2003,外籍海归,44,女,2.0,10.7,0.4,20.1,3,2,否,A,social,0.86,0.62,0.51,0.52,0.67,0.87,0.68,0.8,0.68,自住-改善,两室一厅,63,2855,外企驻沪办事处代表,二胎黄金期中大户型,市中心私密洋房住宅,无高端私密会所及管家式物业配套，圈层鱼龙混杂，高净值居住体验差。,讲究超高得房率（超85%），主卧套房必须配备独立步入式衣帽间与干湿分离双卫。,主要在陆家嘴/徐家汇CBD上班，首选地铁2/9号线沿线，通勤半小时内。,周末常去高端商圈消费，热衷打网球和马术，重度手冲咖啡及黑胶唱片发烧友。,名下已有企业股权套现或分红现金，一次性全款付清，基本不加杠杆,重性价比，不盲信大牌，但要求物业管理有序、绿化修剪及时、人防技防规范。,常年本地稳定居住，工作日职住通勤动线规则单一。
上_2003_00351,上海,2003,长三角家庭,35,女,1.7,14.0,0.45,23.4,4,1,否,B,agent,0.87,0.63,0.58,0.49,0.54,0.9,0.46,0.65,0.56,自住-改善,一室一厅,92,1270,邮政局局长秘书,三口之家(幼龄段),上海中环品质两居，车位及空间极其拥挤,小区无地下车库且人车不分流，小孩在楼下玩耍或者推婴儿车极为不安全。,讲究超高得房率（超85%），主卧套房必须配备独立步入式衣帽间与干湿分离双卫。,主要在陆家嘴/徐家汇CBD上班，首选地铁2/9号线沿线，通勤半小时内。,倡导轻户外，周末常带家人自驾野营或山系徒步，注重生活情调与手作咖啡。,名下持有一套旧两居，置换回款 65% + 个人理财储蓄补充 + 公积金商业贷,重性价比，不盲信大牌，但要求物业管理有序、绿化修剪及时、人防技防规范。,常年本地稳定居住，工作日职住通勤动线规则单一。
上_2003_00352,上海,2003,教育型买房,48,女,1.8,11.3,0.4,21.1,3,2,否,B,social,0.66,0.5,0.34,0.31,0.51,0.63,0.43,0.95,0.55,学区房,一室一厅,56,3329,邮政局局长秘书,二胎黄金期中大户型,上海中环品质两居，车位及空间极其拥挤,小区无地下车库且人车不分流，小孩在楼下玩耍或者推婴儿车极为不安全。,核心要求地块属于第一梯队名校学区，且周边500米内解决幼小衔接教育配套。,主要在陆家嘴/徐家汇CBD上班，首选地铁2/9号线沿线，通勤半小时内。,倡导轻户外，周末常带家人自驾野营或山系徒步，注重生活情调与手作咖啡。,名下持有一套旧两居，置换回款 65% + 个人理财储蓄补充 + 公积金商业贷,重性价比，不盲信大牌，但要求物业管理有序、绿化修剪及时、人防技防规范。,常年本地稳定居住，工作日职住通勤动线规则单一。
上_2003_00353,上海,2003,本地改善,56,男,1.0,8.6,0.45,14.4,3,3,否,B,agent,0.64,0.64,0.54,0.54,0.47,0.84,0.6,0.76,0.7,自住-改善,一室一厅,52,2387,国企车间技术主任,二胎黄金期中大户型,上海中环品质两居，车位及空间极其拥挤,小区无地下车库且人车不分流，小孩在楼下玩耍或者推婴儿车极为不安全。,讲究超高得房率（超85%），主卧套房必须配备独立步入式衣帽间与干湿分离双卫。,主要在陆家嘴/徐家汇CBD上班，首选地铁2/9号线沿线，通勤半小时内。,倡导轻户外，周末常带家人自驾野营或山系徒步，注重生活情调与手作咖啡。,名下持有一套旧两居，置换回款 65% + 个人理财储蓄补充 + 公积金商业贷,非仁恒、绿城、万科等金牌开发商不买，极度看重高端精装质量与顶级物业的增值口碑。,常年本地稳定居住，工作日职住通勤动线规则单一。
上_2003_00354,上海,2003,本地改善,51,男,0.9,9.2,0.45,15.4,4,3,否,B,agent,0.85,0.48,0.52,0.62,0.49,0.84,0.7,0.71,0.61,自住-改善,两室两厅,99,926,邮政局局长秘书,二胎黄金期中大户型,上海中环品质两居，车位及空间极其拥挤,小区无地下车库且人车不分流，小孩在楼下玩耍或者推婴儿车极为不安全。,讲究超高得房率（超85%），主卧套房必须配备独立步入式衣帽间与干湿分离双卫。,主要在陆家嘴/徐家汇CBD上班，首选地铁2/9号线沿线，通勤半小时内。,倡导轻户外，周末常带家人自驾野营或山系徒步，注重生活情调与手作咖啡。,名下持有一套旧两居，置换回款 65% + 个人理财储蓄补充 + 公积金商业贷,重性价比，不盲信大牌，但要求物业管理有序、绿化修剪及时、人防技防规范。,常年本地稳定居住，工作日职住通勤动线规则单一。
上_2003_00355,上海,2003,外籍海归,37,男,2.7,17.3,0.4,32.4,2,0,否,A,social,0.37,0.4,0.48,0.52,0.76,0.63,0.64,0.79,0.78,自住-改善,两室两厅,86,2385,合资日化企业技术主管,成熟期核心家庭,市中心私密洋房住宅,无高端私密会所及管家式物业配套，圈层鱼龙混杂，高净值居住体验差。,核心要求地块属于第一梯队名校学区，且周边500米内解决幼小衔接教育配套。,主要在陆家嘴/徐家汇CBD上班，首选地铁2/9号线沿线，通勤半小时内。,周末常去高端商圈消费，热衷打网球和马术，重度手冲咖啡及黑胶唱片发烧友。,名下已有企业股权套现或分红现金，一次性全款付清，基本不加杠杆,非仁恒、绿城、万科等金牌开发商不买，极度看重高端精装质量与顶级物业的增值口碑。,常年本地稳定居住，工作日职住通勤动线规则单一。
上_2003_00356,上海,2003,教育型买房,47,女,1.7,15.5,0.4,29.0,3,0,否,B,social,1,0.47,0.24,0.52,0.55,0.78,0.46,0.91,0.77,学区房,一室一厅,61,2518,区财政局科员,成熟期核心家庭,上海中环品质两居，车位及空间极其拥挤,老小区隔音差，邻里滋扰严重，且车位严重匮乏，每晚加班回来抢车位像打仗。,讲究超高得房率（超85%），主卧套房必须配备独立步入式衣帽间与干湿分离双卫。,主要在陆家嘴/徐家汇CBD上班，首选地铁2/9号线沿线，通勤半小时内。,倡导轻户外，周末常带家人自驾野营或山系徒步，注重生活情调与手作咖啡。,名下持有一套旧两居，置换回款 65% + 个人理财储蓄补充 + 公积金商业贷,非仁恒、绿城、万科等金牌开发商不买，极度看重高端精装质量与顶级物业的增值口碑。,常年本地稳定居住，工作日职住通勤动线规则单一。
上_2003_00357,上海,2003,本地改善,39,男,0.7,8.6,0.45,14.4,4,2,是,B,agent,0.71,0.55,0.48,0.51,0.62,0.86,0.54,0.69,0.64,自住-改善,两室两厅,70,1772,区财政局科员,二胎黄金期中大户型,上海中环品质两居，车位及空间极其拥挤,小区无地下车库且人车不分流，小孩在楼下玩耍或者推婴儿车极为不安全。,讲究超高得房率（超85%），主卧套房必须配备独立步入式衣帽间与干湿分离双卫。,主要在陆家嘴/徐家汇CBD上班，首选地铁2/9号线沿线，通勤半小时内。,倡导轻户外，周末常带家人自驾野营或山系徒步，注重生活情调与手作咖啡。,名下持有一套旧两居，置换回款 65% + 个人理财储蓄补充 + 公积金商业贷,重性价比，不盲信大牌，但要求物业管理有序、绿化修剪及时、人防技防规范。,常年本地稳定居住，工作日职住通勤动线规则单一。
上_2003_00358,上海,2003,教育型买房,35,女,0.6,4.5,0.4,8.5,2,0,是,B,social,1,0.56,0.28,0.43,0.55,0.55,0.49,1,0.57,学区房,两室一厅,77,832,国企车间技术主任,新婚过渡两居,上海中环品质两居，车位及空间极其拥挤,当前房屋属于旧多层无电梯房，父母年纪渐高每天爬楼梯极为吃力。,核心要求地块属于第一梯队名校学区，且周边500米内解决幼小衔接教育配套。,主要在陆家嘴/徐家汇CBD上班，首选地铁2/9号线沿线，通勤半小时内。,倡导轻户外，周末常带家人自驾野营或山系徒步，注重生活情调与手作咖啡。,名下持有一套旧两居，置换回款 65% + 个人理财储蓄补充 + 公积金商业贷,重性价比，不盲信大牌，但要求物业管理有序、绿化修剪及时、人防技防规范。,常年本地稳定居住，工作日职住通勤动线规则单一。
上_2003_00359,上海,2003,长三角家庭,54,男,0.8,6.3,0.45,10.5,4,1,是,B,agent,0.91,0.54,0.59,0.51,0.46,0.83,0.33,0.68,0.65,自住-改善,两室两厅,66,1234,市第二中学地理教师,三口之家(学龄段),上海中环品质两居，车位及空间极其拥挤,小区无地下车库且人车不分流，小孩在楼下玩耍或者推婴儿车极为不安全。,讲究超高得房率（超85%），主卧套房必须配备独立步入式衣帽间与干湿分离双卫。,主要在陆家嘴/徐家汇CBD上班，首选地铁2/9号线沿线，通勤半小时内。,倡导轻户外，周末常带家人自驾野营或山系徒步，注重生活情调与手作咖啡。,名下持有一套旧两居，置换回款 65% + 个人理财储蓄补充 + 公积金商业贷,重性价比，不盲信大牌，但要求物业管理有序、绿化修剪及时、人防技防规范。,常年本地稳定居住，工作日职住通勤动线规则单一。
上_2003_00360,上海,2003,外籍海归,39,女,1.4,8.1,0.4,15.1,3,1,否,A,social,0.77,0.5,0.71,0.53,0.78,0.84,0.67,0.81,0.82,自住-首套,一室一厅,89,1488,外企驻沪办事处代表,三口之家(学龄段),市中心私密洋房住宅,无高端私密会所及管家式物业配套，圈层鱼龙混杂，高净值居住体验差。,要求有超大面宽南向双阳台（观景家政分离），主卧大飘窗能270度直面自然景观。,主要在陆家嘴/徐家汇CBD上班，首选地铁2/9号线沿线，通勤半小时内。,周末常去高端商圈消费，热衷打网球和马术，重度手冲咖啡及黑胶唱片发烧友。,夫妻双方积蓄 + 双方父母出资赞助首付 + 公积金商业组合贷款,非仁恒、绿城、万科等金牌开发商不买，极度看重高端精装质量与顶级物业的增值口碑。,常年本地稳定居住，工作日职住通勤动线规则单一。
上_2003_00361,上海,2003,本地改善,52,女,0.8,9.0,0.45,15.1,4,2,否,B,agent,0.87,0.43,0.54,0.38,0.59,0.79,0.7,0.7,0.63,自住-改善,两室一厅,78,1527,市第二中学地理教师,二胎黄金期中大户型,上海中环品质两居，车位及空间极其拥挤,小区无地下车库且人车不分流，小孩在楼下玩耍或者推婴儿车极为不安全。,讲究超高得房率（超85%），主卧套房必须配备独立步入式衣帽间与干湿分离双卫。,主要在陆家嘴/徐家汇CBD上班，首选地铁2/9号线沿线，通勤半小时内。,倡导轻户外，周末常带家人自驾野营或山系徒步，注重生活情调与手作咖啡。,名下持有一套旧两居，置换回款 65% + 个人理财储蓄补充 + 公积金商业贷,重性价比，不盲信大牌，但要求物业管理有序、绿化修剪及时、人防技防规范。,常年本地稳定居住，工作日职住通勤动线规则单一。
上_2003_00362,上海,2003,本地改善,42,男,1.8,22.6,0.45,37.7,4,1,是,B,agent,0.69,0.55,0.42,0.44,0.78,0.98,0.61,0.88,0.59,自住-改善,两室两厅,98,2371,市第二中学地理教师,三口之家(学龄段),上海中环品质两居，车位及空间极其拥挤,小区无地下车库且人车不分流，小孩在楼下玩耍或者推婴儿车极为不安全。,讲究超高得房率（超85%），主卧套房必须配备独立步入式衣帽间与干湿分离双卫。,主要在陆家嘴/徐家汇CBD上班，首选地铁2/9号线沿线，通勤半小时内。,倡导轻户外，周末常带家人自驾野营或山系徒步，注重生活情调与手作咖啡。,名下持有一套旧两居，置换回款 65% + 个人理财储蓄补充 + 公积金商业贷,重性价比，不盲信大牌，但要求物业管理有序、绿化修剪及时、人防技防规范。,常年本地稳定居住，工作日职住通勤动线规则单一。
上_2003_00363,上海,2003,教育型买房,36,男,1.4,10.8,0.4,20.2,3,2,是,B,social,1,0.52,0.33,0.39,0.5,0.56,0.5,1,0.53,学区房,两室一厅,95,1222,国企车间技术主任,二胎黄金期中大户型,上海中环品质两居，车位及空间极其拥挤,小区无地下车库且人车不分流，小孩在楼下玩耍或者推婴儿车极为不安全。,核心要求地块属于第一梯队名校学区，且周边500米内解决幼小衔接教育配套。,主要在陆家嘴/徐家汇CBD上班，首选地铁2/9号线沿线，通勤半小时内。,倡导轻户外，周末常带家人自驾野营或山系徒步，注重生活情调与手作咖啡。,名下持有一套旧两居，置换回款 65% + 个人理财储蓄补充 + 公积金商业贷,重性价比，不盲信大牌，但要求物业管理有序、绿化修剪及时、人防技防规范。,常年本地稳定居住，工作日职住通勤动线规则单一。
上_2003_00364,上海,2003,教育型买房,37,女,2.0,11.5,0.4,21.6,3,0,否,B,social,1,0.51,0.42,0.16,0.65,0.62,0.52,0.97,0.54,学区房,一室一厅,75,1609,国企车间技术主任,成熟期核心家庭,上海中环品质两居，车位及空间极其拥挤,老小区隔音差，邻里滋扰严重，且车位严重匮乏，每晚加班回来抢车位像打仗。,核心要求地块属于第一梯队名校学区，且周边500米内解决幼小衔接教育配套。,主要在陆家嘴/徐家汇CBD上班，首选地铁2/9号线沿线，通勤半小时内。,倡导轻户外，周末常带家人自驾野营或山系徒步，注重生活情调与手作咖啡。,名下持有一套旧两居，置换回款 65% + 个人理财储蓄补充 + 公积金商业贷,重性价比，不盲信大牌，但要求物业管理有序、绿化修剪及时、人防技防规范。,常年本地稳定居住，工作日职住通勤动线规则单一。
上_2003_00365,上海,2003,金融精英,45,男,2.8,27.7,0.4,51.9,2,0,否,A,research,0.68,0.38,0.56,0.64,0.91,0.75,0.81,0.87,0.99,自住-首套,一室一厅,82,4902,申银万国证券分析员,成熟期核心家庭,西湖边高精平层,无高端私密会所及管家式物业配套，圈层鱼龙混杂，高净值居住体验差。,讲究超高得房率（超85%），主卧套房必须配备独立步入式衣帽间与干湿分离双卫。,主要在陆家嘴/徐家汇CBD上班，首选地铁2/9号线沿线，通勤半小时内。,周末常去高端商圈消费，热衷打网球和马术，重度手冲咖啡及黑胶唱片发烧友。,夫妻双方积蓄 + 双方父母出资赞助首付 + 公积金商业组合贷款,非仁恒、绿城、万科等金牌开发商不买，极度看重高端精装质量与顶级物业的增值口碑。,常年本地稳定居住，工作日职住通勤动线规则单一。
上_2003_00366,上海,2003,本地改善,39,男,0.7,5.4,0.45,9.1,4,2,否,B,agent,0.78,0.54,0.36,0.56,0.6,0.85,0.72,0.62,0.57,自住-改善,一室一厅,77,953,国企车间技术主任,二胎黄金期中大户型,上海中环品质两居，车位及空间极其拥挤,小区无地下车库且人车不分流，小孩在楼下玩耍或者推婴儿车极为不安全。,讲究超高得房率（超85%），主卧套房必须配备独立步入式衣帽间与干湿分离双卫。,主要在陆家嘴/徐家汇CBD上班，首选地铁2/9号线沿线，通勤半小时内。,倡导轻户外，周末常带家人自驾野营或山系徒步，注重生活情调与手作咖啡。,名下持有一套旧两居，置换回款 65% + 个人理财储蓄补充 + 公积金商业贷,重性价比，不盲信大牌，但要求物业管理有序、绿化修剪及时、人防技防规范。,常年本地稳定居住，工作日职住通勤动线规则单一。
上_2003_00367,上海,2003,教育型买房,36,女,2.0,19.1,0.4,35.9,3,1,否,B,social,0.81,0.58,0.48,0.44,0.54,0.63,0.46,0.89,0.64,学区房,两室两厅,55,3928,邮政局局长秘书,三口之家(幼龄段),上海中环品质两居，车位及空间极其拥挤,小区无地下车库且人车不分流，小孩在楼下玩耍或者推婴儿车极为不安全。,核心要求地块属于第一梯队名校学区，且周边500米内解决幼小衔接教育配套。,主要在陆家嘴/徐家汇CBD上班，首选地铁2/9号线沿线，通勤半小时内。,倡导轻户外，周末常带家人自驾野营或山系徒步，注重生活情调与手作咖啡。,名下持有一套旧两居，置换回款 65% + 个人理财储蓄补充 + 公积金商业贷,重性价比，不盲信大牌，但要求物业管理有序、绿化修剪及时、人防技防规范。,常年本地稳定居住，工作日职住通勤动线规则单一。
上_2003_00368,上海,2003,本地改善,58,男,0.9,10.2,0.45,17.1,3,1,是,B,agent,0.75,0.4,0.55,0.45,0.62,0.74,0.61,0.71,0.61,自住-改善,两室两厅,85,1538,国企车间技术主任,三口之家(学龄段),上海中环品质两居，车位及空间极其拥挤,小区无地下车库且人车不分流，小孩在楼下玩耍或者推婴儿车极为不安全。,讲究超高得房率（超85%），主卧套房必须配备独立步入式衣帽间与干湿分离双卫。,主要在陆家嘴/徐家汇CBD上班，首选地铁2/9号线沿线，通勤半小时内。,倡导轻户外，周末常带家人自驾野营或山系徒步，注重生活情调与手作咖啡。,名下持有一套旧两居，置换回款 65% + 个人理财储蓄补充 + 公积金商业贷,重性价比，不盲信大牌，但要求物业管理有序、绿化修剪及时、人防技防规范。,常年本地稳定居住，工作日职住通勤动线规则单一。
上_2003_00369,上海,2003,教育型买房,41,女,1.8,12.5,0.4,23.4,3,0,否,B,social,0.74,0.51,0.33,0.44,0.67,0.74,0.72,0.88,0.6,学区房,两室两厅,80,2263,市第二中学地理教师,成熟期核心家庭,上海中环品质两居，车位及空间极其拥挤,老小区隔音差，邻里滋扰严重，且车位严重匮乏，每晚加班回来抢车位像打仗。,讲究超高得房率（超85%），主卧套房必须配备独立步入式衣帽间与干湿分离双卫。,主要在陆家嘴/徐家汇CBD上班，首选地铁2/9号线沿线，通勤半小时内。,倡导轻户外，周末常带家人自驾野营或山系徒步，注重生活情调与手作咖啡。,名下持有一套旧两居，置换回款 65% + 个人理财储蓄补充 + 公积金商业贷,重性价比，不盲信大牌，但要求物业管理有序、绿化修剪及时、人防技防规范。,常年本地稳定居住，工作日职住通勤动线规则单一。
上_2003_00370,上海,2003,本地改善,56,男,0.7,6.8,0.45,11.3,5,2,是,B,agent,1,0.48,0.64,0.56,0.61,0.76,0.51,0.69,0.66,自住-改善,两室一厅,73,868,市第二中学地理教师,二胎黄金期中大户型,上海中环品质两居，车位及空间极其拥挤,小区无地下车库且人车不分流，小孩在楼下玩耍或者推婴儿车极为不安全。,讲究超高得房率（超85%），主卧套房必须配备独立步入式衣帽间与干湿分离双卫。,主要在陆家嘴/徐家汇CBD上班，首选地铁2/9号线沿线，通勤半小时内。,倡导轻户外，周末常带家人自驾野营或山系徒步，注重生活情调与手作咖啡。,名下持有一套旧两居，置换回款 65% + 个人理财储蓄补充 + 公积金商业贷,重性价比，不盲信大牌，但要求物业管理有序、绿化修剪及时、人防技防规范。,常年本地稳定居住，工作日职住通勤动线规则单一。
上_2003_00371,上海,2003,本地改善,45,女,1.2,15.5,0.45,25.8,4,2,否,B,agent,0.66,0.42,0.49,0.43,0.67,0.96,0.56,0.78,0.47,自住-改善,两室一厅,57,3848,区财政局科员,二胎黄金期中大户型,上海中环品质两居，车位及空间极其拥挤,小区无地下车库且人车不分流，小孩在楼下玩耍或者推婴儿车极为不安全。,讲究超高得房率（超85%），主卧套房必须配备独立步入式衣帽间与干湿分离双卫。,主要在陆家嘴/徐家汇CBD上班，首选地铁2/9号线沿线，通勤半小时内。,倡导轻户外，周末常带家人自驾野营或山系徒步，注重生活情调与手作咖啡。,名下持有一套旧两居，置换回款 65% + 个人理财储蓄补充 + 公积金商业贷,重性价比，不盲信大牌，但要求物业管理有序、绿化修剪及时、人防技防规范。,常年本地稳定居住，工作日职住通勤动线规则单一。
上_2003_00372,上海,2003,长三角家庭,42,女,1.0,6.2,0.45,10.4,4,2,否,B,agent,1,0.67,0.57,0.45,0.49,0.72,0.36,0.75,0.51,自住-首套,一室一厅,97,699,邮政局局长秘书,二胎黄金期中大户型,上海中环品质两居，车位及空间极其拥挤,小区无地下车库且人车不分流，小孩在楼下玩耍或者推婴儿车极为不安全。,讲究超高得房率（超85%），主卧套房必须配备独立步入式衣帽间与干湿分离双卫。,主要在陆家嘴/徐家汇CBD上班，首选地铁2/9号线沿线，通勤半小时内。,倡导轻户外，周末常带家人自驾野营或山系徒步，注重生活情调与手作咖啡。,夫妻双方积蓄 + 双方父母出资赞助首付 + 公积金商业组合贷款,重性价比，不盲信大牌，但要求物业管理有序、绿化修剪及时、人防技防规范。,常年本地稳定居住，工作日职住通勤动线规则单一。
上_2003_00373,上海,2003,本地改善,57,男,1.3,9.3,0.45,15.4,4,1,是,B,agent,0.44,0.38,0.48,0.47,0.6,0.95,0.53,0.58,0.75,自住-改善,两室两厅,81,1001,市第二中学地理教师,三口之家(学龄段),上海中环品质两居，车位及空间极其拥挤,小区无地下车库且人车不分流，小孩在楼下玩耍或者推婴儿车极为不安全。,讲究超高得房率（超85%），主卧套房必须配备独立步入式衣帽间与干湿分离双卫。,主要在陆家嘴/徐家汇CBD上班，首选地铁2/9号线沿线，通勤半小时内。,倡导轻户外，周末常带家人自驾野营或山系徒步，注重生活情调与手作咖啡。,名下持有一套旧两居，置换回款 65% + 个人理财储蓄补充 + 公积金商业贷,非仁恒、绿城、万科等金牌开发商不买，极度看重高端精装质量与顶级物业的增值口碑。,常年本地稳定居住，工作日职住通勤动线规则单一。
上_2003_00374,上海,2003,教育型买房,45,男,1.3,10.4,0.4,19.4,3,1,否,B,social,0.89,0.66,0.48,0.48,0.63,0.71,0.54,1,0.56,学区房,两室一厅,89,1832,区财政局科员,三口之家(学龄段),上海中环品质两居，车位及空间极其拥挤,小区无地下车库且人车不分流，小孩在楼下玩耍或者推婴儿车极为不安全。,讲究超高得房率（超85%），主卧套房必须配备独立步入式衣帽间与干湿分离双卫。,主要在陆家嘴/徐家汇CBD上班，首选地铁2/9号线沿线，通勤半小时内。,倡导轻户外，周末常带家人自驾野营或山系徒步，注重生活情调与手作咖啡。,名下持有一套旧两居，置换回款 65% + 个人理财储蓄补充 + 公积金商业贷,重性价比，不盲信大牌，但要求物业管理有序、绿化修剪及时、人防技防规范。,常年本地稳定居住，工作日职住通勤动线规则单一。
上_2003_00375,上海,2003,教育型买房,34,女,1.5,9.5,0.4,17.8,2,0,否,B,social,0.93,0.52,0.29,0.35,0.6,0.71,0.56,1,0.65,学区房,两室两厅,60,2097,国企车间技术主任,新婚过渡两居,上海中环品质两居，车位及空间极其拥挤,老小区隔音差，邻里滋扰严重，且车位严重匮乏，每晚加班回来抢车位像打仗。,讲究超高得房率（超85%），主卧套房必须配备独立步入式衣帽间与干湿分离双卫。,主要在陆家嘴/徐家汇CBD上班，首选地铁2/9号线沿线，通勤半小时内。,倡导轻户外，周末常带家人自驾野营或山系徒步，注重生活情调与手作咖啡。,名下持有一套旧两居，置换回款 65% + 个人理财储蓄补充 + 公积金商业贷,重性价比，不盲信大牌，但要求物业管理有序、绿化修剪及时、人防技防规范。,常年本地稳定居住，工作日职住通勤动线规则单一。
上_2003_00376,上海,2003,金融精英,48,女,1.2,12.3,0.4,23.0,3,0,否,A,research,0.96,0.59,0.57,0.6,0.59,0.66,0.71,0.68,0.81,自住-首套,两室一厅,90,1855,商业银行支行信贷科长,成熟期核心家庭,西湖边高精平层,无高端私密会所及管家式物业配套，圈层鱼龙混杂，高净值居住体验差。,要求采光通透，全明户型，带多功能嵌入式收纳墙以最大化空间利用。,主要在陆家嘴/徐家汇CBD上班，首选地铁2/9号线沿线，通勤半小时内。,周末常去高端商圈消费，热衷打网球和马术，重度手冲咖啡及黑胶唱片发烧友。,夫妻双方积蓄 + 双方父母出资赞助首付 + 公积金商业组合贷款,非仁恒、绿城、万科等金牌开发商不买，极度看重高端精装质量与顶级物业的增值口碑。,常年本地稳定居住，工作日职住通勤动线规则单一。
上_2003_00377,上海,2003,本地改善,47,男,0.9,8.9,0.45,14.9,3,2,是,B,agent,0.69,0.41,0.59,0.49,0.53,0.88,0.59,0.56,0.64,自住-改善,两室两厅,59,2152,国企车间技术主任,二胎黄金期中大户型,上海中环品质两居，车位及空间极其拥挤,小区无地下车库且人车不分流，小孩在楼下玩耍或者推婴儿车极为不安全。,讲究超高得房率（超85%），主卧套房必须配备独立步入式衣帽间与干湿分离双卫。,主要在陆家嘴/徐家汇CBD上班，首选地铁2/9号线沿线，通勤半小时内。,倡导轻户外，周末常带家人自驾野营或山系徒步，注重生活情调与手作咖啡。,名下持有一套旧两居，置换回款 65% + 个人理财储蓄补充 + 公积金商业贷,重性价比，不盲信大牌，但要求物业管理有序、绿化修剪及时、人防技防规范。,常年本地稳定居住，工作日职住通勤动线规则单一。
上_2003_00378,上海,2003,本地改善,41,女,1.1,9.8,0.45,16.3,4,2,是,B,agent,0.74,0.31,0.71,0.39,0.62,0.8,0.56,0.67,0.46,自住-改善,一室一厅,79,1854,邮政局局长秘书,二胎黄金期中大户型,上海中环品质两居，车位及空间极其拥挤,小区无地下车库且人车不分流，小孩在楼下玩耍或者推婴儿车极为不安全。,要求有超大面宽南向双阳台（观景家政分离），主卧大飘窗能270度直面自然景观。,主要在陆家嘴/徐家汇CBD上班，首选地铁2/9号线沿线，通勤半小时内。,倡导轻户外，周末常带家人自驾野营或山系徒步，注重生活情调与手作咖啡。,名下持有一套旧两居，置换回款 65% + 个人理财储蓄补充 + 公积金商业贷,重性价比，不盲信大牌，但要求物业管理有序、绿化修剪及时、人防技防规范。,常年本地稳定居住，工作日职住通勤动线规则单一。
上_2003_00379,上海,2003,本地改善,51,男,0.8,6.3,0.45,10.5,4,2,是,B,agent,0.69,0.48,0.51,0.61,0.55,0.75,0.61,0.63,0.66,自住-改善,两室两厅,58,1509,邮政局局长秘书,二胎黄金期中大户型,上海中环品质两居，车位及空间极其拥挤,小区无地下车库且人车不分流，小孩在楼下玩耍或者推婴儿车极为不安全。,讲究超高得房率（超85%），主卧套房必须配备独立步入式衣帽间与干湿分离双卫。,主要在陆家嘴/徐家汇CBD上班，首选地铁2/9号线沿线，通勤半小时内。,倡导轻户外，周末常带家人自驾野营或山系徒步，注重生活情调与手作咖啡。,名下持有一套旧两居，置换回款 65% + 个人理财储蓄补充 + 公积金商业贷,重性价比，不盲信大牌，但要求物业管理有序、绿化修剪及时、人防技防规范。,常年本地稳定居住，工作日职住通勤动线规则单一。
上_2003_00380,上海,2003,本地改善,46,女,0.5,4.1,0.45,6.8,5,1,否,B,agent,0.71,0.52,0.6,0.57,0.36,0.77,0.63,0.78,0.55,自住-改善,两室两厅,74,599,区财政局科员,三口之家(学龄段),上海中环品质两居，车位及空间极其拥挤,小区无地下车库且人车不分流，小孩在楼下玩耍或者推婴儿车极为不安全。,讲究超高得房率（超85%），主卧套房必须配备独立步入式衣帽间与干湿分离双卫。,主要在陆家嘴/徐家汇CBD上班，首选地铁2/9号线沿线，通勤半小时内。,倡导轻户外，周末常带家人自驾野营或山系徒步，注重生活情调与手作咖啡。,名下持有一套旧两居，置换回款 65% + 个人理财储蓄补充 + 公积金商业贷,重性价比，不盲信大牌，但要求物业管理有序、绿化修剪及时、人防技防规范。,常年本地稳定居住，工作日职住通勤动线规则单一。
上_2003_00381,上海,2003,教育型买房,46,女,1.3,8.7,0.4,16.3,2,0,是,B,social,1,0.53,0.43,0.45,0.66,0.65,0.59,1,0.51,学区房,两室一厅,86,1518,区财政局科员,成熟期核心家庭,上海中环品质两居，车位及空间极其拥挤,当前房屋属于旧多层无电梯房，父母年纪渐高每天爬楼梯极为吃力。,核心要求地块属于第一梯队名校学区，且周边500米内解决幼小衔接教育配套。,主要在陆家嘴/徐家汇CBD上班，首选地铁2/9号线沿线，通勤半小时内。,倡导轻户外，周末常带家人自驾野营或山系徒步，注重生活情调与手作咖啡。,名下持有一套旧两居，置换回款 65% + 个人理财储蓄补充 + 公积金商业贷,重性价比，不盲信大牌，但要求物业管理有序、绿化修剪及时、人防技防规范。,常年本地稳定居住，工作日职住通勤动线规则单一。
上_2003_00382,上海,2003,金融精英,50,女,2.8,18.7,0.4,35.1,3,1,否,A,research,0.82,0.38,0.61,0.63,0.73,0.87,0.61,0.76,0.98,自住-首套,两室两厅,90,2691,申银万国证券分析员,三口之家(学龄段),西湖边高精平层,无高端私密会所及管家式物业配套，圈层鱼龙混杂，高净值居住体验差。,讲究超高得房率（超85%），主卧套房必须配备独立步入式衣帽间与干湿分离双卫。,主要在陆家嘴/徐家汇CBD上班，首选地铁2/9号线沿线，通勤半小时内。,周末常去高端商圈消费，热衷打网球和马术，重度手冲咖啡及黑胶唱片发烧友。,夫妻双方积蓄 + 双方父母出资赞助首付 + 公积金商业组合贷款,非仁恒、绿城、万科等金牌开发商不买，极度看重高端精装质量与顶级物业的增值口碑。,常年本地稳定居住，工作日职住通勤动线规则单一。
上_2003_00383,上海,2003,外籍海归,41,男,2.1,18.4,0.4,34.5,2,1,是,A,social,0.99,0.45,0.63,0.48,0.79,0.63,0.79,0.86,0.83,自住-首套,两室一厅,54,5302,合资日化企业技术主管,三口之家(学龄段),市中心私密洋房住宅,当前房屋属于旧多层无电梯房，父母年纪渐高每天爬楼梯极为吃力。,核心要求地块属于第一梯队名校学区，且周边500米内解决幼小衔接教育配套。,主要在陆家嘴/徐家汇CBD上班，首选地铁2/9号线沿线，通勤半小时内。,周末常去高端商圈消费，热衷打网球和马术，重度手冲咖啡及黑胶唱片发烧友。,夫妻双方积蓄 + 双方父母出资赞助首付 + 公积金商业组合贷款,非仁恒、绿城、万科等金牌开发商不买，极度看重高端精装质量与顶级物业的增值口碑。,常年本地稳定居住，工作日职住通勤动线规则单一。
上_2003_00384,上海,2003,本地改善,40,女,1.3,14.0,0.45,23.3,4,2,是,B,agent,0.85,0.55,0.54,0.47,0.33,0.84,0.56,0.7,0.56,自住-改善,两室两厅,55,3514,区财政局科员,二胎黄金期中大户型,上海中环品质两居，车位及空间极其拥挤,小区无地下车库且人车不分流，小孩在楼下玩耍或者推婴儿车极为不安全。,讲究超高得房率（超85%），主卧套房必须配备独立步入式衣帽间与干湿分离双卫。,主要在陆家嘴/徐家汇CBD上班，首选地铁2/9号线沿线，通勤半小时内。,倡导轻户外，周末常带家人自驾野营或山系徒步，注重生活情调与手作咖啡。,名下持有一套旧两居，置换回款 65% + 个人理财储蓄补充 + 公积金商业贷,重性价比，不盲信大牌，但要求物业管理有序、绿化修剪及时、人防技防规范。,常年本地稳定居住，工作日职住通勤动线规则单一。
上_2003_00385,上海,2003,本地改善,43,男,0.6,7.8,0.45,12.9,4,2,否,B,agent,0.8,0.58,0.64,0.49,0.56,0.87,0.45,0.7,0.57,自住-改善,两室一厅,55,2058,国企车间技术主任,二胎黄金期中大户型,上海中环品质两居，车位及空间极其拥挤,小区无地下车库且人车不分流，小孩在楼下玩耍或者推婴儿车极为不安全。,讲究超高得房率（超85%），主卧套房必须配备独立步入式衣帽间与干湿分离双卫。,主要在陆家嘴/徐家汇CBD上班，首选地铁2/9号线沿线，通勤半小时内。,倡导轻户外，周末常带家人自驾野营或山系徒步，注重生活情调与手作咖啡。,名下持有一套旧两居，置换回款 65% + 个人理财储蓄补充 + 公积金商业贷,重性价比，不盲信大牌，但要求物业管理有序、绿化修剪及时、人防技防规范。,常年本地稳定居住，工作日职住通勤动线规则单一。
上_2003_00386,上海,2003,长三角家庭,49,男,1.2,9.6,0.45,15.9,4,2,否,B,agent,0.71,0.53,0.68,0.49,0.4,0.72,0.39,0.77,0.7,自住-改善,两室一厅,62,2119,区财政局科员,二胎黄金期中大户型,上海中环品质两居，车位及空间极其拥挤,小区无地下车库且人车不分流，小孩在楼下玩耍或者推婴儿车极为不安全。,讲究超高得房率（超85%），主卧套房必须配备独立步入式衣帽间与干湿分离双卫。,主要在陆家嘴/徐家汇CBD上班，首选地铁2/9号线沿线，通勤半小时内。,倡导轻户外，周末常带家人自驾野营或山系徒步，注重生活情调与手作咖啡。,名下持有一套旧两居，置换回款 65% + 个人理财储蓄补充 + 公积金商业贷,重性价比，不盲信大牌，但要求物业管理有序、绿化修剪及时、人防技防规范。,常年本地稳定居住，工作日职住通勤动线规则单一。
上_2003_00387,上海,2003,本地改善,39,女,0.8,9.6,0.45,16.0,5,2,否,B,agent,0.76,0.45,0.56,0.54,0.55,0.9,0.61,0.87,0.65,自住-改善,两室两厅,78,1533,区财政局科员,二胎黄金期中大户型,上海中环品质两居，车位及空间极其拥挤,小区无地下车库且人车不分流，小孩在楼下玩耍或者推婴儿车极为不安全。,讲究超高得房率（超85%），主卧套房必须配备独立步入式衣帽间与干湿分离双卫。,主要在陆家嘴/徐家汇CBD上班，首选地铁2/9号线沿线，通勤半小时内。,倡导轻户外，周末常带家人自驾野营或山系徒步，注重生活情调与手作咖啡。,名下持有一套旧两居，置换回款 65% + 个人理财储蓄补充 + 公积金商业贷,重性价比，不盲信大牌，但要求物业管理有序、绿化修剪及时、人防技防规范。,常年本地稳定居住，工作日职住通勤动线规则单一。
上_2003_00388,上海,2003,教育型买房,41,男,0.9,9.3,0.4,17.4,3,1,否,B,social,0.92,0.58,0.39,0.22,0.64,0.72,0.46,1,0.53,学区房,两室一厅,82,1542,区财政局科员,三口之家(学龄段),上海中环品质两居，车位及空间极其拥挤,小区无地下车库且人车不分流，小孩在楼下玩耍或者推婴儿车极为不安全。,讲究超高得房率（超85%），主卧套房必须配备独立步入式衣帽间与干湿分离双卫。,主要在陆家嘴/徐家汇CBD上班，首选地铁2/9号线沿线，通勤半小时内。,倡导轻户外，周末常带家人自驾野营或山系徒步，注重生活情调与手作咖啡。,名下持有一套旧两居，置换回款 65% + 个人理财储蓄补充 + 公积金商业贷,重性价比，不盲信大牌，但要求物业管理有序、绿化修剪及时、人防技防规范。,常年本地稳定居住，工作日职住通勤动线规则单一。
上_2003_00389,上海,2003,教育型买房,42,女,0.9,7.9,0.4,14.8,3,1,否,B,social,1,0.38,0.42,0.46,0.48,0.75,0.6,0.87,0.6,学区房,两室两厅,64,1890,区财政局科员,三口之家(学龄段),上海中环品质两居，车位及空间极其拥挤,小区无地下车库且人车不分流，小孩在楼下玩耍或者推婴儿车极为不安全。,讲究超高得房率（超85%），主卧套房必须配备独立步入式衣帽间与干湿分离双卫。,主要在陆家嘴/徐家汇CBD上班，首选地铁2/9号线沿线，通勤半小时内。,倡导轻户外，周末常带家人自驾野营或山系徒步，注重生活情调与手作咖啡。,名下持有一套旧两居，置换回款 65% + 个人理财储蓄补充 + 公积金商业贷,重性价比，不盲信大牌，但要求物业管理有序、绿化修剪及时、人防技防规范。,常年本地稳定居住，工作日职住通勤动线规则单一。
上_2003_00390,上海,2003,教育型买房,41,男,1.5,14.8,0.4,27.8,3,1,是,B,social,0.72,0.48,0.38,0.42,0.48,0.65,0.39,0.97,0.5,学区房,一室一厅,66,2773,区财政局科员,三口之家(学龄段),上海中环品质两居，车位及空间极其拥挤,小区无地下车库且人车不分流，小孩在楼下玩耍或者推婴儿车极为不安全。,核心要求地块属于第一梯队名校学区，且周边500米内解决幼小衔接教育配套。,主要在陆家嘴/徐家汇CBD上班，首选地铁2/9号线沿线，通勤半小时内。,倡导轻户外，周末常带家人自驾野营或山系徒步，注重生活情调与手作咖啡。,名下持有一套旧两居，置换回款 65% + 个人理财储蓄补充 + 公积金商业贷,重性价比，不盲信大牌，但要求物业管理有序、绿化修剪及时、人防技防规范。,常年本地稳定居住，工作日职住通勤动线规则单一。
上_2003_00391,上海,2003,长三角家庭,36,男,1.4,9.4,0.45,15.6,4,1,否,B,agent,0.81,0.69,0.56,0.58,0.51,0.9,0.42,0.7,0.66,自住-改善,两室一厅,83,1179,市第二中学地理教师,三口之家(幼龄段),上海中环品质两居，车位及空间极其拥挤,小区无地下车库且人车不分流，小孩在楼下玩耍或者推婴儿车极为不安全。,讲究超高得房率（超85%），主卧套房必须配备独立步入式衣帽间与干湿分离双卫。,主要在陆家嘴/徐家汇CBD上班，首选地铁2/9号线沿线，通勤半小时内。,倡导轻户外，周末常带家人自驾野营或山系徒步，注重生活情调与手作咖啡。,名下持有一套旧两居，置换回款 65% + 个人理财储蓄补充 + 公积金商业贷,重性价比，不盲信大牌，但要求物业管理有序、绿化修剪及时、人防技防规范。,常年本地稳定居住，工作日职住通勤动线规则单一。
上_2003_00392,上海,2003,外籍海归,37,女,1.0,7.7,0.4,14.5,2,0,否,A,social,0.84,0.5,0.58,0.43,0.73,0.78,0.7,0.72,0.78,自住-改善,两室两厅,67,1154,外企驻沪办事处代表,成熟期核心家庭,陆家嘴核心区江景大平层,无高端私密会所及管家式物业配套，圈层鱼龙混杂，高净值居住体验差。,讲究超高得房率（超85%），主卧套房必须配备独立步入式衣帽间与干湿分离双卫。,主要在陆家嘴/徐家汇CBD上班，首选地铁2/9号线沿线，通勤半小时内。,周末常去高端商圈消费，热衷打网球和马术，重度手冲咖啡及黑胶唱片发烧友。,名下已有企业股权套现或分红现金，一次性全款付清，基本不加杠杆,非仁恒、绿城、万科等金牌开发商不买，极度看重高端精装质量与顶级物业的增值口碑。,常年本地稳定居住，工作日职住通勤动线规则单一。
上_2003_00393,上海,2003,外籍海归,34,男,0.7,3.8,0.4,7.1,3,0,否,A,social,0.91,0.41,0.55,0.62,0.67,0.57,0.75,0.94,0.7,自住-首套,两室一厅,98,440,外企驻沪办事处代表,新婚过渡两居,西湖边高精平层,无高端私密会所及管家式物业配套，圈层鱼龙混杂，高净值居住体验差。,核心要求地块属于第一梯队名校学区，且周边500米内解决幼小衔接教育配套。,主要在陆家嘴/徐家汇CBD上班，首选地铁2/9号线沿线，通勤半小时内。,周末常去高端商圈消费，热衷打网球和马术，重度手冲咖啡及黑胶唱片发烧友。,夫妻双方积蓄 + 双方父母出资赞助首付 + 公积金商业组合贷款,非仁恒、绿城、万科等金牌开发商不买，极度看重高端精装质量与顶级物业的增值口碑。,常年本地稳定居住，工作日职住通勤动线规则单一。
上_2003_00394,上海,2003,本地改善,45,男,1.5,15.6,0.45,26.0,3,1,是,B,agent,0.76,0.46,0.58,0.56,0.58,0.78,0.75,0.68,0.7,自住-改善,两室两厅,50,3957,区财政局科员,三口之家(学龄段),上海中环品质两居，车位及空间极其拥挤,小区无地下车库且人车不分流，小孩在楼下玩耍或者推婴儿车极为不安全。,讲究超高得房率（超85%），主卧套房必须配备独立步入式衣帽间与干湿分离双卫。,主要在陆家嘴/徐家汇CBD上班，首选地铁2/9号线沿线，通勤半小时内。,倡导轻户外，周末常带家人自驾野营或山系徒步，注重生活情调与手作咖啡。,名下持有一套旧两居，置换回款 65% + 个人理财储蓄补充 + 公积金商业贷,非仁恒、绿城、万科等金牌开发商不买，极度看重高端精装质量与顶级物业的增值口碑。,常年本地稳定居住，工作日职住通勤动线规则单一。
上_2003_00395,上海,2003,本地改善,53,男,1.4,15.8,0.45,26.3,4,1,否,B,agent,0.73,0.56,0.41,0.47,0.33,1,0.56,0.67,0.56,自住-改善,两室两厅,89,2280,邮政局局长秘书,三口之家(学龄段),上海中环品质两居，车位及空间极其拥挤,小区无地下车库且人车不分流，小孩在楼下玩耍或者推婴儿车极为不安全。,讲究超高得房率（超85%），主卧套房必须配备独立步入式衣帽间与干湿分离双卫。,主要在陆家嘴/徐家汇CBD上班，首选地铁2/9号线沿线，通勤半小时内。,倡导轻户外，周末常带家人自驾野营或山系徒步，注重生活情调与手作咖啡。,名下持有一套旧两居，置换回款 65% + 个人理财储蓄补充 + 公积金商业贷,重性价比，不盲信大牌，但要求物业管理有序、绿化修剪及时、人防技防规范。,常年本地稳定居住，工作日职住通勤动线规则单一。
上_2003_00396,上海,2003,金融精英,32,男,4.2,34.1,0.4,63.9,4,1,否,A,research,0.7,0.54,0.68,0.61,0.74,0.69,0.84,0.88,0.76,自住-首套,两室一厅,88,5015,商业银行支行信贷科长,三口之家(幼龄段),市中心私密洋房住宅,无高端私密会所及管家式物业配套，圈层鱼龙混杂，高净值居住体验差。,核心要求地块属于第一梯队名校学区，且周边500米内解决幼小衔接教育配套。,主要在陆家嘴/徐家汇CBD上班，首选地铁2/9号线沿线，通勤半小时内。,周末常去高端商圈消费，热衷打网球和马术，重度手冲咖啡及黑胶唱片发烧友。,夫妻双方积蓄 + 双方父母出资赞助首付 + 公积金商业组合贷款,非仁恒、绿城、万科等金牌开发商不买，极度看重高端精装质量与顶级物业的增值口碑。,常年本地稳定居住，工作日职住通勤动线规则单一。
上_2003_00397,上海,2003,本地改善,58,女,0.7,8.8,0.45,14.7,4,3,是,B,agent,0.88,0.48,0.62,0.39,0.58,0.85,0.52,0.68,0.53,自住-改善,两室两厅,98,835,市第二中学地理教师,二胎黄金期中大户型,上海中环品质两居，车位及空间极其拥挤,小区无地下车库且人车不分流，小孩在楼下玩耍或者推婴儿车极为不安全。,讲究超高得房率（超85%），主卧套房必须配备独立步入式衣帽间与干湿分离双卫。,主要在陆家嘴/徐家汇CBD上班，首选地铁2/9号线沿线，通勤半小时内。,倡导轻户外，周末常带家人自驾野营或山系徒步，注重生活情调与手作咖啡。,名下持有一套旧两居，置换回款 65% + 个人理财储蓄补充 + 公积金商业贷,重性价比，不盲信大牌，但要求物业管理有序、绿化修剪及时、人防技防规范。,常年本地稳定居住，工作日职住通勤动线规则单一。
上_2003_00398,上海,2003,本地改善,58,男,0.8,8.2,0.45,13.6,4,1,是,B,agent,0.41,0.56,0.63,0.3,0.58,0.89,0.6,0.6,0.63,自住-改善,两室两厅,63,1290,国企车间技术主任,三口之家(学龄段),上海中环品质两居，车位及空间极其拥挤,小区无地下车库且人车不分流，小孩在楼下玩耍或者推婴儿车极为不安全。,讲究超高得房率（超85%），主卧套房必须配备独立步入式衣帽间与干湿分离双卫。,主要在陆家嘴/徐家汇CBD上班，首选地铁2/9号线沿线，通勤半小时内。,倡导轻户外，周末常带家人自驾野营或山系徒步，注重生活情调与手作咖啡。,名下持有一套旧两居，置换回款 65% + 个人理财储蓄补充 + 公积金商业贷,重性价比，不盲信大牌，但要求物业管理有序、绿化修剪及时、人防技防规范。,常年本地稳定居住，工作日职住通勤动线规则单一。
上_2003_00399,上海,2003,金融精英,40,男,2.4,20.4,0.4,38.2,3,0,否,A,research,0.53,0.62,0.78,0.56,0.81,0.78,0.76,0.82,0.81,自住-首套,两室两厅,79,2841,老牌证券公司营业部经理,成熟期核心家庭,市中心私密洋房住宅,无高端私密会所及管家式物业配套，圈层鱼龙混杂，高净值居住体验差。,要求有超大面宽南向双阳台（观景家政分离），主卧大飘窗能270度直面自然景观。,主要在陆家嘴/徐家汇CBD上班，首选地铁2/9号线沿线，通勤半小时内。,周末常去高端商圈消费，热衷打网球和马术，重度手冲咖啡及黑胶唱片发烧友。,夫妻双方积蓄 + 双方父母出资赞助首付 + 公积金商业组合贷款,非仁恒、绿城、万科等金牌开发商不买，极度看重高端精装质量与顶级物业的增值口碑。,常年本地稳定居住，工作日职住通勤动线规则单一。
上_2003_00400,上海,2003,本地改善,55,女,1.1,14.5,0.45,24.2,4,2,是,B,agent,0.59,0.56,0.52,0.45,0.55,0.87,0.67,0.57,0.61,自住-改善,两室两厅,50,3216,市第二中学地理教师,二胎黄金期中大户型,上海中环品质两居，车位及空间极其拥挤,小区无地下车库且人车不分流，小孩在楼下玩耍或者推婴儿车极为不安全。,讲究超高得房率（超85%），主卧套房必须配备独立步入式衣帽间与干湿分离双卫。,主要在陆家嘴/徐家汇CBD上班，首选地铁2/9号线沿线，通勤半小时内。,倡导轻户外，周末常带家人自驾野营或山系徒步，注重生活情调与手作咖啡。,名下持有一套旧两居，置换回款 65% + 个人理财储蓄补充 + 公积金商业贷,重性价比，不盲信大牌，但要求物业管理有序、绿化修剪及时、人防技防规范。,常年本地稳定居住，工作日职住通勤动线规则单一。
上_2003_00401,上海,2003,本地改善,49,男,1.0,11.9,0.45,19.9,4,2,是,B,agent,0.7,0.46,0.39,0.45,0.57,0.77,0.57,0.71,0.58,自住-改善,两室两厅,90,1153,邮政局局长秘书,二胎黄金期中大户型,上海中环品质两居，车位及空间极其拥挤,小区无地下车库且人车不分流，小孩在楼下玩耍或者推婴儿车极为不安全。,讲究超高得房率（超85%），主卧套房必须配备独立步入式衣帽间与干湿分离双卫。,主要在陆家嘴/徐家汇CBD上班，首选地铁2/9号线沿线，通勤半小时内。,倡导轻户外，周末常带家人自驾野营或山系徒步，注重生活情调与手作咖啡。,名下持有一套旧两居，置换回款 65% + 个人理财储蓄补充 + 公积金商业贷,重性价比，不盲信大牌，但要求物业管理有序、绿化修剪及时、人防技防规范。,常年本地稳定居住，工作日职住通勤动线规则单一。
上_2003_00402,上海,2003,本地改善,54,男,1.2,12.6,0.45,21.0,4,2,是,B,agent,0.78,0.58,0.46,0.54,0.66,0.7,0.6,0.7,0.65,自住-改善,一室一厅,84,1391,区财政局科员,二胎黄金期中大户型,上海中环品质两居，车位及空间极其拥挤,小区无地下车库且人车不分流，小孩在楼下玩耍或者推婴儿车极为不安全。,要求采光通透，全明户型，带多功能嵌入式收纳墙以最大化空间利用。,主要在陆家嘴/徐家汇CBD上班，首选地铁2/9号线沿线，通勤半小时内。,倡导轻户外，周末常带家人自驾野营或山系徒步，注重生活情调与手作咖啡。,名下持有一套旧两居，置换回款 65% + 个人理财储蓄补充 + 公积金商业贷,重性价比，不盲信大牌，但要求物业管理有序、绿化修剪及时、人防技防规范。,常年本地稳定居住，工作日职住通勤动线规则单一。
上_2003_00403,上海,2003,教育型买房,34,男,1.2,12.0,0.4,22.5,4,0,否,B,social,0.76,0.52,0.44,0.35,0.65,0.75,0.57,0.92,0.61,学区房,两室一厅,66,2655,区财政局科员,新婚过渡两居,上海中环品质两居，车位及空间极其拥挤,老小区隔音差，邻里滋扰严重，且车位严重匮乏，每晚加班回来抢车位像打仗。,讲究超高得房率（超85%），主卧套房必须配备独立步入式衣帽间与干湿分离双卫。,主要在陆家嘴/徐家汇CBD上班，首选地铁2/9号线沿线，通勤半小时内。,倡导轻户外，周末常带家人自驾野营或山系徒步，注重生活情调与手作咖啡。,名下持有一套旧两居，置换回款 65% + 个人理财储蓄补充 + 公积金商业贷,重性价比，不盲信大牌，但要求物业管理有序、绿化修剪及时、人防技防规范。,常年本地稳定居住，工作日职住通勤动线规则单一。
上_2003_00404,上海,2003,本地改善,49,女,1.2,8.6,0.45,14.4,4,2,否,B,agent,0.8,0.59,0.51,0.48,0.53,0.87,0.8,0.68,0.67,自住-改善,两室两厅,82,1096,市第二中学地理教师,二胎黄金期中大户型,上海中环品质两居，车位及空间极其拥挤,小区无地下车库且人车不分流，小孩在楼下玩耍或者推婴儿车极为不安全。,讲究超高得房率（超85%），主卧套房必须配备独立步入式衣帽间与干湿分离双卫。,主要在陆家嘴/徐家汇CBD上班，首选地铁2/9号线沿线，通勤半小时内。,倡导轻户外，周末常带家人自驾野营或山系徒步，注重生活情调与手作咖啡。,名下持有一套旧两居，置换回款 65% + 个人理财储蓄补充 + 公积金商业贷,重性价比，不盲信大牌，但要求物业管理有序、绿化修剪及时、人防技防规范。,常年本地稳定居住，工作日职住通勤动线规则单一。
上_2003_00405,上海,2003,本地改善,54,男,1.2,12.3,0.45,20.5,4,3,是,B,agent,0.86,0.52,0.47,0.41,0.69,0.87,0.53,0.6,0.59,自住-改善,一室一厅,94,1650,市第二中学地理教师,二胎黄金期中大户型,上海中环品质两居，车位及空间极其拥挤,小区无地下车库且人车不分流，小孩在楼下玩耍或者推婴儿车极为不安全。,讲究超高得房率（超85%），主卧套房必须配备独立步入式衣帽间与干湿分离双卫。,主要在陆家嘴/徐家汇CBD上班，首选地铁2/9号线沿线，通勤半小时内。,倡导轻户外，周末常带家人自驾野营或山系徒步，注重生活情调与手作咖啡。,名下持有一套旧两居，置换回款 65% + 个人理财储蓄补充 + 公积金商业贷,重性价比，不盲信大牌，但要求物业管理有序、绿化修剪及时、人防技防规范。,常年本地稳定居住，工作日职住通勤动线规则单一。
上_2003_00406,上海,2003,本地改善,43,女,1.0,12.5,0.45,20.9,5,2,是,B,agent,0.69,0.39,0.62,0.43,0.49,0.82,0.65,0.69,0.52,自住-改善,两室两厅,76,2179,区财政局科员,二胎黄金期中大户型,上海中环品质两居，车位及空间极其拥挤,小区无地下车库且人车不分流，小孩在楼下玩耍或者推婴儿车极为不安全。,讲究超高得房率（超85%），主卧套房必须配备独立步入式衣帽间与干湿分离双卫。,主要在陆家嘴/徐家汇CBD上班，首选地铁2/9号线沿线，通勤半小时内。,倡导轻户外，周末常带家人自驾野营或山系徒步，注重生活情调与手作咖啡。,名下持有一套旧两居，置换回款 65% + 个人理财储蓄补充 + 公积金商业贷,重性价比，不盲信大牌，但要求物业管理有序、绿化修剪及时、人防技防规范。,常年本地稳定居住，工作日职住通勤动线规则单一。
上_2003_00407,上海,2003,长三角家庭,47,男,1.6,11.7,0.45,19.5,4,2,否,B,agent,0.84,0.68,0.49,0.6,0.59,0.78,0.46,0.77,0.67,自住-改善,一室一厅,79,2150,邮政局局长秘书,二胎黄金期中大户型,上海中环品质两居，车位及空间极其拥挤,小区无地下车库且人车不分流，小孩在楼下玩耍或者推婴儿车极为不安全。,讲究超高得房率（超85%），主卧套房必须配备独立步入式衣帽间与干湿分离双卫。,主要在陆家嘴/徐家汇CBD上班，首选地铁2/9号线沿线，通勤半小时内。,倡导轻户外，周末常带家人自驾野营或山系徒步，注重生活情调与手作咖啡。,名下持有一套旧两居，置换回款 65% + 个人理财储蓄补充 + 公积金商业贷,重性价比，不盲信大牌，但要求物业管理有序、绿化修剪及时、人防技防规范。,常年本地稳定居住，工作日职住通勤动线规则单一。
上_2003_00408,上海,2003,本地改善,56,男,0.8,5.9,0.45,9.9,3,2,是,B,agent,0.76,0.52,0.47,0.54,0.49,0.86,0.57,0.76,0.61,自住-改善,两室两厅,93,763,邮政局局长秘书,二胎黄金期中大户型,上海中环品质两居，车位及空间极其拥挤,小区无地下车库且人车不分流，小孩在楼下玩耍或者推婴儿车极为不安全。,讲究超高得房率（超85%），主卧套房必须配备独立步入式衣帽间与干湿分离双卫。,主要在陆家嘴/徐家汇CBD上班，首选地铁2/9号线沿线，通勤半小时内。,倡导轻户外，周末常带家人自驾野营或山系徒步，注重生活情调与手作咖啡。,名下持有一套旧两居，置换回款 65% + 个人理财储蓄补充 + 公积金商业贷,重性价比，不盲信大牌，但要求物业管理有序、绿化修剪及时、人防技防规范。,常年本地稳定居住，工作日职住通勤动线规则单一。
上_2003_00409,上海,2003,本地改善,58,男,0.7,8.2,0.45,13.7,5,2,否,B,agent,0.78,0.58,0.58,0.58,0.57,0.81,0.65,0.83,0.7,自住-改善,两室两厅,66,1418,国企车间技术主任,二胎黄金期中大户型,上海中环品质两居，车位及空间极其拥挤,小区无地下车库且人车不分流，小孩在楼下玩耍或者推婴儿车极为不安全。,讲究超高得房率（超85%），主卧套房必须配备独立步入式衣帽间与干湿分离双卫。,主要在陆家嘴/徐家汇CBD上班，首选地铁2/9号线沿线，通勤半小时内。,倡导轻户外，周末常带家人自驾野营或山系徒步，注重生活情调与手作咖啡。,名下持有一套旧两居，置换回款 65% + 个人理财储蓄补充 + 公积金商业贷,重性价比，不盲信大牌，但要求物业管理有序、绿化修剪及时、人防技防规范。,常年本地稳定居住，工作日职住通勤动线规则单一。
上_2003_00410,上海,2003,金融精英,34,男,2.9,17.3,0.4,32.5,4,1,否,A,research,0.39,0.44,0.72,0.6,0.74,0.69,0.76,0.58,0.92,自住-首套,两室两厅,93,2858,商业银行支行信贷科长,三口之家(幼龄段),市中心私密洋房住宅,无高端私密会所及管家式物业配套，圈层鱼龙混杂，高净值居住体验差。,要求有超大面宽南向双阳台（观景家政分离），主卧大飘窗能270度直面自然景观。,主要在陆家嘴/徐家汇CBD上班，首选地铁2/9号线沿线，通勤半小时内。,周末常去高端商圈消费，热衷打网球和马术，重度手冲咖啡及黑胶唱片发烧友。,夫妻双方积蓄 + 双方父母出资赞助首付 + 公积金商业组合贷款,非仁恒、绿城、万科等金牌开发商不买，极度看重高端精装质量与顶级物业的增值口碑。,常年本地稳定居住，工作日职住通勤动线规则单一。
上_2003_00411,上海,2003,本地改善,49,男,0.6,4.7,0.45,7.9,3,2,否,B,agent,0.63,0.6,0.54,0.55,0.59,0.88,0.75,0.74,0.57,自住-改善,两室一厅,57,1209,国企车间技术主任,二胎黄金期中大户型,上海中环品质两居，车位及空间极其拥挤,小区无地下车库且人车不分流，小孩在楼下玩耍或者推婴儿车极为不安全。,讲究超高得房率（超85%），主卧套房必须配备独立步入式衣帽间与干湿分离双卫。,主要在陆家嘴/徐家汇CBD上班，首选地铁2/9号线沿线，通勤半小时内。,倡导轻户外，周末常带家人自驾野营或山系徒步，注重生活情调与手作咖啡。,名下持有一套旧两居，置换回款 65% + 个人理财储蓄补充 + 公积金商业贷,重性价比，不盲信大牌，但要求物业管理有序、绿化修剪及时、人防技防规范。,常年本地稳定居住，工作日职住通勤动线规则单一。
上_2003_00412,上海,2003,金融精英,33,男,3.2,25.7,0.4,48.2,3,0,否,A,research,0.7,0.62,0.72,0.68,0.67,0.82,0.72,0.81,0.76,自住-首套,两室一厅,77,3192,老牌证券公司营业部经理,新婚过渡两居,西湖边高精平层,无高端私密会所及管家式物业配套，圈层鱼龙混杂，高净值居住体验差。,要求有超大面宽南向双阳台（观景家政分离），主卧大飘窗能270度直面自然景观。,主要在陆家嘴/徐家汇CBD上班，首选地铁2/9号线沿线，通勤半小时内。,周末常去高端商圈消费，热衷打网球和马术，重度手冲咖啡及黑胶唱片发烧友。,夫妻双方积蓄 + 双方父母出资赞助首付 + 公积金商业组合贷款,非仁恒、绿城、万科等金牌开发商不买，极度看重高端精装质量与顶级物业的增值口碑。,常年本地稳定居住，工作日职住通勤动线规则单一。
上_2003_00413,上海,2003,本地改善,53,女,0.9,9.6,0.45,16.0,4,2,是,B,agent,0.59,0.61,0.41,0.45,0.42,0.77,0.68,0.59,0.59,自住-改善,两室两厅,92,978,市第二中学地理教师,二胎黄金期中大户型,上海中环品质两居，车位及空间极其拥挤,小区无地下车库且人车不分流，小孩在楼下玩耍或者推婴儿车极为不安全。,讲究超高得房率（超85%），主卧套房必须配备独立步入式衣帽间与干湿分离双卫。,主要在陆家嘴/徐家汇CBD上班，首选地铁2/9号线沿线，通勤半小时内。,倡导轻户外，周末常带家人自驾野营或山系徒步，注重生活情调与手作咖啡。,名下持有一套旧两居，置换回款 65% + 个人理财储蓄补充 + 公积金商业贷,重性价比，不盲信大牌，但要求物业管理有序、绿化修剪及时、人防技防规范。,常年本地稳定居住，工作日职住通勤动线规则单一。
上_2003_00414,上海,2003,长三角家庭,39,女,1.1,10.1,0.45,16.9,4,1,是,B,agent,1,0.67,0.58,0.6,0.44,0.7,0.35,0.62,0.73,自住-首套,一室一厅,79,1183,邮政局局长秘书,三口之家(学龄段),上海中环品质两居，车位及空间极其拥挤,小区无地下车库且人车不分流，小孩在楼下玩耍或者推婴儿车极为不安全。,讲究超高得房率（超85%），主卧套房必须配备独立步入式衣帽间与干湿分离双卫。,主要在陆家嘴/徐家汇CBD上班，首选地铁2/9号线沿线，通勤半小时内。,倡导轻户外，周末常带家人自驾野营或山系徒步，注重生活情调与手作咖啡。,夫妻双方积蓄 + 双方父母出资赞助首付 + 公积金商业组合贷款,非仁恒、绿城、万科等金牌开发商不买，极度看重高端精装质量与顶级物业的增值口碑。,常年本地稳定居住，工作日职住通勤动线规则单一。
上_2003_00415,上海,2003,本地改善,54,女,0.8,6.4,0.45,10.7,4,2,是,B,agent,0.97,0.43,0.52,0.61,0.51,0.93,0.61,0.76,0.56,自住-改善,两室一厅,71,1340,区财政局科员,二胎黄金期中大户型,上海中环品质两居，车位及空间极其拥挤,小区无地下车库且人车不分流，小孩在楼下玩耍或者推婴儿车极为不安全。,讲究超高得房率（超85%），主卧套房必须配备独立步入式衣帽间与干湿分离双卫。,主要在陆家嘴/徐家汇CBD上班，首选地铁2/9号线沿线，通勤半小时内。,倡导轻户外，周末常带家人自驾野营或山系徒步，注重生活情调与手作咖啡。,名下持有一套旧两居，置换回款 65% + 个人理财储蓄补充 + 公积金商业贷,重性价比，不盲信大牌，但要求物业管理有序、绿化修剪及时、人防技防规范。,常年本地稳定居住，工作日职住通勤动线规则单一。
上_2003_00416,上海,2003,金融精英,42,男,3.2,28.7,0.4,53.8,3,2,否,A,research,0.91,0.47,0.64,0.65,0.73,0.67,0.66,0.78,0.8,自住-改善,一室一厅,55,8436,申银万国证券分析员,二胎黄金期中大户型,西湖边高精平层,无高端私密会所及管家式物业配套，圈层鱼龙混杂，高净值居住体验差。,核心要求地块属于第一梯队名校学区，且周边500米内解决幼小衔接教育配套。,主要在陆家嘴/徐家汇CBD上班，首选地铁2/9号线沿线，通勤半小时内。,周末常去高端商圈消费，热衷打网球和马术，重度手冲咖啡及黑胶唱片发烧友。,名下已有企业股权套现或分红现金，一次性全款付清，基本不加杠杆,非仁恒、绿城、万科等金牌开发商不买，极度看重高端精装质量与顶级物业的增值口碑。,常年本地稳定居住，工作日职住通勤动线规则单一。
上_2003_00417,上海,2003,长三角家庭,48,女,1.5,10.1,0.45,16.8,4,2,是,B,agent,0.69,0.59,0.65,0.63,0.47,0.73,0.42,0.62,0.55,自住-改善,一室一厅,50,2783,邮政局局长秘书,二胎黄金期中大户型,上海中环品质两居，车位及空间极其拥挤,小区无地下车库且人车不分流，小孩在楼下玩耍或者推婴儿车极为不安全。,讲究超高得房率（超85%），主卧套房必须配备独立步入式衣帽间与干湿分离双卫。,主要在陆家嘴/徐家汇CBD上班，首选地铁2/9号线沿线，通勤半小时内。,倡导轻户外，周末常带家人自驾野营或山系徒步，注重生活情调与手作咖啡。,名下持有一套旧两居，置换回款 65% + 个人理财储蓄补充 + 公积金商业贷,重性价比，不盲信大牌，但要求物业管理有序、绿化修剪及时、人防技防规范。,常年本地稳定居住，工作日职住通勤动线规则单一。
上_2003_00418,上海,2003,金融精英,33,女,1.3,12.3,0.4,23.0,3,1,否,A,research,0.7,0.47,0.56,0.57,0.8,0.71,0.76,0.72,0.79,婚房,一室一厅,77,1690,老牌证券公司营业部经理,三口之家(幼龄段),市中心私密洋房住宅,无高端私密会所及管家式物业配套，圈层鱼龙混杂，高净值居住体验差。,讲究超高得房率（超85%），主卧套房必须配备独立步入式衣帽间与干湿分离双卫。,主要在陆家嘴/徐家汇CBD上班，首选地铁2/9号线沿线，通勤半小时内。,周末常去高端商圈消费，热衷打网球和马术，重度手冲咖啡及黑胶唱片发烧友。,夫妻双方积蓄 + 双方父母出资赞助首付 + 公积金商业组合贷款,非仁恒、绿城、万科等金牌开发商不买，极度看重高端精装质量与顶级物业的增值口碑。,常年本地稳定居住，工作日职住通勤动线规则单一。
上_2003_00419,上海,2003,本地改善,53,女,1.3,14.5,0.45,24.1,5,2,否,B,agent,0.77,0.58,0.51,0.52,0.57,0.63,0.45,0.83,0.42,自住-改善,两室两厅,96,1777,国企车间技术主任,二胎黄金期中大户型,上海中环品质两居，车位及空间极其拥挤,小区无地下车库且人车不分流，小孩在楼下玩耍或者推婴儿车极为不安全。,核心要求地块属于第一梯队名校学区，且周边500米内解决幼小衔接教育配套。,主要在陆家嘴/徐家汇CBD上班，首选地铁2/9号线沿线，通勤半小时内。,倡导轻户外，周末常带家人自驾野营或山系徒步，注重生活情调与手作咖啡。,名下持有一套旧两居，置换回款 65% + 个人理财储蓄补充 + 公积金商业贷,重性价比，不盲信大牌，但要求物业管理有序、绿化修剪及时、人防技防规范。,常年本地稳定居住，工作日职住通勤动线规则单一。
上_2003_00420,上海,2003,本地改善,39,男,1.1,10.4,0.45,17.4,4,2,是,B,agent,0.81,0.62,0.43,0.55,0.58,0.78,0.73,0.75,0.61,自住-改善,两室一厅,62,1858,邮政局局长秘书,二胎黄金期中大户型,上海中环品质两居，车位及空间极其拥挤,小区无地下车库且人车不分流，小孩在楼下玩耍或者推婴儿车极为不安全。,讲究超高得房率（超85%），主卧套房必须配备独立步入式衣帽间与干湿分离双卫。,主要在陆家嘴/徐家汇CBD上班，首选地铁2/9号线沿线，通勤半小时内。,倡导轻户外，周末常带家人自驾野营或山系徒步，注重生活情调与手作咖啡。,名下持有一套旧两居，置换回款 65% + 个人理财储蓄补充 + 公积金商业贷,重性价比，不盲信大牌，但要求物业管理有序、绿化修剪及时、人防技防规范。,常年本地稳定居住，工作日职住通勤动线规则单一。
上_2003_00421,上海,2003,教育型买房,38,男,1.2,7.7,0.4,14.4,3,1,否,B,social,0.86,0.49,0.37,0.41,0.54,0.75,0.49,1,0.69,学区房,一室一厅,89,864,市第二中学地理教师,三口之家(学龄段),上海中环品质两居，车位及空间极其拥挤,小区无地下车库且人车不分流，小孩在楼下玩耍或者推婴儿车极为不安全。,讲究超高得房率（超85%），主卧套房必须配备独立步入式衣帽间与干湿分离双卫。,主要在陆家嘴/徐家汇CBD上班，首选地铁2/9号线沿线，通勤半小时内。,倡导轻户外，周末常带家人自驾野营或山系徒步，注重生活情调与手作咖啡。,名下持有一套旧两居，置换回款 65% + 个人理财储蓄补充 + 公积金商业贷,重性价比，不盲信大牌，但要求物业管理有序、绿化修剪及时、人防技防规范。,常年本地稳定居住，工作日职住通勤动线规则单一。
上_2003_00422,上海,2003,本地改善,42,男,1.2,11.3,0.45,18.9,4,2,否,B,agent,1,0.59,0.51,0.63,0.47,0.94,0.66,0.53,0.51,自住-改善,一室一厅,93,1228,国企车间技术主任,二胎黄金期中大户型,上海中环品质两居，车位及空间极其拥挤,小区无地下车库且人车不分流，小孩在楼下玩耍或者推婴儿车极为不安全。,讲究超高得房率（超85%），主卧套房必须配备独立步入式衣帽间与干湿分离双卫。,主要在陆家嘴/徐家汇CBD上班，首选地铁2/9号线沿线，通勤半小时内。,倡导轻户外，周末常带家人自驾野营或山系徒步，注重生活情调与手作咖啡。,名下持有一套旧两居，置换回款 65% + 个人理财储蓄补充 + 公积金商业贷,重性价比，不盲信大牌，但要求物业管理有序、绿化修剪及时、人防技防规范。,常年本地稳定居住，工作日职住通勤动线规则单一。
上_2003_00423,上海,2003,本地改善,51,男,1.3,12.0,0.45,20.0,3,2,是,B,agent,0.71,0.49,0.58,0.53,0.68,0.94,0.66,0.61,0.64,自住-改善,一室一厅,56,1907,市第二中学地理教师,二胎黄金期中大户型,上海中环品质两居，车位及空间极其拥挤,小区无地下车库且人车不分流，小孩在楼下玩耍或者推婴儿车极为不安全。,讲究超高得房率（超85%），主卧套房必须配备独立步入式衣帽间与干湿分离双卫。,主要在陆家嘴/徐家汇CBD上班，首选地铁2/9号线沿线，通勤半小时内。,倡导轻户外，周末常带家人自驾野营或山系徒步，注重生活情调与手作咖啡。,名下持有一套旧两居，置换回款 65% + 个人理财储蓄补充 + 公积金商业贷,重性价比，不盲信大牌，但要求物业管理有序、绿化修剪及时、人防技防规范。,常年本地稳定居住，工作日职住通勤动线规则单一。
上_2003_00424,上海,2003,教育型买房,46,女,1.5,15.0,0.4,28.1,3,1,否,B,social,0.94,0.43,0.47,0.4,0.63,0.67,0.59,1,0.68,学区房,两室两厅,93,2150,邮政局局长秘书,三口之家(学龄段),上海中环品质两居，车位及空间极其拥挤,小区无地下车库且人车不分流，小孩在楼下玩耍或者推婴儿车极为不安全。,核心要求地块属于第一梯队名校学区，且周边500米内解决幼小衔接教育配套。,主要在陆家嘴/徐家汇CBD上班，首选地铁2/9号线沿线，通勤半小时内。,倡导轻户外，周末常带家人自驾野营或山系徒步，注重生活情调与手作咖啡。,名下持有一套旧两居，置换回款 65% + 个人理财储蓄补充 + 公积金商业贷,重性价比，不盲信大牌，但要求物业管理有序、绿化修剪及时、人防技防规范。,常年本地稳定居住，工作日职住通勤动线规则单一。
上_2003_00425,上海,2003,本地改善,41,男,0.9,9.6,0.45,16.0,4,2,是,B,agent,0.91,0.57,0.45,0.53,0.59,0.92,0.52,0.67,0.51,自住-改善,两室两厅,64,1562,国企车间技术主任,二胎黄金期中大户型,上海中环品质两居，车位及空间极其拥挤,小区无地下车库且人车不分流，小孩在楼下玩耍或者推婴儿车极为不安全。,讲究超高得房率（超85%），主卧套房必须配备独立步入式衣帽间与干湿分离双卫。,主要在陆家嘴/徐家汇CBD上班，首选地铁2/9号线沿线，通勤半小时内。,倡导轻户外，周末常带家人自驾野营或山系徒步，注重生活情调与手作咖啡。,名下持有一套旧两居，置换回款 65% + 个人理财储蓄补充 + 公积金商业贷,重性价比，不盲信大牌，但要求物业管理有序、绿化修剪及时、人防技防规范。,常年本地稳定居住，工作日职住通勤动线规则单一。
上_2003_00426,上海,2003,本地改善,45,女,1.1,11.4,0.45,19.0,4,2,是,B,agent,0.89,0.54,0.49,0.52,0.49,0.77,0.5,0.75,0.65,自住-改善,一室一厅,90,1861,市第二中学地理教师,二胎黄金期中大户型,上海中环品质两居，车位及空间极其拥挤,小区无地下车库且人车不分流，小孩在楼下玩耍或者推婴儿车极为不安全。,讲究超高得房率（超85%），主卧套房必须配备独立步入式衣帽间与干湿分离双卫。,主要在陆家嘴/徐家汇CBD上班，首选地铁2/9号线沿线，通勤半小时内。,倡导轻户外，周末常带家人自驾野营或山系徒步，注重生活情调与手作咖啡。,名下持有一套旧两居，置换回款 65% + 个人理财储蓄补充 + 公积金商业贷,重性价比，不盲信大牌，但要求物业管理有序、绿化修剪及时、人防技防规范。,常年本地稳定居住，工作日职住通勤动线规则单一。
上_2003_00427,上海,2003,本地改善,39,女,1.3,12.5,0.45,20.8,4,2,是,B,agent,0.84,0.4,0.54,0.61,0.46,0.91,0.54,0.7,0.64,自住-改善,两室两厅,65,1692,国企车间技术主任,二胎黄金期中大户型,上海中环品质两居，车位及空间极其拥挤,小区无地下车库且人车不分流，小孩在楼下玩耍或者推婴儿车极为不安全。,讲究超高得房率（超85%），主卧套房必须配备独立步入式衣帽间与干湿分离双卫。,主要在陆家嘴/徐家汇CBD上班，首选地铁2/9号线沿线，通勤半小时内。,倡导轻户外，周末常带家人自驾野营或山系徒步，注重生活情调与手作咖啡。,名下持有一套旧两居，置换回款 65% + 个人理财储蓄补充 + 公积金商业贷,重性价比，不盲信大牌，但要求物业管理有序、绿化修剪及时、人防技防规范。,常年本地稳定居住，工作日职住通勤动线规则单一。
上_2003_00428,上海,2003,金融精英,40,男,2.5,15.2,0.4,28.4,3,1,否,A,research,0.69,0.45,0.83,0.51,0.83,0.64,0.8,0.75,0.77,自住-改善,两室两厅,70,2931,老牌证券公司营业部经理,三口之家(学龄段),陆家嘴核心区江景大平层,无高端私密会所及管家式物业配套，圈层鱼龙混杂，高净值居住体验差。,要求有超大面宽南向双阳台（观景家政分离），主卧大飘窗能270度直面自然景观。,主要在陆家嘴/徐家汇CBD上班，首选地铁2/9号线沿线，通勤半小时内。,周末常去高端商圈消费，热衷打网球和马术，重度手冲咖啡及黑胶唱片发烧友。,名下已有企业股权套现或分红现金，一次性全款付清，基本不加杠杆,非仁恒、绿城、万科等金牌开发商不买，极度看重高端精装质量与顶级物业的增值口碑。,常年本地稳定居住，工作日职住通勤动线规则单一。
上_2003_00429,上海,2003,本地改善,57,男,1.5,13.9,0.45,23.2,5,2,是,B,agent,0.74,0.44,0.67,0.54,0.53,0.91,0.67,0.51,0.74,自住-改善,两室两厅,51,3906,区财政局科员,二胎黄金期中大户型,上海中环品质两居，车位及空间极其拥挤,小区无地下车库且人车不分流，小孩在楼下玩耍或者推婴儿车极为不安全。,讲究超高得房率（超85%），主卧套房必须配备独立步入式衣帽间与干湿分离双卫。,主要在陆家嘴/徐家汇CBD上班，首选地铁2/9号线沿线，通勤半小时内。,倡导轻户外，周末常带家人自驾野营或山系徒步，注重生活情调与手作咖啡。,名下持有一套旧两居，置换回款 65% + 个人理财储蓄补充 + 公积金商业贷,非仁恒、绿城、万科等金牌开发商不买，极度看重高端精装质量与顶级物业的增值口碑。,常年本地稳定居住，工作日职住通勤动线规则单一。
上_2003_00430,上海,2003,本地改善,57,男,0.5,4.2,0.45,7.0,4,2,否,B,agent,0.58,0.49,0.51,0.56,0.59,0.74,0.73,0.64,0.55,自住-改善,两室两厅,66,906,邮政局局长秘书,二胎黄金期中大户型,上海中环品质两居，车位及空间极其拥挤,小区无地下车库且人车不分流，小孩在楼下玩耍或者推婴儿车极为不安全。,讲究超高得房率（超85%），主卧套房必须配备独立步入式衣帽间与干湿分离双卫。,主要在陆家嘴/徐家汇CBD上班，首选地铁2/9号线沿线，通勤半小时内。,倡导轻户外，周末常带家人自驾野营或山系徒步，注重生活情调与手作咖啡。,名下持有一套旧两居，置换回款 65% + 个人理财储蓄补充 + 公积金商业贷,重性价比，不盲信大牌，但要求物业管理有序、绿化修剪及时、人防技防规范。,常年本地稳定居住，工作日职住通勤动线规则单一。
上_2003_00431,上海,2003,本地改善,43,女,0.6,4.4,0.45,7.3,5,2,是,B,agent,0.79,0.56,0.56,0.47,0.59,0.9,0.71,0.81,0.59,自住-改善,两室两厅,50,794,国企车间技术主任,二胎黄金期中大户型,上海中环品质两居，车位及空间极其拥挤,小区无地下车库且人车不分流，小孩在楼下玩耍或者推婴儿车极为不安全。,讲究超高得房率（超85%），主卧套房必须配备独立步入式衣帽间与干湿分离双卫。,主要在陆家嘴/徐家汇CBD上班，首选地铁2/9号线沿线，通勤半小时内。,倡导轻户外，周末常带家人自驾野营或山系徒步，注重生活情调与手作咖啡。,名下持有一套旧两居，置换回款 65% + 个人理财储蓄补充 + 公积金商业贷,重性价比，不盲信大牌，但要求物业管理有序、绿化修剪及时、人防技防规范。,常年本地稳定居住，工作日职住通勤动线规则单一。
上_2003_00432,上海,2003,本地改善,38,男,0.7,8.1,0.45,13.6,4,2,否,B,agent,0.67,0.59,0.62,0.4,0.62,0.89,0.62,0.65,0.67,自住-改善,两室一厅,98,810,邮政局局长秘书,二胎黄金期中大户型,上海中环品质两居，车位及空间极其拥挤,小区无地下车库且人车不分流，小孩在楼下玩耍或者推婴儿车极为不安全。,讲究超高得房率（超85%），主卧套房必须配备独立步入式衣帽间与干湿分离双卫。,主要在陆家嘴/徐家汇CBD上班，首选地铁2/9号线沿线，通勤半小时内。,倡导轻户外，周末常带家人自驾野营或山系徒步，注重生活情调与手作咖啡。,名下持有一套旧两居，置换回款 65% + 个人理财储蓄补充 + 公积金商业贷,重性价比，不盲信大牌，但要求物业管理有序、绿化修剪及时、人防技防规范。,常年本地稳定居住，工作日职住通勤动线规则单一。
上_2003_00433,上海,2003,金融精英,34,女,2.0,15.9,0.4,29.9,3,2,否,A,research,0.75,0.35,0.71,0.65,0.75,0.73,0.7,0.71,0.75,自住-首套,两室两厅,64,2766,老牌证券公司营业部经理,二胎黄金期中大户型,陆家嘴核心区江景大平层,无高端私密会所及管家式物业配套，圈层鱼龙混杂，高净值居住体验差。,要求有超大面宽南向双阳台（观景家政分离），主卧大飘窗能270度直面自然景观。,主要在陆家嘴/徐家汇CBD上班，首选地铁2/9号线沿线，通勤半小时内。,周末常去高端商圈消费，热衷打网球和马术，重度手冲咖啡及黑胶唱片发烧友。,夫妻双方积蓄 + 双方父母出资赞助首付 + 公积金商业组合贷款,非仁恒、绿城、万科等金牌开发商不买，极度看重高端精装质量与顶级物业的增值口碑。,常年本地稳定居住，工作日职住通勤动线规则单一。
上_2003_00434,上海,2003,本地改善,57,女,0.6,6.1,0.45,10.2,5,2,否,B,agent,0.92,0.54,0.56,0.51,0.51,0.81,0.71,0.64,0.78,自住-改善,一室一厅,93,850,区财政局科员,二胎黄金期中大户型,上海中环品质两居，车位及空间极其拥挤,小区无地下车库且人车不分流，小孩在楼下玩耍或者推婴儿车极为不安全。,讲究超高得房率（超85%），主卧套房必须配备独立步入式衣帽间与干湿分离双卫。,主要在陆家嘴/徐家汇CBD上班，首选地铁2/9号线沿线，通勤半小时内。,倡导轻户外，周末常带家人自驾野营或山系徒步，注重生活情调与手作咖啡。,名下持有一套旧两居，置换回款 65% + 个人理财储蓄补充 + 公积金商业贷,非仁恒、绿城、万科等金牌开发商不买，极度看重高端精装质量与顶级物业的增值口碑。,常年本地稳定居住，工作日职住通勤动线规则单一。
上_2003_00435,上海,2003,金融精英,39,男,2.0,15.9,0.4,29.8,2,1,否,A,research,0.85,0.43,0.8,0.65,0.63,0.8,0.71,0.75,0.72,自住-首套,一室一厅,67,2795,老牌证券公司营业部经理,三口之家(学龄段),陆家嘴核心区江景大平层,无高端私密会所及管家式物业配套，圈层鱼龙混杂，高净值居住体验差。,要求有超大面宽南向双阳台（观景家政分离），主卧大飘窗能270度直面自然景观。,主要在陆家嘴/徐家汇CBD上班，首选地铁2/9号线沿线，通勤半小时内。,周末常去高端商圈消费，热衷打网球和马术，重度手冲咖啡及黑胶唱片发烧友。,夫妻双方积蓄 + 双方父母出资赞助首付 + 公积金商业组合贷款,非仁恒、绿城、万科等金牌开发商不买，极度看重高端精装质量与顶级物业的增值口碑。,常年本地稳定居住，工作日职住通勤动线规则单一。
上_2003_00436,上海,2003,本地改善,39,男,0.7,5.0,0.45,8.3,5,2,是,B,agent,0.66,0.69,0.67,0.44,0.53,0.68,0.64,0.67,0.58,自住-改善,两室两厅,52,1106,市第二中学地理教师,二胎黄金期中大户型,上海中环品质两居，车位及空间极其拥挤,小区无地下车库且人车不分流，小孩在楼下玩耍或者推婴儿车极为不安全。,要求采光通透，全明户型，带多功能嵌入式收纳墙以最大化空间利用。,主要在陆家嘴/徐家汇CBD上班，首选地铁2/9号线沿线，通勤半小时内。,倡导轻户外，周末常带家人自驾野营或山系徒步，注重生活情调与手作咖啡。,名下持有一套旧两居，置换回款 65% + 个人理财储蓄补充 + 公积金商业贷,重性价比，不盲信大牌，但要求物业管理有序、绿化修剪及时、人防技防规范。,常年本地稳定居住，工作日职住通勤动线规则单一。
上_2003_00437,上海,2003,本地改善,39,男,1.0,12.0,0.45,20.0,4,2,是,B,agent,0.83,0.62,0.42,0.5,0.62,0.82,0.58,0.63,0.59,自住-改善,两室两厅,50,3185,邮政局局长秘书,二胎黄金期中大户型,上海中环品质两居，车位及空间极其拥挤,小区无地下车库且人车不分流，小孩在楼下玩耍或者推婴儿车极为不安全。,讲究超高得房率（超85%），主卧套房必须配备独立步入式衣帽间与干湿分离双卫。,主要在陆家嘴/徐家汇CBD上班，首选地铁2/9号线沿线，通勤半小时内。,倡导轻户外，周末常带家人自驾野营或山系徒步，注重生活情调与手作咖啡。,名下持有一套旧两居，置换回款 65% + 个人理财储蓄补充 + 公积金商业贷,重性价比，不盲信大牌，但要求物业管理有序、绿化修剪及时、人防技防规范。,常年本地稳定居住，工作日职住通勤动线规则单一。
上_2003_00438,上海,2003,本地改善,56,男,1.1,13.4,0.45,22.4,4,3,否,B,agent,0.6,0.47,0.48,0.39,0.41,0.96,0.62,0.81,0.42,自住-改善,两室两厅,79,1780,区财政局科员,二胎黄金期中大户型,上海中环品质两居，车位及空间极其拥挤,小区无地下车库且人车不分流，小孩在楼下玩耍或者推婴儿车极为不安全。,讲究超高得房率（超85%），主卧套房必须配备独立步入式衣帽间与干湿分离双卫。,主要在陆家嘴/徐家汇CBD上班，首选地铁2/9号线沿线，通勤半小时内。,倡导轻户外，周末常带家人自驾野营或山系徒步，注重生活情调与手作咖啡。,名下持有一套旧两居，置换回款 65% + 个人理财储蓄补充 + 公积金商业贷,重性价比，不盲信大牌，但要求物业管理有序、绿化修剪及时、人防技防规范。,常年本地稳定居住，工作日职住通勤动线规则单一。
上_2003_00439,上海,2003,本地改善,55,女,1.3,15.3,0.45,25.5,3,2,是,B,agent,0.63,0.58,0.64,0.52,0.6,0.83,0.55,0.85,0.53,自住-改善,一室一厅,60,3004,市第二中学地理教师,二胎黄金期中大户型,上海中环品质两居，车位及空间极其拥挤,小区无地下车库且人车不分流，小孩在楼下玩耍或者推婴儿车极为不安全。,讲究超高得房率（超85%），主卧套房必须配备独立步入式衣帽间与干湿分离双卫。,主要在陆家嘴/徐家汇CBD上班，首选地铁2/9号线沿线，通勤半小时内。,倡导轻户外，周末常带家人自驾野营或山系徒步，注重生活情调与手作咖啡。,名下持有一套旧两居，置换回款 65% + 个人理财储蓄补充 + 公积金商业贷,重性价比，不盲信大牌，但要求物业管理有序、绿化修剪及时、人防技防规范。,常年本地稳定居住，工作日职住通勤动线规则单一。
上_2003_00440,上海,2003,本地改善,43,男,1.1,10.2,0.45,17.0,6,2,否,B,agent,0.64,0.68,0.74,0.41,0.69,0.92,0.58,0.6,0.58,自住-改善,一室一厅,50,2449,邮政局局长秘书,二胎黄金期中大户型,上海中环品质两居，车位及空间极其拥挤,小区无地下车库且人车不分流，小孩在楼下玩耍或者推婴儿车极为不安全。,要求有超大面宽南向双阳台（观景家政分离），主卧大飘窗能270度直面自然景观。,主要在陆家嘴/徐家汇CBD上班，首选地铁2/9号线沿线，通勤半小时内。,倡导轻户外，周末常带家人自驾野营或山系徒步，注重生活情调与手作咖啡。,名下持有一套旧两居，置换回款 65% + 个人理财储蓄补充 + 公积金商业贷,重性价比，不盲信大牌，但要求物业管理有序、绿化修剪及时、人防技防规范。,常年本地稳定居住，工作日职住通勤动线规则单一。
上_2003_00441,上海,2003,本地改善,47,男,0.7,5.9,0.45,9.8,3,3,否,B,agent,0.85,0.54,0.48,0.59,0.61,0.9,0.67,0.62,0.52,自住-改善,两室两厅,69,715,国企车间技术主任,二胎黄金期中大户型,上海中环品质两居，车位及空间极其拥挤,小区无地下车库且人车不分流，小孩在楼下玩耍或者推婴儿车极为不安全。,讲究超高得房率（超85%），主卧套房必须配备独立步入式衣帽间与干湿分离双卫。,主要在陆家嘴/徐家汇CBD上班，首选地铁2/9号线沿线，通勤半小时内。,倡导轻户外，周末常带家人自驾野营或山系徒步，注重生活情调与手作咖啡。,名下持有一套旧两居，置换回款 65% + 个人理财储蓄补充 + 公积金商业贷,重性价比，不盲信大牌，但要求物业管理有序、绿化修剪及时、人防技防规范。,常年本地稳定居住，工作日职住通勤动线规则单一。
上_2003_00442,上海,2003,本地改善,56,男,1.9,13.8,0.45,23.0,4,1,否,B,agent,0.83,0.5,0.62,0.38,0.68,0.94,0.63,0.7,0.54,自住-改善,两室两厅,61,2202,国企车间技术主任,三口之家(学龄段),上海中环品质两居，车位及空间极其拥挤,小区无地下车库且人车不分流，小孩在楼下玩耍或者推婴儿车极为不安全。,讲究超高得房率（超85%），主卧套房必须配备独立步入式衣帽间与干湿分离双卫。,主要在陆家嘴/徐家汇CBD上班，首选地铁2/9号线沿线，通勤半小时内。,倡导轻户外，周末常带家人自驾野营或山系徒步，注重生活情调与手作咖啡。,名下持有一套旧两居，置换回款 65% + 个人理财储蓄补充 + 公积金商业贷,重性价比，不盲信大牌，但要求物业管理有序、绿化修剪及时、人防技防规范。,常年本地稳定居住，工作日职住通勤动线规则单一。
上_2003_00443,上海,2003,教育型买房,39,男,1.6,10.0,0.4,18.7,3,1,否,B,social,0.88,0.37,0.57,0.49,0.7,0.76,0.57,1,0.68,学区房,两室一厅,65,2014,区财政局科员,三口之家(学龄段),上海中环品质两居，车位及空间极其拥挤,小区无地下车库且人车不分流，小孩在楼下玩耍或者推婴儿车极为不安全。,讲究超高得房率（超85%），主卧套房必须配备独立步入式衣帽间与干湿分离双卫。,主要在陆家嘴/徐家汇CBD上班，首选地铁2/9号线沿线，通勤半小时内。,倡导轻户外，周末常带家人自驾野营或山系徒步，注重生活情调与手作咖啡。,名下持有一套旧两居，置换回款 65% + 个人理财储蓄补充 + 公积金商业贷,重性价比，不盲信大牌，但要求物业管理有序、绿化修剪及时、人防技防规范。,常年本地稳定居住，工作日职住通勤动线规则单一。
上_2003_00444,上海,2003,本地改善,44,女,0.9,7.5,0.45,12.5,3,1,是,B,agent,0.74,0.44,0.56,0.52,0.66,0.86,0.58,0.65,0.61,自住-改善,两室两厅,58,1530,邮政局局长秘书,三口之家(学龄段),上海中环品质两居，车位及空间极其拥挤,小区无地下车库且人车不分流，小孩在楼下玩耍或者推婴儿车极为不安全。,讲究超高得房率（超85%），主卧套房必须配备独立步入式衣帽间与干湿分离双卫。,主要在陆家嘴/徐家汇CBD上班，首选地铁2/9号线沿线，通勤半小时内。,倡导轻户外，周末常带家人自驾野营或山系徒步，注重生活情调与手作咖啡。,名下持有一套旧两居，置换回款 65% + 个人理财储蓄补充 + 公积金商业贷,重性价比，不盲信大牌，但要求物业管理有序、绿化修剪及时、人防技防规范。,常年本地稳定居住，工作日职住通勤动线规则单一。
上_2003_00445,上海,2003,本地改善,40,男,1.5,17.3,0.45,28.8,5,2,否,B,agent,0.64,0.62,0.38,0.53,0.53,1.0,0.54,0.69,0.69,自住-改善,两室一厅,58,4340,邮政局局长秘书,二胎黄金期中大户型,上海中环品质两居，车位及空间极其拥挤,小区无地下车库且人车不分流，小孩在楼下玩耍或者推婴儿车极为不安全。,讲究超高得房率（超85%），主卧套房必须配备独立步入式衣帽间与干湿分离双卫。,主要在陆家嘴/徐家汇CBD上班，首选地铁2/9号线沿线，通勤半小时内。,倡导轻户外，周末常带家人自驾野营或山系徒步，注重生活情调与手作咖啡。,名下持有一套旧两居，置换回款 65% + 个人理财储蓄补充 + 公积金商业贷,重性价比，不盲信大牌，但要求物业管理有序、绿化修剪及时、人防技防规范。,常年本地稳定居住，工作日职住通勤动线规则单一。
上_2003_00446,上海,2003,本地改善,38,男,1.2,13.3,0.45,22.1,4,3,否,B,agent,0.53,0.42,0.69,0.62,0.71,0.88,0.52,0.8,0.59,自住-改善,一室一厅,56,2472,国企车间技术主任,二胎黄金期中大户型,上海中环品质两居，车位及空间极其拥挤,小区无地下车库且人车不分流，小孩在楼下玩耍或者推婴儿车极为不安全。,讲究超高得房率（超85%），主卧套房必须配备独立步入式衣帽间与干湿分离双卫。,主要在陆家嘴/徐家汇CBD上班，首选地铁2/9号线沿线，通勤半小时内。,倡导轻户外，周末常带家人自驾野营或山系徒步，注重生活情调与手作咖啡。,名下持有一套旧两居，置换回款 65% + 个人理财储蓄补充 + 公积金商业贷,重性价比，不盲信大牌，但要求物业管理有序、绿化修剪及时、人防技防规范。,常年本地稳定居住，工作日职住通勤动线规则单一。
上_2003_00447,上海,2003,金融精英,50,男,2.5,24.5,0.4,46.0,3,1,否,A,research,0.86,0.46,0.71,0.48,0.76,0.64,0.71,0.93,0.73,自住-改善,两室两厅,82,4419,商业银行支行信贷科长,三口之家(学龄段),西湖边高精平层,无高端私密会所及管家式物业配套，圈层鱼龙混杂，高净值居住体验差。,要求有超大面宽南向双阳台（观景家政分离），主卧大飘窗能270度直面自然景观。,主要在陆家嘴/徐家汇CBD上班，首选地铁2/9号线沿线，通勤半小时内。,周末常去高端商圈消费，热衷打网球和马术，重度手冲咖啡及黑胶唱片发烧友。,名下已有企业股权套现或分红现金，一次性全款付清，基本不加杠杆,非仁恒、绿城、万科等金牌开发商不买，极度看重高端精装质量与顶级物业的增值口碑。,常年本地稳定居住，工作日职住通勤动线规则单一。
上_2003_00448,上海,2003,本地改善,49,女,1.6,20.5,0.45,34.1,5,1,否,B,agent,0.77,0.49,0.52,0.55,0.36,0.86,0.67,0.67,0.44,自住-改善,两室一厅,85,2591,区财政局科员,三口之家(学龄段),上海中环品质两居，车位及空间极其拥挤,小区无地下车库且人车不分流，小孩在楼下玩耍或者推婴儿车极为不安全。,讲究超高得房率（超85%），主卧套房必须配备独立步入式衣帽间与干湿分离双卫。,主要在陆家嘴/徐家汇CBD上班，首选地铁2/9号线沿线，通勤半小时内。,倡导轻户外，周末常带家人自驾野营或山系徒步，注重生活情调与手作咖啡。,名下持有一套旧两居，置换回款 65% + 个人理财储蓄补充 + 公积金商业贷,重性价比，不盲信大牌，但要求物业管理有序、绿化修剪及时、人防技防规范。,常年本地稳定居住，工作日职住通勤动线规则单一。
上_2003_00449,上海,2003,本地改善,52,女,1.1,9.2,0.45,15.3,4,3,否,B,agent,0.75,0.41,0.56,0.47,0.72,0.93,0.61,0.64,0.51,自住-改善,两室一厅,98,1358,国企车间技术主任,二胎黄金期中大户型,上海中环品质两居，车位及空间极其拥挤,小区无地下车库且人车不分流，小孩在楼下玩耍或者推婴儿车极为不安全。,讲究超高得房率（超85%），主卧套房必须配备独立步入式衣帽间与干湿分离双卫。,主要在陆家嘴/徐家汇CBD上班，首选地铁2/9号线沿线，通勤半小时内。,倡导轻户外，周末常带家人自驾野营或山系徒步，注重生活情调与手作咖啡。,名下持有一套旧两居，置换回款 65% + 个人理财储蓄补充 + 公积金商业贷,重性价比，不盲信大牌，但要求物业管理有序、绿化修剪及时、人防技防规范。,常年本地稳定居住，工作日职住通勤动线规则单一。
上_2003_00450,上海,2003,教育型买房,35,女,1.0,10.0,0.4,18.8,3,1,是,B,social,0.91,0.46,0.4,0.4,0.62,0.77,0.63,0.98,0.53,学区房,两室一厅,79,1212,市第二中学地理教师,三口之家(幼龄段),上海中环品质两居，车位及空间极其拥挤,小区无地下车库且人车不分流，小孩在楼下玩耍或者推婴儿车极为不安全。,讲究超高得房率（超85%），主卧套房必须配备独立步入式衣帽间与干湿分离双卫。,主要在陆家嘴/徐家汇CBD上班，首选地铁2/9号线沿线，通勤半小时内。,倡导轻户外，周末常带家人自驾野营或山系徒步，注重生活情调与手作咖啡。,名下持有一套旧两居，置换回款 65% + 个人理财储蓄补充 + 公积金商业贷,重性价比，不盲信大牌，但要求物业管理有序、绿化修剪及时、人防技防规范。,常年本地稳定居住，工作日职住通勤动线规则单一。
上_2003_00451,上海,2003,本地改善,38,男,0.9,7.6,0.45,12.6,5,2,否,B,agent,0.73,0.49,0.58,0.33,0.42,0.87,0.5,0.67,0.59,自住-改善,一室一厅,79,878,区财政局科员,二胎黄金期中大户型,上海中环品质两居，车位及空间极其拥挤,小区无地下车库且人车不分流，小孩在楼下玩耍或者推婴儿车极为不安全。,讲究超高得房率（超85%），主卧套房必须配备独立步入式衣帽间与干湿分离双卫。,主要在陆家嘴/徐家汇CBD上班，首选地铁2/9号线沿线，通勤半小时内。,倡导轻户外，周末常带家人自驾野营或山系徒步，注重生活情调与手作咖啡。,名下持有一套旧两居，置换回款 65% + 个人理财储蓄补充 + 公积金商业贷,重性价比，不盲信大牌，但要求物业管理有序、绿化修剪及时、人防技防规范。,常年本地稳定居住，工作日职住通勤动线规则单一。
上_2003_00452,上海,2003,长三角家庭,50,女,0.6,4.1,0.45,6.8,6,2,是,B,agent,0.77,0.55,0.43,0.52,0.51,0.87,0.5,0.67,0.62,自住-改善,两室一厅,71,706,邮政局局长秘书,二胎黄金期中大户型,上海中环品质两居，车位及空间极其拥挤,小区无地下车库且人车不分流，小孩在楼下玩耍或者推婴儿车极为不安全。,讲究超高得房率（超85%），主卧套房必须配备独立步入式衣帽间与干湿分离双卫。,主要在陆家嘴/徐家汇CBD上班，首选地铁2/9号线沿线，通勤半小时内。,倡导轻户外，周末常带家人自驾野营或山系徒步，注重生活情调与手作咖啡。,名下持有一套旧两居，置换回款 65% + 个人理财储蓄补充 + 公积金商业贷,重性价比，不盲信大牌，但要求物业管理有序、绿化修剪及时、人防技防规范。,常年本地稳定居住，工作日职住通勤动线规则单一。
上_2003_00453,上海,2003,本地改善,50,女,0.5,3.4,0.45,5.7,5,3,否,B,agent,0.71,0.58,0.54,0.48,0.51,0.86,0.62,0.58,0.61,自住-改善,两室一厅,63,589,国企车间技术主任,二胎黄金期中大户型,上海中环品质两居，车位及空间极其拥挤,小区无地下车库且人车不分流，小孩在楼下玩耍或者推婴儿车极为不安全。,讲究超高得房率（超85%），主卧套房必须配备独立步入式衣帽间与干湿分离双卫。,主要在陆家嘴/徐家汇CBD上班，首选地铁2/9号线沿线，通勤半小时内。,倡导轻户外，周末常带家人自驾野营或山系徒步，注重生活情调与手作咖啡。,名下持有一套旧两居，置换回款 65% + 个人理财储蓄补充 + 公积金商业贷,重性价比，不盲信大牌，但要求物业管理有序、绿化修剪及时、人防技防规范。,常年本地稳定居住，工作日职住通勤动线规则单一。
上_2003_00454,上海,2003,金融精英,48,女,2.4,19.1,0.4,35.8,3,1,否,A,research,0.73,0.51,0.55,0.52,0.74,0.68,0.73,0.73,0.83,自住-改善,两室两厅,55,4506,申银万国证券分析员,三口之家(学龄段),西湖边高精平层,无高端私密会所及管家式物业配套，圈层鱼龙混杂，高净值居住体验差。,核心要求地块属于第一梯队名校学区，且周边500米内解决幼小衔接教育配套。,主要在陆家嘴/徐家汇CBD上班，首选地铁2/9号线沿线，通勤半小时内。,周末常去高端商圈消费，热衷打网球和马术，重度手冲咖啡及黑胶唱片发烧友。,名下已有企业股权套现或分红现金，一次性全款付清，基本不加杠杆,非仁恒、绿城、万科等金牌开发商不买，极度看重高端精装质量与顶级物业的增值口碑。,常年本地稳定居住，工作日职住通勤动线规则单一。
上_2003_00455,上海,2003,金融精英,43,女,1.6,13.7,0.4,25.6,3,0,否,A,research,0.93,0.36,0.54,0.61,0.76,0.82,0.74,0.78,0.81,自住-首套,两室两厅,93,1503,商业银行支行信贷科长,成熟期核心家庭,西湖边高精平层,无高端私密会所及管家式物业配套，圈层鱼龙混杂，高净值居住体验差。,讲究超高得房率（超85%），主卧套房必须配备独立步入式衣帽间与干湿分离双卫。,主要在陆家嘴/徐家汇CBD上班，首选地铁2/9号线沿线，通勤半小时内。,周末常去高端商圈消费，热衷打网球和马术，重度手冲咖啡及黑胶唱片发烧友。,夫妻双方积蓄 + 双方父母出资赞助首付 + 公积金商业组合贷款,非仁恒、绿城、万科等金牌开发商不买，极度看重高端精装质量与顶级物业的增值口碑。,常年本地稳定居住，工作日职住通勤动线规则单一。
上_2003_00456,上海,2003,本地改善,52,女,0.8,7.4,0.45,12.3,4,1,是,B,agent,0.4,0.56,0.56,0.58,0.48,0.85,0.74,0.69,0.67,自住-改善,两室一厅,84,918,区财政局科员,三口之家(学龄段),上海中环品质两居，车位及空间极其拥挤,小区无地下车库且人车不分流，小孩在楼下玩耍或者推婴儿车极为不安全。,讲究超高得房率（超85%），主卧套房必须配备独立步入式衣帽间与干湿分离双卫。,主要在陆家嘴/徐家汇CBD上班，首选地铁2/9号线沿线，通勤半小时内。,倡导轻户外，周末常带家人自驾野营或山系徒步，注重生活情调与手作咖啡。,名下持有一套旧两居，置换回款 65% + 个人理财储蓄补充 + 公积金商业贷,重性价比，不盲信大牌，但要求物业管理有序、绿化修剪及时、人防技防规范。,常年本地稳定居住，工作日职住通勤动线规则单一。
上_2003_00457,上海,2003,教育型买房,35,女,0.9,7.9,0.4,14.8,4,3,否,B,social,0.89,0.48,0.41,0.57,0.63,0.72,0.48,0.9,0.61,学区房,两室两厅,69,1689,国企车间技术主任,二胎黄金期中大户型,上海中环品质两居，车位及空间极其拥挤,小区无地下车库且人车不分流，小孩在楼下玩耍或者推婴儿车极为不安全。,讲究超高得房率（超85%），主卧套房必须配备独立步入式衣帽间与干湿分离双卫。,主要在陆家嘴/徐家汇CBD上班，首选地铁2/9号线沿线，通勤半小时内。,倡导轻户外，周末常带家人自驾野营或山系徒步，注重生活情调与手作咖啡。,名下持有一套旧两居，置换回款 65% + 个人理财储蓄补充 + 公积金商业贷,重性价比，不盲信大牌，但要求物业管理有序、绿化修剪及时、人防技防规范。,常年本地稳定居住，工作日职住通勤动线规则单一。
上_2003_00458,上海,2003,本地改善,46,男,0.9,6.9,0.45,11.6,4,2,否,B,agent,0.54,0.6,0.62,0.52,0.61,0.8,0.6,0.81,0.46,自住-改善,两室两厅,86,994,区财政局科员,二胎黄金期中大户型,上海中环品质两居，车位及空间极其拥挤,小区无地下车库且人车不分流，小孩在楼下玩耍或者推婴儿车极为不安全。,讲究超高得房率（超85%），主卧套房必须配备独立步入式衣帽间与干湿分离双卫。,主要在陆家嘴/徐家汇CBD上班，首选地铁2/9号线沿线，通勤半小时内。,倡导轻户外，周末常带家人自驾野营或山系徒步，注重生活情调与手作咖啡。,名下持有一套旧两居，置换回款 65% + 个人理财储蓄补充 + 公积金商业贷,重性价比，不盲信大牌，但要求物业管理有序、绿化修剪及时、人防技防规范。,常年本地稳定居住，工作日职住通勤动线规则单一。
上_2003_00459,上海,2003,教育型买房,40,男,1.1,10.6,0.4,19.9,2,2,是,B,social,0.94,0.64,0.42,0.37,0.69,0.71,0.42,0.88,0.61,学区房,一室一厅,65,2614,市第二中学地理教师,二胎黄金期中大户型,上海中环品质两居，车位及空间极其拥挤,小区无地下车库且人车不分流，小孩在楼下玩耍或者推婴儿车极为不安全。,讲究超高得房率（超85%），主卧套房必须配备独立步入式衣帽间与干湿分离双卫。,主要在陆家嘴/徐家汇CBD上班，首选地铁2/9号线沿线，通勤半小时内。,倡导轻户外，周末常带家人自驾野营或山系徒步，注重生活情调与手作咖啡。,名下持有一套旧两居，置换回款 65% + 个人理财储蓄补充 + 公积金商业贷,重性价比，不盲信大牌，但要求物业管理有序、绿化修剪及时、人防技防规范。,常年本地稳定居住，工作日职住通勤动线规则单一。
上_2003_00460,上海,2003,金融精英,42,男,3.0,18.2,0.4,34.1,3,1,否,A,research,0.58,0.64,0.52,0.61,0.61,0.76,0.59,0.79,0.68,自住-首套,两室两厅,76,2479,申银万国证券分析员,三口之家(学龄段),市中心私密洋房住宅,无高端私密会所及管家式物业配套，圈层鱼龙混杂，高净值居住体验差。,讲究超高得房率（超85%），主卧套房必须配备独立步入式衣帽间与干湿分离双卫。,主要在陆家嘴/徐家汇CBD上班，首选地铁2/9号线沿线，通勤半小时内。,周末常去高端商圈消费，热衷打网球和马术，重度手冲咖啡及黑胶唱片发烧友。,夫妻双方积蓄 + 双方父母出资赞助首付 + 公积金商业组合贷款,重性价比，不盲信大牌，但要求物业管理有序、绿化修剪及时、人防技防规范。,常年本地稳定居住，工作日职住通勤动线规则单一。
上_2003_00461,上海,2003,金融精英,40,男,3.4,30.2,0.4,56.7,3,1,否,A,research,0.9,0.5,0.55,0.66,0.6,0.61,0.69,0.8,0.94,自住-首套,两室两厅,87,3734,老牌证券公司营业部经理,三口之家(学龄段),市中心私密洋房住宅,无高端私密会所及管家式物业配套，圈层鱼龙混杂，高净值居住体验差。,核心要求地块属于第一梯队名校学区，且周边500米内解决幼小衔接教育配套。,主要在陆家嘴/徐家汇CBD上班，首选地铁2/9号线沿线，通勤半小时内。,周末常去高端商圈消费，热衷打网球和马术，重度手冲咖啡及黑胶唱片发烧友。,夫妻双方积蓄 + 双方父母出资赞助首付 + 公积金商业组合贷款,非仁恒、绿城、万科等金牌开发商不买，极度看重高端精装质量与顶级物业的增值口碑。,常年本地稳定居住，工作日职住通勤动线规则单一。
上_2003_00462,上海,2003,本地改善,56,男,1.5,12.5,0.45,20.8,4,2,否,B,agent,0.87,0.59,0.61,0.51,0.54,0.75,0.63,0.75,0.51,自住-改善,两室一厅,50,3128,国企车间技术主任,二胎黄金期中大户型,上海中环品质两居，车位及空间极其拥挤,小区无地下车库且人车不分流，小孩在楼下玩耍或者推婴儿车极为不安全。,讲究超高得房率（超85%），主卧套房必须配备独立步入式衣帽间与干湿分离双卫。,主要在陆家嘴/徐家汇CBD上班，首选地铁2/9号线沿线，通勤半小时内。,倡导轻户外，周末常带家人自驾野营或山系徒步，注重生活情调与手作咖啡。,名下持有一套旧两居，置换回款 65% + 个人理财储蓄补充 + 公积金商业贷,重性价比，不盲信大牌，但要求物业管理有序、绿化修剪及时、人防技防规范。,常年本地稳定居住，工作日职住通勤动线规则单一。
上_2003_00463,上海,2003,金融精英,38,女,2.8,22.2,0.4,41.7,2,0,是,A,research,0.81,0.45,0.57,0.51,0.72,0.94,0.72,0.75,0.81,自住-首套,一室一厅,100,2348,申银万国证券分析员,成熟期核心家庭,陆家嘴核心区江景大平层,当前房屋属于旧多层无电梯房，父母年纪渐高每天爬楼梯极为吃力。,讲究超高得房率（超85%），主卧套房必须配备独立步入式衣帽间与干湿分离双卫。,主要在陆家嘴/徐家汇CBD上班，首选地铁2/9号线沿线，通勤半小时内。,周末常去高端商圈消费，热衷打网球和马术，重度手冲咖啡及黑胶唱片发烧友。,夫妻双方积蓄 + 双方父母出资赞助首付 + 公积金商业组合贷款,非仁恒、绿城、万科等金牌开发商不买，极度看重高端精装质量与顶级物业的增值口碑。,常年本地稳定居住，工作日职住通勤动线规则单一。
上_2003_00464,上海,2003,本地改善,57,女,1.4,16.6,0.45,27.7,4,2,是,B,agent,0.51,0.57,0.47,0.62,0.55,0.97,0.56,0.64,0.53,自住-改善,两室一厅,70,3068,邮政局局长秘书,二胎黄金期中大户型,上海中环品质两居，车位及空间极其拥挤,小区无地下车库且人车不分流，小孩在楼下玩耍或者推婴儿车极为不安全。,讲究超高得房率（超85%），主卧套房必须配备独立步入式衣帽间与干湿分离双卫。,主要在陆家嘴/徐家汇CBD上班，首选地铁2/9号线沿线，通勤半小时内。,倡导轻户外，周末常带家人自驾野营或山系徒步，注重生活情调与手作咖啡。,名下持有一套旧两居，置换回款 65% + 个人理财储蓄补充 + 公积金商业贷,重性价比，不盲信大牌，但要求物业管理有序、绿化修剪及时、人防技防规范。,常年本地稳定居住，工作日职住通勤动线规则单一。
上_2003_00465,上海,2003,教育型买房,42,女,0.8,7.9,0.4,14.7,3,1,否,B,social,1,0.33,0.4,0.42,0.53,0.72,0.64,1,0.49,学区房,一室一厅,53,1950,邮政局局长秘书,三口之家(学龄段),上海中环品质两居，车位及空间极其拥挤,小区无地下车库且人车不分流，小孩在楼下玩耍或者推婴儿车极为不安全。,讲究超高得房率（超85%），主卧套房必须配备独立步入式衣帽间与干湿分离双卫。,主要在陆家嘴/徐家汇CBD上班，首选地铁2/9号线沿线，通勤半小时内。,倡导轻户外，周末常带家人自驾野营或山系徒步，注重生活情调与手作咖啡。,名下持有一套旧两居，置换回款 65% + 个人理财储蓄补充 + 公积金商业贷,重性价比，不盲信大牌，但要求物业管理有序、绿化修剪及时、人防技防规范。,常年本地稳定居住，工作日职住通勤动线规则单一。
上_2003_00466,上海,2003,金融精英,49,男,3.4,22.8,0.4,42.7,4,1,否,A,research,0.85,0.42,0.57,0.67,0.82,0.72,0.73,0.73,0.77,自住-改善,一室一厅,79,3528,老牌证券公司营业部经理,三口之家(学龄段),陆家嘴核心区江景大平层,无高端私密会所及管家式物业配套，圈层鱼龙混杂，高净值居住体验差。,讲究超高得房率（超85%），主卧套房必须配备独立步入式衣帽间与干湿分离双卫。,主要在陆家嘴/徐家汇CBD上班，首选地铁2/9号线沿线，通勤半小时内。,周末常去高端商圈消费，热衷打网球和马术，重度手冲咖啡及黑胶唱片发烧友。,名下已有企业股权套现或分红现金，一次性全款付清，基本不加杠杆,非仁恒、绿城、万科等金牌开发商不买，极度看重高端精装质量与顶级物业的增值口碑。,常年本地稳定居住，工作日职住通勤动线规则单一。
上_2003_00467,上海,2003,教育型买房,43,女,2.0,16.0,0.4,30.0,2,0,否,B,social,0.72,0.51,0.47,0.45,0.64,0.56,0.41,1,0.54,学区房,两室两厅,69,3298,市第二中学地理教师,成熟期核心家庭,上海中环品质两居，车位及空间极其拥挤,老小区隔音差，邻里滋扰严重，且车位严重匮乏，每晚加班回来抢车位像打仗。,核心要求地块属于第一梯队名校学区，且周边500米内解决幼小衔接教育配套。,主要在陆家嘴/徐家汇CBD上班，首选地铁2/9号线沿线，通勤半小时内。,倡导轻户外，周末常带家人自驾野营或山系徒步，注重生活情调与手作咖啡。,名下持有一套旧两居，置换回款 65% + 个人理财储蓄补充 + 公积金商业贷,重性价比，不盲信大牌，但要求物业管理有序、绿化修剪及时、人防技防规范。,常年本地稳定居住，工作日职住通勤动线规则单一。
上_2003_00468,上海,2003,本地改善,53,女,0.9,9.4,0.45,15.7,4,3,是,B,agent,0.79,0.56,0.63,0.49,0.57,0.79,0.5,0.62,0.61,自住-改善,两室一厅,72,1409,邮政局局长秘书,二胎黄金期中大户型,上海中环品质两居，车位及空间极其拥挤,小区无地下车库且人车不分流，小孩在楼下玩耍或者推婴儿车极为不安全。,讲究超高得房率（超85%），主卧套房必须配备独立步入式衣帽间与干湿分离双卫。,主要在陆家嘴/徐家汇CBD上班，首选地铁2/9号线沿线，通勤半小时内。,倡导轻户外，周末常带家人自驾野营或山系徒步，注重生活情调与手作咖啡。,名下持有一套旧两居，置换回款 65% + 个人理财储蓄补充 + 公积金商业贷,重性价比，不盲信大牌，但要求物业管理有序、绿化修剪及时、人防技防规范。,常年本地稳定居住，工作日职住通勤动线规则单一。
上_2003_00469,上海,2003,长三角家庭,38,女,1.5,13.1,0.45,21.9,3,3,是,B,agent,0.57,0.48,0.51,0.61,0.64,0.89,0.36,0.59,0.68,自住-首套,一室一厅,89,1989,邮政局局长秘书,二胎黄金期中大户型,上海中环品质两居，车位及空间极其拥挤,小区无地下车库且人车不分流，小孩在楼下玩耍或者推婴儿车极为不安全。,讲究超高得房率（超85%），主卧套房必须配备独立步入式衣帽间与干湿分离双卫。,主要在陆家嘴/徐家汇CBD上班，首选地铁2/9号线沿线，通勤半小时内。,倡导轻户外，周末常带家人自驾野营或山系徒步，注重生活情调与手作咖啡。,夫妻双方积蓄 + 双方父母出资赞助首付 + 公积金商业组合贷款,重性价比，不盲信大牌，但要求物业管理有序、绿化修剪及时、人防技防规范。,常年本地稳定居住，工作日职住通勤动线规则单一。
上_2003_00470,上海,2003,外籍海归,36,男,1.9,16.7,0.4,31.3,3,1,是,A,social,0.9,0.46,0.5,0.65,0.79,0.79,0.7,0.93,0.84,自住-改善,一室一厅,80,3416,外企驻沪办事处代表,三口之家(幼龄段),陆家嘴核心区江景大平层,当前房屋属于旧多层无电梯房，父母年纪渐高每天爬楼梯极为吃力。,讲究超高得房率（超85%），主卧套房必须配备独立步入式衣帽间与干湿分离双卫。,主要在陆家嘴/徐家汇CBD上班，首选地铁2/9号线沿线，通勤半小时内。,周末常去高端商圈消费，热衷打网球和马术，重度手冲咖啡及黑胶唱片发烧友。,名下已有企业股权套现或分红现金，一次性全款付清，基本不加杠杆,非仁恒、绿城、万科等金牌开发商不买，极度看重高端精装质量与顶级物业的增值口碑。,常年本地稳定居住，工作日职住通勤动线规则单一。
上_2003_00471,上海,2003,长三角家庭,43,女,1.0,5.3,0.45,8.9,4,3,否,B,agent,0.8,0.45,0.44,0.6,0.57,0.84,0.45,0.73,0.68,自住-首套,两室两厅,67,889,国企车间技术主任,二胎黄金期中大户型,上海中环品质两居，车位及空间极其拥挤,小区无地下车库且人车不分流，小孩在楼下玩耍或者推婴儿车极为不安全。,讲究超高得房率（超85%），主卧套房必须配备独立步入式衣帽间与干湿分离双卫。,主要在陆家嘴/徐家汇CBD上班，首选地铁2/9号线沿线，通勤半小时内。,倡导轻户外，周末常带家人自驾野营或山系徒步，注重生活情调与手作咖啡。,夫妻双方积蓄 + 双方父母出资赞助首付 + 公积金商业组合贷款,重性价比，不盲信大牌，但要求物业管理有序、绿化修剪及时、人防技防规范。,常年本地稳定居住，工作日职住通勤动线规则单一。
上_2003_00472,上海,2003,教育型买房,41,男,1.5,9.4,0.4,17.6,3,0,是,B,social,0.97,0.59,0.46,0.34,0.52,0.59,0.7,0.96,0.61,学区房,一室一厅,97,1108,市第二中学地理教师,成熟期核心家庭,上海中环品质两居，车位及空间极其拥挤,当前房屋属于旧多层无电梯房，父母年纪渐高每天爬楼梯极为吃力。,核心要求地块属于第一梯队名校学区，且周边500米内解决幼小衔接教育配套。,主要在陆家嘴/徐家汇CBD上班，首选地铁2/9号线沿线，通勤半小时内。,倡导轻户外，周末常带家人自驾野营或山系徒步，注重生活情调与手作咖啡。,名下持有一套旧两居，置换回款 65% + 个人理财储蓄补充 + 公积金商业贷,重性价比，不盲信大牌，但要求物业管理有序、绿化修剪及时、人防技防规范。,常年本地稳定居住，工作日职住通勤动线规则单一。
上_2003_00473,上海,2003,本地改善,41,女,1.0,8.6,0.45,14.4,3,2,是,B,agent,0.85,0.47,0.53,0.57,0.46,0.7,0.59,0.63,0.68,自住-改善,两室一厅,100,1050,市第二中学地理教师,二胎黄金期中大户型,上海中环品质两居，车位及空间极其拥挤,小区无地下车库且人车不分流，小孩在楼下玩耍或者推婴儿车极为不安全。,讲究超高得房率（超85%），主卧套房必须配备独立步入式衣帽间与干湿分离双卫。,主要在陆家嘴/徐家汇CBD上班，首选地铁2/9号线沿线，通勤半小时内。,倡导轻户外，周末常带家人自驾野营或山系徒步，注重生活情调与手作咖啡。,名下持有一套旧两居，置换回款 65% + 个人理财储蓄补充 + 公积金商业贷,重性价比，不盲信大牌，但要求物业管理有序、绿化修剪及时、人防技防规范。,常年本地稳定居住，工作日职住通勤动线规则单一。
上_2003_00474,上海,2003,教育型买房,46,女,0.7,4.9,0.4,9.2,3,1,否,B,social,1,0.51,0.33,0.36,0.65,0.71,0.66,0.84,0.67,学区房,一室一厅,62,874,区财政局科员,三口之家(学龄段),上海中环品质两居，车位及空间极其拥挤,小区无地下车库且人车不分流，小孩在楼下玩耍或者推婴儿车极为不安全。,讲究超高得房率（超85%），主卧套房必须配备独立步入式衣帽间与干湿分离双卫。,主要在陆家嘴/徐家汇CBD上班，首选地铁2/9号线沿线，通勤半小时内。,倡导轻户外，周末常带家人自驾野营或山系徒步，注重生活情调与手作咖啡。,名下持有一套旧两居，置换回款 65% + 个人理财储蓄补充 + 公积金商业贷,重性价比，不盲信大牌，但要求物业管理有序、绿化修剪及时、人防技防规范。,常年本地稳定居住，工作日职住通勤动线规则单一。
上_2003_00475,上海,2003,本地改善,40,男,1.3,9.0,0.45,15.0,4,2,是,B,agent,0.89,0.53,0.64,0.53,0.51,0.8,0.69,0.74,0.55,自住-改善,两室一厅,50,2241,邮政局局长秘书,二胎黄金期中大户型,上海中环品质两居，车位及空间极其拥挤,小区无地下车库且人车不分流，小孩在楼下玩耍或者推婴儿车极为不安全。,讲究超高得房率（超85%），主卧套房必须配备独立步入式衣帽间与干湿分离双卫。,主要在陆家嘴/徐家汇CBD上班，首选地铁2/9号线沿线，通勤半小时内。,倡导轻户外，周末常带家人自驾野营或山系徒步，注重生活情调与手作咖啡。,名下持有一套旧两居，置换回款 65% + 个人理财储蓄补充 + 公积金商业贷,重性价比，不盲信大牌，但要求物业管理有序、绿化修剪及时、人防技防规范。,常年本地稳定居住，工作日职住通勤动线规则单一。
上_2003_00476,上海,2003,教育型买房,47,男,1.7,17.5,0.4,32.8,2,1,否,B,social,1,0.49,0.46,0.49,0.64,0.74,0.63,0.96,0.62,学区房,两室一厅,66,2757,市第二中学地理教师,三口之家(学龄段),上海中环品质两居，车位及空间极其拥挤,小区无地下车库且人车不分流，小孩在楼下玩耍或者推婴儿车极为不安全。,讲究超高得房率（超85%），主卧套房必须配备独立步入式衣帽间与干湿分离双卫。,主要在陆家嘴/徐家汇CBD上班，首选地铁2/9号线沿线，通勤半小时内。,倡导轻户外，周末常带家人自驾野营或山系徒步，注重生活情调与手作咖啡。,名下持有一套旧两居，置换回款 65% + 个人理财储蓄补充 + 公积金商业贷,重性价比，不盲信大牌，但要求物业管理有序、绿化修剪及时、人防技防规范。,常年本地稳定居住，工作日职住通勤动线规则单一。
上_2003_00477,上海,2003,本地改善,51,男,0.9,8.6,0.45,14.3,3,1,否,B,agent,0.81,0.59,0.46,0.55,0.45,0.91,0.73,0.72,0.67,自住-改善,一室一厅,80,1346,区财政局科员,三口之家(学龄段),上海中环品质两居，车位及空间极其拥挤,小区无地下车库且人车不分流，小孩在楼下玩耍或者推婴儿车极为不安全。,讲究超高得房率（超85%），主卧套房必须配备独立步入式衣帽间与干湿分离双卫。,主要在陆家嘴/徐家汇CBD上班，首选地铁2/9号线沿线，通勤半小时内。,倡导轻户外，周末常带家人自驾野营或山系徒步，注重生活情调与手作咖啡。,名下持有一套旧两居，置换回款 65% + 个人理财储蓄补充 + 公积金商业贷,重性价比，不盲信大牌，但要求物业管理有序、绿化修剪及时、人防技防规范。,常年本地稳定居住，工作日职住通勤动线规则单一。
上_2003_00478,上海,2003,教育型买房,47,女,1.8,11.8,0.4,22.1,3,1,否,B,social,0.84,0.61,0.41,0.45,0.6,0.68,0.6,1,0.65,学区房,一室一厅,87,1688,国企车间技术主任,三口之家(学龄段),上海中环品质两居，车位及空间极其拥挤,小区无地下车库且人车不分流，小孩在楼下玩耍或者推婴儿车极为不安全。,核心要求地块属于第一梯队名校学区，且周边500米内解决幼小衔接教育配套。,主要在陆家嘴/徐家汇CBD上班，首选地铁2/9号线沿线，通勤半小时内。,倡导轻户外，周末常带家人自驾野营或山系徒步，注重生活情调与手作咖啡。,名下持有一套旧两居，置换回款 65% + 个人理财储蓄补充 + 公积金商业贷,重性价比，不盲信大牌，但要求物业管理有序、绿化修剪及时、人防技防规范。,常年本地稳定居住，工作日职住通勤动线规则单一。
上_2003_00479,上海,2003,教育型买房,44,男,1.7,11.4,0.4,21.3,3,1,否,B,social,1,0.56,0.35,0.42,0.65,0.75,0.6,1,0.51,学区房,两室一厅,76,1462,邮政局局长秘书,三口之家(学龄段),上海中环品质两居，车位及空间极其拥挤,小区无地下车库且人车不分流，小孩在楼下玩耍或者推婴儿车极为不安全。,讲究超高得房率（超85%），主卧套房必须配备独立步入式衣帽间与干湿分离双卫。,主要在陆家嘴/徐家汇CBD上班，首选地铁2/9号线沿线，通勤半小时内。,倡导轻户外，周末常带家人自驾野营或山系徒步，注重生活情调与手作咖啡。,名下持有一套旧两居，置换回款 65% + 个人理财储蓄补充 + 公积金商业贷,重性价比，不盲信大牌，但要求物业管理有序、绿化修剪及时、人防技防规范。,常年本地稳定居住，工作日职住通勤动线规则单一。
上_2003_00480,上海,2003,本地改善,46,男,2.3,21.5,0.45,35.8,5,2,是,B,agent,0.71,0.45,0.59,0.67,0.57,0.79,0.56,0.69,0.51,自住-改善,两室一厅,87,2207,市第二中学地理教师,二胎黄金期中大户型,上海中环品质两居，车位及空间极其拥挤,小区无地下车库且人车不分流，小孩在楼下玩耍或者推婴儿车极为不安全。,讲究超高得房率（超85%），主卧套房必须配备独立步入式衣帽间与干湿分离双卫。,主要在陆家嘴/徐家汇CBD上班，首选地铁2/9号线沿线，通勤半小时内。,倡导轻户外，周末常带家人自驾野营或山系徒步，注重生活情调与手作咖啡。,名下持有一套旧两居，置换回款 65% + 个人理财储蓄补充 + 公积金商业贷,重性价比，不盲信大牌，但要求物业管理有序、绿化修剪及时、人防技防规范。,常年本地稳定居住，工作日职住通勤动线规则单一。
上_2003_00481,上海,2003,本地改善,42,女,0.6,5.1,0.45,8.4,4,2,否,B,agent,0.66,0.48,0.58,0.44,0.47,1,0.56,0.67,0.78,自住-改善,一室一厅,77,642,市第二中学地理教师,二胎黄金期中大户型,上海中环品质两居，车位及空间极其拥挤,小区无地下车库且人车不分流，小孩在楼下玩耍或者推婴儿车极为不安全。,讲究超高得房率（超85%），主卧套房必须配备独立步入式衣帽间与干湿分离双卫。,主要在陆家嘴/徐家汇CBD上班，首选地铁2/9号线沿线，通勤半小时内。,倡导轻户外，周末常带家人自驾野营或山系徒步，注重生活情调与手作咖啡。,名下持有一套旧两居，置换回款 65% + 个人理财储蓄补充 + 公积金商业贷,非仁恒、绿城、万科等金牌开发商不买，极度看重高端精装质量与顶级物业的增值口碑。,常年本地稳定居住，工作日职住通勤动线规则单一。
上_2003_00482,上海,2003,本地改善,49,女,1.5,13.0,0.45,21.6,4,2,是,B,agent,0.74,0.34,0.61,0.55,0.6,0.68,0.63,0.51,0.5,自住-改善,两室一厅,78,1407,区财政局科员,二胎黄金期中大户型,上海中环品质两居，车位及空间极其拥挤,小区无地下车库且人车不分流，小孩在楼下玩耍或者推婴儿车极为不安全。,要求采光通透，全明户型，带多功能嵌入式收纳墙以最大化空间利用。,主要在陆家嘴/徐家汇CBD上班，首选地铁2/9号线沿线，通勤半小时内。,倡导轻户外，周末常带家人自驾野营或山系徒步，注重生活情调与手作咖啡。,名下持有一套旧两居，置换回款 65% + 个人理财储蓄补充 + 公积金商业贷,重性价比，不盲信大牌，但要求物业管理有序、绿化修剪及时、人防技防规范。,常年本地稳定居住，工作日职住通勤动线规则单一。
上_2003_00483,上海,2003,长三角家庭,40,男,1.0,8.0,0.45,13.3,3,2,否,B,agent,0.99,0.35,0.49,0.47,0.61,0.8,0.56,0.84,0.68,自住-首套,一室一厅,56,1735,邮政局局长秘书,二胎黄金期中大户型,上海中环品质两居，车位及空间极其拥挤,小区无地下车库且人车不分流，小孩在楼下玩耍或者推婴儿车极为不安全。,讲究超高得房率（超85%），主卧套房必须配备独立步入式衣帽间与干湿分离双卫。,主要在陆家嘴/徐家汇CBD上班，首选地铁2/9号线沿线，通勤半小时内。,倡导轻户外，周末常带家人自驾野营或山系徒步，注重生活情调与手作咖啡。,夫妻双方积蓄 + 双方父母出资赞助首付 + 公积金商业组合贷款,重性价比，不盲信大牌，但要求物业管理有序、绿化修剪及时、人防技防规范。,常年本地稳定居住，工作日职住通勤动线规则单一。
上_2003_00484,上海,2003,外籍海归,40,女,0.7,5.9,0.4,11.1,4,2,否,A,social,0.71,0.62,0.62,0.51,0.77,0.66,0.59,0.89,0.81,自住-首套,一室一厅,55,1100,外企驻沪办事处代表,二胎黄金期中大户型,市中心私密洋房住宅,无高端私密会所及管家式物业配套，圈层鱼龙混杂，高净值居住体验差。,核心要求地块属于第一梯队名校学区，且周边500米内解决幼小衔接教育配套。,主要在陆家嘴/徐家汇CBD上班，首选地铁2/9号线沿线，通勤半小时内。,周末常去高端商圈消费，热衷打网球和马术，重度手冲咖啡及黑胶唱片发烧友。,夫妻双方积蓄 + 双方父母出资赞助首付 + 公积金商业组合贷款,非仁恒、绿城、万科等金牌开发商不买，极度看重高端精装质量与顶级物业的增值口碑。,常年本地稳定居住，工作日职住通勤动线规则单一。
上_2003_00485,上海,2003,教育型买房,47,女,1.1,8.7,0.4,16.2,3,0,是,B,social,0.98,0.54,0.45,0.37,0.7,0.7,0.67,0.92,0.74,学区房,两室一厅,55,2461,邮政局局长秘书,成熟期核心家庭,上海中环品质两居，车位及空间极其拥挤,当前房屋属于旧多层无电梯房，父母年纪渐高每天爬楼梯极为吃力。,讲究超高得房率（超85%），主卧套房必须配备独立步入式衣帽间与干湿分离双卫。,主要在陆家嘴/徐家汇CBD上班，首选地铁2/9号线沿线，通勤半小时内。,倡导轻户外，周末常带家人自驾野营或山系徒步，注重生活情调与手作咖啡。,名下持有一套旧两居，置换回款 65% + 个人理财储蓄补充 + 公积金商业贷,非仁恒、绿城、万科等金牌开发商不买，极度看重高端精装质量与顶级物业的增值口碑。,常年本地稳定居住，工作日职住通勤动线规则单一。
上_2003_00486,上海,2003,教育型买房,41,女,1.5,14.7,0.4,27.6,3,2,是,B,social,1,0.59,0.43,0.26,0.58,0.71,0.51,0.95,0.7,学区房,一室一厅,62,3656,市第二中学地理教师,二胎黄金期中大户型,上海中环品质两居，车位及空间极其拥挤,小区无地下车库且人车不分流，小孩在楼下玩耍或者推婴儿车极为不安全。,讲究超高得房率（超85%），主卧套房必须配备独立步入式衣帽间与干湿分离双卫。,主要在陆家嘴/徐家汇CBD上班，首选地铁2/9号线沿线，通勤半小时内。,倡导轻户外，周末常带家人自驾野营或山系徒步，注重生活情调与手作咖啡。,名下持有一套旧两居，置换回款 65% + 个人理财储蓄补充 + 公积金商业贷,重性价比，不盲信大牌，但要求物业管理有序、绿化修剪及时、人防技防规范。,常年本地稳定居住，工作日职住通勤动线规则单一。
上_2003_00487,上海,2003,本地改善,50,男,1.6,17.9,0.45,29.9,4,3,否,B,agent,0.89,0.35,0.58,0.41,0.59,0.75,0.56,0.74,0.59,自住-改善,两室两厅,79,1979,邮政局局长秘书,二胎黄金期中大户型,上海中环品质两居，车位及空间极其拥挤,小区无地下车库且人车不分流，小孩在楼下玩耍或者推婴儿车极为不安全。,讲究超高得房率（超85%），主卧套房必须配备独立步入式衣帽间与干湿分离双卫。,主要在陆家嘴/徐家汇CBD上班，首选地铁2/9号线沿线，通勤半小时内。,倡导轻户外，周末常带家人自驾野营或山系徒步，注重生活情调与手作咖啡。,名下持有一套旧两居，置换回款 65% + 个人理财储蓄补充 + 公积金商业贷,重性价比，不盲信大牌，但要求物业管理有序、绿化修剪及时、人防技防规范。,常年本地稳定居住，工作日职住通勤动线规则单一。
上_2003_00488,上海,2003,本地改善,47,女,1.0,8.4,0.45,14.0,4,2,是,B,agent,0.9,0.44,0.55,0.41,0.52,0.91,0.64,0.58,0.71,自住-改善,两室两厅,78,1281,邮政局局长秘书,二胎黄金期中大户型,上海中环品质两居，车位及空间极其拥挤,小区无地下车库且人车不分流，小孩在楼下玩耍或者推婴儿车极为不安全。,讲究超高得房率（超85%），主卧套房必须配备独立步入式衣帽间与干湿分离双卫。,主要在陆家嘴/徐家汇CBD上班，首选地铁2/9号线沿线，通勤半小时内。,倡导轻户外，周末常带家人自驾野营或山系徒步，注重生活情调与手作咖啡。,名下持有一套旧两居，置换回款 65% + 个人理财储蓄补充 + 公积金商业贷,非仁恒、绿城、万科等金牌开发商不买，极度看重高端精装质量与顶级物业的增值口碑。,常年本地稳定居住，工作日职住通勤动线规则单一。
上_2003_00489,上海,2003,金融精英,45,女,0.8,6.2,0.4,11.6,2,1,否,A,research,0.67,0.41,0.67,0.82,0.71,0.79,0.7,0.7,0.86,自住-改善,一室一厅,53,1952,老牌证券公司营业部经理,三口之家(学龄段),市中心私密洋房住宅,无高端私密会所及管家式物业配套，圈层鱼龙混杂，高净值居住体验差。,要求独立电梯入户，主次卧动线分明，配备独立保姆房和私密后院。,主要在陆家嘴/徐家汇CBD上班，首选地铁2/9号线沿线，通勤半小时内。,周末常去高端商圈消费，热衷打网球和马术，重度手冲咖啡及黑胶唱片发烧友。,名下已有企业股权套现或分红现金，一次性全款付清，基本不加杠杆,非仁恒、绿城、万科等金牌开发商不买，极度看重高端精装质量与顶级物业的增值口碑。,常年本地稳定居住，工作日职住通勤动线规则单一。
上_2003_00490,上海,2003,金融精英,48,男,2.6,22.3,0.4,41.9,3,0,是,A,research,0.53,0.48,0.69,0.7,0.86,0.66,0.77,0.82,0.99,自住-改善,一室一厅,98,2459,商业银行支行信贷科长,成熟期核心家庭,陆家嘴核心区江景大平层,当前房屋属于旧多层无电梯房，父母年纪渐高每天爬楼梯极为吃力。,要求独立电梯入户，主次卧动线分明，配备独立保姆房和私密后院。,主要在陆家嘴/徐家汇CBD上班，首选地铁2/9号线沿线，通勤半小时内。,周末常去高端商圈消费，热衷打网球和马术，重度手冲咖啡及黑胶唱片发烧友。,名下已有企业股权套现或分红现金，一次性全款付清，基本不加杠杆,非仁恒、绿城、万科等金牌开发商不买，极度看重高端精装质量与顶级物业的增值口碑。,常年本地稳定居住，工作日职住通勤动线规则单一。
上_2003_00491,上海,2003,本地改善,55,男,1.8,17.6,0.45,29.3,4,2,是,B,agent,0.73,0.44,0.42,0.4,0.59,0.92,0.57,0.71,0.58,自住-改善,两室两厅,73,2400,区财政局科员,二胎黄金期中大户型,上海中环品质两居，车位及空间极其拥挤,小区无地下车库且人车不分流，小孩在楼下玩耍或者推婴儿车极为不安全。,讲究超高得房率（超85%），主卧套房必须配备独立步入式衣帽间与干湿分离双卫。,主要在陆家嘴/徐家汇CBD上班，首选地铁2/9号线沿线，通勤半小时内。,倡导轻户外，周末常带家人自驾野营或山系徒步，注重生活情调与手作咖啡。,名下持有一套旧两居，置换回款 65% + 个人理财储蓄补充 + 公积金商业贷,重性价比，不盲信大牌，但要求物业管理有序、绿化修剪及时、人防技防规范。,常年本地稳定居住，工作日职住通勤动线规则单一。
上_2003_00492,上海,2003,本地改善,47,女,1.2,13.6,0.45,22.6,4,3,否,B,agent,0.72,0.48,0.61,0.46,0.55,0.89,0.7,0.68,0.69,自住-改善,一室一厅,79,2297,国企车间技术主任,二胎黄金期中大户型,上海中环品质两居，车位及空间极其拥挤,小区无地下车库且人车不分流，小孩在楼下玩耍或者推婴儿车极为不安全。,讲究超高得房率（超85%），主卧套房必须配备独立步入式衣帽间与干湿分离双卫。,主要在陆家嘴/徐家汇CBD上班，首选地铁2/9号线沿线，通勤半小时内。,倡导轻户外，周末常带家人自驾野营或山系徒步，注重生活情调与手作咖啡。,名下持有一套旧两居，置换回款 65% + 个人理财储蓄补充 + 公积金商业贷,重性价比，不盲信大牌，但要求物业管理有序、绿化修剪及时、人防技防规范。,常年本地稳定居住，工作日职住通勤动线规则单一。
上_2003_00493,上海,2003,金融精英,46,男,1.2,10.6,0.4,19.9,4,1,否,A,research,0.75,0.38,0.74,0.54,0.72,0.64,0.61,0.81,0.79,自住-首套,两室两厅,65,2013,老牌证券公司营业部经理,三口之家(学龄段),市中心私密洋房住宅,无高端私密会所及管家式物业配套，圈层鱼龙混杂，高净值居住体验差。,要求有超大面宽南向双阳台（观景家政分离），主卧大飘窗能270度直面自然景观。,主要在陆家嘴/徐家汇CBD上班，首选地铁2/9号线沿线，通勤半小时内。,周末常去高端商圈消费，热衷打网球和马术，重度手冲咖啡及黑胶唱片发烧友。,夫妻双方积蓄 + 双方父母出资赞助首付 + 公积金商业组合贷款,非仁恒、绿城、万科等金牌开发商不买，极度看重高端精装质量与顶级物业的增值口碑。,常年本地稳定居住，工作日职住通勤动线规则单一。
上_2003_00494,上海,2003,本地改善,43,男,0.7,5.9,0.45,9.8,5,1,是,B,agent,0.85,0.56,0.63,0.47,0.67,0.75,0.47,0.62,0.58,自住-改善,一室一厅,56,1516,市第二中学地理教师,三口之家(学龄段),上海中环品质两居，车位及空间极其拥挤,小区无地下车库且人车不分流，小孩在楼下玩耍或者推婴儿车极为不安全。,讲究超高得房率（超85%），主卧套房必须配备独立步入式衣帽间与干湿分离双卫。,主要在陆家嘴/徐家汇CBD上班，首选地铁2/9号线沿线，通勤半小时内。,倡导轻户外，周末常带家人自驾野营或山系徒步，注重生活情调与手作咖啡。,名下持有一套旧两居，置换回款 65% + 个人理财储蓄补充 + 公积金商业贷,重性价比，不盲信大牌，但要求物业管理有序、绿化修剪及时、人防技防规范。,常年本地稳定居住，工作日职住通勤动线规则单一。
上_2003_00495,上海,2003,本地改善,41,女,0.9,10.0,0.45,16.7,3,2,否,B,agent,0.85,0.56,0.58,0.43,0.58,1,0.56,0.74,0.6,自住-改善,两室两厅,65,2286,市第二中学地理教师,二胎黄金期中大户型,上海中环品质两居，车位及空间极其拥挤,小区无地下车库且人车不分流，小孩在楼下玩耍或者推婴儿车极为不安全。,讲究超高得房率（超85%），主卧套房必须配备独立步入式衣帽间与干湿分离双卫。,主要在陆家嘴/徐家汇CBD上班，首选地铁2/9号线沿线，通勤半小时内。,倡导轻户外，周末常带家人自驾野营或山系徒步，注重生活情调与手作咖啡。,名下持有一套旧两居，置换回款 65% + 个人理财储蓄补充 + 公积金商业贷,重性价比，不盲信大牌，但要求物业管理有序、绿化修剪及时、人防技防规范。,常年本地稳定居住，工作日职住通勤动线规则单一。
上_2003_00496,上海,2003,金融精英,49,女,2.1,13.9,0.4,26.1,3,2,否,A,research,0.81,0.44,0.68,0.65,0.88,0.79,0.69,0.6,0.85,自住-改善,两室两厅,63,2985,老牌证券公司营业部经理,二胎黄金期中大户型,市中心私密洋房住宅,无高端私密会所及管家式物业配套，圈层鱼龙混杂，高净值居住体验差。,讲究超高得房率（超85%），主卧套房必须配备独立步入式衣帽间与干湿分离双卫。,主要在陆家嘴/徐家汇CBD上班，首选地铁2/9号线沿线，通勤半小时内。,周末常去高端商圈消费，热衷打网球和马术，重度手冲咖啡及黑胶唱片发烧友。,名下已有企业股权套现或分红现金，一次性全款付清，基本不加杠杆,非仁恒、绿城、万科等金牌开发商不买，极度看重高端精装质量与顶级物业的增值口碑。,常年本地稳定居住，工作日职住通勤动线规则单一。
上_2003_00497,上海,2003,本地改善,44,男,1.2,15.1,0.45,25.2,4,2,否,B,agent,0.99,0.66,0.52,0.57,0.41,0.88,0.47,0.75,0.63,自住-改善,一室一厅,82,2418,国企车间技术主任,二胎黄金期中大户型,上海中环品质两居，车位及空间极其拥挤,小区无地下车库且人车不分流，小孩在楼下玩耍或者推婴儿车极为不安全。,讲究超高得房率（超85%），主卧套房必须配备独立步入式衣帽间与干湿分离双卫。,主要在陆家嘴/徐家汇CBD上班，首选地铁2/9号线沿线，通勤半小时内。,倡导轻户外，周末常带家人自驾野营或山系徒步，注重生活情调与手作咖啡。,名下持有一套旧两居，置换回款 65% + 个人理财储蓄补充 + 公积金商业贷,重性价比，不盲信大牌，但要求物业管理有序、绿化修剪及时、人防技防规范。,常年本地稳定居住，工作日职住通勤动线规则单一。
上_2003_00498,上海,2003,本地改善,53,男,1.7,19.4,0.45,32.4,4,2,否,B,agent,0.71,0.5,0.71,0.53,0.78,0.89,0.69,0.68,0.53,自住-改善,两室两厅,62,3175,国企车间技术主任,二胎黄金期中大户型,上海中环品质两居，车位及空间极其拥挤,小区无地下车库且人车不分流，小孩在楼下玩耍或者推婴儿车极为不安全。,要求有超大面宽南向双阳台（观景家政分离），主卧大飘窗能270度直面自然景观。,主要在陆家嘴/徐家汇CBD上班，首选地铁2/9号线沿线，通勤半小时内。,倡导轻户外，周末常带家人自驾野营或山系徒步，注重生活情调与手作咖啡。,名下持有一套旧两居，置换回款 65% + 个人理财储蓄补充 + 公积金商业贷,重性价比，不盲信大牌，但要求物业管理有序、绿化修剪及时、人防技防规范。,常年本地稳定居住，工作日职住通勤动线规则单一。
上_2003_00499,上海,2003,教育型买房,39,女,2.2,16.4,0.4,30.8,4,1,是,B,social,1,0.65,0.34,0.38,0.51,0.51,0.5,0.98,0.67,学区房,两室一厅,71,2726,邮政局局长秘书,三口之家(学龄段),上海中环品质两居，车位及空间极其拥挤,小区无地下车库且人车不分流，小孩在楼下玩耍或者推婴儿车极为不安全。,核心要求地块属于第一梯队名校学区，且周边500米内解决幼小衔接教育配套。,主要在陆家嘴/徐家汇CBD上班，首选地铁2/9号线沿线，通勤半小时内。,倡导轻户外，周末常带家人自驾野营或山系徒步，注重生活情调与手作咖啡。,名下持有一套旧两居，置换回款 65% + 个人理财储蓄补充 + 公积金商业贷,重性价比，不盲信大牌，但要求物业管理有序、绿化修剪及时、人防技防规范。,常年本地稳定居住，工作日职住通勤动线规则单一。
上_2003_00500,上海,2003,金融精英,50,女,3.1,26.3,0.4,49.4,3,1,否,A,research,0.65,0.46,0.61,0.71,0.72,0.68,0.78,0.87,0.89,自住-首套,两室两厅,80,3096,申银万国证券分析员,三口之家(学龄段),市中心私密洋房住宅,无高端私密会所及管家式物业配套，圈层鱼龙混杂，高净值居住体验差。,要求独立电梯入户，主次卧动线分明，配备独立保姆房和私密后院。,主要在陆家嘴/徐家汇CBD上班，首选地铁2/9号线沿线，通勤半小时内。,周末常去高端商圈消费，热衷打网球和马术，重度手冲咖啡及黑胶唱片发烧友。,夫妻双方积蓄 + 双方父母出资赞助首付 + 公积金商业组合贷款,非仁恒、绿城、万科等金牌开发商不买，极度看重高端精装质量与顶级物业的增值口碑。,常年本地稳定居住，工作日职住通勤动线规则单一。
上_2003_00501,上海,2003,本地改善,57,女,0.6,4.9,0.45,8.1,3,3,是,B,agent,0.77,0.48,0.57,0.55,0.45,0.94,0.56,0.67,0.64,自住-改善,两室一厅,51,919,市第二中学地理教师,二胎黄金期中大户型,上海中环品质两居，车位及空间极其拥挤,小区无地下车库且人车不分流，小孩在楼下玩耍或者推婴儿车极为不安全。,讲究超高得房率（超85%），主卧套房必须配备独立步入式衣帽间与干湿分离双卫。,主要在陆家嘴/徐家汇CBD上班，首选地铁2/9号线沿线，通勤半小时内。,倡导轻户外，周末常带家人自驾野营或山系徒步，注重生活情调与手作咖啡。,名下持有一套旧两居，置换回款 65% + 个人理财储蓄补充 + 公积金商业贷,重性价比，不盲信大牌，但要求物业管理有序、绿化修剪及时、人防技防规范。,常年本地稳定居住，工作日职住通勤动线规则单一。
上_2003_00502,上海,2003,本地改善,42,女,0.6,7.6,0.45,12.7,4,2,否,B,agent,1,0.52,0.53,0.56,0.46,0.92,0.51,0.71,0.66,自住-改善,两室两厅,75,1181,邮政局局长秘书,二胎黄金期中大户型,上海中环品质两居，车位及空间极其拥挤,小区无地下车库且人车不分流，小孩在楼下玩耍或者推婴儿车极为不安全。,讲究超高得房率（超85%），主卧套房必须配备独立步入式衣帽间与干湿分离双卫。,主要在陆家嘴/徐家汇CBD上班，首选地铁2/9号线沿线，通勤半小时内。,倡导轻户外，周末常带家人自驾野营或山系徒步，注重生活情调与手作咖啡。,名下持有一套旧两居，置换回款 65% + 个人理财储蓄补充 + 公积金商业贷,重性价比，不盲信大牌，但要求物业管理有序、绿化修剪及时、人防技防规范。,常年本地稳定居住，工作日职住通勤动线规则单一。
上_2003_00503,上海,2003,本地改善,47,男,1.6,11.6,0.45,19.3,4,1,否,B,agent,0.68,0.58,0.58,0.41,0.58,0.8,0.65,0.68,0.58,自住-改善,两室两厅,51,2035,区财政局科员,三口之家(学龄段),上海中环品质两居，车位及空间极其拥挤,小区无地下车库且人车不分流，小孩在楼下玩耍或者推婴儿车极为不安全。,讲究超高得房率（超85%），主卧套房必须配备独立步入式衣帽间与干湿分离双卫。,主要在陆家嘴/徐家汇CBD上班，首选地铁2/9号线沿线，通勤半小时内。,倡导轻户外，周末常带家人自驾野营或山系徒步，注重生活情调与手作咖啡。,名下持有一套旧两居，置换回款 65% + 个人理财储蓄补充 + 公积金商业贷,重性价比，不盲信大牌，但要求物业管理有序、绿化修剪及时、人防技防规范。,常年本地稳定居住，工作日职住通勤动线规则单一。
上_2003_00504,上海,2003,本地改善,46,男,0.9,8.7,0.45,14.5,4,1,是,B,agent,0.66,0.53,0.53,0.46,0.55,0.91,0.61,0.77,0.59,自住-改善,两室一厅,56,1420,区财政局科员,三口之家(学龄段),上海中环品质两居，车位及空间极其拥挤,小区无地下车库且人车不分流，小孩在楼下玩耍或者推婴儿车极为不安全。,讲究超高得房率（超85%），主卧套房必须配备独立步入式衣帽间与干湿分离双卫。,主要在陆家嘴/徐家汇CBD上班，首选地铁2/9号线沿线，通勤半小时内。,倡导轻户外，周末常带家人自驾野营或山系徒步，注重生活情调与手作咖啡。,名下持有一套旧两居，置换回款 65% + 个人理财储蓄补充 + 公积金商业贷,重性价比，不盲信大牌，但要求物业管理有序、绿化修剪及时、人防技防规范。,常年本地稳定居住，工作日职住通勤动线规则单一。
上_2003_00505,上海,2003,长三角家庭,51,女,1.0,7.1,0.45,11.9,5,2,是,B,agent,0.67,0.57,0.54,0.3,0.57,0.77,0.41,0.71,0.46,自住-改善,一室一厅,93,1016,区财政局科员,二胎黄金期中大户型,上海中环品质两居，车位及空间极其拥挤,小区无地下车库且人车不分流，小孩在楼下玩耍或者推婴儿车极为不安全。,讲究超高得房率（超85%），主卧套房必须配备独立步入式衣帽间与干湿分离双卫。,主要在陆家嘴/徐家汇CBD上班，首选地铁2/9号线沿线，通勤半小时内。,倡导轻户外，周末常带家人自驾野营或山系徒步，注重生活情调与手作咖啡。,名下持有一套旧两居，置换回款 65% + 个人理财储蓄补充 + 公积金商业贷,重性价比，不盲信大牌，但要求物业管理有序、绿化修剪及时、人防技防规范。,常年本地稳定居住，工作日职住通勤动线规则单一。
上_2003_00506,上海,2003,教育型买房,36,男,1.1,8.6,0.4,16.2,4,0,是,B,social,0.86,0.68,0.45,0.45,0.6,0.75,0.48,0.88,0.74,学区房,一室一厅,74,1773,区财政局科员,成熟期核心家庭,上海中环品质两居，车位及空间极其拥挤,当前房屋属于旧多层无电梯房，父母年纪渐高每天爬楼梯极为吃力。,讲究超高得房率（超85%），主卧套房必须配备独立步入式衣帽间与干湿分离双卫。,主要在陆家嘴/徐家汇CBD上班，首选地铁2/9号线沿线，通勤半小时内。,倡导轻户外，周末常带家人自驾野营或山系徒步，注重生活情调与手作咖啡。,名下持有一套旧两居，置换回款 65% + 个人理财储蓄补充 + 公积金商业贷,非仁恒、绿城、万科等金牌开发商不买，极度看重高端精装质量与顶级物业的增值口碑。,常年本地稳定居住，工作日职住通勤动线规则单一。
上_2003_00507,上海,2003,教育型买房,35,女,0.7,5.4,0.4,10.0,3,0,是,B,social,0.68,0.47,0.37,0.5,0.64,0.83,0.53,0.82,0.54,学区房,两室一厅,83,1022,区财政局科员,新婚过渡两居,上海中环品质两居，车位及空间极其拥挤,当前房屋属于旧多层无电梯房，父母年纪渐高每天爬楼梯极为吃力。,讲究超高得房率（超85%），主卧套房必须配备独立步入式衣帽间与干湿分离双卫。,主要在陆家嘴/徐家汇CBD上班，首选地铁2/9号线沿线，通勤半小时内。,倡导轻户外，周末常带家人自驾野营或山系徒步，注重生活情调与手作咖啡。,名下持有一套旧两居，置换回款 65% + 个人理财储蓄补充 + 公积金商业贷,重性价比，不盲信大牌，但要求物业管理有序、绿化修剪及时、人防技防规范。,常年本地稳定居住，工作日职住通勤动线规则单一。
上_2003_00508,上海,2003,长三角家庭,49,男,0.6,4.3,0.45,7.2,4,2,是,B,agent,0.72,0.52,0.42,0.55,0.37,0.91,0.37,0.67,0.64,自住-改善,两室一厅,52,1079,国企车间技术主任,二胎黄金期中大户型,上海中环品质两居，车位及空间极其拥挤,小区无地下车库且人车不分流，小孩在楼下玩耍或者推婴儿车极为不安全。,讲究超高得房率（超85%），主卧套房必须配备独立步入式衣帽间与干湿分离双卫。,主要在陆家嘴/徐家汇CBD上班，首选地铁2/9号线沿线，通勤半小时内。,倡导轻户外，周末常带家人自驾野营或山系徒步，注重生活情调与手作咖啡。,名下持有一套旧两居，置换回款 65% + 个人理财储蓄补充 + 公积金商业贷,重性价比，不盲信大牌，但要求物业管理有序、绿化修剪及时、人防技防规范。,常年本地稳定居住，工作日职住通勤动线规则单一。
上_2003_00509,上海,2003,金融精英,48,男,1.0,7.4,0.4,13.8,2,1,否,A,research,0.59,0.34,0.81,0.39,0.9,0.77,0.59,0.75,0.74,自住-改善,一室一厅,74,1046,申银万国证券分析员,三口之家(学龄段),陆家嘴核心区江景大平层,无高端私密会所及管家式物业配套，圈层鱼龙混杂，高净值居住体验差。,要求有超大面宽南向双阳台（观景家政分离），主卧大飘窗能270度直面自然景观。,主要在陆家嘴/徐家汇CBD上班，首选地铁2/9号线沿线，通勤半小时内。,周末常去高端商圈消费，热衷打网球和马术，重度手冲咖啡及黑胶唱片发烧友。,名下已有企业股权套现或分红现金，一次性全款付清，基本不加杠杆,非仁恒、绿城、万科等金牌开发商不买，极度看重高端精装质量与顶级物业的增值口碑。,常年本地稳定居住，工作日职住通勤动线规则单一。
上_2003_00510,上海,2003,教育型买房,48,女,1.2,8.3,0.4,15.5,3,1,否,B,social,0.79,0.52,0.34,0.44,0.62,0.62,0.58,1,0.44,学区房,两室两厅,56,2286,国企车间技术主任,三口之家(学龄段),上海中环品质两居，车位及空间极其拥挤,小区无地下车库且人车不分流，小孩在楼下玩耍或者推婴儿车极为不安全。,核心要求地块属于第一梯队名校学区，且周边500米内解决幼小衔接教育配套。,主要在陆家嘴/徐家汇CBD上班，首选地铁2/9号线沿线，通勤半小时内。,倡导轻户外，周末常带家人自驾野营或山系徒步，注重生活情调与手作咖啡。,名下持有一套旧两居，置换回款 65% + 个人理财储蓄补充 + 公积金商业贷,重性价比，不盲信大牌，但要求物业管理有序、绿化修剪及时、人防技防规范。,常年本地稳定居住，工作日职住通勤动线规则单一。
上_2003_00511,上海,2003,教育型买房,36,女,1.5,10.6,0.4,19.9,3,1,否,B,social,0.99,0.49,0.28,0.43,0.54,0.65,0.44,0.92,0.66,学区房,两室两厅,68,2124,市第二中学地理教师,三口之家(幼龄段),上海中环品质两居，车位及空间极其拥挤,小区无地下车库且人车不分流，小孩在楼下玩耍或者推婴儿车极为不安全。,核心要求地块属于第一梯队名校学区，且周边500米内解决幼小衔接教育配套。,主要在陆家嘴/徐家汇CBD上班，首选地铁2/9号线沿线，通勤半小时内。,倡导轻户外，周末常带家人自驾野营或山系徒步，注重生活情调与手作咖啡。,名下持有一套旧两居，置换回款 65% + 个人理财储蓄补充 + 公积金商业贷,重性价比，不盲信大牌，但要求物业管理有序、绿化修剪及时、人防技防规范。,常年本地稳定居住，工作日职住通勤动线规则单一。
上_2003_00512,上海,2003,外籍海归,32,女,2.5,16.4,0.4,30.7,3,1,否,A,social,0.82,0.38,0.53,0.68,0.82,0.51,0.62,0.75,0.71,婚房,两室两厅,79,2338,合资日化企业技术主管,三口之家(幼龄段),陆家嘴核心区江景大平层,无高端私密会所及管家式物业配套，圈层鱼龙混杂，高净值居住体验差。,核心要求地块属于第一梯队名校学区，且周边500米内解决幼小衔接教育配套。,主要在陆家嘴/徐家汇CBD上班，首选地铁2/9号线沿线，通勤半小时内。,周末常去高端商圈消费，热衷打网球和马术，重度手冲咖啡及黑胶唱片发烧友。,夫妻双方积蓄 + 双方父母出资赞助首付 + 公积金商业组合贷款,非仁恒、绿城、万科等金牌开发商不买，极度看重高端精装质量与顶级物业的增值口碑。,常年本地稳定居住，工作日职住通勤动线规则单一。
上_2003_00513,上海,2003,本地改善,52,男,0.9,10.4,0.45,17.3,3,2,否,B,agent,0.67,0.41,0.43,0.47,0.54,0.91,0.55,0.72,0.65,自住-改善,两室一厅,60,1638,区财政局科员,二胎黄金期中大户型,上海中环品质两居，车位及空间极其拥挤,小区无地下车库且人车不分流，小孩在楼下玩耍或者推婴儿车极为不安全。,讲究超高得房率（超85%），主卧套房必须配备独立步入式衣帽间与干湿分离双卫。,主要在陆家嘴/徐家汇CBD上班，首选地铁2/9号线沿线，通勤半小时内。,倡导轻户外，周末常带家人自驾野营或山系徒步，注重生活情调与手作咖啡。,名下持有一套旧两居，置换回款 65% + 个人理财储蓄补充 + 公积金商业贷,重性价比，不盲信大牌，但要求物业管理有序、绿化修剪及时、人防技防规范。,常年本地稳定居住，工作日职住通勤动线规则单一。
上_2003_00514,上海,2003,教育型买房,33,男,0.6,4.1,0.4,7.8,2,1,是,B,social,0.86,0.5,0.28,0.28,0.64,0.67,0.6,1.0,0.53,学区房,两室一厅,61,733,国企车间技术主任,三口之家(幼龄段),上海中环品质两居，车位及空间极其拥挤,小区无地下车库且人车不分流，小孩在楼下玩耍或者推婴儿车极为不安全。,核心要求地块属于第一梯队名校学区，且周边500米内解决幼小衔接教育配套。,主要在陆家嘴/徐家汇CBD上班，首选地铁2/9号线沿线，通勤半小时内。,倡导轻户外，周末常带家人自驾野营或山系徒步，注重生活情调与手作咖啡。,名下持有一套旧两居，置换回款 65% + 个人理财储蓄补充 + 公积金商业贷,重性价比，不盲信大牌，但要求物业管理有序、绿化修剪及时、人防技防规范。,常年本地稳定居住，工作日职住通勤动线规则单一。
上_2003_00515,上海,2003,本地改善,58,男,1.5,17.1,0.45,28.5,4,2,是,B,agent,0.86,0.36,0.53,0.73,0.5,0.87,0.52,0.68,0.66,自住-改善,两室一厅,96,1949,市第二中学地理教师,二胎黄金期中大户型,上海中环品质两居，车位及空间极其拥挤,小区无地下车库且人车不分流，小孩在楼下玩耍或者推婴儿车极为不安全。,要求独立电梯入户，主次卧动线分明，配备独立保姆房和私密后院。,主要在陆家嘴/徐家汇CBD上班，首选地铁2/9号线沿线，通勤半小时内。,倡导轻户外，周末常带家人自驾野营或山系徒步，注重生活情调与手作咖啡。,名下持有一套旧两居，置换回款 65% + 个人理财储蓄补充 + 公积金商业贷,重性价比，不盲信大牌，但要求物业管理有序、绿化修剪及时、人防技防规范。,常年本地稳定居住，工作日职住通勤动线规则单一。
上_2003_00516,上海,2003,本地改善,41,男,1.0,13.0,0.45,21.7,4,2,否,B,agent,0.94,0.5,0.5,0.53,0.56,0.8,0.59,0.67,0.64,自住-改善,一室一厅,84,1685,邮政局局长秘书,二胎黄金期中大户型,上海中环品质两居，车位及空间极其拥挤,小区无地下车库且人车不分流，小孩在楼下玩耍或者推婴儿车极为不安全。,讲究超高得房率（超85%），主卧套房必须配备独立步入式衣帽间与干湿分离双卫。,主要在陆家嘴/徐家汇CBD上班，首选地铁2/9号线沿线，通勤半小时内。,倡导轻户外，周末常带家人自驾野营或山系徒步，注重生活情调与手作咖啡。,名下持有一套旧两居，置换回款 65% + 个人理财储蓄补充 + 公积金商业贷,重性价比，不盲信大牌，但要求物业管理有序、绿化修剪及时、人防技防规范。,常年本地稳定居住，工作日职住通勤动线规则单一。
上_2003_00517,上海,2003,教育型买房,33,男,2.0,15.6,0.4,29.2,3,0,否,B,social,0.66,0.54,0.37,0.26,0.66,0.57,0.56,1,0.62,学区房,一室一厅,86,1905,国企车间技术主任,新婚过渡两居,上海中环品质两居，车位及空间极其拥挤,老小区隔音差，邻里滋扰严重，且车位严重匮乏，每晚加班回来抢车位像打仗。,核心要求地块属于第一梯队名校学区，且周边500米内解决幼小衔接教育配套。,主要在陆家嘴/徐家汇CBD上班，首选地铁2/9号线沿线，通勤半小时内。,倡导轻户外，周末常带家人自驾野营或山系徒步，注重生活情调与手作咖啡。,名下持有一套旧两居，置换回款 65% + 个人理财储蓄补充 + 公积金商业贷,重性价比，不盲信大牌，但要求物业管理有序、绿化修剪及时、人防技防规范。,常年本地稳定居住，工作日职住通勤动线规则单一。
上_2003_00518,上海,2003,本地改善,41,男,1.9,21.2,0.45,35.3,4,2,是,B,agent,0.84,0.53,0.45,0.66,0.52,0.75,0.48,0.75,0.59,自住-改善,两室一厅,66,3099,邮政局局长秘书,二胎黄金期中大户型,上海中环品质两居，车位及空间极其拥挤,小区无地下车库且人车不分流，小孩在楼下玩耍或者推婴儿车极为不安全。,讲究超高得房率（超85%），主卧套房必须配备独立步入式衣帽间与干湿分离双卫。,主要在陆家嘴/徐家汇CBD上班，首选地铁2/9号线沿线，通勤半小时内。,倡导轻户外，周末常带家人自驾野营或山系徒步，注重生活情调与手作咖啡。,名下持有一套旧两居，置换回款 65% + 个人理财储蓄补充 + 公积金商业贷,重性价比，不盲信大牌，但要求物业管理有序、绿化修剪及时、人防技防规范。,常年本地稳定居住，工作日职住通勤动线规则单一。
上_2003_00519,上海,2003,本地改善,57,男,0.9,11.3,0.45,18.9,5,2,是,B,agent,0.54,0.55,0.58,0.5,0.49,0.97,0.55,0.59,0.62,自住-改善,两室一厅,82,1254,国企车间技术主任,二胎黄金期中大户型,上海中环品质两居，车位及空间极其拥挤,小区无地下车库且人车不分流，小孩在楼下玩耍或者推婴儿车极为不安全。,讲究超高得房率（超85%），主卧套房必须配备独立步入式衣帽间与干湿分离双卫。,主要在陆家嘴/徐家汇CBD上班，首选地铁2/9号线沿线，通勤半小时内。,倡导轻户外，周末常带家人自驾野营或山系徒步，注重生活情调与手作咖啡。,名下持有一套旧两居，置换回款 65% + 个人理财储蓄补充 + 公积金商业贷,重性价比，不盲信大牌，但要求物业管理有序、绿化修剪及时、人防技防规范。,常年本地稳定居住，工作日职住通勤动线规则单一。
上_2003_00520,上海,2003,本地改善,39,女,0.8,7.4,0.45,12.4,4,3,否,B,agent,0.73,0.56,0.64,0.63,0.65,0.91,0.65,0.59,0.56,自住-改善,一室一厅,93,1191,国企车间技术主任,二胎黄金期中大户型,上海中环品质两居，车位及空间极其拥挤,小区无地下车库且人车不分流，小孩在楼下玩耍或者推婴儿车极为不安全。,讲究超高得房率（超85%），主卧套房必须配备独立步入式衣帽间与干湿分离双卫。,主要在陆家嘴/徐家汇CBD上班，首选地铁2/9号线沿线，通勤半小时内。,倡导轻户外，周末常带家人自驾野营或山系徒步，注重生活情调与手作咖啡。,名下持有一套旧两居，置换回款 65% + 个人理财储蓄补充 + 公积金商业贷,重性价比，不盲信大牌，但要求物业管理有序、绿化修剪及时、人防技防规范。,常年本地稳定居住，工作日职住通勤动线规则单一。
上_2003_00521,上海,2003,教育型买房,35,男,1.2,9.6,0.4,18.1,3,1,是,B,social,0.87,0.54,0.3,0.59,0.61,0.66,0.52,1,0.5,学区房,两室一厅,68,2010,市第二中学地理教师,三口之家(幼龄段),上海中环品质两居，车位及空间极其拥挤,小区无地下车库且人车不分流，小孩在楼下玩耍或者推婴儿车极为不安全。,核心要求地块属于第一梯队名校学区，且周边500米内解决幼小衔接教育配套。,主要在陆家嘴/徐家汇CBD上班，首选地铁2/9号线沿线，通勤半小时内。,倡导轻户外，周末常带家人自驾野营或山系徒步，注重生活情调与手作咖啡。,名下持有一套旧两居，置换回款 65% + 个人理财储蓄补充 + 公积金商业贷,重性价比，不盲信大牌，但要求物业管理有序、绿化修剪及时、人防技防规范。,常年本地稳定居住，工作日职住通勤动线规则单一。
上_2003_00522,上海,2003,教育型买房,37,男,1.2,12.2,0.4,22.8,3,1,是,B,social,0.87,0.46,0.48,0.5,0.56,0.74,0.52,1,0.51,学区房,两室一厅,58,2183,市第二中学地理教师,三口之家(幼龄段),上海中环品质两居，车位及空间极其拥挤,小区无地下车库且人车不分流，小孩在楼下玩耍或者推婴儿车极为不安全。,讲究超高得房率（超85%），主卧套房必须配备独立步入式衣帽间与干湿分离双卫。,主要在陆家嘴/徐家汇CBD上班，首选地铁2/9号线沿线，通勤半小时内。,倡导轻户外，周末常带家人自驾野营或山系徒步，注重生活情调与手作咖啡。,名下持有一套旧两居，置换回款 65% + 个人理财储蓄补充 + 公积金商业贷,重性价比，不盲信大牌，但要求物业管理有序、绿化修剪及时、人防技防规范。,常年本地稳定居住，工作日职住通勤动线规则单一。
上_2003_00523,上海,2003,教育型买房,43,女,1.4,13.3,0.4,24.9,2,1,否,B,social,1,0.58,0.21,0.34,0.66,0.64,0.55,0.9,0.56,学区房,两室一厅,61,3090,国企车间技术主任,三口之家(学龄段),上海中环品质两居，车位及空间极其拥挤,小区无地下车库且人车不分流，小孩在楼下玩耍或者推婴儿车极为不安全。,核心要求地块属于第一梯队名校学区，且周边500米内解决幼小衔接教育配套。,主要在陆家嘴/徐家汇CBD上班，首选地铁2/9号线沿线，通勤半小时内。,倡导轻户外，周末常带家人自驾野营或山系徒步，注重生活情调与手作咖啡。,名下持有一套旧两居，置换回款 65% + 个人理财储蓄补充 + 公积金商业贷,重性价比，不盲信大牌，但要求物业管理有序、绿化修剪及时、人防技防规范。,常年本地稳定居住，工作日职住通勤动线规则单一。
上_2003_00524,上海,2003,教育型买房,48,男,1.4,10.2,0.4,19.2,3,1,否,B,social,0.71,0.48,0.56,0.41,0.52,0.65,0.57,0.73,0.62,学区房,两室两厅,100,1310,国企车间技术主任,三口之家(学龄段),上海中环品质两居，车位及空间极其拥挤,小区无地下车库且人车不分流，小孩在楼下玩耍或者推婴儿车极为不安全。,核心要求地块属于第一梯队名校学区，且周边500米内解决幼小衔接教育配套。,主要在陆家嘴/徐家汇CBD上班，首选地铁2/9号线沿线，通勤半小时内。,倡导轻户外，周末常带家人自驾野营或山系徒步，注重生活情调与手作咖啡。,名下持有一套旧两居，置换回款 65% + 个人理财储蓄补充 + 公积金商业贷,重性价比，不盲信大牌，但要求物业管理有序、绿化修剪及时、人防技防规范。,常年本地稳定居住，工作日职住通勤动线规则单一。
上_2003_00525,上海,2003,本地改善,53,女,0.6,7.0,0.45,11.7,3,2,否,B,agent,0.8,0.56,0.57,0.53,0.56,0.86,0.72,0.73,0.62,自住-改善,两室一厅,83,787,市第二中学地理教师,二胎黄金期中大户型,上海中环品质两居，车位及空间极其拥挤,小区无地下车库且人车不分流，小孩在楼下玩耍或者推婴儿车极为不安全。,讲究超高得房率（超85%），主卧套房必须配备独立步入式衣帽间与干湿分离双卫。,主要在陆家嘴/徐家汇CBD上班，首选地铁2/9号线沿线，通勤半小时内。,倡导轻户外，周末常带家人自驾野营或山系徒步，注重生活情调与手作咖啡。,名下持有一套旧两居，置换回款 65% + 个人理财储蓄补充 + 公积金商业贷,重性价比，不盲信大牌，但要求物业管理有序、绿化修剪及时、人防技防规范。,常年本地稳定居住，工作日职住通勤动线规则单一。
上_2003_00526,上海,2003,本地改善,39,女,1.6,17.6,0.45,29.3,4,2,否,B,agent,0.85,0.39,0.52,0.49,0.56,0.81,0.58,0.69,0.71,自住-改善,两室一厅,81,3018,国企车间技术主任,二胎黄金期中大户型,上海中环品质两居，车位及空间极其拥挤,小区无地下车库且人车不分流，小孩在楼下玩耍或者推婴儿车极为不安全。,讲究超高得房率（超85%），主卧套房必须配备独立步入式衣帽间与干湿分离双卫。,主要在陆家嘴/徐家汇CBD上班，首选地铁2/9号线沿线，通勤半小时内。,倡导轻户外，周末常带家人自驾野营或山系徒步，注重生活情调与手作咖啡。,名下持有一套旧两居，置换回款 65% + 个人理财储蓄补充 + 公积金商业贷,非仁恒、绿城、万科等金牌开发商不买，极度看重高端精装质量与顶级物业的增值口碑。,常年本地稳定居住，工作日职住通勤动线规则单一。
上_2003_00527,上海,2003,本地改善,55,男,1.1,12.7,0.45,21.2,3,2,是,B,agent,0.73,0.53,0.46,0.35,0.58,0.72,0.61,0.79,0.46,自住-改善,两室两厅,54,2614,国企车间技术主任,二胎黄金期中大户型,上海中环品质两居，车位及空间极其拥挤,小区无地下车库且人车不分流，小孩在楼下玩耍或者推婴儿车极为不安全。,讲究超高得房率（超85%），主卧套房必须配备独立步入式衣帽间与干湿分离双卫。,主要在陆家嘴/徐家汇CBD上班，首选地铁2/9号线沿线，通勤半小时内。,倡导轻户外，周末常带家人自驾野营或山系徒步，注重生活情调与手作咖啡。,名下持有一套旧两居，置换回款 65% + 个人理财储蓄补充 + 公积金商业贷,重性价比，不盲信大牌，但要求物业管理有序、绿化修剪及时、人防技防规范。,常年本地稳定居住，工作日职住通勤动线规则单一。
上_2003_00528,上海,2003,本地改善,43,男,1.3,13.4,0.45,22.3,4,2,否,B,agent,0.46,0.53,0.44,0.46,0.75,0.91,0.47,0.72,0.62,自住-改善,一室一厅,85,2172,邮政局局长秘书,二胎黄金期中大户型,上海中环品质两居，车位及空间极其拥挤,小区无地下车库且人车不分流，小孩在楼下玩耍或者推婴儿车极为不安全。,讲究超高得房率（超85%），主卧套房必须配备独立步入式衣帽间与干湿分离双卫。,主要在陆家嘴/徐家汇CBD上班，首选地铁2/9号线沿线，通勤半小时内。,倡导轻户外，周末常带家人自驾野营或山系徒步，注重生活情调与手作咖啡。,名下持有一套旧两居，置换回款 65% + 个人理财储蓄补充 + 公积金商业贷,重性价比，不盲信大牌，但要求物业管理有序、绿化修剪及时、人防技防规范。,常年本地稳定居住，工作日职住通勤动线规则单一。
上_2003_00529,上海,2003,本地改善,46,女,1.0,12.3,0.45,20.4,4,2,是,B,agent,0.82,0.57,0.45,0.5,0.41,0.92,0.73,0.71,0.77,自住-改善,两室一厅,56,3224,市第二中学地理教师,二胎黄金期中大户型,上海中环品质两居，车位及空间极其拥挤,小区无地下车库且人车不分流，小孩在楼下玩耍或者推婴儿车极为不安全。,讲究超高得房率（超85%），主卧套房必须配备独立步入式衣帽间与干湿分离双卫。,主要在陆家嘴/徐家汇CBD上班，首选地铁2/9号线沿线，通勤半小时内。,倡导轻户外，周末常带家人自驾野营或山系徒步，注重生活情调与手作咖啡。,名下持有一套旧两居，置换回款 65% + 个人理财储蓄补充 + 公积金商业贷,非仁恒、绿城、万科等金牌开发商不买，极度看重高端精装质量与顶级物业的增值口碑。,常年本地稳定居住，工作日职住通勤动线规则单一。
上_2003_00530,上海,2003,教育型买房,47,女,1.0,9.1,0.4,17.0,2,1,是,B,social,0.85,0.37,0.35,0.37,0.75,0.74,0.61,1,0.53,学区房,两室一厅,94,938,区财政局科员,三口之家(学龄段),上海中环品质两居，车位及空间极其拥挤,小区无地下车库且人车不分流，小孩在楼下玩耍或者推婴儿车极为不安全。,讲究超高得房率（超85%），主卧套房必须配备独立步入式衣帽间与干湿分离双卫。,主要在陆家嘴/徐家汇CBD上班，首选地铁2/9号线沿线，通勤半小时内。,倡导轻户外，周末常带家人自驾野营或山系徒步，注重生活情调与手作咖啡。,名下持有一套旧两居，置换回款 65% + 个人理财储蓄补充 + 公积金商业贷,重性价比，不盲信大牌，但要求物业管理有序、绿化修剪及时、人防技防规范。,常年本地稳定居住，工作日职住通勤动线规则单一。
上_2003_00531,上海,2003,本地改善,42,男,0.8,8.1,0.45,13.5,4,2,否,B,agent,0.33,0.5,0.53,0.32,0.56,0.8,0.57,0.64,0.66,自住-改善,两室一厅,81,1045,区财政局科员,二胎黄金期中大户型,上海中环品质两居，车位及空间极其拥挤,小区无地下车库且人车不分流，小孩在楼下玩耍或者推婴儿车极为不安全。,讲究超高得房率（超85%），主卧套房必须配备独立步入式衣帽间与干湿分离双卫。,主要在陆家嘴/徐家汇CBD上班，首选地铁2/9号线沿线，通勤半小时内。,倡导轻户外，周末常带家人自驾野营或山系徒步，注重生活情调与手作咖啡。,名下持有一套旧两居，置换回款 65% + 个人理财储蓄补充 + 公积金商业贷,重性价比，不盲信大牌，但要求物业管理有序、绿化修剪及时、人防技防规范。,常年本地稳定居住，工作日职住通勤动线规则单一。
上_2003_00532,上海,2003,本地改善,44,男,0.5,5.9,0.45,9.8,5,1,是,B,agent,0.72,0.57,0.5,0.5,0.61,0.77,0.58,0.83,0.69,自住-改善,两室两厅,83,823,区财政局科员,三口之家(学龄段),上海中环品质两居，车位及空间极其拥挤,小区无地下车库且人车不分流，小孩在楼下玩耍或者推婴儿车极为不安全。,讲究超高得房率（超85%），主卧套房必须配备独立步入式衣帽间与干湿分离双卫。,主要在陆家嘴/徐家汇CBD上班，首选地铁2/9号线沿线，通勤半小时内。,倡导轻户外，周末常带家人自驾野营或山系徒步，注重生活情调与手作咖啡。,名下持有一套旧两居，置换回款 65% + 个人理财储蓄补充 + 公积金商业贷,重性价比，不盲信大牌，但要求物业管理有序、绿化修剪及时、人防技防规范。,常年本地稳定居住，工作日职住通勤动线规则单一。
上_2003_00533,上海,2003,外籍海归,40,男,1.6,8.3,0.4,15.6,3,1,否,A,social,0.69,0.38,0.55,0.47,0.81,0.72,0.59,0.92,0.75,自住-首套,两室两厅,79,1385,合资日化企业技术主管,三口之家(学龄段),西湖边高精平层,无高端私密会所及管家式物业配套，圈层鱼龙混杂，高净值居住体验差。,讲究超高得房率（超85%），主卧套房必须配备独立步入式衣帽间与干湿分离双卫。,主要在陆家嘴/徐家汇CBD上班，首选地铁2/9号线沿线，通勤半小时内。,周末常去高端商圈消费，热衷打网球和马术，重度手冲咖啡及黑胶唱片发烧友。,夫妻双方积蓄 + 双方父母出资赞助首付 + 公积金商业组合贷款,非仁恒、绿城、万科等金牌开发商不买，极度看重高端精装质量与顶级物业的增值口碑。,常年本地稳定居住，工作日职住通勤动线规则单一。
上_2003_00534,上海,2003,长三角家庭,48,女,1.6,8.9,0.45,14.8,4,2,否,B,agent,0.97,0.55,0.5,0.56,0.51,0.72,0.42,0.63,0.69,自住-首套,两室两厅,98,960,邮政局局长秘书,二胎黄金期中大户型,上海中环品质两居，车位及空间极其拥挤,小区无地下车库且人车不分流，小孩在楼下玩耍或者推婴儿车极为不安全。,讲究超高得房率（超85%），主卧套房必须配备独立步入式衣帽间与干湿分离双卫。,主要在陆家嘴/徐家汇CBD上班，首选地铁2/9号线沿线，通勤半小时内。,倡导轻户外，周末常带家人自驾野营或山系徒步，注重生活情调与手作咖啡。,夫妻双方积蓄 + 双方父母出资赞助首付 + 公积金商业组合贷款,重性价比，不盲信大牌，但要求物业管理有序、绿化修剪及时、人防技防规范。,常年本地稳定居住，工作日职住通勤动线规则单一。
上_2003_00535,上海,2003,本地改善,50,男,1.5,18.5,0.45,30.9,5,2,是,B,agent,0.93,0.56,0.63,0.46,0.57,0.81,0.58,0.7,0.44,自住-改善,一室一厅,89,2902,国企车间技术主任,二胎黄金期中大户型,上海中环品质两居，车位及空间极其拥挤,小区无地下车库且人车不分流，小孩在楼下玩耍或者推婴儿车极为不安全。,讲究超高得房率（超85%），主卧套房必须配备独立步入式衣帽间与干湿分离双卫。,主要在陆家嘴/徐家汇CBD上班，首选地铁2/9号线沿线，通勤半小时内。,倡导轻户外，周末常带家人自驾野营或山系徒步，注重生活情调与手作咖啡。,名下持有一套旧两居，置换回款 65% + 个人理财储蓄补充 + 公积金商业贷,重性价比，不盲信大牌，但要求物业管理有序、绿化修剪及时、人防技防规范。,常年本地稳定居住，工作日职住通勤动线规则单一。
上_2003_00536,上海,2003,本地改善,47,女,1.4,11.7,0.45,19.5,4,2,否,B,agent,0.83,0.46,0.52,0.55,0.7,0.81,0.6,0.62,0.75,自住-改善,两室一厅,68,1546,国企车间技术主任,二胎黄金期中大户型,上海中环品质两居，车位及空间极其拥挤,小区无地下车库且人车不分流，小孩在楼下玩耍或者推婴儿车极为不安全。,讲究超高得房率（超85%），主卧套房必须配备独立步入式衣帽间与干湿分离双卫。,主要在陆家嘴/徐家汇CBD上班，首选地铁2/9号线沿线，通勤半小时内。,倡导轻户外，周末常带家人自驾野营或山系徒步，注重生活情调与手作咖啡。,名下持有一套旧两居，置换回款 65% + 个人理财储蓄补充 + 公积金商业贷,非仁恒、绿城、万科等金牌开发商不买，极度看重高端精装质量与顶级物业的增值口碑。,常年本地稳定居住，工作日职住通勤动线规则单一。
上_2003_00537,上海,2003,本地改善,41,女,1.3,15.1,0.45,25.1,5,2,否,B,agent,0.78,0.46,0.65,0.59,0.44,0.77,0.55,0.85,0.48,自住-改善,两室一厅,79,2761,国企车间技术主任,二胎黄金期中大户型,上海中环品质两居，车位及空间极其拥挤,小区无地下车库且人车不分流，小孩在楼下玩耍或者推婴儿车极为不安全。,讲究超高得房率（超85%），主卧套房必须配备独立步入式衣帽间与干湿分离双卫。,主要在陆家嘴/徐家汇CBD上班，首选地铁2/9号线沿线，通勤半小时内。,倡导轻户外，周末常带家人自驾野营或山系徒步，注重生活情调与手作咖啡。,名下持有一套旧两居，置换回款 65% + 个人理财储蓄补充 + 公积金商业贷,重性价比，不盲信大牌，但要求物业管理有序、绿化修剪及时、人防技防规范。,常年本地稳定居住，工作日职住通勤动线规则单一。
上_2003_00538,上海,2003,教育型买房,33,男,0.9,6.0,0.4,11.2,2,0,否,B,social,0.94,0.41,0.45,0.46,0.59,0.61,0.62,1,0.58,学区房,两室两厅,50,1787,邮政局局长秘书,新婚过渡两居,上海中环品质两居，车位及空间极其拥挤,老小区隔音差，邻里滋扰严重，且车位严重匮乏，每晚加班回来抢车位像打仗。,核心要求地块属于第一梯队名校学区，且周边500米内解决幼小衔接教育配套。,主要在陆家嘴/徐家汇CBD上班，首选地铁2/9号线沿线，通勤半小时内。,倡导轻户外，周末常带家人自驾野营或山系徒步，注重生活情调与手作咖啡。,名下持有一套旧两居，置换回款 65% + 个人理财储蓄补充 + 公积金商业贷,重性价比，不盲信大牌，但要求物业管理有序、绿化修剪及时、人防技防规范。,常年本地稳定居住，工作日职住通勤动线规则单一。
上_2003_00539,上海,2003,本地改善,43,女,1.4,15.9,0.45,26.6,4,2,否,B,agent,0.65,0.64,0.58,0.46,0.51,0.78,0.68,0.68,0.7,自住-改善,一室一厅,93,2106,国企车间技术主任,二胎黄金期中大户型,上海中环品质两居，车位及空间极其拥挤,小区无地下车库且人车不分流，小孩在楼下玩耍或者推婴儿车极为不安全。,讲究超高得房率（超85%），主卧套房必须配备独立步入式衣帽间与干湿分离双卫。,主要在陆家嘴/徐家汇CBD上班，首选地铁2/9号线沿线，通勤半小时内。,倡导轻户外，周末常带家人自驾野营或山系徒步，注重生活情调与手作咖啡。,名下持有一套旧两居，置换回款 65% + 个人理财储蓄补充 + 公积金商业贷,重性价比，不盲信大牌，但要求物业管理有序、绿化修剪及时、人防技防规范。,常年本地稳定居住，工作日职住通勤动线规则单一。
上_2003_00540,上海,2003,教育型买房,42,男,0.7,4.0,0.4,7.5,3,1,是,B,social,1,0.59,0.44,0.31,0.59,0.78,0.76,0.89,0.53,学区房,两室一厅,53,928,市第二中学地理教师,三口之家(学龄段),上海中环品质两居，车位及空间极其拥挤,小区无地下车库且人车不分流，小孩在楼下玩耍或者推婴儿车极为不安全。,讲究超高得房率（超85%），主卧套房必须配备独立步入式衣帽间与干湿分离双卫。,主要在陆家嘴/徐家汇CBD上班，首选地铁2/9号线沿线，通勤半小时内。,倡导轻户外，周末常带家人自驾野营或山系徒步，注重生活情调与手作咖啡。,名下持有一套旧两居，置换回款 65% + 个人理财储蓄补充 + 公积金商业贷,重性价比，不盲信大牌，但要求物业管理有序、绿化修剪及时、人防技防规范。,常年本地稳定居住，工作日职住通勤动线规则单一。
上_2003_00541,上海,2003,本地改善,40,女,1.1,13.5,0.45,22.5,4,2,否,B,agent,0.9,0.41,0.53,0.43,0.56,0.89,0.58,0.75,0.54,自住-改善,两室一厅,78,2556,区财政局科员,二胎黄金期中大户型,上海中环品质两居，车位及空间极其拥挤,小区无地下车库且人车不分流，小孩在楼下玩耍或者推婴儿车极为不安全。,讲究超高得房率（超85%），主卧套房必须配备独立步入式衣帽间与干湿分离双卫。,主要在陆家嘴/徐家汇CBD上班，首选地铁2/9号线沿线，通勤半小时内。,倡导轻户外，周末常带家人自驾野营或山系徒步，注重生活情调与手作咖啡。,名下持有一套旧两居，置换回款 65% + 个人理财储蓄补充 + 公积金商业贷,重性价比，不盲信大牌，但要求物业管理有序、绿化修剪及时、人防技防规范。,常年本地稳定居住，工作日职住通勤动线规则单一。
上_2003_00542,上海,2003,本地改善,54,男,1.6,15.8,0.45,26.3,4,2,否,B,agent,0.74,0.41,0.69,0.56,0.47,0.85,0.56,0.71,0.63,自住-改善,两室两厅,68,2866,市第二中学地理教师,二胎黄金期中大户型,上海中环品质两居，车位及空间极其拥挤,小区无地下车库且人车不分流，小孩在楼下玩耍或者推婴儿车极为不安全。,讲究超高得房率（超85%），主卧套房必须配备独立步入式衣帽间与干湿分离双卫。,主要在陆家嘴/徐家汇CBD上班，首选地铁2/9号线沿线，通勤半小时内。,倡导轻户外，周末常带家人自驾野营或山系徒步，注重生活情调与手作咖啡。,名下持有一套旧两居，置换回款 65% + 个人理财储蓄补充 + 公积金商业贷,重性价比，不盲信大牌，但要求物业管理有序、绿化修剪及时、人防技防规范。,常年本地稳定居住，工作日职住通勤动线规则单一。
上_2003_00543,上海,2003,教育型买房,40,女,0.5,4.9,0.4,9.2,2,1,是,B,social,0.6,0.5,0.46,0.32,0.59,0.75,0.41,0.97,0.59,学区房,一室一厅,65,1024,邮政局局长秘书,三口之家(学龄段),上海中环品质两居，车位及空间极其拥挤,小区无地下车库且人车不分流，小孩在楼下玩耍或者推婴儿车极为不安全。,讲究超高得房率（超85%），主卧套房必须配备独立步入式衣帽间与干湿分离双卫。,主要在陆家嘴/徐家汇CBD上班，首选地铁2/9号线沿线，通勤半小时内。,倡导轻户外，周末常带家人自驾野营或山系徒步，注重生活情调与手作咖啡。,名下持有一套旧两居，置换回款 65% + 个人理财储蓄补充 + 公积金商业贷,重性价比，不盲信大牌，但要求物业管理有序、绿化修剪及时、人防技防规范。,常年本地稳定居住，工作日职住通勤动线规则单一。
上_2003_00544,上海,2003,教育型买房,32,男,1.6,13.3,0.4,24.9,3,0,否,B,social,1,0.49,0.47,0.34,0.73,0.71,0.53,0.87,0.71,学区房,一室一厅,51,3501,邮政局局长秘书,新婚过渡两居,上海中环品质两居，车位及空间极其拥挤,老小区隔音差，邻里滋扰严重，且车位严重匮乏，每晚加班回来抢车位像打仗。,讲究超高得房率（超85%），主卧套房必须配备独立步入式衣帽间与干湿分离双卫。,主要在陆家嘴/徐家汇CBD上班，首选地铁2/9号线沿线，通勤半小时内。,倡导轻户外，周末常带家人自驾野营或山系徒步，注重生活情调与手作咖啡。,名下持有一套旧两居，置换回款 65% + 个人理财储蓄补充 + 公积金商业贷,非仁恒、绿城、万科等金牌开发商不买，极度看重高端精装质量与顶级物业的增值口碑。,常年本地稳定居住，工作日职住通勤动线规则单一。
上_2003_00545,上海,2003,金融精英,36,男,3.6,26.0,0.4,48.7,3,2,否,A,research,1,0.48,0.7,0.74,0.87,0.71,0.74,0.89,0.7,自住-改善,两室两厅,80,3822,申银万国证券分析员,二胎黄金期中大户型,西湖边高精平层,无高端私密会所及管家式物业配套，圈层鱼龙混杂，高净值居住体验差。,要求独立电梯入户，主次卧动线分明，配备独立保姆房和私密后院。,主要在陆家嘴/徐家汇CBD上班，首选地铁2/9号线沿线，通勤半小时内。,周末常去高端商圈消费，热衷打网球和马术，重度手冲咖啡及黑胶唱片发烧友。,名下已有企业股权套现或分红现金，一次性全款付清，基本不加杠杆,非仁恒、绿城、万科等金牌开发商不买，极度看重高端精装质量与顶级物业的增值口碑。,常年本地稳定居住，工作日职住通勤动线规则单一。
上_2003_00546,上海,2003,本地改善,57,男,1.4,15.7,0.45,26.1,4,2,否,B,agent,0.78,0.45,0.55,0.58,0.59,0.91,0.76,0.77,0.58,自住-改善,两室两厅,83,2070,国企车间技术主任,二胎黄金期中大户型,上海中环品质两居，车位及空间极其拥挤,小区无地下车库且人车不分流，小孩在楼下玩耍或者推婴儿车极为不安全。,讲究超高得房率（超85%），主卧套房必须配备独立步入式衣帽间与干湿分离双卫。,主要在陆家嘴/徐家汇CBD上班，首选地铁2/9号线沿线，通勤半小时内。,倡导轻户外，周末常带家人自驾野营或山系徒步，注重生活情调与手作咖啡。,名下持有一套旧两居，置换回款 65% + 个人理财储蓄补充 + 公积金商业贷,重性价比，不盲信大牌，但要求物业管理有序、绿化修剪及时、人防技防规范。,常年本地稳定居住，工作日职住通勤动线规则单一。
上_2003_00547,上海,2003,金融精英,41,女,3.7,21.3,0.4,39.9,3,0,否,A,research,0.78,0.41,0.61,0.63,0.69,0.75,0.69,0.85,0.91,自住-首套,一室一厅,90,3526,申银万国证券分析员,成熟期核心家庭,市中心私密洋房住宅,无高端私密会所及管家式物业配套，圈层鱼龙混杂，高净值居住体验差。,讲究超高得房率（超85%），主卧套房必须配备独立步入式衣帽间与干湿分离双卫。,主要在陆家嘴/徐家汇CBD上班，首选地铁2/9号线沿线，通勤半小时内。,周末常去高端商圈消费，热衷打网球和马术，重度手冲咖啡及黑胶唱片发烧友。,夫妻双方积蓄 + 双方父母出资赞助首付 + 公积金商业组合贷款,非仁恒、绿城、万科等金牌开发商不买，极度看重高端精装质量与顶级物业的增值口碑。,常年本地稳定居住，工作日职住通勤动线规则单一。
上_2003_00548,上海,2003,本地改善,46,女,1.6,15.9,0.45,26.6,3,2,是,B,agent,0.83,0.48,0.58,0.5,0.63,0.77,0.6,0.78,0.55,自住-改善,两室一厅,73,2222,市第二中学地理教师,二胎黄金期中大户型,上海中环品质两居，车位及空间极其拥挤,小区无地下车库且人车不分流，小孩在楼下玩耍或者推婴儿车极为不安全。,讲究超高得房率（超85%），主卧套房必须配备独立步入式衣帽间与干湿分离双卫。,主要在陆家嘴/徐家汇CBD上班，首选地铁2/9号线沿线，通勤半小时内。,倡导轻户外，周末常带家人自驾野营或山系徒步，注重生活情调与手作咖啡。,名下持有一套旧两居，置换回款 65% + 个人理财储蓄补充 + 公积金商业贷,重性价比，不盲信大牌，但要求物业管理有序、绿化修剪及时、人防技防规范。,常年本地稳定居住，工作日职住通勤动线规则单一。
上_2003_00549,上海,2003,长三角家庭,36,女,1.2,5.9,0.45,9.8,4,2,否,B,agent,0.85,0.57,0.72,0.55,0.6,0.81,0.3,0.68,0.61,自住-改善,一室一厅,63,850,市第二中学地理教师,二胎黄金期中大户型,上海中环品质两居，车位及空间极其拥挤,小区无地下车库且人车不分流，小孩在楼下玩耍或者推婴儿车极为不安全。,要求有超大面宽南向双阳台（观景家政分离），主卧大飘窗能270度直面自然景观。,主要在陆家嘴/徐家汇CBD上班，首选地铁2/9号线沿线，通勤半小时内。,倡导轻户外，周末常带家人自驾野营或山系徒步，注重生活情调与手作咖啡。,名下持有一套旧两居，置换回款 65% + 个人理财储蓄补充 + 公积金商业贷,重性价比，不盲信大牌，但要求物业管理有序、绿化修剪及时、人防技防规范。,常年本地稳定居住，工作日职住通勤动线规则单一。
上_2003_00550,上海,2003,金融精英,32,女,1.2,9.5,0.4,17.9,3,0,否,A,research,0.59,0.34,0.88,0.74,0.72,0.81,0.62,0.84,0.8,婚房,两室两厅,85,1745,老牌证券公司营业部经理,新婚过渡两居,陆家嘴核心区江景大平层,无高端私密会所及管家式物业配套，圈层鱼龙混杂，高净值居住体验差。,要求独立电梯入户，主次卧动线分明，配备独立保姆房和私密后院。,主要在陆家嘴/徐家汇CBD上班，首选地铁2/9号线沿线，通勤半小时内。,周末常去高端商圈消费，热衷打网球和马术，重度手冲咖啡及黑胶唱片发烧友。,夫妻双方积蓄 + 双方父母出资赞助首付 + 公积金商业组合贷款,非仁恒、绿城、万科等金牌开发商不买，极度看重高端精装质量与顶级物业的增值口碑。,常年本地稳定居住，工作日职住通勤动线规则单一。
上_2003_00551,上海,2003,本地改善,45,男,0.8,6.4,0.45,10.7,3,2,否,B,agent,0.59,0.45,0.67,0.63,0.54,0.91,0.63,0.82,0.55,自住-改善,两室一厅,84,828,区财政局科员,二胎黄金期中大户型,上海中环品质两居，车位及空间极其拥挤,小区无地下车库且人车不分流，小孩在楼下玩耍或者推婴儿车极为不安全。,讲究超高得房率（超85%），主卧套房必须配备独立步入式衣帽间与干湿分离双卫。,主要在陆家嘴/徐家汇CBD上班，首选地铁2/9号线沿线，通勤半小时内。,倡导轻户外，周末常带家人自驾野营或山系徒步，注重生活情调与手作咖啡。,名下持有一套旧两居，置换回款 65% + 个人理财储蓄补充 + 公积金商业贷,重性价比，不盲信大牌，但要求物业管理有序、绿化修剪及时、人防技防规范。,常年本地稳定居住，工作日职住通勤动线规则单一。
上_2003_00552,上海,2003,本地改善,51,男,0.7,8.1,0.45,13.4,4,1,是,B,agent,0.54,0.54,0.48,0.4,0.56,0.91,0.7,0.85,0.78,自住-改善,一室一厅,79,961,国企车间技术主任,三口之家(学龄段),上海中环品质两居，车位及空间极其拥挤,小区无地下车库且人车不分流，小孩在楼下玩耍或者推婴儿车极为不安全。,讲究超高得房率（超85%），主卧套房必须配备独立步入式衣帽间与干湿分离双卫。,主要在陆家嘴/徐家汇CBD上班，首选地铁2/9号线沿线，通勤半小时内。,倡导轻户外，周末常带家人自驾野营或山系徒步，注重生活情调与手作咖啡。,名下持有一套旧两居，置换回款 65% + 个人理财储蓄补充 + 公积金商业贷,非仁恒、绿城、万科等金牌开发商不买，极度看重高端精装质量与顶级物业的增值口碑。,常年本地稳定居住，工作日职住通勤动线规则单一。
上_2003_00553,上海,2003,本地改善,55,男,0.8,7.2,0.45,12.0,4,1,是,B,agent,0.75,0.53,0.49,0.37,0.69,0.83,0.55,0.63,0.61,自住-改善,两室两厅,57,1254,邮政局局长秘书,三口之家(学龄段),上海中环品质两居，车位及空间极其拥挤,小区无地下车库且人车不分流，小孩在楼下玩耍或者推婴儿车极为不安全。,讲究超高得房率（超85%），主卧套房必须配备独立步入式衣帽间与干湿分离双卫。,主要在陆家嘴/徐家汇CBD上班，首选地铁2/9号线沿线，通勤半小时内。,倡导轻户外，周末常带家人自驾野营或山系徒步，注重生活情调与手作咖啡。,名下持有一套旧两居，置换回款 65% + 个人理财储蓄补充 + 公积金商业贷,重性价比，不盲信大牌，但要求物业管理有序、绿化修剪及时、人防技防规范。,常年本地稳定居住，工作日职住通勤动线规则单一。
上_2003_00554,上海,2003,金融精英,48,男,2.6,21.8,0.4,40.8,3,1,否,A,research,0.36,0.49,0.57,0.61,0.62,0.68,0.79,0.71,0.86,自住-首套,两室两厅,78,3422,申银万国证券分析员,三口之家(学龄段),陆家嘴核心区江景大平层,无高端私密会所及管家式物业配套，圈层鱼龙混杂，高净值居住体验差。,核心要求地块属于第一梯队名校学区，且周边500米内解决幼小衔接教育配套。,主要在陆家嘴/徐家汇CBD上班，首选地铁2/9号线沿线，通勤半小时内。,周末常去高端商圈消费，热衷打网球和马术，重度手冲咖啡及黑胶唱片发烧友。,夫妻双方积蓄 + 双方父母出资赞助首付 + 公积金商业组合贷款,非仁恒、绿城、万科等金牌开发商不买，极度看重高端精装质量与顶级物业的增值口碑。,常年本地稳定居住，工作日职住通勤动线规则单一。
上_2003_00555,上海,2003,金融精英,49,女,3.5,32.3,0.4,60.6,3,2,否,A,research,0.54,0.48,0.48,0.72,0.65,0.78,0.54,0.82,0.76,自住-首套,一室一厅,60,6292,老牌证券公司营业部经理,二胎黄金期中大户型,陆家嘴核心区江景大平层,无高端私密会所及管家式物业配套，圈层鱼龙混杂，高净值居住体验差。,要求独立电梯入户，主次卧动线分明，配备独立保姆房和私密后院。,主要在陆家嘴/徐家汇CBD上班，首选地铁2/9号线沿线，通勤半小时内。,周末常去高端商圈消费，热衷打网球和马术，重度手冲咖啡及黑胶唱片发烧友。,夫妻双方积蓄 + 双方父母出资赞助首付 + 公积金商业组合贷款,非仁恒、绿城、万科等金牌开发商不买，极度看重高端精装质量与顶级物业的增值口碑。,常年本地稳定居住，工作日职住通勤动线规则单一。
上_2003_00556,上海,2003,金融精英,34,男,1.3,13.5,0.4,25.3,3,0,否,A,research,0.8,0.55,0.82,0.66,0.79,0.65,0.74,0.87,0.86,婚房,两室一厅,77,2078,老牌证券公司营业部经理,新婚过渡两居,西湖边高精平层,无高端私密会所及管家式物业配套，圈层鱼龙混杂，高净值居住体验差。,要求有超大面宽南向双阳台（观景家政分离），主卧大飘窗能270度直面自然景观。,主要在陆家嘴/徐家汇CBD上班，首选地铁2/9号线沿线，通勤半小时内。,周末常去高端商圈消费，热衷打网球和马术，重度手冲咖啡及黑胶唱片发烧友。,夫妻双方积蓄 + 双方父母出资赞助首付 + 公积金商业组合贷款,非仁恒、绿城、万科等金牌开发商不买，极度看重高端精装质量与顶级物业的增值口碑。,常年本地稳定居住，工作日职住通勤动线规则单一。
上_2003_00557,上海,2003,教育型买房,41,女,1.6,15.8,0.4,29.6,3,1,是,B,social,0.92,0.6,0.39,0.35,0.67,0.68,0.48,0.8,0.69,学区房,两室两厅,64,3475,市第二中学地理教师,三口之家(学龄段),上海中环品质两居，车位及空间极其拥挤,小区无地下车库且人车不分流，小孩在楼下玩耍或者推婴儿车极为不安全。,核心要求地块属于第一梯队名校学区，且周边500米内解决幼小衔接教育配套。,主要在陆家嘴/徐家汇CBD上班，首选地铁2/9号线沿线，通勤半小时内。,倡导轻户外，周末常带家人自驾野营或山系徒步，注重生活情调与手作咖啡。,名下持有一套旧两居，置换回款 65% + 个人理财储蓄补充 + 公积金商业贷,重性价比，不盲信大牌，但要求物业管理有序、绿化修剪及时、人防技防规范。,常年本地稳定居住，工作日职住通勤动线规则单一。
上_2003_00558,上海,2003,金融精英,33,男,1.6,12.2,0.4,22.9,3,1,否,A,research,0.78,0.5,0.51,0.64,0.67,0.61,0.62,0.71,0.86,婚房,一室一厅,89,1683,商业银行支行信贷科长,三口之家(幼龄段),市中心私密洋房住宅,无高端私密会所及管家式物业配套，圈层鱼龙混杂，高净值居住体验差。,核心要求地块属于第一梯队名校学区，且周边500米内解决幼小衔接教育配套。,主要在陆家嘴/徐家汇CBD上班，首选地铁2/9号线沿线，通勤半小时内。,周末常去高端商圈消费，热衷打网球和马术，重度手冲咖啡及黑胶唱片发烧友。,夫妻双方积蓄 + 双方父母出资赞助首付 + 公积金商业组合贷款,非仁恒、绿城、万科等金牌开发商不买，极度看重高端精装质量与顶级物业的增值口碑。,常年本地稳定居住，工作日职住通勤动线规则单一。
上_2003_00559,上海,2003,本地改善,40,男,1.1,12.3,0.45,20.5,3,2,否,B,agent,0.63,0.35,0.43,0.53,0.54,0.95,0.47,0.7,0.67,自住-改善,两室一厅,98,1705,国企车间技术主任,二胎黄金期中大户型,上海中环品质两居，车位及空间极其拥挤,小区无地下车库且人车不分流，小孩在楼下玩耍或者推婴儿车极为不安全。,讲究超高得房率（超85%），主卧套房必须配备独立步入式衣帽间与干湿分离双卫。,主要在陆家嘴/徐家汇CBD上班，首选地铁2/9号线沿线，通勤半小时内。,倡导轻户外，周末常带家人自驾野营或山系徒步，注重生活情调与手作咖啡。,名下持有一套旧两居，置换回款 65% + 个人理财储蓄补充 + 公积金商业贷,重性价比，不盲信大牌，但要求物业管理有序、绿化修剪及时、人防技防规范。,常年本地稳定居住，工作日职住通勤动线规则单一。
上_2003_00560,上海,2003,本地改善,49,男,1.0,12.0,0.45,19.9,4,3,是,B,agent,1,0.49,0.61,0.41,0.62,0.96,0.63,0.91,0.51,自住-改善,两室两厅,96,1395,区财政局科员,二胎黄金期中大户型,上海中环品质两居，车位及空间极其拥挤,小区无地下车库且人车不分流，小孩在楼下玩耍或者推婴儿车极为不安全。,讲究超高得房率（超85%），主卧套房必须配备独立步入式衣帽间与干湿分离双卫。,主要在陆家嘴/徐家汇CBD上班，首选地铁2/9号线沿线，通勤半小时内。,倡导轻户外，周末常带家人自驾野营或山系徒步，注重生活情调与手作咖啡。,名下持有一套旧两居，置换回款 65% + 个人理财储蓄补充 + 公积金商业贷,重性价比，不盲信大牌，但要求物业管理有序、绿化修剪及时、人防技防规范。,常年本地稳定居住，工作日职住通勤动线规则单一。
上_2003_00561,上海,2003,金融精英,40,女,1.8,11.2,0.4,21.1,4,1,否,A,research,0.4,0.51,0.67,0.75,0.76,0.79,0.64,0.89,0.8,自住-首套,两室一厅,81,1648,申银万国证券分析员,三口之家(学龄段),西湖边高精平层,无高端私密会所及管家式物业配套，圈层鱼龙混杂，高净值居住体验差。,要求独立电梯入户，主次卧动线分明，配备独立保姆房和私密后院。,主要在陆家嘴/徐家汇CBD上班，首选地铁2/9号线沿线，通勤半小时内。,周末常去高端商圈消费，热衷打网球和马术，重度手冲咖啡及黑胶唱片发烧友。,夫妻双方积蓄 + 双方父母出资赞助首付 + 公积金商业组合贷款,非仁恒、绿城、万科等金牌开发商不买，极度看重高端精装质量与顶级物业的增值口碑。,常年本地稳定居住，工作日职住通勤动线规则单一。
上_2003_00562,上海,2003,本地改善,39,女,1.0,7.8,0.45,13.0,3,2,否,B,agent,0.58,0.47,0.72,0.53,0.6,0.93,0.46,0.71,0.67,自住-改善,一室一厅,69,1194,邮政局局长秘书,二胎黄金期中大户型,上海中环品质两居，车位及空间极其拥挤,小区无地下车库且人车不分流，小孩在楼下玩耍或者推婴儿车极为不安全。,要求有超大面宽南向双阳台（观景家政分离），主卧大飘窗能270度直面自然景观。,主要在陆家嘴/徐家汇CBD上班，首选地铁2/9号线沿线，通勤半小时内。,倡导轻户外，周末常带家人自驾野营或山系徒步，注重生活情调与手作咖啡。,名下持有一套旧两居，置换回款 65% + 个人理财储蓄补充 + 公积金商业贷,重性价比，不盲信大牌，但要求物业管理有序、绿化修剪及时、人防技防规范。,常年本地稳定居住，工作日职住通勤动线规则单一。
上_2003_00563,上海,2003,金融精英,36,女,2.8,18.7,0.4,35.0,1,1,否,A,research,0.99,0.42,0.76,0.59,0.85,0.73,0.64,0.84,0.87,自住-首套,一室一厅,95,2141,老牌证券公司营业部经理,三口之家(幼龄段),市中心私密洋房住宅,无高端私密会所及管家式物业配套，圈层鱼龙混杂，高净值居住体验差。,要求有超大面宽南向双阳台（观景家政分离），主卧大飘窗能270度直面自然景观。,主要在陆家嘴/徐家汇CBD上班，首选地铁2/9号线沿线，通勤半小时内。,周末常去高端商圈消费，热衷打网球和马术，重度手冲咖啡及黑胶唱片发烧友。,夫妻双方积蓄 + 双方父母出资赞助首付 + 公积金商业组合贷款,非仁恒、绿城、万科等金牌开发商不买，极度看重高端精装质量与顶级物业的增值口碑。,常年本地稳定居住，工作日职住通勤动线规则单一。
上_2003_00564,上海,2003,本地改善,55,男,0.7,9.4,0.45,15.7,4,2,否,B,agent,0.69,0.43,0.64,0.47,0.49,0.91,0.64,0.79,0.65,自住-改善,一室一厅,78,1092,市第二中学地理教师,二胎黄金期中大户型,上海中环品质两居，车位及空间极其拥挤,小区无地下车库且人车不分流，小孩在楼下玩耍或者推婴儿车极为不安全。,讲究超高得房率（超85%），主卧套房必须配备独立步入式衣帽间与干湿分离双卫。,主要在陆家嘴/徐家汇CBD上班，首选地铁2/9号线沿线，通勤半小时内。,倡导轻户外，周末常带家人自驾野营或山系徒步，注重生活情调与手作咖啡。,名下持有一套旧两居，置换回款 65% + 个人理财储蓄补充 + 公积金商业贷,重性价比，不盲信大牌，但要求物业管理有序、绿化修剪及时、人防技防规范。,常年本地稳定居住，工作日职住通勤动线规则单一。
上_2003_00565,上海,2003,教育型买房,38,男,1.9,18.4,0.4,34.5,3,0,否,B,social,0.75,0.5,0.5,0.38,0.61,0.72,0.53,0.95,0.57,学区房,两室两厅,81,3392,邮政局局长秘书,成熟期核心家庭,上海中环品质两居，车位及空间极其拥挤,老小区隔音差，邻里滋扰严重，且车位严重匮乏，每晚加班回来抢车位像打仗。,讲究超高得房率（超85%），主卧套房必须配备独立步入式衣帽间与干湿分离双卫。,主要在陆家嘴/徐家汇CBD上班，首选地铁2/9号线沿线，通勤半小时内。,倡导轻户外，周末常带家人自驾野营或山系徒步，注重生活情调与手作咖啡。,名下持有一套旧两居，置换回款 65% + 个人理财储蓄补充 + 公积金商业贷,重性价比，不盲信大牌，但要求物业管理有序、绿化修剪及时、人防技防规范。,常年本地稳定居住，工作日职住通勤动线规则单一。
上_2003_00566,上海,2003,金融精英,48,女,0.8,8.0,0.4,14.9,3,1,否,A,research,0.73,0.46,0.6,0.45,0.67,0.83,0.73,0.8,0.84,自住-首套,两室一厅,75,1241,老牌证券公司营业部经理,三口之家(学龄段),陆家嘴核心区江景大平层,无高端私密会所及管家式物业配套，圈层鱼龙混杂，高净值居住体验差。,讲究超高得房率（超85%），主卧套房必须配备独立步入式衣帽间与干湿分离双卫。,主要在陆家嘴/徐家汇CBD上班，首选地铁2/9号线沿线，通勤半小时内。,周末常去高端商圈消费，热衷打网球和马术，重度手冲咖啡及黑胶唱片发烧友。,夫妻双方积蓄 + 双方父母出资赞助首付 + 公积金商业组合贷款,非仁恒、绿城、万科等金牌开发商不买，极度看重高端精装质量与顶级物业的增值口碑。,常年本地稳定居住，工作日职住通勤动线规则单一。
上_2003_00567,上海,2003,金融精英,49,男,2.3,18.9,0.4,35.4,3,1,否,A,research,0.95,0.44,0.57,0.6,0.58,0.72,0.77,0.78,0.91,自住-首套,两室两厅,88,3092,商业银行支行信贷科长,三口之家(学龄段),市中心私密洋房住宅,无高端私密会所及管家式物业配套，圈层鱼龙混杂，高净值居住体验差。,讲究超高得房率（超85%），主卧套房必须配备独立步入式衣帽间与干湿分离双卫。,主要在陆家嘴/徐家汇CBD上班，首选地铁2/9号线沿线，通勤半小时内。,周末常去高端商圈消费，热衷打网球和马术，重度手冲咖啡及黑胶唱片发烧友。,夫妻双方积蓄 + 双方父母出资赞助首付 + 公积金商业组合贷款,非仁恒、绿城、万科等金牌开发商不买，极度看重高端精装质量与顶级物业的增值口碑。,常年本地稳定居住，工作日职住通勤动线规则单一。
上_2003_00568,上海,2003,本地改善,45,女,0.9,6.6,0.45,11.1,5,2,是,B,agent,0.62,0.62,0.58,0.41,0.53,0.97,0.57,0.7,0.56,自住-改善,一室一厅,84,1059,市第二中学地理教师,二胎黄金期中大户型,上海中环品质两居，车位及空间极其拥挤,小区无地下车库且人车不分流，小孩在楼下玩耍或者推婴儿车极为不安全。,讲究超高得房率（超85%），主卧套房必须配备独立步入式衣帽间与干湿分离双卫。,主要在陆家嘴/徐家汇CBD上班，首选地铁2/9号线沿线，通勤半小时内。,倡导轻户外，周末常带家人自驾野营或山系徒步，注重生活情调与手作咖啡。,名下持有一套旧两居，置换回款 65% + 个人理财储蓄补充 + 公积金商业贷,重性价比，不盲信大牌，但要求物业管理有序、绿化修剪及时、人防技防规范。,常年本地稳定居住，工作日职住通勤动线规则单一。
上_2003_00569,上海,2003,金融精英,44,女,2.4,19.5,0.4,36.6,2,1,否,A,research,0.74,0.45,0.63,0.58,0.62,0.91,0.75,0.76,0.76,自住-改善,一室一厅,70,3964,商业银行支行信贷科长,三口之家(学龄段),市中心私密洋房住宅,无高端私密会所及管家式物业配套，圈层鱼龙混杂，高净值居住体验差。,讲究超高得房率（超85%），主卧套房必须配备独立步入式衣帽间与干湿分离双卫。,主要在陆家嘴/徐家汇CBD上班，首选地铁2/9号线沿线，通勤半小时内。,周末常去高端商圈消费，热衷打网球和马术，重度手冲咖啡及黑胶唱片发烧友。,名下已有企业股权套现或分红现金，一次性全款付清，基本不加杠杆,非仁恒、绿城、万科等金牌开发商不买，极度看重高端精装质量与顶级物业的增值口碑。,常年本地稳定居住，工作日职住通勤动线规则单一。
上_2003_00570,上海,2003,教育型买房,41,女,2.2,18.3,0.4,34.3,3,1,是,B,social,0.75,0.61,0.46,0.44,0.64,0.78,0.56,1,0.68,学区房,两室两厅,91,2287,邮政局局长秘书,三口之家(学龄段),上海中环品质两居，车位及空间极其拥挤,小区无地下车库且人车不分流，小孩在楼下玩耍或者推婴儿车极为不安全。,讲究超高得房率（超85%），主卧套房必须配备独立步入式衣帽间与干湿分离双卫。,主要在陆家嘴/徐家汇CBD上班，首选地铁2/9号线沿线，通勤半小时内。,倡导轻户外，周末常带家人自驾野营或山系徒步，注重生活情调与手作咖啡。,名下持有一套旧两居，置换回款 65% + 个人理财储蓄补充 + 公积金商业贷,重性价比，不盲信大牌，但要求物业管理有序、绿化修剪及时、人防技防规范。,常年本地稳定居住，工作日职住通勤动线规则单一。
上_2003_00571,上海,2003,本地改善,49,女,0.6,5.6,0.45,9.3,4,2,否,B,agent,0.66,0.47,0.63,0.47,0.44,0.88,0.53,0.76,0.51,自住-改善,两室一厅,69,844,国企车间技术主任,二胎黄金期中大户型,上海中环品质两居，车位及空间极其拥挤,小区无地下车库且人车不分流，小孩在楼下玩耍或者推婴儿车极为不安全。,讲究超高得房率（超85%），主卧套房必须配备独立步入式衣帽间与干湿分离双卫。,主要在陆家嘴/徐家汇CBD上班，首选地铁2/9号线沿线，通勤半小时内。,倡导轻户外，周末常带家人自驾野营或山系徒步，注重生活情调与手作咖啡。,名下持有一套旧两居，置换回款 65% + 个人理财储蓄补充 + 公积金商业贷,重性价比，不盲信大牌，但要求物业管理有序、绿化修剪及时、人防技防规范。,常年本地稳定居住，工作日职住通勤动线规则单一。
上_2003_00572,上海,2003,金融精英,35,女,2.6,24.3,0.4,45.5,3,2,否,A,research,0.62,0.39,0.71,0.35,0.67,0.55,0.6,0.69,0.92,自住-首套,两室一厅,77,4905,老牌证券公司营业部经理,二胎黄金期中大户型,西湖边高精平层,无高端私密会所及管家式物业配套，圈层鱼龙混杂，高净值居住体验差。,要求有超大面宽南向双阳台（观景家政分离），主卧大飘窗能270度直面自然景观。,主要在陆家嘴/徐家汇CBD上班，首选地铁2/9号线沿线，通勤半小时内。,周末常去高端商圈消费，热衷打网球和马术，重度手冲咖啡及黑胶唱片发烧友。,夫妻双方积蓄 + 双方父母出资赞助首付 + 公积金商业组合贷款,非仁恒、绿城、万科等金牌开发商不买，极度看重高端精装质量与顶级物业的增值口碑。,常年本地稳定居住，工作日职住通勤动线规则单一。
上_2003_00573,上海,2003,本地改善,54,男,1.0,9.4,0.45,15.7,4,2,否,B,agent,0.86,0.5,0.55,0.58,0.62,0.92,0.57,0.71,0.58,自住-改善,两室一厅,92,1065,区财政局科员,二胎黄金期中大户型,上海中环品质两居，车位及空间极其拥挤,小区无地下车库且人车不分流，小孩在楼下玩耍或者推婴儿车极为不安全。,讲究超高得房率（超85%），主卧套房必须配备独立步入式衣帽间与干湿分离双卫。,主要在陆家嘴/徐家汇CBD上班，首选地铁2/9号线沿线，通勤半小时内。,倡导轻户外，周末常带家人自驾野营或山系徒步，注重生活情调与手作咖啡。,名下持有一套旧两居，置换回款 65% + 个人理财储蓄补充 + 公积金商业贷,重性价比，不盲信大牌，但要求物业管理有序、绿化修剪及时、人防技防规范。,常年本地稳定居住，工作日职住通勤动线规则单一。
上_2003_00574,上海,2003,本地改善,38,女,1.7,19.4,0.45,32.3,4,1,否,B,agent,0.71,0.43,0.55,0.48,0.6,1,0.6,0.62,0.66,自住-改善,一室一厅,53,3281,国企车间技术主任,三口之家(学龄段),上海中环品质两居，车位及空间极其拥挤,小区无地下车库且人车不分流，小孩在楼下玩耍或者推婴儿车极为不安全。,讲究超高得房率（超85%），主卧套房必须配备独立步入式衣帽间与干湿分离双卫。,主要在陆家嘴/徐家汇CBD上班，首选地铁2/9号线沿线，通勤半小时内。,倡导轻户外，周末常带家人自驾野营或山系徒步，注重生活情调与手作咖啡。,名下持有一套旧两居，置换回款 65% + 个人理财储蓄补充 + 公积金商业贷,重性价比，不盲信大牌，但要求物业管理有序、绿化修剪及时、人防技防规范。,常年本地稳定居住，工作日职住通勤动线规则单一。
上_2003_00575,上海,2003,本地改善,41,男,0.9,9.0,0.45,15.1,3,1,是,B,agent,0.74,0.53,0.4,0.64,0.57,0.72,0.61,0.69,0.62,自住-改善,两室两厅,64,1865,邮政局局长秘书,三口之家(学龄段),上海中环品质两居，车位及空间极其拥挤,小区无地下车库且人车不分流，小孩在楼下玩耍或者推婴儿车极为不安全。,讲究超高得房率（超85%），主卧套房必须配备独立步入式衣帽间与干湿分离双卫。,主要在陆家嘴/徐家汇CBD上班，首选地铁2/9号线沿线，通勤半小时内。,倡导轻户外，周末常带家人自驾野营或山系徒步，注重生活情调与手作咖啡。,名下持有一套旧两居，置换回款 65% + 个人理财储蓄补充 + 公积金商业贷,重性价比，不盲信大牌，但要求物业管理有序、绿化修剪及时、人防技防规范。,常年本地稳定居住，工作日职住通勤动线规则单一。
上_2003_00576,上海,2003,本地改善,48,女,0.7,8.0,0.45,13.4,4,2,是,B,agent,0.58,0.72,0.56,0.56,0.58,0.81,0.58,0.69,0.61,自住-改善,一室一厅,64,1496,区财政局科员,二胎黄金期中大户型,上海中环品质两居，车位及空间极其拥挤,小区无地下车库且人车不分流，小孩在楼下玩耍或者推婴儿车极为不安全。,讲究超高得房率（超85%），主卧套房必须配备独立步入式衣帽间与干湿分离双卫。,主要在陆家嘴/徐家汇CBD上班，首选地铁2/9号线沿线，通勤半小时内。,倡导轻户外，周末常带家人自驾野营或山系徒步，注重生活情调与手作咖啡。,名下持有一套旧两居，置换回款 65% + 个人理财储蓄补充 + 公积金商业贷,重性价比，不盲信大牌，但要求物业管理有序、绿化修剪及时、人防技防规范。,常年本地稳定居住，工作日职住通勤动线规则单一。
上_2003_00577,上海,2003,本地改善,55,女,0.5,5.1,0.45,8.6,3,1,是,B,agent,0.69,0.46,0.53,0.39,0.6,0.99,0.65,0.73,0.56,自住-改善,两室一厅,96,788,邮政局局长秘书,三口之家(学龄段),上海中环品质两居，车位及空间极其拥挤,小区无地下车库且人车不分流，小孩在楼下玩耍或者推婴儿车极为不安全。,讲究超高得房率（超85%），主卧套房必须配备独立步入式衣帽间与干湿分离双卫。,主要在陆家嘴/徐家汇CBD上班，首选地铁2/9号线沿线，通勤半小时内。,倡导轻户外，周末常带家人自驾野营或山系徒步，注重生活情调与手作咖啡。,名下持有一套旧两居，置换回款 65% + 个人理财储蓄补充 + 公积金商业贷,重性价比，不盲信大牌，但要求物业管理有序、绿化修剪及时、人防技防规范。,常年本地稳定居住，工作日职住通勤动线规则单一。
上_2003_00578,上海,2003,金融精英,43,女,4.0,35.5,0.4,66.6,4,1,是,A,research,0.6,0.46,0.66,0.73,0.68,0.83,0.63,0.74,0.72,自住-首套,两室两厅,55,9841,商业银行支行信贷科长,三口之家(学龄段),陆家嘴核心区江景大平层,当前房屋属于旧多层无电梯房，父母年纪渐高每天爬楼梯极为吃力。,要求独立电梯入户，主次卧动线分明，配备独立保姆房和私密后院。,主要在陆家嘴/徐家汇CBD上班，首选地铁2/9号线沿线，通勤半小时内。,周末常去高端商圈消费，热衷打网球和马术，重度手冲咖啡及黑胶唱片发烧友。,夫妻双方积蓄 + 双方父母出资赞助首付 + 公积金商业组合贷款,非仁恒、绿城、万科等金牌开发商不买，极度看重高端精装质量与顶级物业的增值口碑。,常年本地稳定居住，工作日职住通勤动线规则单一。
上_2003_00579,上海,2003,教育型买房,47,男,1.8,15.0,0.4,28.1,3,1,否,B,social,0.89,0.51,0.62,0.31,0.51,0.74,0.64,1,0.43,学区房,两室两厅,81,2938,区财政局科员,三口之家(学龄段),上海中环品质两居，车位及空间极其拥挤,小区无地下车库且人车不分流，小孩在楼下玩耍或者推婴儿车极为不安全。,讲究超高得房率（超85%），主卧套房必须配备独立步入式衣帽间与干湿分离双卫。,主要在陆家嘴/徐家汇CBD上班，首选地铁2/9号线沿线，通勤半小时内。,倡导轻户外，周末常带家人自驾野营或山系徒步，注重生活情调与手作咖啡。,名下持有一套旧两居，置换回款 65% + 个人理财储蓄补充 + 公积金商业贷,重性价比，不盲信大牌，但要求物业管理有序、绿化修剪及时、人防技防规范。,常年本地稳定居住，工作日职住通勤动线规则单一。
上_2003_00580,上海,2003,本地改善,46,男,0.6,4.9,0.45,8.2,4,1,是,B,agent,0.75,0.59,0.49,0.5,0.46,0.87,0.69,0.69,0.6,自住-改善,一室一厅,60,1122,国企车间技术主任,三口之家(学龄段),上海中环品质两居，车位及空间极其拥挤,小区无地下车库且人车不分流，小孩在楼下玩耍或者推婴儿车极为不安全。,讲究超高得房率（超85%），主卧套房必须配备独立步入式衣帽间与干湿分离双卫。,主要在陆家嘴/徐家汇CBD上班，首选地铁2/9号线沿线，通勤半小时内。,倡导轻户外，周末常带家人自驾野营或山系徒步，注重生活情调与手作咖啡。,名下持有一套旧两居，置换回款 65% + 个人理财储蓄补充 + 公积金商业贷,重性价比，不盲信大牌，但要求物业管理有序、绿化修剪及时、人防技防规范。,常年本地稳定居住，工作日职住通勤动线规则单一。
上_2003_00581,上海,2003,本地改善,58,男,0.7,7.3,0.45,12.2,2,2,否,B,agent,0.61,0.64,0.47,0.44,0.47,1,0.65,0.76,0.59,自住-改善,两室一厅,90,904,市第二中学地理教师,二胎黄金期中大户型,上海中环品质两居，车位及空间极其拥挤,小区无地下车库且人车不分流，小孩在楼下玩耍或者推婴儿车极为不安全。,讲究超高得房率（超85%），主卧套房必须配备独立步入式衣帽间与干湿分离双卫。,主要在陆家嘴/徐家汇CBD上班，首选地铁2/9号线沿线，通勤半小时内。,倡导轻户外，周末常带家人自驾野营或山系徒步，注重生活情调与手作咖啡。,名下持有一套旧两居，置换回款 65% + 个人理财储蓄补充 + 公积金商业贷,重性价比，不盲信大牌，但要求物业管理有序、绿化修剪及时、人防技防规范。,常年本地稳定居住，工作日职住通勤动线规则单一。
上_2003_00582,上海,2003,本地改善,55,女,1.2,13.9,0.45,23.2,4,2,是,B,agent,0.73,0.4,0.46,0.63,0.58,0.93,0.67,0.52,0.57,自住-改善,两室两厅,97,2086,市第二中学地理教师,二胎黄金期中大户型,上海中环品质两居，车位及空间极其拥挤,小区无地下车库且人车不分流，小孩在楼下玩耍或者推婴儿车极为不安全。,讲究超高得房率（超85%），主卧套房必须配备独立步入式衣帽间与干湿分离双卫。,主要在陆家嘴/徐家汇CBD上班，首选地铁2/9号线沿线，通勤半小时内。,倡导轻户外，周末常带家人自驾野营或山系徒步，注重生活情调与手作咖啡。,名下持有一套旧两居，置换回款 65% + 个人理财储蓄补充 + 公积金商业贷,重性价比，不盲信大牌，但要求物业管理有序、绿化修剪及时、人防技防规范。,常年本地稳定居住，工作日职住通勤动线规则单一。
上_2003_00583,上海,2003,本地改善,54,女,2.2,19.4,0.45,32.3,5,1,否,B,agent,0.53,0.54,0.47,0.55,0.47,0.86,0.52,0.77,0.4,自住-改善,两室两厅,89,3225,国企车间技术主任,三口之家(学龄段),上海中环品质两居，车位及空间极其拥挤,小区无地下车库且人车不分流，小孩在楼下玩耍或者推婴儿车极为不安全。,讲究超高得房率（超85%），主卧套房必须配备独立步入式衣帽间与干湿分离双卫。,主要在陆家嘴/徐家汇CBD上班，首选地铁2/9号线沿线，通勤半小时内。,倡导轻户外，周末常带家人自驾野营或山系徒步，注重生活情调与手作咖啡。,名下持有一套旧两居，置换回款 65% + 个人理财储蓄补充 + 公积金商业贷,重性价比，不盲信大牌，但要求物业管理有序、绿化修剪及时、人防技防规范。,常年本地稳定居住，工作日职住通勤动线规则单一。
上_2003_00584,上海,2003,本地改善,57,女,1.2,9.4,0.45,15.6,4,2,否,B,agent,0.84,0.55,0.38,0.57,0.57,0.88,0.66,0.61,0.71,自住-改善,两室一厅,96,1457,区财政局科员,二胎黄金期中大户型,上海中环品质两居，车位及空间极其拥挤,小区无地下车库且人车不分流，小孩在楼下玩耍或者推婴儿车极为不安全。,讲究超高得房率（超85%），主卧套房必须配备独立步入式衣帽间与干湿分离双卫。,主要在陆家嘴/徐家汇CBD上班，首选地铁2/9号线沿线，通勤半小时内。,倡导轻户外，周末常带家人自驾野营或山系徒步，注重生活情调与手作咖啡。,名下持有一套旧两居，置换回款 65% + 个人理财储蓄补充 + 公积金商业贷,非仁恒、绿城、万科等金牌开发商不买，极度看重高端精装质量与顶级物业的增值口碑。,常年本地稳定居住，工作日职住通勤动线规则单一。
上_2003_00585,上海,2003,本地改善,57,男,1.1,12.0,0.45,19.9,3,2,是,B,agent,0.96,0.52,0.58,0.61,0.42,0.76,0.59,0.64,0.5,自住-改善,一室一厅,73,1433,市第二中学地理教师,二胎黄金期中大户型,上海中环品质两居，车位及空间极其拥挤,小区无地下车库且人车不分流，小孩在楼下玩耍或者推婴儿车极为不安全。,讲究超高得房率（超85%），主卧套房必须配备独立步入式衣帽间与干湿分离双卫。,主要在陆家嘴/徐家汇CBD上班，首选地铁2/9号线沿线，通勤半小时内。,倡导轻户外，周末常带家人自驾野营或山系徒步，注重生活情调与手作咖啡。,名下持有一套旧两居，置换回款 65% + 个人理财储蓄补充 + 公积金商业贷,重性价比，不盲信大牌，但要求物业管理有序、绿化修剪及时、人防技防规范。,常年本地稳定居住，工作日职住通勤动线规则单一。
上_2003_00586,上海,2003,本地改善,42,女,1.7,20.6,0.45,34.4,3,2,否,B,agent,0.72,0.42,0.61,0.5,0.63,0.89,0.62,0.82,0.56,自住-改善,两室两厅,59,3403,邮政局局长秘书,二胎黄金期中大户型,上海中环品质两居，车位及空间极其拥挤,小区无地下车库且人车不分流，小孩在楼下玩耍或者推婴儿车极为不安全。,讲究超高得房率（超85%），主卧套房必须配备独立步入式衣帽间与干湿分离双卫。,主要在陆家嘴/徐家汇CBD上班，首选地铁2/9号线沿线，通勤半小时内。,倡导轻户外，周末常带家人自驾野营或山系徒步，注重生活情调与手作咖啡。,名下持有一套旧两居，置换回款 65% + 个人理财储蓄补充 + 公积金商业贷,重性价比，不盲信大牌，但要求物业管理有序、绿化修剪及时、人防技防规范。,常年本地稳定居住，工作日职住通勤动线规则单一。
上_2003_00587,上海,2003,金融精英,34,男,2.0,18.1,0.4,34.0,3,1,否,A,research,0.91,0.38,0.7,0.51,0.78,0.9,0.74,0.97,0.75,婚房,两室两厅,66,3265,老牌证券公司营业部经理,三口之家(幼龄段),西湖边高精平层,无高端私密会所及管家式物业配套，圈层鱼龙混杂，高净值居住体验差。,讲究超高得房率（超85%），主卧套房必须配备独立步入式衣帽间与干湿分离双卫。,主要在陆家嘴/徐家汇CBD上班，首选地铁2/9号线沿线，通勤半小时内。,周末常去高端商圈消费，热衷打网球和马术，重度手冲咖啡及黑胶唱片发烧友。,夫妻双方积蓄 + 双方父母出资赞助首付 + 公积金商业组合贷款,非仁恒、绿城、万科等金牌开发商不买，极度看重高端精装质量与顶级物业的增值口碑。,常年本地稳定居住，工作日职住通勤动线规则单一。
上_2003_00588,上海,2003,外籍海归,38,女,2.2,15.1,0.4,28.2,4,1,否,A,social,0.9,0.55,0.71,0.56,0.88,0.78,0.65,0.84,0.85,自住-首套,一室一厅,50,4534,外企驻沪办事处代表,三口之家(学龄段),陆家嘴核心区江景大平层,无高端私密会所及管家式物业配套，圈层鱼龙混杂，高净值居住体验差。,要求有超大面宽南向双阳台（观景家政分离），主卧大飘窗能270度直面自然景观。,主要在陆家嘴/徐家汇CBD上班，首选地铁2/9号线沿线，通勤半小时内。,周末常去高端商圈消费，热衷打网球和马术，重度手冲咖啡及黑胶唱片发烧友。,夫妻双方积蓄 + 双方父母出资赞助首付 + 公积金商业组合贷款,非仁恒、绿城、万科等金牌开发商不买，极度看重高端精装质量与顶级物业的增值口碑。,常年本地稳定居住，工作日职住通勤动线规则单一。
上_2003_00589,上海,2003,本地改善,48,男,0.9,7.8,0.45,12.9,3,2,是,B,agent,0.7,0.33,0.56,0.43,0.41,0.75,0.59,0.86,0.56,自住-改善,两室一厅,57,1740,邮政局局长秘书,二胎黄金期中大户型,上海中环品质两居，车位及空间极其拥挤,小区无地下车库且人车不分流，小孩在楼下玩耍或者推婴儿车极为不安全。,讲究超高得房率（超85%），主卧套房必须配备独立步入式衣帽间与干湿分离双卫。,主要在陆家嘴/徐家汇CBD上班，首选地铁2/9号线沿线，通勤半小时内。,倡导轻户外，周末常带家人自驾野营或山系徒步，注重生活情调与手作咖啡。,名下持有一套旧两居，置换回款 65% + 个人理财储蓄补充 + 公积金商业贷,重性价比，不盲信大牌，但要求物业管理有序、绿化修剪及时、人防技防规范。,常年本地稳定居住，工作日职住通勤动线规则单一。
上_2003_00590,上海,2003,金融精英,35,男,0.7,6.9,0.4,13.0,3,0,否,A,research,0.94,0.38,0.72,0.7,0.75,0.78,0.7,0.74,0.7,自住-改善,两室两厅,68,1276,申银万国证券分析员,新婚过渡两居,陆家嘴核心区江景大平层,无高端私密会所及管家式物业配套，圈层鱼龙混杂，高净值居住体验差。,要求有超大面宽南向双阳台（观景家政分离），主卧大飘窗能270度直面自然景观。,主要在陆家嘴/徐家汇CBD上班，首选地铁2/9号线沿线，通勤半小时内。,周末常去高端商圈消费，热衷打网球和马术，重度手冲咖啡及黑胶唱片发烧友。,名下已有企业股权套现或分红现金，一次性全款付清，基本不加杠杆,非仁恒、绿城、万科等金牌开发商不买，极度看重高端精装质量与顶级物业的增值口碑。,常年本地稳定居住，工作日职住通勤动线规则单一。
上_2003_00591,上海,2003,金融精英,46,女,1.5,13.6,0.4,25.6,3,1,是,A,research,0.88,0.53,0.45,0.5,0.76,0.75,0.7,0.69,0.91,自住-改善,一室一厅,83,2439,老牌证券公司营业部经理,三口之家(学龄段),陆家嘴核心区江景大平层,当前房屋属于旧多层无电梯房，父母年纪渐高每天爬楼梯极为吃力。,讲究超高得房率（超85%），主卧套房必须配备独立步入式衣帽间与干湿分离双卫。,主要在陆家嘴/徐家汇CBD上班，首选地铁2/9号线沿线，通勤半小时内。,周末常去高端商圈消费，热衷打网球和马术，重度手冲咖啡及黑胶唱片发烧友。,名下已有企业股权套现或分红现金，一次性全款付清，基本不加杠杆,非仁恒、绿城、万科等金牌开发商不买，极度看重高端精装质量与顶级物业的增值口碑。,常年本地稳定居住，工作日职住通勤动线规则单一。
上_2003_00592,上海,2003,长三角家庭,42,男,1.5,10.3,0.45,17.2,5,2,否,B,agent,0.54,0.58,0.48,0.52,0.51,0.84,0.39,0.86,0.76,自住-首套,一室一厅,51,2949,邮政局局长秘书,二胎黄金期中大户型,上海中环品质两居，车位及空间极其拥挤,小区无地下车库且人车不分流，小孩在楼下玩耍或者推婴儿车极为不安全。,讲究超高得房率（超85%），主卧套房必须配备独立步入式衣帽间与干湿分离双卫。,主要在陆家嘴/徐家汇CBD上班，首选地铁2/9号线沿线，通勤半小时内。,倡导轻户外，周末常带家人自驾野营或山系徒步，注重生活情调与手作咖啡。,夫妻双方积蓄 + 双方父母出资赞助首付 + 公积金商业组合贷款,非仁恒、绿城、万科等金牌开发商不买，极度看重高端精装质量与顶级物业的增值口碑。,常年本地稳定居住，工作日职住通勤动线规则单一。
上_2003_00593,上海,2003,本地改善,58,女,1.1,8.1,0.45,13.5,3,2,否,B,agent,1,0.53,0.65,0.55,0.46,0.69,0.52,0.69,0.64,自住-改善,两室一厅,58,1657,国企车间技术主任,二胎黄金期中大户型,上海中环品质两居，车位及空间极其拥挤,小区无地下车库且人车不分流，小孩在楼下玩耍或者推婴儿车极为不安全。,要求采光通透，全明户型，带多功能嵌入式收纳墙以最大化空间利用。,主要在陆家嘴/徐家汇CBD上班，首选地铁2/9号线沿线，通勤半小时内。,倡导轻户外，周末常带家人自驾野营或山系徒步，注重生活情调与手作咖啡。,名下持有一套旧两居，置换回款 65% + 个人理财储蓄补充 + 公积金商业贷,重性价比，不盲信大牌，但要求物业管理有序、绿化修剪及时、人防技防规范。,常年本地稳定居住，工作日职住通勤动线规则单一。
上_2003_00594,上海,2003,教育型买房,46,男,2.5,16.6,0.4,31.1,3,1,是,B,social,0.82,0.6,0.39,0.38,0.64,0.67,0.66,0.88,0.51,学区房,一室一厅,82,2026,市第二中学地理教师,三口之家(学龄段),上海中环品质两居，车位及空间极其拥挤,小区无地下车库且人车不分流，小孩在楼下玩耍或者推婴儿车极为不安全。,核心要求地块属于第一梯队名校学区，且周边500米内解决幼小衔接教育配套。,主要在陆家嘴/徐家汇CBD上班，首选地铁2/9号线沿线，通勤半小时内。,倡导轻户外，周末常带家人自驾野营或山系徒步，注重生活情调与手作咖啡。,名下持有一套旧两居，置换回款 65% + 个人理财储蓄补充 + 公积金商业贷,重性价比，不盲信大牌，但要求物业管理有序、绿化修剪及时、人防技防规范。,常年本地稳定居住，工作日职住通勤动线规则单一。
上_2003_00595,上海,2003,本地改善,51,男,0.6,5.0,0.45,8.3,4,1,否,B,agent,0.81,0.56,0.51,0.51,0.64,0.88,0.55,0.59,0.72,自住-改善,两室两厅,85,528,市第二中学地理教师,三口之家(学龄段),上海中环品质两居，车位及空间极其拥挤,小区无地下车库且人车不分流，小孩在楼下玩耍或者推婴儿车极为不安全。,讲究超高得房率（超85%），主卧套房必须配备独立步入式衣帽间与干湿分离双卫。,主要在陆家嘴/徐家汇CBD上班，首选地铁2/9号线沿线，通勤半小时内。,倡导轻户外，周末常带家人自驾野营或山系徒步，注重生活情调与手作咖啡。,名下持有一套旧两居，置换回款 65% + 个人理财储蓄补充 + 公积金商业贷,非仁恒、绿城、万科等金牌开发商不买，极度看重高端精装质量与顶级物业的增值口碑。,常年本地稳定居住，工作日职住通勤动线规则单一。
上_2003_00596,上海,2003,本地改善,55,女,1.4,11.7,0.45,19.4,4,2,是,B,agent,0.82,0.44,0.47,0.52,0.47,0.73,0.56,0.58,0.73,自住-改善,一室一厅,86,1436,市第二中学地理教师,二胎黄金期中大户型,上海中环品质两居，车位及空间极其拥挤,小区无地下车库且人车不分流，小孩在楼下玩耍或者推婴儿车极为不安全。,讲究超高得房率（超85%），主卧套房必须配备独立步入式衣帽间与干湿分离双卫。,主要在陆家嘴/徐家汇CBD上班，首选地铁2/9号线沿线，通勤半小时内。,倡导轻户外，周末常带家人自驾野营或山系徒步，注重生活情调与手作咖啡。,名下持有一套旧两居，置换回款 65% + 个人理财储蓄补充 + 公积金商业贷,非仁恒、绿城、万科等金牌开发商不买，极度看重高端精装质量与顶级物业的增值口碑。,常年本地稳定居住，工作日职住通勤动线规则单一。
上_2003_00597,上海,2003,长三角家庭,35,男,0.5,3.0,0.45,5.0,5,1,是,B,agent,0.53,0.47,0.63,0.58,0.62,0.84,0.56,0.67,0.64,自住-首套,一室一厅,51,872,市第二中学地理教师,三口之家(幼龄段),上海中环品质两居，车位及空间极其拥挤,小区无地下车库且人车不分流，小孩在楼下玩耍或者推婴儿车极为不安全。,讲究超高得房率（超85%），主卧套房必须配备独立步入式衣帽间与干湿分离双卫。,主要在陆家嘴/徐家汇CBD上班，首选地铁2/9号线沿线，通勤半小时内。,倡导轻户外，周末常带家人自驾野营或山系徒步，注重生活情调与手作咖啡。,夫妻双方积蓄 + 双方父母出资赞助首付 + 公积金商业组合贷款,重性价比，不盲信大牌，但要求物业管理有序、绿化修剪及时、人防技防规范。,常年本地稳定居住，工作日职住通勤动线规则单一。
上_2003_00598,上海,2003,教育型买房,37,女,1.5,14.0,0.4,26.2,4,1,是,B,social,1,0.54,0.44,0.38,0.66,0.77,0.54,1,0.7,学区房,一室一厅,66,2981,国企车间技术主任,三口之家(幼龄段),上海中环品质两居，车位及空间极其拥挤,小区无地下车库且人车不分流，小孩在楼下玩耍或者推婴儿车极为不安全。,讲究超高得房率（超85%），主卧套房必须配备独立步入式衣帽间与干湿分离双卫。,主要在陆家嘴/徐家汇CBD上班，首选地铁2/9号线沿线，通勤半小时内。,倡导轻户外，周末常带家人自驾野营或山系徒步，注重生活情调与手作咖啡。,名下持有一套旧两居，置换回款 65% + 个人理财储蓄补充 + 公积金商业贷,重性价比，不盲信大牌，但要求物业管理有序、绿化修剪及时、人防技防规范。,常年本地稳定居住，工作日职住通勤动线规则单一。
上_2003_00599,上海,2003,外籍海归,39,男,2.7,18.4,0.4,34.4,3,1,否,A,social,0.28,0.42,0.75,0.66,0.94,0.68,0.43,0.87,0.76,自住-改善,一室一厅,78,3012,外企驻沪办事处代表,三口之家(学龄段),陆家嘴核心区江景大平层,无高端私密会所及管家式物业配套，圈层鱼龙混杂，高净值居住体验差。,要求有超大面宽南向双阳台（观景家政分离），主卧大飘窗能270度直面自然景观。,主要在陆家嘴/徐家汇CBD上班，首选地铁2/9号线沿线，通勤半小时内。,周末常去高端商圈消费，热衷打网球和马术，重度手冲咖啡及黑胶唱片发烧友。,名下已有企业股权套现或分红现金，一次性全款付清，基本不加杠杆,非仁恒、绿城、万科等金牌开发商不买，极度看重高端精装质量与顶级物业的增值口碑。,常年本地稳定居住，工作日职住通勤动线规则单一。
上_2003_00600,上海,2003,本地改善,40,女,1.5,17.8,0.45,29.6,4,2,是,B,agent,0.74,0.5,0.63,0.56,0.58,0.91,0.48,0.67,0.67,自住-改善,一室一厅,67,3849,邮政局局长秘书,二胎黄金期中大户型,上海中环品质两居，车位及空间极其拥挤,小区无地下车库且人车不分流，小孩在楼下玩耍或者推婴儿车极为不安全。,讲究超高得房率（超85%），主卧套房必须配备独立步入式衣帽间与干湿分离双卫。,主要在陆家嘴/徐家汇CBD上班，首选地铁2/9号线沿线，通勤半小时内。,倡导轻户外，周末常带家人自驾野营或山系徒步，注重生活情调与手作咖啡。,名下持有一套旧两居，置换回款 65% + 个人理财储蓄补充 + 公积金商业贷,重性价比，不盲信大牌，但要求物业管理有序、绿化修剪及时、人防技防规范。,常年本地稳定居住，工作日职住通勤动线规则单一。
上_2003_00601,上海,2003,教育型买房,37,女,1.3,10.2,0.4,19.2,2,1,否,B,social,1,0.54,0.28,0.25,0.65,0.82,0.42,1,0.63,学区房,两室两厅,91,1637,区财政局科员,三口之家(幼龄段),上海中环品质两居，车位及空间极其拥挤,小区无地下车库且人车不分流，小孩在楼下玩耍或者推婴儿车极为不安全。,讲究超高得房率（超85%），主卧套房必须配备独立步入式衣帽间与干湿分离双卫。,主要在陆家嘴/徐家汇CBD上班，首选地铁2/9号线沿线，通勤半小时内。,倡导轻户外，周末常带家人自驾野营或山系徒步，注重生活情调与手作咖啡。,名下持有一套旧两居，置换回款 65% + 个人理财储蓄补充 + 公积金商业贷,重性价比，不盲信大牌，但要求物业管理有序、绿化修剪及时、人防技防规范。,常年本地稳定居住，工作日职住通勤动线规则单一。
上_2003_00602,上海,2003,本地改善,42,男,1.7,17.1,0.45,28.5,4,1,否,B,agent,0.81,0.61,0.6,0.56,0.49,0.94,0.53,0.8,0.47,自住-改善,一室一厅,64,2524,邮政局局长秘书,三口之家(学龄段),上海中环品质两居，车位及空间极其拥挤,小区无地下车库且人车不分流，小孩在楼下玩耍或者推婴儿车极为不安全。,讲究超高得房率（超85%），主卧套房必须配备独立步入式衣帽间与干湿分离双卫。,主要在陆家嘴/徐家汇CBD上班，首选地铁2/9号线沿线，通勤半小时内。,倡导轻户外，周末常带家人自驾野营或山系徒步，注重生活情调与手作咖啡。,名下持有一套旧两居，置换回款 65% + 个人理财储蓄补充 + 公积金商业贷,重性价比，不盲信大牌，但要求物业管理有序、绿化修剪及时、人防技防规范。,常年本地稳定居住，工作日职住通勤动线规则单一。
上_2003_00603,上海,2003,本地改善,44,女,0.7,7.5,0.45,12.6,4,2,否,B,agent,1,0.59,0.57,0.53,0.58,0.8,0.55,0.74,0.69,自住-改善,两室一厅,53,2130,区财政局科员,二胎黄金期中大户型,上海中环品质两居，车位及空间极其拥挤,小区无地下车库且人车不分流，小孩在楼下玩耍或者推婴儿车极为不安全。,讲究超高得房率（超85%），主卧套房必须配备独立步入式衣帽间与干湿分离双卫。,主要在陆家嘴/徐家汇CBD上班，首选地铁2/9号线沿线，通勤半小时内。,倡导轻户外，周末常带家人自驾野营或山系徒步，注重生活情调与手作咖啡。,名下持有一套旧两居，置换回款 65% + 个人理财储蓄补充 + 公积金商业贷,重性价比，不盲信大牌，但要求物业管理有序、绿化修剪及时、人防技防规范。,常年本地稳定居住，工作日职住通勤动线规则单一。
上_2003_00604,上海,2003,长三角家庭,45,男,1.2,10.3,0.45,17.1,4,2,是,B,agent,0.59,0.53,0.56,0.51,0.7,0.81,0.32,0.66,0.62,自住-首套,两室一厅,72,1537,市第二中学地理教师,二胎黄金期中大户型,上海中环品质两居，车位及空间极其拥挤,小区无地下车库且人车不分流，小孩在楼下玩耍或者推婴儿车极为不安全。,讲究超高得房率（超85%），主卧套房必须配备独立步入式衣帽间与干湿分离双卫。,主要在陆家嘴/徐家汇CBD上班，首选地铁2/9号线沿线，通勤半小时内。,倡导轻户外，周末常带家人自驾野营或山系徒步，注重生活情调与手作咖啡。,夫妻双方积蓄 + 双方父母出资赞助首付 + 公积金商业组合贷款,重性价比，不盲信大牌，但要求物业管理有序、绿化修剪及时、人防技防规范。,常年本地稳定居住，工作日职住通勤动线规则单一。
上_2003_00605,上海,2003,金融精英,32,男,2.8,18.2,0.4,34.2,3,1,是,A,research,0.46,0.32,0.72,0.63,0.64,0.75,0.69,0.76,0.81,自住-首套,一室一厅,62,3237,商业银行支行信贷科长,三口之家(幼龄段),市中心私密洋房住宅,当前房屋属于旧多层无电梯房，父母年纪渐高每天爬楼梯极为吃力。,要求有超大面宽南向双阳台（观景家政分离），主卧大飘窗能270度直面自然景观。,主要在陆家嘴/徐家汇CBD上班，首选地铁2/9号线沿线，通勤半小时内。,周末常去高端商圈消费，热衷打网球和马术，重度手冲咖啡及黑胶唱片发烧友。,夫妻双方积蓄 + 双方父母出资赞助首付 + 公积金商业组合贷款,非仁恒、绿城、万科等金牌开发商不买，极度看重高端精装质量与顶级物业的增值口碑。,常年本地稳定居住，工作日职住通勤动线规则单一。
上_2003_00606,上海,2003,本地改善,58,女,0.9,7.9,0.45,13.1,5,1,是,B,agent,0.78,0.59,0.43,0.54,0.59,0.72,0.64,0.7,0.58,自住-改善,一室一厅,71,1442,国企车间技术主任,三口之家(学龄段),上海中环品质两居，车位及空间极其拥挤,小区无地下车库且人车不分流，小孩在楼下玩耍或者推婴儿车极为不安全。,讲究超高得房率（超85%），主卧套房必须配备独立步入式衣帽间与干湿分离双卫。,主要在陆家嘴/徐家汇CBD上班，首选地铁2/9号线沿线，通勤半小时内。,倡导轻户外，周末常带家人自驾野营或山系徒步，注重生活情调与手作咖啡。,名下持有一套旧两居，置换回款 65% + 个人理财储蓄补充 + 公积金商业贷,重性价比，不盲信大牌，但要求物业管理有序、绿化修剪及时、人防技防规范。,常年本地稳定居住，工作日职住通勤动线规则单一。
上_2003_00607,上海,2003,长三角家庭,41,男,0.8,6.2,0.45,10.3,5,2,否,B,agent,0.66,0.61,0.54,0.29,0.52,0.78,0.42,0.6,0.6,自住-首套,两室两厅,80,806,市第二中学地理教师,二胎黄金期中大户型,上海中环品质两居，车位及空间极其拥挤,小区无地下车库且人车不分流，小孩在楼下玩耍或者推婴儿车极为不安全。,讲究超高得房率（超85%），主卧套房必须配备独立步入式衣帽间与干湿分离双卫。,主要在陆家嘴/徐家汇CBD上班，首选地铁2/9号线沿线，通勤半小时内。,倡导轻户外，周末常带家人自驾野营或山系徒步，注重生活情调与手作咖啡。,夫妻双方积蓄 + 双方父母出资赞助首付 + 公积金商业组合贷款,重性价比，不盲信大牌，但要求物业管理有序、绿化修剪及时、人防技防规范。,常年本地稳定居住，工作日职住通勤动线规则单一。
上_2003_00608,上海,2003,本地改善,39,女,0.9,9.3,0.45,15.5,6,1,是,B,agent,0.68,0.48,0.67,0.43,0.59,0.73,0.46,0.6,0.72,自住-改善,一室一厅,63,2076,区财政局科员,三口之家(学龄段),上海中环品质两居，车位及空间极其拥挤,小区无地下车库且人车不分流，小孩在楼下玩耍或者推婴儿车极为不安全。,讲究超高得房率（超85%），主卧套房必须配备独立步入式衣帽间与干湿分离双卫。,主要在陆家嘴/徐家汇CBD上班，首选地铁2/9号线沿线，通勤半小时内。,倡导轻户外，周末常带家人自驾野营或山系徒步，注重生活情调与手作咖啡。,名下持有一套旧两居，置换回款 65% + 个人理财储蓄补充 + 公积金商业贷,非仁恒、绿城、万科等金牌开发商不买，极度看重高端精装质量与顶级物业的增值口碑。,常年本地稳定居住，工作日职住通勤动线规则单一。
上_2003_00609,上海,2003,长三角家庭,40,女,0.7,5.3,0.45,8.9,3,1,是,B,agent,0.67,0.61,0.51,0.58,0.67,0.76,0.38,0.61,0.57,自住-改善,两室一厅,65,1193,市第二中学地理教师,三口之家(学龄段),上海中环品质两居，车位及空间极其拥挤,小区无地下车库且人车不分流，小孩在楼下玩耍或者推婴儿车极为不安全。,讲究超高得房率（超85%），主卧套房必须配备独立步入式衣帽间与干湿分离双卫。,主要在陆家嘴/徐家汇CBD上班，首选地铁2/9号线沿线，通勤半小时内。,倡导轻户外，周末常带家人自驾野营或山系徒步，注重生活情调与手作咖啡。,名下持有一套旧两居，置换回款 65% + 个人理财储蓄补充 + 公积金商业贷,重性价比，不盲信大牌，但要求物业管理有序、绿化修剪及时、人防技防规范。,常年本地稳定居住，工作日职住通勤动线规则单一。
上_2003_00610,上海,2003,金融精英,48,男,2.4,24.4,0.4,45.8,4,1,是,A,research,0.76,0.51,0.65,0.64,0.71,0.83,0.79,0.8,0.85,自住-首套,两室一厅,84,3192,商业银行支行信贷科长,三口之家(学龄段),市中心私密洋房住宅,当前房屋属于旧多层无电梯房，父母年纪渐高每天爬楼梯极为吃力。,讲究超高得房率（超85%），主卧套房必须配备独立步入式衣帽间与干湿分离双卫。,主要在陆家嘴/徐家汇CBD上班，首选地铁2/9号线沿线，通勤半小时内。,周末常去高端商圈消费，热衷打网球和马术，重度手冲咖啡及黑胶唱片发烧友。,夫妻双方积蓄 + 双方父母出资赞助首付 + 公积金商业组合贷款,非仁恒、绿城、万科等金牌开发商不买，极度看重高端精装质量与顶级物业的增值口碑。,常年本地稳定居住，工作日职住通勤动线规则单一。
上_2003_00611,上海,2003,本地改善,55,男,1.1,9.6,0.45,16.0,4,2,否,B,agent,1,0.55,0.45,0.5,0.48,0.98,0.42,0.73,0.5,自住-改善,一室一厅,65,1282,国企车间技术主任,二胎黄金期中大户型,上海中环品质两居，车位及空间极其拥挤,小区无地下车库且人车不分流，小孩在楼下玩耍或者推婴儿车极为不安全。,讲究超高得房率（超85%），主卧套房必须配备独立步入式衣帽间与干湿分离双卫。,主要在陆家嘴/徐家汇CBD上班，首选地铁2/9号线沿线，通勤半小时内。,倡导轻户外，周末常带家人自驾野营或山系徒步，注重生活情调与手作咖啡。,名下持有一套旧两居，置换回款 65% + 个人理财储蓄补充 + 公积金商业贷,重性价比，不盲信大牌，但要求物业管理有序、绿化修剪及时、人防技防规范。,常年本地稳定居住，工作日职住通勤动线规则单一。
上_2003_00612,上海,2003,金融精英,43,男,3.2,18.0,0.4,33.8,3,0,否,A,research,0.95,0.39,0.64,0.67,0.61,0.8,0.58,0.89,0.81,自住-首套,两室一厅,64,3534,老牌证券公司营业部经理,成熟期核心家庭,陆家嘴核心区江景大平层,无高端私密会所及管家式物业配套，圈层鱼龙混杂，高净值居住体验差。,讲究超高得房率（超85%），主卧套房必须配备独立步入式衣帽间与干湿分离双卫。,主要在陆家嘴/徐家汇CBD上班，首选地铁2/9号线沿线，通勤半小时内。,周末常去高端商圈消费，热衷打网球和马术，重度手冲咖啡及黑胶唱片发烧友。,夫妻双方积蓄 + 双方父母出资赞助首付 + 公积金商业组合贷款,非仁恒、绿城、万科等金牌开发商不买，极度看重高端精装质量与顶级物业的增值口碑。,常年本地稳定居住，工作日职住通勤动线规则单一。
上_2003_00613,上海,2003,金融精英,48,男,2.4,14.0,0.4,26.3,3,1,否,A,research,0.8,0.48,0.88,0.66,0.85,0.74,0.72,0.66,0.87,自住-改善,两室一厅,56,2575,申银万国证券分析员,三口之家(学龄段),市中心私密洋房住宅,无高端私密会所及管家式物业配套，圈层鱼龙混杂，高净值居住体验差。,要求有超大面宽南向双阳台（观景家政分离），主卧大飘窗能270度直面自然景观。,主要在陆家嘴/徐家汇CBD上班，首选地铁2/9号线沿线，通勤半小时内。,周末常去高端商圈消费，热衷打网球和马术，重度手冲咖啡及黑胶唱片发烧友。,名下已有企业股权套现或分红现金，一次性全款付清，基本不加杠杆,非仁恒、绿城、万科等金牌开发商不买，极度看重高端精装质量与顶级物业的增值口碑。,常年本地稳定居住，工作日职住通勤动线规则单一。
上_2003_00614,上海,2003,本地改善,44,女,0.6,4.4,0.45,7.3,4,1,是,B,agent,0.71,0.42,0.53,0.49,0.55,0.86,0.76,0.59,0.63,自住-改善,一室一厅,64,615,市第二中学地理教师,三口之家(学龄段),上海中环品质两居，车位及空间极其拥挤,小区无地下车库且人车不分流，小孩在楼下玩耍或者推婴儿车极为不安全。,讲究超高得房率（超85%），主卧套房必须配备独立步入式衣帽间与干湿分离双卫。,主要在陆家嘴/徐家汇CBD上班，首选地铁2/9号线沿线，通勤半小时内。,倡导轻户外，周末常带家人自驾野营或山系徒步，注重生活情调与手作咖啡。,名下持有一套旧两居，置换回款 65% + 个人理财储蓄补充 + 公积金商业贷,重性价比，不盲信大牌，但要求物业管理有序、绿化修剪及时、人防技防规范。,常年本地稳定居住，工作日职住通勤动线规则单一。
上_2003_00615,上海,2003,本地改善,57,女,1.1,11.0,0.45,18.4,4,2,是,B,agent,0.97,0.66,0.53,0.55,0.7,0.87,0.64,0.74,0.57,自住-改善,两室两厅,53,2298,区财政局科员,二胎黄金期中大户型,上海中环品质两居，车位及空间极其拥挤,小区无地下车库且人车不分流，小孩在楼下玩耍或者推婴儿车极为不安全。,讲究超高得房率（超85%），主卧套房必须配备独立步入式衣帽间与干湿分离双卫。,主要在陆家嘴/徐家汇CBD上班，首选地铁2/9号线沿线，通勤半小时内。,倡导轻户外，周末常带家人自驾野营或山系徒步，注重生活情调与手作咖啡。,名下持有一套旧两居，置换回款 65% + 个人理财储蓄补充 + 公积金商业贷,重性价比，不盲信大牌，但要求物业管理有序、绿化修剪及时、人防技防规范。,常年本地稳定居住，工作日职住通勤动线规则单一。
上_2003_00616,上海,2003,本地改善,47,男,0.6,7.0,0.45,11.7,4,3,否,B,agent,0.99,0.47,0.5,0.58,0.47,0.7,0.6,0.74,0.6,自住-改善,两室一厅,53,1207,市第二中学地理教师,二胎黄金期中大户型,上海中环品质两居，车位及空间极其拥挤,小区无地下车库且人车不分流，小孩在楼下玩耍或者推婴儿车极为不安全。,核心要求地块属于第一梯队名校学区，且周边500米内解决幼小衔接教育配套。,主要在陆家嘴/徐家汇CBD上班，首选地铁2/9号线沿线，通勤半小时内。,倡导轻户外，周末常带家人自驾野营或山系徒步，注重生活情调与手作咖啡。,名下持有一套旧两居，置换回款 65% + 个人理财储蓄补充 + 公积金商业贷,重性价比，不盲信大牌，但要求物业管理有序、绿化修剪及时、人防技防规范。,常年本地稳定居住，工作日职住通勤动线规则单一。
上_2003_00617,上海,2003,本地改善,47,女,0.8,6.5,0.45,10.9,5,2,否,B,agent,1,0.41,0.68,0.46,0.55,0.94,0.61,0.7,0.7,自住-改善,一室一厅,85,947,国企车间技术主任,二胎黄金期中大户型,上海中环品质两居，车位及空间极其拥挤,小区无地下车库且人车不分流，小孩在楼下玩耍或者推婴儿车极为不安全。,讲究超高得房率（超85%），主卧套房必须配备独立步入式衣帽间与干湿分离双卫。,主要在陆家嘴/徐家汇CBD上班，首选地铁2/9号线沿线，通勤半小时内。,倡导轻户外，周末常带家人自驾野营或山系徒步，注重生活情调与手作咖啡。,名下持有一套旧两居，置换回款 65% + 个人理财储蓄补充 + 公积金商业贷,重性价比，不盲信大牌，但要求物业管理有序、绿化修剪及时、人防技防规范。,常年本地稳定居住，工作日职住通勤动线规则单一。
上_2003_00618,上海,2003,教育型买房,44,女,1.3,12.1,0.4,22.6,4,1,是,B,social,0.8,0.54,0.48,0.48,0.57,0.72,0.49,1,0.65,学区房,一室一厅,95,1510,市第二中学地理教师,三口之家(学龄段),上海中环品质两居，车位及空间极其拥挤,小区无地下车库且人车不分流，小孩在楼下玩耍或者推婴儿车极为不安全。,讲究超高得房率（超85%），主卧套房必须配备独立步入式衣帽间与干湿分离双卫。,主要在陆家嘴/徐家汇CBD上班，首选地铁2/9号线沿线，通勤半小时内。,倡导轻户外，周末常带家人自驾野营或山系徒步，注重生活情调与手作咖啡。,名下持有一套旧两居，置换回款 65% + 个人理财储蓄补充 + 公积金商业贷,重性价比，不盲信大牌，但要求物业管理有序、绿化修剪及时、人防技防规范。,常年本地稳定居住，工作日职住通勤动线规则单一。
上_2003_00619,上海,2003,本地改善,49,男,1.0,9.2,0.45,15.3,4,2,否,B,agent,0.63,0.53,0.62,0.44,0.7,0.89,0.67,0.72,0.58,自住-改善,两室两厅,64,1867,邮政局局长秘书,二胎黄金期中大户型,上海中环品质两居，车位及空间极其拥挤,小区无地下车库且人车不分流，小孩在楼下玩耍或者推婴儿车极为不安全。,讲究超高得房率（超85%），主卧套房必须配备独立步入式衣帽间与干湿分离双卫。,主要在陆家嘴/徐家汇CBD上班，首选地铁2/9号线沿线，通勤半小时内。,倡导轻户外，周末常带家人自驾野营或山系徒步，注重生活情调与手作咖啡。,名下持有一套旧两居，置换回款 65% + 个人理财储蓄补充 + 公积金商业贷,重性价比，不盲信大牌，但要求物业管理有序、绿化修剪及时、人防技防规范。,常年本地稳定居住，工作日职住通勤动线规则单一。
上_2003_00620,上海,2003,本地改善,46,女,0.8,9.3,0.45,15.4,4,2,是,B,agent,0.98,0.53,0.54,0.46,0.31,0.89,0.73,0.79,0.55,自住-改善,一室一厅,98,1122,邮政局局长秘书,二胎黄金期中大户型,上海中环品质两居，车位及空间极其拥挤,小区无地下车库且人车不分流，小孩在楼下玩耍或者推婴儿车极为不安全。,讲究超高得房率（超85%），主卧套房必须配备独立步入式衣帽间与干湿分离双卫。,主要在陆家嘴/徐家汇CBD上班，首选地铁2/9号线沿线，通勤半小时内。,倡导轻户外，周末常带家人自驾野营或山系徒步，注重生活情调与手作咖啡。,名下持有一套旧两居，置换回款 65% + 个人理财储蓄补充 + 公积金商业贷,重性价比，不盲信大牌，但要求物业管理有序、绿化修剪及时、人防技防规范。,常年本地稳定居住，工作日职住通勤动线规则单一。
上_2003_00621,上海,2003,本地改善,40,男,1.3,10.4,0.45,17.3,5,2,是,B,agent,0.83,0.48,0.62,0.38,0.63,0.81,0.66,0.71,0.56,自住-改善,两室两厅,68,2150,国企车间技术主任,二胎黄金期中大户型,上海中环品质两居，车位及空间极其拥挤,小区无地下车库且人车不分流，小孩在楼下玩耍或者推婴儿车极为不安全。,讲究超高得房率（超85%），主卧套房必须配备独立步入式衣帽间与干湿分离双卫。,主要在陆家嘴/徐家汇CBD上班，首选地铁2/9号线沿线，通勤半小时内。,倡导轻户外，周末常带家人自驾野营或山系徒步，注重生活情调与手作咖啡。,名下持有一套旧两居，置换回款 65% + 个人理财储蓄补充 + 公积金商业贷,重性价比，不盲信大牌，但要求物业管理有序、绿化修剪及时、人防技防规范。,常年本地稳定居住，工作日职住通勤动线规则单一。
上_2003_00622,上海,2003,金融精英,39,男,2.7,17.9,0.4,33.5,3,1,否,A,research,0.62,0.43,0.66,0.64,0.83,0.85,0.68,0.63,0.8,自住-首套,两室两厅,93,2107,申银万国证券分析员,三口之家(学龄段),陆家嘴核心区江景大平层,无高端私密会所及管家式物业配套，圈层鱼龙混杂，高净值居住体验差。,讲究超高得房率（超85%），主卧套房必须配备独立步入式衣帽间与干湿分离双卫。,主要在陆家嘴/徐家汇CBD上班，首选地铁2/9号线沿线，通勤半小时内。,周末常去高端商圈消费，热衷打网球和马术，重度手冲咖啡及黑胶唱片发烧友。,夫妻双方积蓄 + 双方父母出资赞助首付 + 公积金商业组合贷款,非仁恒、绿城、万科等金牌开发商不买，极度看重高端精装质量与顶级物业的增值口碑。,常年本地稳定居住，工作日职住通勤动线规则单一。
上_2003_00623,上海,2003,教育型买房,40,男,1.6,16.2,0.4,30.4,2,1,是,B,social,0.8,0.55,0.28,0.33,0.57,0.61,0.61,0.98,0.65,学区房,两室两厅,93,2585,市第二中学地理教师,三口之家(学龄段),上海中环品质两居，车位及空间极其拥挤,小区无地下车库且人车不分流，小孩在楼下玩耍或者推婴儿车极为不安全。,核心要求地块属于第一梯队名校学区，且周边500米内解决幼小衔接教育配套。,主要在陆家嘴/徐家汇CBD上班，首选地铁2/9号线沿线，通勤半小时内。,倡导轻户外，周末常带家人自驾野营或山系徒步，注重生活情调与手作咖啡。,名下持有一套旧两居，置换回款 65% + 个人理财储蓄补充 + 公积金商业贷,重性价比，不盲信大牌，但要求物业管理有序、绿化修剪及时、人防技防规范。,常年本地稳定居住，工作日职住通勤动线规则单一。
上_2003_00624,上海,2003,外籍海归,43,男,2.1,14.0,0.4,26.3,3,1,否,A,social,0.76,0.46,0.69,0.55,0.7,0.59,0.62,0.79,0.83,自住-首套,两室一厅,74,2401,合资日化企业技术主管,三口之家(学龄段),陆家嘴核心区江景大平层,无高端私密会所及管家式物业配套，圈层鱼龙混杂，高净值居住体验差。,核心要求地块属于第一梯队名校学区，且周边500米内解决幼小衔接教育配套。,主要在陆家嘴/徐家汇CBD上班，首选地铁2/9号线沿线，通勤半小时内。,周末常去高端商圈消费，热衷打网球和马术，重度手冲咖啡及黑胶唱片发烧友。,夫妻双方积蓄 + 双方父母出资赞助首付 + 公积金商业组合贷款,非仁恒、绿城、万科等金牌开发商不买，极度看重高端精装质量与顶级物业的增值口碑。,常年本地稳定居住，工作日职住通勤动线规则单一。
上_2003_00625,上海,2003,本地改善,47,女,1.0,9.2,0.45,15.3,4,3,是,B,agent,0.84,0.47,0.62,0.56,0.64,0.86,0.58,0.61,0.63,自住-改善,一室一厅,71,1859,邮政局局长秘书,二胎黄金期中大户型,上海中环品质两居，车位及空间极其拥挤,小区无地下车库且人车不分流，小孩在楼下玩耍或者推婴儿车极为不安全。,讲究超高得房率（超85%），主卧套房必须配备独立步入式衣帽间与干湿分离双卫。,主要在陆家嘴/徐家汇CBD上班，首选地铁2/9号线沿线，通勤半小时内。,倡导轻户外，周末常带家人自驾野营或山系徒步，注重生活情调与手作咖啡。,名下持有一套旧两居，置换回款 65% + 个人理财储蓄补充 + 公积金商业贷,重性价比，不盲信大牌，但要求物业管理有序、绿化修剪及时、人防技防规范。,常年本地稳定居住，工作日职住通勤动线规则单一。
上_2003_00626,上海,2003,金融精英,39,女,2.6,17.2,0.4,32.3,3,1,否,A,research,0.99,0.35,0.7,0.62,0.73,0.68,0.78,0.78,0.66,自住-首套,两室一厅,60,3986,老牌证券公司营业部经理,三口之家(学龄段),陆家嘴核心区江景大平层,无高端私密会所及管家式物业配套，圈层鱼龙混杂，高净值居住体验差。,要求有超大面宽南向双阳台（观景家政分离），主卧大飘窗能270度直面自然景观。,主要在陆家嘴/徐家汇CBD上班，首选地铁2/9号线沿线，通勤半小时内。,周末常去高端商圈消费，热衷打网球和马术，重度手冲咖啡及黑胶唱片发烧友。,夫妻双方积蓄 + 双方父母出资赞助首付 + 公积金商业组合贷款,重性价比，不盲信大牌，但要求物业管理有序、绿化修剪及时、人防技防规范。,常年本地稳定居住，工作日职住通勤动线规则单一。
上_2003_00627,上海,2003,本地改善,45,女,0.9,7.7,0.45,12.9,4,2,否,B,agent,0.8,0.57,0.51,0.57,0.58,0.8,0.57,0.61,0.64,自住-改善,两室两厅,75,1236,市第二中学地理教师,二胎黄金期中大户型,上海中环品质两居，车位及空间极其拥挤,小区无地下车库且人车不分流，小孩在楼下玩耍或者推婴儿车极为不安全。,讲究超高得房率（超85%），主卧套房必须配备独立步入式衣帽间与干湿分离双卫。,主要在陆家嘴/徐家汇CBD上班，首选地铁2/9号线沿线，通勤半小时内。,倡导轻户外，周末常带家人自驾野营或山系徒步，注重生活情调与手作咖啡。,名下持有一套旧两居，置换回款 65% + 个人理财储蓄补充 + 公积金商业贷,重性价比，不盲信大牌，但要求物业管理有序、绿化修剪及时、人防技防规范。,常年本地稳定居住，工作日职住通勤动线规则单一。
上_2003_00628,上海,2003,本地改善,54,女,1.4,11.5,0.45,19.2,4,2,否,B,agent,0.9,0.45,0.58,0.41,0.56,0.61,0.68,0.65,0.49,自住-改善,两室一厅,65,2421,邮政局局长秘书,二胎黄金期中大户型,上海中环品质两居，车位及空间极其拥挤,小区无地下车库且人车不分流，小孩在楼下玩耍或者推婴儿车极为不安全。,要求采光通透，全明户型，带多功能嵌入式收纳墙以最大化空间利用。,主要在陆家嘴/徐家汇CBD上班，首选地铁2/9号线沿线，通勤半小时内。,倡导轻户外，周末常带家人自驾野营或山系徒步，注重生活情调与手作咖啡。,名下持有一套旧两居，置换回款 65% + 个人理财储蓄补充 + 公积金商业贷,重性价比，不盲信大牌，但要求物业管理有序、绿化修剪及时、人防技防规范。,常年本地稳定居住，工作日职住通勤动线规则单一。
上_2003_00629,上海,2003,金融精英,36,女,2.3,17.2,0.4,32.2,4,1,否,A,research,0.51,0.44,0.68,0.59,0.79,0.57,0.63,0.72,0.8,自住-首套,两室一厅,89,2326,申银万国证券分析员,三口之家(幼龄段),市中心私密洋房住宅,无高端私密会所及管家式物业配套，圈层鱼龙混杂，高净值居住体验差。,核心要求地块属于第一梯队名校学区，且周边500米内解决幼小衔接教育配套。,主要在陆家嘴/徐家汇CBD上班，首选地铁2/9号线沿线，通勤半小时内。,周末常去高端商圈消费，热衷打网球和马术，重度手冲咖啡及黑胶唱片发烧友。,夫妻双方积蓄 + 双方父母出资赞助首付 + 公积金商业组合贷款,非仁恒、绿城、万科等金牌开发商不买，极度看重高端精装质量与顶级物业的增值口碑。,常年本地稳定居住，工作日职住通勤动线规则单一。
上_2003_00630,上海,2003,外籍海归,35,女,1.6,12.1,0.4,22.8,3,1,否,A,social,0.93,0.46,0.71,0.56,0.85,0.66,0.72,0.76,0.8,自住-首套,一室一厅,62,2749,合资日化企业技术主管,三口之家(幼龄段),西湖边高精平层,无高端私密会所及管家式物业配套，圈层鱼龙混杂，高净值居住体验差。,要求有超大面宽南向双阳台（观景家政分离），主卧大飘窗能270度直面自然景观。,主要在陆家嘴/徐家汇CBD上班，首选地铁2/9号线沿线，通勤半小时内。,周末常去高端商圈消费，热衷打网球和马术，重度手冲咖啡及黑胶唱片发烧友。,夫妻双方积蓄 + 双方父母出资赞助首付 + 公积金商业组合贷款,非仁恒、绿城、万科等金牌开发商不买，极度看重高端精装质量与顶级物业的增值口碑。,常年本地稳定居住，工作日职住通勤动线规则单一。
上_2003_00631,上海,2003,金融精英,37,女,2.2,15.0,0.4,28.2,3,1,是,A,research,0.68,0.33,0.69,0.58,0.63,0.89,0.61,0.88,0.9,自住-改善,一室一厅,77,2610,申银万国证券分析员,三口之家(幼龄段),市中心私密洋房住宅,当前房屋属于旧多层无电梯房，父母年纪渐高每天爬楼梯极为吃力。,讲究超高得房率（超85%），主卧套房必须配备独立步入式衣帽间与干湿分离双卫。,主要在陆家嘴/徐家汇CBD上班，首选地铁2/9号线沿线，通勤半小时内。,周末常去高端商圈消费，热衷打网球和马术，重度手冲咖啡及黑胶唱片发烧友。,名下已有企业股权套现或分红现金，一次性全款付清，基本不加杠杆,非仁恒、绿城、万科等金牌开发商不买，极度看重高端精装质量与顶级物业的增值口碑。,常年本地稳定居住，工作日职住通勤动线规则单一。
上_2003_00632,上海,2003,本地改善,47,女,0.5,4.3,0.45,7.2,3,2,否,B,agent,0.59,0.63,0.52,0.59,0.55,0.78,0.5,0.63,0.68,自住-改善,一室一厅,83,643,市第二中学地理教师,二胎黄金期中大户型,上海中环品质两居，车位及空间极其拥挤,小区无地下车库且人车不分流，小孩在楼下玩耍或者推婴儿车极为不安全。,讲究超高得房率（超85%），主卧套房必须配备独立步入式衣帽间与干湿分离双卫。,主要在陆家嘴/徐家汇CBD上班，首选地铁2/9号线沿线，通勤半小时内。,倡导轻户外，周末常带家人自驾野营或山系徒步，注重生活情调与手作咖啡。,名下持有一套旧两居，置换回款 65% + 个人理财储蓄补充 + 公积金商业贷,重性价比，不盲信大牌，但要求物业管理有序、绿化修剪及时、人防技防规范。,常年本地稳定居住，工作日职住通勤动线规则单一。
上_2003_00633,上海,2003,金融精英,42,男,4.2,33.3,0.4,62.4,3,1,否,A,research,0.75,0.58,0.59,0.59,0.82,0.81,0.84,0.88,0.84,自住-改善,一室一厅,53,9548,商业银行支行信贷科长,三口之家(学龄段),陆家嘴核心区江景大平层,无高端私密会所及管家式物业配套，圈层鱼龙混杂，高净值居住体验差。,讲究超高得房率（超85%），主卧套房必须配备独立步入式衣帽间与干湿分离双卫。,主要在陆家嘴/徐家汇CBD上班，首选地铁2/9号线沿线，通勤半小时内。,周末常去高端商圈消费，热衷打网球和马术，重度手冲咖啡及黑胶唱片发烧友。,名下已有企业股权套现或分红现金，一次性全款付清，基本不加杠杆,非仁恒、绿城、万科等金牌开发商不买，极度看重高端精装质量与顶级物业的增值口碑。,常年本地稳定居住，工作日职住通勤动线规则单一。
上_2003_00634,上海,2003,金融精英,37,男,2.5,20.1,0.4,37.8,3,1,否,A,research,0.94,0.36,0.71,0.48,0.75,0.78,0.77,0.73,0.8,自住-首套,一室一厅,99,2790,商业银行支行信贷科长,三口之家(幼龄段),西湖边高精平层,无高端私密会所及管家式物业配套，圈层鱼龙混杂，高净值居住体验差。,要求有超大面宽南向双阳台（观景家政分离），主卧大飘窗能270度直面自然景观。,主要在陆家嘴/徐家汇CBD上班，首选地铁2/9号线沿线，通勤半小时内。,周末常去高端商圈消费，热衷打网球和马术，重度手冲咖啡及黑胶唱片发烧友。,夫妻双方积蓄 + 双方父母出资赞助首付 + 公积金商业组合贷款,非仁恒、绿城、万科等金牌开发商不买，极度看重高端精装质量与顶级物业的增值口碑。,常年本地稳定居住，工作日职住通勤动线规则单一。
上_2003_00635,上海,2003,本地改善,41,男,1.4,15.2,0.45,25.3,4,2,是,B,agent,0.7,0.54,0.62,0.48,0.61,0.85,0.53,0.58,0.55,自住-改善,两室两厅,97,1524,市第二中学地理教师,二胎黄金期中大户型,上海中环品质两居，车位及空间极其拥挤,小区无地下车库且人车不分流，小孩在楼下玩耍或者推婴儿车极为不安全。,讲究超高得房率（超85%），主卧套房必须配备独立步入式衣帽间与干湿分离双卫。,主要在陆家嘴/徐家汇CBD上班，首选地铁2/9号线沿线，通勤半小时内。,倡导轻户外，周末常带家人自驾野营或山系徒步，注重生活情调与手作咖啡。,名下持有一套旧两居，置换回款 65% + 个人理财储蓄补充 + 公积金商业贷,重性价比，不盲信大牌，但要求物业管理有序、绿化修剪及时、人防技防规范。,常年本地稳定居住，工作日职住通勤动线规则单一。
上_2003_00636,上海,2003,本地改善,42,男,1.0,11.6,0.45,19.4,4,2,是,B,agent,0.8,0.46,0.67,0.59,0.52,0.91,0.6,0.84,0.66,自住-改善,两室两厅,63,2310,国企车间技术主任,二胎黄金期中大户型,上海中环品质两居，车位及空间极其拥挤,小区无地下车库且人车不分流，小孩在楼下玩耍或者推婴儿车极为不安全。,讲究超高得房率（超85%），主卧套房必须配备独立步入式衣帽间与干湿分离双卫。,主要在陆家嘴/徐家汇CBD上班，首选地铁2/9号线沿线，通勤半小时内。,倡导轻户外，周末常带家人自驾野营或山系徒步，注重生活情调与手作咖啡。,名下持有一套旧两居，置换回款 65% + 个人理财储蓄补充 + 公积金商业贷,重性价比，不盲信大牌，但要求物业管理有序、绿化修剪及时、人防技防规范。,常年本地稳定居住，工作日职住通勤动线规则单一。
上_2003_00637,上海,2003,本地改善,47,女,1.4,11.8,0.45,19.6,5,3,否,B,agent,0.94,0.51,0.62,0.56,0.56,0.9,0.6,0.58,0.62,自住-改善,两室两厅,63,2647,国企车间技术主任,二胎黄金期中大户型,上海中环品质两居，车位及空间极其拥挤,小区无地下车库且人车不分流，小孩在楼下玩耍或者推婴儿车极为不安全。,讲究超高得房率（超85%），主卧套房必须配备独立步入式衣帽间与干湿分离双卫。,主要在陆家嘴/徐家汇CBD上班，首选地铁2/9号线沿线，通勤半小时内。,倡导轻户外，周末常带家人自驾野营或山系徒步，注重生活情调与手作咖啡。,名下持有一套旧两居，置换回款 65% + 个人理财储蓄补充 + 公积金商业贷,重性价比，不盲信大牌，但要求物业管理有序、绿化修剪及时、人防技防规范。,常年本地稳定居住，工作日职住通勤动线规则单一。
上_2003_00638,上海,2003,长三角家庭,39,男,1.5,8.2,0.45,13.7,4,2,是,B,agent,0.63,0.49,0.52,0.6,0.48,0.79,0.42,0.87,0.68,自住-改善,两室一厅,94,1010,市第二中学地理教师,二胎黄金期中大户型,上海中环品质两居，车位及空间极其拥挤,小区无地下车库且人车不分流，小孩在楼下玩耍或者推婴儿车极为不安全。,讲究超高得房率（超85%），主卧套房必须配备独立步入式衣帽间与干湿分离双卫。,主要在陆家嘴/徐家汇CBD上班，首选地铁2/9号线沿线，通勤半小时内。,倡导轻户外，周末常带家人自驾野营或山系徒步，注重生活情调与手作咖啡。,名下持有一套旧两居，置换回款 65% + 个人理财储蓄补充 + 公积金商业贷,重性价比，不盲信大牌，但要求物业管理有序、绿化修剪及时、人防技防规范。,常年本地稳定居住，工作日职住通勤动线规则单一。
上_2003_00639,上海,2003,本地改善,53,女,0.7,5.6,0.45,9.3,3,3,是,B,agent,0.7,0.47,0.48,0.64,0.47,0.93,0.53,0.67,0.5,自住-改善,两室一厅,77,894,市第二中学地理教师,二胎黄金期中大户型,上海中环品质两居，车位及空间极其拥挤,小区无地下车库且人车不分流，小孩在楼下玩耍或者推婴儿车极为不安全。,讲究超高得房率（超85%），主卧套房必须配备独立步入式衣帽间与干湿分离双卫。,主要在陆家嘴/徐家汇CBD上班，首选地铁2/9号线沿线，通勤半小时内。,倡导轻户外，周末常带家人自驾野营或山系徒步，注重生活情调与手作咖啡。,名下持有一套旧两居，置换回款 65% + 个人理财储蓄补充 + 公积金商业贷,重性价比，不盲信大牌，但要求物业管理有序、绿化修剪及时、人防技防规范。,常年本地稳定居住，工作日职住通勤动线规则单一。
上_2003_00640,上海,2003,金融精英,46,女,3.0,30.0,0.4,56.3,3,1,否,A,research,0.68,0.56,0.56,0.51,0.76,0.7,0.8,0.85,0.71,自住-首套,两室一厅,85,4902,老牌证券公司营业部经理,三口之家(学龄段),西湖边高精平层,无高端私密会所及管家式物业配套，圈层鱼龙混杂，高净值居住体验差。,核心要求地块属于第一梯队名校学区，且周边500米内解决幼小衔接教育配套。,主要在陆家嘴/徐家汇CBD上班，首选地铁2/9号线沿线，通勤半小时内。,周末常去高端商圈消费，热衷打网球和马术，重度手冲咖啡及黑胶唱片发烧友。,夫妻双方积蓄 + 双方父母出资赞助首付 + 公积金商业组合贷款,非仁恒、绿城、万科等金牌开发商不买，极度看重高端精装质量与顶级物业的增值口碑。,常年本地稳定居住，工作日职住通勤动线规则单一。
上_2003_00641,上海,2003,本地改善,46,男,0.6,7.1,0.45,11.8,5,2,否,B,agent,0.73,0.55,0.34,0.44,0.6,0.88,0.59,0.61,0.59,自住-改善,一室一厅,58,1656,国企车间技术主任,二胎黄金期中大户型,上海中环品质两居，车位及空间极其拥挤,小区无地下车库且人车不分流，小孩在楼下玩耍或者推婴儿车极为不安全。,讲究超高得房率（超85%），主卧套房必须配备独立步入式衣帽间与干湿分离双卫。,主要在陆家嘴/徐家汇CBD上班，首选地铁2/9号线沿线，通勤半小时内。,倡导轻户外，周末常带家人自驾野营或山系徒步，注重生活情调与手作咖啡。,名下持有一套旧两居，置换回款 65% + 个人理财储蓄补充 + 公积金商业贷,重性价比，不盲信大牌，但要求物业管理有序、绿化修剪及时、人防技防规范。,常年本地稳定居住，工作日职住通勤动线规则单一。
上_2003_00642,上海,2003,长三角家庭,54,男,0.9,7.6,0.45,12.7,3,2,是,B,agent,0.64,0.55,0.58,0.55,0.61,0.75,0.52,0.64,0.72,自住-首套,两室两厅,66,1233,市第二中学地理教师,二胎黄金期中大户型,上海中环品质两居，车位及空间极其拥挤,小区无地下车库且人车不分流，小孩在楼下玩耍或者推婴儿车极为不安全。,讲究超高得房率（超85%），主卧套房必须配备独立步入式衣帽间与干湿分离双卫。,主要在陆家嘴/徐家汇CBD上班，首选地铁2/9号线沿线，通勤半小时内。,倡导轻户外，周末常带家人自驾野营或山系徒步，注重生活情调与手作咖啡。,夫妻双方积蓄 + 双方父母出资赞助首付 + 公积金商业组合贷款,非仁恒、绿城、万科等金牌开发商不买，极度看重高端精装质量与顶级物业的增值口碑。,常年本地稳定居住，工作日职住通勤动线规则单一。
上_2003_00643,上海,2003,本地改善,47,男,1.0,11.5,0.45,19.1,4,2,是,B,agent,0.72,0.6,0.43,0.46,0.55,0.98,0.71,0.67,0.6,自住-改善,两室一厅,72,1927,邮政局局长秘书,二胎黄金期中大户型,上海中环品质两居，车位及空间极其拥挤,小区无地下车库且人车不分流，小孩在楼下玩耍或者推婴儿车极为不安全。,讲究超高得房率（超85%），主卧套房必须配备独立步入式衣帽间与干湿分离双卫。,主要在陆家嘴/徐家汇CBD上班，首选地铁2/9号线沿线，通勤半小时内。,倡导轻户外，周末常带家人自驾野营或山系徒步，注重生活情调与手作咖啡。,名下持有一套旧两居，置换回款 65% + 个人理财储蓄补充 + 公积金商业贷,重性价比，不盲信大牌，但要求物业管理有序、绿化修剪及时、人防技防规范。,常年本地稳定居住，工作日职住通勤动线规则单一。
上_2003_00644,上海,2003,本地改善,44,女,1.4,17.0,0.45,28.3,3,2,否,B,agent,0.75,0.5,0.65,0.49,0.71,0.9,0.51,0.71,0.65,自住-改善,一室一厅,54,3212,国企车间技术主任,二胎黄金期中大户型,上海中环品质两居，车位及空间极其拥挤,小区无地下车库且人车不分流，小孩在楼下玩耍或者推婴儿车极为不安全。,讲究超高得房率（超85%），主卧套房必须配备独立步入式衣帽间与干湿分离双卫。,主要在陆家嘴/徐家汇CBD上班，首选地铁2/9号线沿线，通勤半小时内。,倡导轻户外，周末常带家人自驾野营或山系徒步，注重生活情调与手作咖啡。,名下持有一套旧两居，置换回款 65% + 个人理财储蓄补充 + 公积金商业贷,重性价比，不盲信大牌，但要求物业管理有序、绿化修剪及时、人防技防规范。,常年本地稳定居住，工作日职住通勤动线规则单一。
上_2003_00645,上海,2003,金融精英,45,女,3.1,22.0,0.4,41.3,2,1,是,A,research,0.7,0.56,0.62,0.65,0.69,0.9,0.74,0.76,0.77,自住-首套,两室两厅,74,4936,商业银行支行信贷科长,三口之家(学龄段),陆家嘴核心区江景大平层,当前房屋属于旧多层无电梯房，父母年纪渐高每天爬楼梯极为吃力。,讲究超高得房率（超85%），主卧套房必须配备独立步入式衣帽间与干湿分离双卫。,主要在陆家嘴/徐家汇CBD上班，首选地铁2/9号线沿线，通勤半小时内。,周末常去高端商圈消费，热衷打网球和马术，重度手冲咖啡及黑胶唱片发烧友。,夫妻双方积蓄 + 双方父母出资赞助首付 + 公积金商业组合贷款,非仁恒、绿城、万科等金牌开发商不买，极度看重高端精装质量与顶级物业的增值口碑。,常年本地稳定居住，工作日职住通勤动线规则单一。
上_2003_00646,上海,2003,本地改善,38,女,1.0,9.5,0.45,15.8,5,2,否,B,agent,0.86,0.43,0.47,0.64,0.51,0.92,0.48,0.69,0.57,自住-改善,一室一厅,94,1499,区财政局科员,二胎黄金期中大户型,上海中环品质两居，车位及空间极其拥挤,小区无地下车库且人车不分流，小孩在楼下玩耍或者推婴儿车极为不安全。,讲究超高得房率（超85%），主卧套房必须配备独立步入式衣帽间与干湿分离双卫。,主要在陆家嘴/徐家汇CBD上班，首选地铁2/9号线沿线，通勤半小时内。,倡导轻户外，周末常带家人自驾野营或山系徒步，注重生活情调与手作咖啡。,名下持有一套旧两居，置换回款 65% + 个人理财储蓄补充 + 公积金商业贷,重性价比，不盲信大牌，但要求物业管理有序、绿化修剪及时、人防技防规范。,常年本地稳定居住，工作日职住通勤动线规则单一。
上_2003_00647,上海,2003,本地改善,48,女,0.6,6.7,0.45,11.1,4,2,是,B,agent,0.76,0.43,0.44,0.52,0.52,0.68,0.52,0.73,0.58,自住-改善,一室一厅,80,987,国企车间技术主任,二胎黄金期中大户型,上海中环品质两居，车位及空间极其拥挤,小区无地下车库且人车不分流，小孩在楼下玩耍或者推婴儿车极为不安全。,核心要求地块属于第一梯队名校学区，且周边500米内解决幼小衔接教育配套。,主要在陆家嘴/徐家汇CBD上班，首选地铁2/9号线沿线，通勤半小时内。,倡导轻户外，周末常带家人自驾野营或山系徒步，注重生活情调与手作咖啡。,名下持有一套旧两居，置换回款 65% + 个人理财储蓄补充 + 公积金商业贷,重性价比，不盲信大牌，但要求物业管理有序、绿化修剪及时、人防技防规范。,常年本地稳定居住，工作日职住通勤动线规则单一。
上_2003_00648,上海,2003,本地改善,44,男,0.7,5.3,0.45,8.8,4,2,否,B,agent,0.8,0.46,0.64,0.53,0.45,0.93,0.56,0.8,0.52,自住-改善,一室一厅,87,621,邮政局局长秘书,二胎黄金期中大户型,上海中环品质两居，车位及空间极其拥挤,小区无地下车库且人车不分流，小孩在楼下玩耍或者推婴儿车极为不安全。,讲究超高得房率（超85%），主卧套房必须配备独立步入式衣帽间与干湿分离双卫。,主要在陆家嘴/徐家汇CBD上班，首选地铁2/9号线沿线，通勤半小时内。,倡导轻户外，周末常带家人自驾野营或山系徒步，注重生活情调与手作咖啡。,名下持有一套旧两居，置换回款 65% + 个人理财储蓄补充 + 公积金商业贷,重性价比，不盲信大牌，但要求物业管理有序、绿化修剪及时、人防技防规范。,常年本地稳定居住，工作日职住通勤动线规则单一。
上_2003_00649,上海,2003,金融精英,37,女,4.1,32.7,0.4,61.4,3,1,否,A,research,0.81,0.4,0.61,0.59,0.96,0.79,0.82,0.87,0.89,自住-首套,两室一厅,99,4550,老牌证券公司营业部经理,三口之家(幼龄段),西湖边高精平层,无高端私密会所及管家式物业配套，圈层鱼龙混杂，高净值居住体验差。,讲究超高得房率（超85%），主卧套房必须配备独立步入式衣帽间与干湿分离双卫。,主要在陆家嘴/徐家汇CBD上班，首选地铁2/9号线沿线，通勤半小时内。,周末常去高端商圈消费，热衷打网球和马术，重度手冲咖啡及黑胶唱片发烧友。,夫妻双方积蓄 + 双方父母出资赞助首付 + 公积金商业组合贷款,非仁恒、绿城、万科等金牌开发商不买，极度看重高端精装质量与顶级物业的增值口碑。,常年本地稳定居住，工作日职住通勤动线规则单一。
上_2003_00650,上海,2003,金融精英,46,男,1.4,14.5,0.4,27.2,2,0,否,A,research,0.96,0.49,0.6,0.52,0.72,0.86,0.74,0.86,0.74,自住-首套,一室一厅,100,1513,商业银行支行信贷科长,成熟期核心家庭,陆家嘴核心区江景大平层,无高端私密会所及管家式物业配套，圈层鱼龙混杂，高净值居住体验差。,讲究超高得房率（超85%），主卧套房必须配备独立步入式衣帽间与干湿分离双卫。,主要在陆家嘴/徐家汇CBD上班，首选地铁2/9号线沿线，通勤半小时内。,周末常去高端商圈消费，热衷打网球和马术，重度手冲咖啡及黑胶唱片发烧友。,夫妻双方积蓄 + 双方父母出资赞助首付 + 公积金商业组合贷款,非仁恒、绿城、万科等金牌开发商不买，极度看重高端精装质量与顶级物业的增值口碑。,常年本地稳定居住，工作日职住通勤动线规则单一。
上_2003_00651,上海,2003,本地改善,47,男,0.7,5.7,0.45,9.4,3,3,是,B,agent,0.82,0.29,0.64,0.53,0.5,0.82,0.5,0.66,0.67,自住-改善,两室两厅,87,917,区财政局科员,二胎黄金期中大户型,上海中环品质两居，车位及空间极其拥挤,小区无地下车库且人车不分流，小孩在楼下玩耍或者推婴儿车极为不安全。,讲究超高得房率（超85%），主卧套房必须配备独立步入式衣帽间与干湿分离双卫。,主要在陆家嘴/徐家汇CBD上班，首选地铁2/9号线沿线，通勤半小时内。,倡导轻户外，周末常带家人自驾野营或山系徒步，注重生活情调与手作咖啡。,名下持有一套旧两居，置换回款 65% + 个人理财储蓄补充 + 公积金商业贷,重性价比，不盲信大牌，但要求物业管理有序、绿化修剪及时、人防技防规范。,常年本地稳定居住，工作日职住通勤动线规则单一。
上_2003_00652,上海,2003,本地改善,39,男,0.8,9.8,0.45,16.3,4,3,是,B,agent,0.79,0.56,0.5,0.53,0.78,0.73,0.47,0.71,0.61,自住-改善,两室两厅,79,1150,区财政局科员,二胎黄金期中大户型,上海中环品质两居，车位及空间极其拥挤,小区无地下车库且人车不分流，小孩在楼下玩耍或者推婴儿车极为不安全。,讲究超高得房率（超85%），主卧套房必须配备独立步入式衣帽间与干湿分离双卫。,主要在陆家嘴/徐家汇CBD上班，首选地铁2/9号线沿线，通勤半小时内。,倡导轻户外，周末常带家人自驾野营或山系徒步，注重生活情调与手作咖啡。,名下持有一套旧两居，置换回款 65% + 个人理财储蓄补充 + 公积金商业贷,重性价比，不盲信大牌，但要求物业管理有序、绿化修剪及时、人防技防规范。,常年本地稳定居住，工作日职住通勤动线规则单一。
上_2003_00653,上海,2003,本地改善,42,女,0.8,6.3,0.45,10.5,4,2,否,B,agent,0.72,0.43,0.53,0.46,0.49,0.66,0.46,0.67,0.62,自住-改善,两室两厅,56,1672,市第二中学地理教师,二胎黄金期中大户型,上海中环品质两居，车位及空间极其拥挤,小区无地下车库且人车不分流，小孩在楼下玩耍或者推婴儿车极为不安全。,要求采光通透，全明户型，带多功能嵌入式收纳墙以最大化空间利用。,主要在陆家嘴/徐家汇CBD上班，首选地铁2/9号线沿线，通勤半小时内。,倡导轻户外，周末常带家人自驾野营或山系徒步，注重生活情调与手作咖啡。,名下持有一套旧两居，置换回款 65% + 个人理财储蓄补充 + 公积金商业贷,重性价比，不盲信大牌，但要求物业管理有序、绿化修剪及时、人防技防规范。,常年本地稳定居住，工作日职住通勤动线规则单一。
上_2003_00654,上海,2003,长三角家庭,39,女,0.8,5.6,0.45,9.4,4,3,是,B,agent,0.85,0.49,0.65,0.54,0.54,0.79,0.4,0.79,0.62,自住-改善,一室一厅,79,975,区财政局科员,二胎黄金期中大户型,上海中环品质两居，车位及空间极其拥挤,小区无地下车库且人车不分流，小孩在楼下玩耍或者推婴儿车极为不安全。,讲究超高得房率（超85%），主卧套房必须配备独立步入式衣帽间与干湿分离双卫。,主要在陆家嘴/徐家汇CBD上班，首选地铁2/9号线沿线，通勤半小时内。,倡导轻户外，周末常带家人自驾野营或山系徒步，注重生活情调与手作咖啡。,名下持有一套旧两居，置换回款 65% + 个人理财储蓄补充 + 公积金商业贷,重性价比，不盲信大牌，但要求物业管理有序、绿化修剪及时、人防技防规范。,常年本地稳定居住，工作日职住通勤动线规则单一。
上_2003_00655,上海,2003,金融精英,38,女,1.9,16.8,0.4,31.5,4,0,否,A,research,0.72,0.49,0.54,0.73,0.82,0.72,0.68,0.73,0.84,自住-改善,两室两厅,96,2438,商业银行支行信贷科长,成熟期核心家庭,西湖边高精平层,无高端私密会所及管家式物业配套，圈层鱼龙混杂，高净值居住体验差。,要求独立电梯入户，主次卧动线分明，配备独立保姆房和私密后院。,主要在陆家嘴/徐家汇CBD上班，首选地铁2/9号线沿线，通勤半小时内。,周末常去高端商圈消费，热衷打网球和马术，重度手冲咖啡及黑胶唱片发烧友。,名下已有企业股权套现或分红现金，一次性全款付清，基本不加杠杆,非仁恒、绿城、万科等金牌开发商不买，极度看重高端精装质量与顶级物业的增值口碑。,常年本地稳定居住，工作日职住通勤动线规则单一。
上_2003_00656,上海,2003,金融精英,34,男,1.6,15.0,0.4,28.1,4,1,是,A,research,0.88,0.42,0.68,0.59,0.65,0.78,0.73,0.86,0.7,婚房,两室两厅,63,2237,商业银行支行信贷科长,三口之家(幼龄段),西湖边高精平层,当前房屋属于旧多层无电梯房，父母年纪渐高每天爬楼梯极为吃力。,讲究超高得房率（超85%），主卧套房必须配备独立步入式衣帽间与干湿分离双卫。,主要在陆家嘴/徐家汇CBD上班，首选地铁2/9号线沿线，通勤半小时内。,周末常去高端商圈消费，热衷打网球和马术，重度手冲咖啡及黑胶唱片发烧友。,夫妻双方积蓄 + 双方父母出资赞助首付 + 公积金商业组合贷款,重性价比，不盲信大牌，但要求物业管理有序、绿化修剪及时、人防技防规范。,常年本地稳定居住，工作日职住通勤动线规则单一。
上_2003_00657,上海,2003,金融精英,42,男,2.1,17.5,0.4,32.9,3,1,否,A,research,0.68,0.52,0.72,0.62,0.65,0.8,0.75,0.79,0.86,自住-改善,两室两厅,61,3042,申银万国证券分析员,三口之家(学龄段),西湖边高精平层,无高端私密会所及管家式物业配套，圈层鱼龙混杂，高净值居住体验差。,要求有超大面宽南向双阳台（观景家政分离），主卧大飘窗能270度直面自然景观。,主要在陆家嘴/徐家汇CBD上班，首选地铁2/9号线沿线，通勤半小时内。,周末常去高端商圈消费，热衷打网球和马术，重度手冲咖啡及黑胶唱片发烧友。,名下已有企业股权套现或分红现金，一次性全款付清，基本不加杠杆,非仁恒、绿城、万科等金牌开发商不买，极度看重高端精装质量与顶级物业的增值口碑。,常年本地稳定居住，工作日职住通勤动线规则单一。
上_2003_00658,上海,2003,金融精英,38,女,1.4,9.1,0.4,17.2,3,1,是,A,research,0.6,0.49,0.66,0.65,0.72,0.84,0.6,0.78,0.79,自住-首套,两室两厅,80,1924,老牌证券公司营业部经理,三口之家(学龄段),西湖边高精平层,当前房屋属于旧多层无电梯房，父母年纪渐高每天爬楼梯极为吃力。,讲究超高得房率（超85%），主卧套房必须配备独立步入式衣帽间与干湿分离双卫。,主要在陆家嘴/徐家汇CBD上班，首选地铁2/9号线沿线，通勤半小时内。,周末常去高端商圈消费，热衷打网球和马术，重度手冲咖啡及黑胶唱片发烧友。,夫妻双方积蓄 + 双方父母出资赞助首付 + 公积金商业组合贷款,非仁恒、绿城、万科等金牌开发商不买，极度看重高端精装质量与顶级物业的增值口碑。,常年本地稳定居住，工作日职住通勤动线规则单一。
上_2003_00659,上海,2003,金融精英,44,女,2.5,24.6,0.4,46.0,4,1,是,A,research,0.88,0.44,0.76,0.69,0.97,0.78,0.72,0.77,0.75,自住-首套,一室一厅,50,6666,申银万国证券分析员,三口之家(学龄段),陆家嘴核心区江景大平层,当前房屋属于旧多层无电梯房，父母年纪渐高每天爬楼梯极为吃力。,要求有超大面宽南向双阳台（观景家政分离），主卧大飘窗能270度直面自然景观。,主要在陆家嘴/徐家汇CBD上班，首选地铁2/9号线沿线，通勤半小时内。,周末常去高端商圈消费，热衷打网球和马术，重度手冲咖啡及黑胶唱片发烧友。,夫妻双方积蓄 + 双方父母出资赞助首付 + 公积金商业组合贷款,非仁恒、绿城、万科等金牌开发商不买，极度看重高端精装质量与顶级物业的增值口碑。,常年本地稳定居住，工作日职住通勤动线规则单一。
上_2003_00660,上海,2003,本地改善,40,女,0.7,4.9,0.45,8.2,4,3,是,B,agent,0.62,0.56,0.55,0.51,0.56,0.93,0.63,0.84,0.51,自住-改善,两室一厅,83,727,市第二中学地理教师,二胎黄金期中大户型,上海中环品质两居，车位及空间极其拥挤,小区无地下车库且人车不分流，小孩在楼下玩耍或者推婴儿车极为不安全。,讲究超高得房率（超85%），主卧套房必须配备独立步入式衣帽间与干湿分离双卫。,主要在陆家嘴/徐家汇CBD上班，首选地铁2/9号线沿线，通勤半小时内。,倡导轻户外，周末常带家人自驾野营或山系徒步，注重生活情调与手作咖啡。,名下持有一套旧两居，置换回款 65% + 个人理财储蓄补充 + 公积金商业贷,重性价比，不盲信大牌，但要求物业管理有序、绿化修剪及时、人防技防规范。,常年本地稳定居住，工作日职住通勤动线规则单一。
上_2003_00661,上海,2003,教育型买房,38,男,0.9,7.9,0.4,14.9,2,1,否,B,social,0.79,0.47,0.3,0.43,0.7,0.68,0.47,1,0.56,学区房,一室一厅,77,1246,国企车间技术主任,三口之家(学龄段),上海中环品质两居，车位及空间极其拥挤,小区无地下车库且人车不分流，小孩在楼下玩耍或者推婴儿车极为不安全。,核心要求地块属于第一梯队名校学区，且周边500米内解决幼小衔接教育配套。,主要在陆家嘴/徐家汇CBD上班，首选地铁2/9号线沿线，通勤半小时内。,倡导轻户外，周末常带家人自驾野营或山系徒步，注重生活情调与手作咖啡。,名下持有一套旧两居，置换回款 65% + 个人理财储蓄补充 + 公积金商业贷,重性价比，不盲信大牌，但要求物业管理有序、绿化修剪及时、人防技防规范。,常年本地稳定居住，工作日职住通勤动线规则单一。
上_2003_00662,上海,2003,金融精英,49,女,3.1,19.8,0.4,37.1,3,1,是,A,research,0.57,0.36,0.67,0.46,0.74,0.78,0.7,0.8,0.75,自住-改善,两室两厅,73,4375,老牌证券公司营业部经理,三口之家(学龄段),西湖边高精平层,当前房屋属于旧多层无电梯房，父母年纪渐高每天爬楼梯极为吃力。,讲究超高得房率（超85%），主卧套房必须配备独立步入式衣帽间与干湿分离双卫。,主要在陆家嘴/徐家汇CBD上班，首选地铁2/9号线沿线，通勤半小时内。,周末常去高端商圈消费，热衷打网球和马术，重度手冲咖啡及黑胶唱片发烧友。,名下已有企业股权套现或分红现金，一次性全款付清，基本不加杠杆,非仁恒、绿城、万科等金牌开发商不买，极度看重高端精装质量与顶级物业的增值口碑。,常年本地稳定居住，工作日职住通勤动线规则单一。
上_2003_00663,上海,2003,金融精英,38,男,0.6,3.4,0.4,6.3,3,2,是,A,research,0.59,0.43,0.6,0.67,0.62,0.85,0.71,0.72,0.76,自住-改善,一室一厅,65,612,申银万国证券分析员,二胎黄金期中大户型,市中心私密洋房住宅,当前房屋属于旧多层无电梯房，父母年纪渐高每天爬楼梯极为吃力。,讲究超高得房率（超85%），主卧套房必须配备独立步入式衣帽间与干湿分离双卫。,主要在陆家嘴/徐家汇CBD上班，首选地铁2/9号线沿线，通勤半小时内。,周末常去高端商圈消费，热衷打网球和马术，重度手冲咖啡及黑胶唱片发烧友。,名下已有企业股权套现或分红现金，一次性全款付清，基本不加杠杆,非仁恒、绿城、万科等金牌开发商不买，极度看重高端精装质量与顶级物业的增值口碑。,常年本地稳定居住，工作日职住通勤动线规则单一。
上_2003_00664,上海,2003,长三角家庭,35,男,1.1,8.2,0.45,13.7,4,1,否,B,agent,0.66,0.59,0.51,0.59,0.47,0.85,0.36,0.62,0.53,自住-首套,两室一厅,76,1168,邮政局局长秘书,三口之家(幼龄段),上海中环品质两居，车位及空间极其拥挤,小区无地下车库且人车不分流，小孩在楼下玩耍或者推婴儿车极为不安全。,讲究超高得房率（超85%），主卧套房必须配备独立步入式衣帽间与干湿分离双卫。,主要在陆家嘴/徐家汇CBD上班，首选地铁2/9号线沿线，通勤半小时内。,倡导轻户外，周末常带家人自驾野营或山系徒步，注重生活情调与手作咖啡。,夫妻双方积蓄 + 双方父母出资赞助首付 + 公积金商业组合贷款,重性价比，不盲信大牌，但要求物业管理有序、绿化修剪及时、人防技防规范。,常年本地稳定居住，工作日职住通勤动线规则单一。
上_2003_00665,上海,2003,教育型买房,40,男,1.6,12.0,0.4,22.5,3,1,否,B,social,0.97,0.4,0.36,0.21,0.64,0.61,0.57,1,0.69,学区房,两室一厅,88,2273,邮政局局长秘书,三口之家(学龄段),上海中环品质两居，车位及空间极其拥挤,小区无地下车库且人车不分流，小孩在楼下玩耍或者推婴儿车极为不安全。,核心要求地块属于第一梯队名校学区，且周边500米内解决幼小衔接教育配套。,主要在陆家嘴/徐家汇CBD上班，首选地铁2/9号线沿线，通勤半小时内。,倡导轻户外，周末常带家人自驾野营或山系徒步，注重生活情调与手作咖啡。,名下持有一套旧两居，置换回款 65% + 个人理财储蓄补充 + 公积金商业贷,重性价比，不盲信大牌，但要求物业管理有序、绿化修剪及时、人防技防规范。,常年本地稳定居住，工作日职住通勤动线规则单一。
上_2003_00666,上海,2003,长三角家庭,42,女,1.0,5.5,0.45,9.2,3,2,否,B,agent,0.77,0.49,0.5,0.61,0.66,0.96,0.45,0.74,0.74,自住-首套,一室一厅,59,991,邮政局局长秘书,二胎黄金期中大户型,上海中环品质两居，车位及空间极其拥挤,小区无地下车库且人车不分流，小孩在楼下玩耍或者推婴儿车极为不安全。,讲究超高得房率（超85%），主卧套房必须配备独立步入式衣帽间与干湿分离双卫。,主要在陆家嘴/徐家汇CBD上班，首选地铁2/9号线沿线，通勤半小时内。,倡导轻户外，周末常带家人自驾野营或山系徒步，注重生活情调与手作咖啡。,夫妻双方积蓄 + 双方父母出资赞助首付 + 公积金商业组合贷款,非仁恒、绿城、万科等金牌开发商不买，极度看重高端精装质量与顶级物业的增值口碑。,常年本地稳定居住，工作日职住通勤动线规则单一。
上_2003_00667,上海,2003,教育型买房,33,男,2.2,18.7,0.4,35.1,4,1,是,B,social,1,0.33,0.16,0.48,0.7,0.74,0.5,0.89,0.6,学区房,两室一厅,95,2637,市第二中学地理教师,三口之家(幼龄段),上海中环品质两居，车位及空间极其拥挤,小区无地下车库且人车不分流，小孩在楼下玩耍或者推婴儿车极为不安全。,讲究超高得房率（超85%），主卧套房必须配备独立步入式衣帽间与干湿分离双卫。,主要在陆家嘴/徐家汇CBD上班，首选地铁2/9号线沿线，通勤半小时内。,倡导轻户外，周末常带家人自驾野营或山系徒步，注重生活情调与手作咖啡。,名下持有一套旧两居，置换回款 65% + 个人理财储蓄补充 + 公积金商业贷,重性价比，不盲信大牌，但要求物业管理有序、绿化修剪及时、人防技防规范。,常年本地稳定居住，工作日职住通勤动线规则单一。
上_2003_00668,上海,2003,本地改善,43,男,1.6,14.5,0.45,24.1,5,1,否,B,agent,0.52,0.62,0.5,0.52,0.53,0.85,0.64,0.59,0.66,自住-改善,一室一厅,97,1924,邮政局局长秘书,三口之家(学龄段),上海中环品质两居，车位及空间极其拥挤,小区无地下车库且人车不分流，小孩在楼下玩耍或者推婴儿车极为不安全。,讲究超高得房率（超85%），主卧套房必须配备独立步入式衣帽间与干湿分离双卫。,主要在陆家嘴/徐家汇CBD上班，首选地铁2/9号线沿线，通勤半小时内。,倡导轻户外，周末常带家人自驾野营或山系徒步，注重生活情调与手作咖啡。,名下持有一套旧两居，置换回款 65% + 个人理财储蓄补充 + 公积金商业贷,重性价比，不盲信大牌，但要求物业管理有序、绿化修剪及时、人防技防规范。,常年本地稳定居住，工作日职住通勤动线规则单一。
上_2003_00669,上海,2003,教育型买房,37,男,1.1,10.6,0.4,19.9,4,1,是,B,social,1,0.57,0.46,0.26,0.55,0.79,0.61,0.85,0.59,学区房,两室一厅,53,2503,邮政局局长秘书,三口之家(幼龄段),上海中环品质两居，车位及空间极其拥挤,小区无地下车库且人车不分流，小孩在楼下玩耍或者推婴儿车极为不安全。,讲究超高得房率（超85%），主卧套房必须配备独立步入式衣帽间与干湿分离双卫。,主要在陆家嘴/徐家汇CBD上班，首选地铁2/9号线沿线，通勤半小时内。,倡导轻户外，周末常带家人自驾野营或山系徒步，注重生活情调与手作咖啡。,名下持有一套旧两居，置换回款 65% + 个人理财储蓄补充 + 公积金商业贷,重性价比，不盲信大牌，但要求物业管理有序、绿化修剪及时、人防技防规范。,常年本地稳定居住，工作日职住通勤动线规则单一。
上_2003_00670,上海,2003,金融精英,38,女,3.3,27.5,0.4,51.5,4,1,否,A,research,0.89,0.39,0.65,0.57,0.78,0.64,0.65,0.93,0.89,自住-首套,两室一厅,87,4857,商业银行支行信贷科长,三口之家(学龄段),市中心私密洋房住宅,无高端私密会所及管家式物业配套，圈层鱼龙混杂，高净值居住体验差。,核心要求地块属于第一梯队名校学区，且周边500米内解决幼小衔接教育配套。,主要在陆家嘴/徐家汇CBD上班，首选地铁2/9号线沿线，通勤半小时内。,周末常去高端商圈消费，热衷打网球和马术，重度手冲咖啡及黑胶唱片发烧友。,夫妻双方积蓄 + 双方父母出资赞助首付 + 公积金商业组合贷款,非仁恒、绿城、万科等金牌开发商不买，极度看重高端精装质量与顶级物业的增值口碑。,常年本地稳定居住，工作日职住通勤动线规则单一。
上_2003_00671,上海,2003,外籍海归,41,男,1.6,11.1,0.4,20.7,2,2,否,A,social,0.68,0.48,0.59,0.45,0.7,0.65,0.57,0.82,0.83,自住-改善,两室两厅,68,1929,外企驻沪办事处代表,二胎黄金期中大户型,西湖边高精平层,无高端私密会所及管家式物业配套，圈层鱼龙混杂，高净值居住体验差。,核心要求地块属于第一梯队名校学区，且周边500米内解决幼小衔接教育配套。,主要在陆家嘴/徐家汇CBD上班，首选地铁2/9号线沿线，通勤半小时内。,周末常去高端商圈消费，热衷打网球和马术，重度手冲咖啡及黑胶唱片发烧友。,名下已有企业股权套现或分红现金，一次性全款付清，基本不加杠杆,非仁恒、绿城、万科等金牌开发商不买，极度看重高端精装质量与顶级物业的增值口碑。,常年本地稳定居住，工作日职住通勤动线规则单一。
上_2003_00672,上海,2003,教育型买房,43,男,0.5,2.8,0.4,5.3,3,1,否,B,social,0.94,0.56,0.42,0.39,0.52,0.78,0.45,0.91,0.49,学区房,一室一厅,81,392,市第二中学地理教师,三口之家(学龄段),上海中环品质两居，车位及空间极其拥挤,小区无地下车库且人车不分流，小孩在楼下玩耍或者推婴儿车极为不安全。,讲究超高得房率（超85%），主卧套房必须配备独立步入式衣帽间与干湿分离双卫。,主要在陆家嘴/徐家汇CBD上班，首选地铁2/9号线沿线，通勤半小时内。,倡导轻户外，周末常带家人自驾野营或山系徒步，注重生活情调与手作咖啡。,名下持有一套旧两居，置换回款 65% + 个人理财储蓄补充 + 公积金商业贷,重性价比，不盲信大牌，但要求物业管理有序、绿化修剪及时、人防技防规范。,常年本地稳定居住，工作日职住通勤动线规则单一。
上_2003_00673,上海,2003,本地改善,54,女,1.3,10.1,0.45,16.8,4,3,否,B,agent,0.69,0.51,0.41,0.36,0.45,0.85,0.49,0.65,0.49,自住-改善,两室一厅,59,1750,邮政局局长秘书,二胎黄金期中大户型,上海中环品质两居，车位及空间极其拥挤,小区无地下车库且人车不分流，小孩在楼下玩耍或者推婴儿车极为不安全。,讲究超高得房率（超85%），主卧套房必须配备独立步入式衣帽间与干湿分离双卫。,主要在陆家嘴/徐家汇CBD上班，首选地铁2/9号线沿线，通勤半小时内。,倡导轻户外，周末常带家人自驾野营或山系徒步，注重生活情调与手作咖啡。,名下持有一套旧两居，置换回款 65% + 个人理财储蓄补充 + 公积金商业贷,重性价比，不盲信大牌，但要求物业管理有序、绿化修剪及时、人防技防规范。,常年本地稳定居住，工作日职住通勤动线规则单一。
上_2003_00674,上海,2003,金融精英,34,男,1.3,13.9,0.4,26.0,3,1,否,A,research,0.43,0.52,0.82,0.63,0.74,0.8,0.65,0.7,0.78,自住-首套,两室一厅,100,1986,申银万国证券分析员,三口之家(幼龄段),陆家嘴核心区江景大平层,无高端私密会所及管家式物业配套，圈层鱼龙混杂，高净值居住体验差。,要求有超大面宽南向双阳台（观景家政分离），主卧大飘窗能270度直面自然景观。,主要在陆家嘴/徐家汇CBD上班，首选地铁2/9号线沿线，通勤半小时内。,周末常去高端商圈消费，热衷打网球和马术，重度手冲咖啡及黑胶唱片发烧友。,夫妻双方积蓄 + 双方父母出资赞助首付 + 公积金商业组合贷款,非仁恒、绿城、万科等金牌开发商不买，极度看重高端精装质量与顶级物业的增值口碑。,常年本地稳定居住，工作日职住通勤动线规则单一。
上_2003_00675,上海,2003,长三角家庭,42,女,1.7,12.9,0.45,21.5,4,3,否,B,agent,0.69,0.56,0.5,0.5,0.56,0.83,0.58,0.71,0.6,自住-改善,两室两厅,85,1402,市第二中学地理教师,二胎黄金期中大户型,上海中环品质两居，车位及空间极其拥挤,小区无地下车库且人车不分流，小孩在楼下玩耍或者推婴儿车极为不安全。,讲究超高得房率（超85%），主卧套房必须配备独立步入式衣帽间与干湿分离双卫。,主要在陆家嘴/徐家汇CBD上班，首选地铁2/9号线沿线，通勤半小时内。,倡导轻户外，周末常带家人自驾野营或山系徒步，注重生活情调与手作咖啡。,名下持有一套旧两居，置换回款 65% + 个人理财储蓄补充 + 公积金商业贷,重性价比，不盲信大牌，但要求物业管理有序、绿化修剪及时、人防技防规范。,常年本地稳定居住，工作日职住通勤动线规则单一。
上_2003_00676,上海,2003,教育型买房,42,男,1.2,8.5,0.4,15.9,3,1,否,B,social,0.98,0.36,0.45,0.37,0.68,0.71,0.55,1,0.66,学区房,两室两厅,97,1321,国企车间技术主任,三口之家(学龄段),上海中环品质两居，车位及空间极其拥挤,小区无地下车库且人车不分流，小孩在楼下玩耍或者推婴儿车极为不安全。,讲究超高得房率（超85%），主卧套房必须配备独立步入式衣帽间与干湿分离双卫。,主要在陆家嘴/徐家汇CBD上班，首选地铁2/9号线沿线，通勤半小时内。,倡导轻户外，周末常带家人自驾野营或山系徒步，注重生活情调与手作咖啡。,名下持有一套旧两居，置换回款 65% + 个人理财储蓄补充 + 公积金商业贷,重性价比，不盲信大牌，但要求物业管理有序、绿化修剪及时、人防技防规范。,常年本地稳定居住，工作日职住通勤动线规则单一。
上_2003_00677,上海,2003,本地改善,51,女,1.2,10.5,0.45,17.5,4,2,否,B,agent,0.85,0.49,0.65,0.37,0.42,0.88,0.55,0.65,0.7,自住-改善,一室一厅,84,1507,邮政局局长秘书,二胎黄金期中大户型,上海中环品质两居，车位及空间极其拥挤,小区无地下车库且人车不分流，小孩在楼下玩耍或者推婴儿车极为不安全。,讲究超高得房率（超85%），主卧套房必须配备独立步入式衣帽间与干湿分离双卫。,主要在陆家嘴/徐家汇CBD上班，首选地铁2/9号线沿线，通勤半小时内。,倡导轻户外，周末常带家人自驾野营或山系徒步，注重生活情调与手作咖啡。,名下持有一套旧两居，置换回款 65% + 个人理财储蓄补充 + 公积金商业贷,非仁恒、绿城、万科等金牌开发商不买，极度看重高端精装质量与顶级物业的增值口碑。,常年本地稳定居住，工作日职住通勤动线规则单一。
上_2003_00678,上海,2003,本地改善,43,女,0.5,4.4,0.45,7.3,5,2,否,B,agent,0.54,0.6,0.61,0.52,0.64,0.85,0.74,0.56,0.6,自住-改善,两室两厅,100,465,邮政局局长秘书,二胎黄金期中大户型,上海中环品质两居，车位及空间极其拥挤,小区无地下车库且人车不分流，小孩在楼下玩耍或者推婴儿车极为不安全。,讲究超高得房率（超85%），主卧套房必须配备独立步入式衣帽间与干湿分离双卫。,主要在陆家嘴/徐家汇CBD上班，首选地铁2/9号线沿线，通勤半小时内。,倡导轻户外，周末常带家人自驾野营或山系徒步，注重生活情调与手作咖啡。,名下持有一套旧两居，置换回款 65% + 个人理财储蓄补充 + 公积金商业贷,重性价比，不盲信大牌，但要求物业管理有序、绿化修剪及时、人防技防规范。,常年本地稳定居住，工作日职住通勤动线规则单一。
上_2003_00679,上海,2003,长三角家庭,47,女,1.1,8.5,0.45,14.1,4,2,否,B,agent,0.53,0.72,0.58,0.46,0.67,0.68,0.56,0.72,0.71,自住-改善,一室一厅,67,1609,国企车间技术主任,二胎黄金期中大户型,上海中环品质两居，车位及空间极其拥挤,小区无地下车库且人车不分流，小孩在楼下玩耍或者推婴儿车极为不安全。,核心要求地块属于第一梯队名校学区，且周边500米内解决幼小衔接教育配套。,主要在陆家嘴/徐家汇CBD上班，首选地铁2/9号线沿线，通勤半小时内。,倡导轻户外，周末常带家人自驾野营或山系徒步，注重生活情调与手作咖啡。,名下持有一套旧两居，置换回款 65% + 个人理财储蓄补充 + 公积金商业贷,非仁恒、绿城、万科等金牌开发商不买，极度看重高端精装质量与顶级物业的增值口碑。,常年本地稳定居住，工作日职住通勤动线规则单一。
上_2003_00680,上海,2003,本地改善,49,女,0.7,6.4,0.45,10.7,4,3,否,B,agent,0.77,0.46,0.64,0.46,0.56,1,0.68,0.82,0.49,自住-改善,一室一厅,66,1452,市第二中学地理教师,二胎黄金期中大户型,上海中环品质两居，车位及空间极其拥挤,小区无地下车库且人车不分流，小孩在楼下玩耍或者推婴儿车极为不安全。,讲究超高得房率（超85%），主卧套房必须配备独立步入式衣帽间与干湿分离双卫。,主要在陆家嘴/徐家汇CBD上班，首选地铁2/9号线沿线，通勤半小时内。,倡导轻户外，周末常带家人自驾野营或山系徒步，注重生活情调与手作咖啡。,名下持有一套旧两居，置换回款 65% + 个人理财储蓄补充 + 公积金商业贷,重性价比，不盲信大牌，但要求物业管理有序、绿化修剪及时、人防技防规范。,常年本地稳定居住，工作日职住通勤动线规则单一。
上_2003_00681,上海,2003,本地改善,57,女,1.7,14.1,0.45,23.4,4,1,是,B,agent,0.47,0.53,0.55,0.42,0.62,0.88,0.65,0.61,0.67,自住-改善,一室一厅,51,3817,区财政局科员,三口之家(学龄段),上海中环品质两居，车位及空间极其拥挤,小区无地下车库且人车不分流，小孩在楼下玩耍或者推婴儿车极为不安全。,讲究超高得房率（超85%），主卧套房必须配备独立步入式衣帽间与干湿分离双卫。,主要在陆家嘴/徐家汇CBD上班，首选地铁2/9号线沿线，通勤半小时内。,倡导轻户外，周末常带家人自驾野营或山系徒步，注重生活情调与手作咖啡。,名下持有一套旧两居，置换回款 65% + 个人理财储蓄补充 + 公积金商业贷,重性价比，不盲信大牌，但要求物业管理有序、绿化修剪及时、人防技防规范。,常年本地稳定居住，工作日职住通勤动线规则单一。
上_2003_00682,上海,2003,长三角家庭,50,女,1.2,7.1,0.45,11.8,4,2,是,B,agent,0.68,0.43,0.54,0.62,0.51,0.77,0.37,0.67,0.65,自住-首套,两室两厅,80,1268,区财政局科员,二胎黄金期中大户型,上海中环品质两居，车位及空间极其拥挤,小区无地下车库且人车不分流，小孩在楼下玩耍或者推婴儿车极为不安全。,讲究超高得房率（超85%），主卧套房必须配备独立步入式衣帽间与干湿分离双卫。,主要在陆家嘴/徐家汇CBD上班，首选地铁2/9号线沿线，通勤半小时内。,倡导轻户外，周末常带家人自驾野营或山系徒步，注重生活情调与手作咖啡。,夫妻双方积蓄 + 双方父母出资赞助首付 + 公积金商业组合贷款,重性价比，不盲信大牌，但要求物业管理有序、绿化修剪及时、人防技防规范。,常年本地稳定居住，工作日职住通勤动线规则单一。
上_2003_00683,上海,2003,本地改善,55,男,1.7,13.1,0.45,21.8,5,2,是,B,agent,0.58,0.56,0.64,0.4,0.74,0.88,0.56,0.73,0.53,自住-改善,两室一厅,81,1552,市第二中学地理教师,二胎黄金期中大户型,上海中环品质两居，车位及空间极其拥挤,小区无地下车库且人车不分流，小孩在楼下玩耍或者推婴儿车极为不安全。,讲究超高得房率（超85%），主卧套房必须配备独立步入式衣帽间与干湿分离双卫。,主要在陆家嘴/徐家汇CBD上班，首选地铁2/9号线沿线，通勤半小时内。,倡导轻户外，周末常带家人自驾野营或山系徒步，注重生活情调与手作咖啡。,名下持有一套旧两居，置换回款 65% + 个人理财储蓄补充 + 公积金商业贷,重性价比，不盲信大牌，但要求物业管理有序、绿化修剪及时、人防技防规范。,常年本地稳定居住，工作日职住通勤动线规则单一。
上_2003_00684,上海,2003,长三角家庭,52,女,0.8,5.5,0.45,9.2,4,2,是,B,agent,0.79,0.52,0.46,0.47,0.42,0.77,0.47,0.61,0.63,自住-首套,两室两厅,75,949,国企车间技术主任,二胎黄金期中大户型,上海中环品质两居，车位及空间极其拥挤,小区无地下车库且人车不分流，小孩在楼下玩耍或者推婴儿车极为不安全。,讲究超高得房率（超85%），主卧套房必须配备独立步入式衣帽间与干湿分离双卫。,主要在陆家嘴/徐家汇CBD上班，首选地铁2/9号线沿线，通勤半小时内。,倡导轻户外，周末常带家人自驾野营或山系徒步，注重生活情调与手作咖啡。,夫妻双方积蓄 + 双方父母出资赞助首付 + 公积金商业组合贷款,重性价比，不盲信大牌，但要求物业管理有序、绿化修剪及时、人防技防规范。,常年本地稳定居住，工作日职住通勤动线规则单一。
上_2003_00685,上海,2003,本地改善,42,男,1.1,11.4,0.45,19.1,4,3,是,B,agent,1,0.36,0.62,0.61,0.33,0.66,0.57,0.66,0.72,自住-改善,两室一厅,59,2740,邮政局局长秘书,二胎黄金期中大户型,上海中环品质两居，车位及空间极其拥挤,小区无地下车库且人车不分流，小孩在楼下玩耍或者推婴儿车极为不安全。,要求采光通透，全明户型，带多功能嵌入式收纳墙以最大化空间利用。,主要在陆家嘴/徐家汇CBD上班，首选地铁2/9号线沿线，通勤半小时内。,倡导轻户外，周末常带家人自驾野营或山系徒步，注重生活情调与手作咖啡。,名下持有一套旧两居，置换回款 65% + 个人理财储蓄补充 + 公积金商业贷,非仁恒、绿城、万科等金牌开发商不买，极度看重高端精装质量与顶级物业的增值口碑。,常年本地稳定居住，工作日职住通勤动线规则单一。
上_2003_00686,上海,2003,金融精英,35,女,0.6,6.0,0.4,11.3,2,1,否,A,research,0.97,0.33,0.7,0.6,0.73,0.91,0.51,0.88,0.77,自住-改善,一室一厅,98,881,商业银行支行信贷科长,三口之家(幼龄段),西湖边高精平层,无高端私密会所及管家式物业配套，圈层鱼龙混杂，高净值居住体验差。,讲究超高得房率（超85%），主卧套房必须配备独立步入式衣帽间与干湿分离双卫。,主要在陆家嘴/徐家汇CBD上班，首选地铁2/9号线沿线，通勤半小时内。,周末常去高端商圈消费，热衷打网球和马术，重度手冲咖啡及黑胶唱片发烧友。,名下已有企业股权套现或分红现金，一次性全款付清，基本不加杠杆,非仁恒、绿城、万科等金牌开发商不买，极度看重高端精装质量与顶级物业的增值口碑。,常年本地稳定居住，工作日职住通勤动线规则单一。
上_2003_00687,上海,2003,本地改善,52,男,1.1,12.9,0.45,21.5,4,2,是,B,agent,0.81,0.55,0.55,0.4,0.53,0.83,0.65,0.65,0.72,自住-改善,两室一厅,52,3662,区财政局科员,二胎黄金期中大户型,上海中环品质两居，车位及空间极其拥挤,小区无地下车库且人车不分流，小孩在楼下玩耍或者推婴儿车极为不安全。,讲究超高得房率（超85%），主卧套房必须配备独立步入式衣帽间与干湿分离双卫。,主要在陆家嘴/徐家汇CBD上班，首选地铁2/9号线沿线，通勤半小时内。,倡导轻户外，周末常带家人自驾野营或山系徒步，注重生活情调与手作咖啡。,名下持有一套旧两居，置换回款 65% + 个人理财储蓄补充 + 公积金商业贷,非仁恒、绿城、万科等金牌开发商不买，极度看重高端精装质量与顶级物业的增值口碑。,常年本地稳定居住，工作日职住通勤动线规则单一。
上_2003_00688,上海,2003,长三角家庭,46,男,0.5,4.1,0.45,6.9,4,3,否,B,agent,0.72,0.52,0.71,0.34,0.4,0.78,0.38,0.79,0.66,自住-首套,一室一厅,67,681,邮政局局长秘书,二胎黄金期中大户型,上海中环品质两居，车位及空间极其拥挤,小区无地下车库且人车不分流，小孩在楼下玩耍或者推婴儿车极为不安全。,要求有超大面宽南向双阳台（观景家政分离），主卧大飘窗能270度直面自然景观。,主要在陆家嘴/徐家汇CBD上班，首选地铁2/9号线沿线，通勤半小时内。,倡导轻户外，周末常带家人自驾野营或山系徒步，注重生活情调与手作咖啡。,夫妻双方积蓄 + 双方父母出资赞助首付 + 公积金商业组合贷款,重性价比，不盲信大牌，但要求物业管理有序、绿化修剪及时、人防技防规范。,常年本地稳定居住，工作日职住通勤动线规则单一。
上_2003_00689,上海,2003,金融精英,41,女,1.3,13.9,0.4,26.0,2,1,是,A,research,0.74,0.46,0.67,0.54,0.74,0.86,0.82,0.73,0.72,自住-改善,一室一厅,56,3889,申银万国证券分析员,三口之家(学龄段),西湖边高精平层,当前房屋属于旧多层无电梯房，父母年纪渐高每天爬楼梯极为吃力。,讲究超高得房率（超85%），主卧套房必须配备独立步入式衣帽间与干湿分离双卫。,主要在陆家嘴/徐家汇CBD上班，首选地铁2/9号线沿线，通勤半小时内。,周末常去高端商圈消费，热衷打网球和马术，重度手冲咖啡及黑胶唱片发烧友。,名下已有企业股权套现或分红现金，一次性全款付清，基本不加杠杆,非仁恒、绿城、万科等金牌开发商不买，极度看重高端精装质量与顶级物业的增值口碑。,常年本地稳定居住，工作日职住通勤动线规则单一。
上_2003_00690,上海,2003,金融精英,38,女,2.2,22.6,0.4,42.4,3,1,是,A,research,0.68,0.66,0.67,0.52,0.65,0.79,0.58,0.89,0.8,自住-改善,两室一厅,51,4160,老牌证券公司营业部经理,三口之家(学龄段),西湖边高精平层,当前房屋属于旧多层无电梯房，父母年纪渐高每天爬楼梯极为吃力。,讲究超高得房率（超85%），主卧套房必须配备独立步入式衣帽间与干湿分离双卫。,主要在陆家嘴/徐家汇CBD上班，首选地铁2/9号线沿线，通勤半小时内。,周末常去高端商圈消费，热衷打网球和马术，重度手冲咖啡及黑胶唱片发烧友。,名下已有企业股权套现或分红现金，一次性全款付清，基本不加杠杆,非仁恒、绿城、万科等金牌开发商不买，极度看重高端精装质量与顶级物业的增值口碑。,常年本地稳定居住，工作日职住通勤动线规则单一。
上_2003_00691,上海,2003,金融精英,42,女,1.8,17.4,0.4,32.7,3,0,否,A,research,0.82,0.5,0.61,0.53,0.66,0.78,0.63,0.86,0.69,自住-首套,两室两厅,99,1738,老牌证券公司营业部经理,成熟期核心家庭,西湖边高精平层,无高端私密会所及管家式物业配套，圈层鱼龙混杂，高净值居住体验差。,讲究超高得房率（超85%），主卧套房必须配备独立步入式衣帽间与干湿分离双卫。,主要在陆家嘴/徐家汇CBD上班，首选地铁2/9号线沿线，通勤半小时内。,周末常去高端商圈消费，热衷打网球和马术，重度手冲咖啡及黑胶唱片发烧友。,夫妻双方积蓄 + 双方父母出资赞助首付 + 公积金商业组合贷款,重性价比，不盲信大牌，但要求物业管理有序、绿化修剪及时、人防技防规范。,常年本地稳定居住，工作日职住通勤动线规则单一。
上_2003_00692,上海,2003,外籍海归,30,男,1.8,9.9,0.4,18.5,2,0,否,A,social,0.61,0.48,0.53,0.46,0.8,0.77,0.6,0.76,0.73,婚房,一室一厅,54,2946,合资日化企业技术主管,新婚过渡两居,市中心私密洋房住宅,无高端私密会所及管家式物业配套，圈层鱼龙混杂，高净值居住体验差。,讲究超高得房率（超85%），主卧套房必须配备独立步入式衣帽间与干湿分离双卫。,主要在陆家嘴/徐家汇CBD上班，首选地铁2/9号线沿线，通勤半小时内。,周末常去高端商圈消费，热衷打网球和马术，重度手冲咖啡及黑胶唱片发烧友。,夫妻双方积蓄 + 双方父母出资赞助首付 + 公积金商业组合贷款,非仁恒、绿城、万科等金牌开发商不买，极度看重高端精装质量与顶级物业的增值口碑。,常年本地稳定居住，工作日职住通勤动线规则单一。
上_2003_00693,上海,2003,教育型买房,32,女,2.1,19.4,0.4,36.3,3,1,否,B,social,0.93,0.52,0.45,0.46,0.76,0.62,0.63,1,0.68,学区房,两室一厅,67,3359,国企车间技术主任,三口之家(幼龄段),上海中环品质两居，车位及空间极其拥挤,小区无地下车库且人车不分流，小孩在楼下玩耍或者推婴儿车极为不安全。,核心要求地块属于第一梯队名校学区，且周边500米内解决幼小衔接教育配套。,主要在陆家嘴/徐家汇CBD上班，首选地铁2/9号线沿线，通勤半小时内。,倡导轻户外，周末常带家人自驾野营或山系徒步，注重生活情调与手作咖啡。,名下持有一套旧两居，置换回款 65% + 个人理财储蓄补充 + 公积金商业贷,重性价比，不盲信大牌，但要求物业管理有序、绿化修剪及时、人防技防规范。,常年本地稳定居住，工作日职住通勤动线规则单一。
上_2003_00694,上海,2003,教育型买房,48,女,0.9,7.0,0.4,13.2,3,0,否,B,social,0.82,0.4,0.62,0.33,0.62,0.78,0.49,0.99,0.67,学区房,一室一厅,60,1385,区财政局科员,成熟期核心家庭,上海中环品质两居，车位及空间极其拥挤,老小区隔音差，邻里滋扰严重，且车位严重匮乏，每晚加班回来抢车位像打仗。,讲究超高得房率（超85%），主卧套房必须配备独立步入式衣帽间与干湿分离双卫。,主要在陆家嘴/徐家汇CBD上班，首选地铁2/9号线沿线，通勤半小时内。,倡导轻户外，周末常带家人自驾野营或山系徒步，注重生活情调与手作咖啡。,名下持有一套旧两居，置换回款 65% + 个人理财储蓄补充 + 公积金商业贷,重性价比，不盲信大牌，但要求物业管理有序、绿化修剪及时、人防技防规范。,常年本地稳定居住，工作日职住通勤动线规则单一。
上_2003_00695,上海,2003,长三角家庭,53,男,1.1,7.4,0.45,12.3,4,3,是,B,agent,0.81,0.54,0.64,0.52,0.59,0.89,0.39,0.63,0.64,自住-改善,两室一厅,59,1048,邮政局局长秘书,二胎黄金期中大户型,上海中环品质两居，车位及空间极其拥挤,小区无地下车库且人车不分流，小孩在楼下玩耍或者推婴儿车极为不安全。,讲究超高得房率（超85%），主卧套房必须配备独立步入式衣帽间与干湿分离双卫。,主要在陆家嘴/徐家汇CBD上班，首选地铁2/9号线沿线，通勤半小时内。,倡导轻户外，周末常带家人自驾野营或山系徒步，注重生活情调与手作咖啡。,名下持有一套旧两居，置换回款 65% + 个人理财储蓄补充 + 公积金商业贷,重性价比，不盲信大牌，但要求物业管理有序、绿化修剪及时、人防技防规范。,常年本地稳定居住，工作日职住通勤动线规则单一。
上_2003_00696,上海,2003,外籍海归,38,女,1.6,13.3,0.4,24.9,3,1,否,A,social,0.92,0.65,0.57,0.59,0.74,0.76,0.59,0.98,0.74,自住-改善,两室两厅,61,2955,外企驻沪办事处代表,三口之家(学龄段),西湖边高精平层,无高端私密会所及管家式物业配套，圈层鱼龙混杂，高净值居住体验差。,讲究超高得房率（超85%），主卧套房必须配备独立步入式衣帽间与干湿分离双卫。,主要在陆家嘴/徐家汇CBD上班，首选地铁2/9号线沿线，通勤半小时内。,周末常去高端商圈消费，热衷打网球和马术，重度手冲咖啡及黑胶唱片发烧友。,名下已有企业股权套现或分红现金，一次性全款付清，基本不加杠杆,非仁恒、绿城、万科等金牌开发商不买，极度看重高端精装质量与顶级物业的增值口碑。,常年本地稳定居住，工作日职住通勤动线规则单一。
上_2003_00697,上海,2003,教育型买房,32,女,1.5,13.2,0.4,24.8,3,1,否,B,social,0.72,0.56,0.28,0.29,0.69,0.57,0.59,0.92,0.5,学区房,两室两厅,85,2117,区财政局科员,三口之家(幼龄段),上海中环品质两居，车位及空间极其拥挤,小区无地下车库且人车不分流，小孩在楼下玩耍或者推婴儿车极为不安全。,核心要求地块属于第一梯队名校学区，且周边500米内解决幼小衔接教育配套。,主要在陆家嘴/徐家汇CBD上班，首选地铁2/9号线沿线，通勤半小时内。,倡导轻户外，周末常带家人自驾野营或山系徒步，注重生活情调与手作咖啡。,名下持有一套旧两居，置换回款 65% + 个人理财储蓄补充 + 公积金商业贷,重性价比，不盲信大牌，但要求物业管理有序、绿化修剪及时、人防技防规范。,常年本地稳定居住，工作日职住通勤动线规则单一。
上_2003_00698,上海,2003,本地改善,55,男,1.2,11.2,0.45,18.7,4,2,是,B,agent,0.78,0.65,0.6,0.47,0.55,0.81,0.73,0.92,0.47,自住-改善,两室一厅,51,2756,邮政局局长秘书,二胎黄金期中大户型,上海中环品质两居，车位及空间极其拥挤,小区无地下车库且人车不分流，小孩在楼下玩耍或者推婴儿车极为不安全。,讲究超高得房率（超85%），主卧套房必须配备独立步入式衣帽间与干湿分离双卫。,主要在陆家嘴/徐家汇CBD上班，首选地铁2/9号线沿线，通勤半小时内。,倡导轻户外，周末常带家人自驾野营或山系徒步，注重生活情调与手作咖啡。,名下持有一套旧两居，置换回款 65% + 个人理财储蓄补充 + 公积金商业贷,重性价比，不盲信大牌，但要求物业管理有序、绿化修剪及时、人防技防规范。,常年本地稳定居住，工作日职住通勤动线规则单一。
上_2003_00699,上海,2003,金融精英,38,女,2.1,16.3,0.4,30.6,4,1,否,A,research,0.78,0.46,0.63,0.72,0.81,0.72,0.73,0.75,0.74,自住-改善,一室一厅,81,2456,老牌证券公司营业部经理,三口之家(学龄段),西湖边高精平层,无高端私密会所及管家式物业配套，圈层鱼龙混杂，高净值居住体验差。,要求独立电梯入户，主次卧动线分明，配备独立保姆房和私密后院。,主要在陆家嘴/徐家汇CBD上班，首选地铁2/9号线沿线，通勤半小时内。,周末常去高端商圈消费，热衷打网球和马术，重度手冲咖啡及黑胶唱片发烧友。,名下已有企业股权套现或分红现金，一次性全款付清，基本不加杠杆,非仁恒、绿城、万科等金牌开发商不买，极度看重高端精装质量与顶级物业的增值口碑。,常年本地稳定居住，工作日职住通勤动线规则单一。
上_2003_00700,上海,2003,教育型买房,41,女,1.7,13.5,0.4,25.3,3,1,是,B,social,0.94,0.42,0.47,0.31,0.6,0.64,0.71,0.98,0.55,学区房,两室一厅,84,1836,区财政局科员,三口之家(学龄段),上海中环品质两居，车位及空间极其拥挤,小区无地下车库且人车不分流，小孩在楼下玩耍或者推婴儿车极为不安全。,核心要求地块属于第一梯队名校学区，且周边500米内解决幼小衔接教育配套。,主要在陆家嘴/徐家汇CBD上班，首选地铁2/9号线沿线，通勤半小时内。,倡导轻户外，周末常带家人自驾野营或山系徒步，注重生活情调与手作咖啡。,名下持有一套旧两居，置换回款 65% + 个人理财储蓄补充 + 公积金商业贷,重性价比，不盲信大牌，但要求物业管理有序、绿化修剪及时、人防技防规范。,常年本地稳定居住，工作日职住通勤动线规则单一。
上_2003_00701,上海,2003,金融精英,32,男,4.1,29.4,0.4,55.1,2,1,是,A,research,0.69,0.42,0.69,0.56,0.8,0.72,0.6,0.78,0.93,婚房,两室两厅,73,6088,老牌证券公司营业部经理,三口之家(幼龄段),陆家嘴核心区江景大平层,当前房屋属于旧多层无电梯房，父母年纪渐高每天爬楼梯极为吃力。,讲究超高得房率（超85%），主卧套房必须配备独立步入式衣帽间与干湿分离双卫。,主要在陆家嘴/徐家汇CBD上班，首选地铁2/9号线沿线，通勤半小时内。,周末常去高端商圈消费，热衷打网球和马术，重度手冲咖啡及黑胶唱片发烧友。,夫妻双方积蓄 + 双方父母出资赞助首付 + 公积金商业组合贷款,非仁恒、绿城、万科等金牌开发商不买，极度看重高端精装质量与顶级物业的增值口碑。,常年本地稳定居住，工作日职住通勤动线规则单一。
上_2003_00702,上海,2003,本地改善,46,男,0.7,8.5,0.45,14.2,5,3,是,B,agent,0.6,0.57,0.67,0.52,0.42,0.87,0.6,0.78,0.69,自住-改善,一室一厅,60,1589,区财政局科员,二胎黄金期中大户型,上海中环品质两居，车位及空间极其拥挤,小区无地下车库且人车不分流，小孩在楼下玩耍或者推婴儿车极为不安全。,讲究超高得房率（超85%），主卧套房必须配备独立步入式衣帽间与干湿分离双卫。,主要在陆家嘴/徐家汇CBD上班，首选地铁2/9号线沿线，通勤半小时内。,倡导轻户外，周末常带家人自驾野营或山系徒步，注重生活情调与手作咖啡。,名下持有一套旧两居，置换回款 65% + 个人理财储蓄补充 + 公积金商业贷,重性价比，不盲信大牌，但要求物业管理有序、绿化修剪及时、人防技防规范。,常年本地稳定居住，工作日职住通勤动线规则单一。
上_2003_00703,上海,2003,教育型买房,34,男,1.3,8.7,0.4,16.4,4,1,是,B,social,0.84,0.36,0.41,0.37,0.6,0.63,0.61,0.99,0.5,学区房,一室一厅,51,1653,市第二中学地理教师,三口之家(幼龄段),上海中环品质两居，车位及空间极其拥挤,小区无地下车库且人车不分流，小孩在楼下玩耍或者推婴儿车极为不安全。,核心要求地块属于第一梯队名校学区，且周边500米内解决幼小衔接教育配套。,主要在陆家嘴/徐家汇CBD上班，首选地铁2/9号线沿线，通勤半小时内。,倡导轻户外，周末常带家人自驾野营或山系徒步，注重生活情调与手作咖啡。,名下持有一套旧两居，置换回款 65% + 个人理财储蓄补充 + 公积金商业贷,重性价比，不盲信大牌，但要求物业管理有序、绿化修剪及时、人防技防规范。,常年本地稳定居住，工作日职住通勤动线规则单一。
上_2003_00704,上海,2003,金融精英,42,女,2.0,18.8,0.4,35.2,3,1,否,A,research,0.73,0.56,0.58,0.65,0.72,0.84,0.71,0.78,0.83,自住-改善,一室一厅,61,4199,商业银行支行信贷科长,三口之家(学龄段),市中心私密洋房住宅,无高端私密会所及管家式物业配套，圈层鱼龙混杂，高净值居住体验差。,讲究超高得房率（超85%），主卧套房必须配备独立步入式衣帽间与干湿分离双卫。,主要在陆家嘴/徐家汇CBD上班，首选地铁2/9号线沿线，通勤半小时内。,周末常去高端商圈消费，热衷打网球和马术，重度手冲咖啡及黑胶唱片发烧友。,名下已有企业股权套现或分红现金，一次性全款付清，基本不加杠杆,非仁恒、绿城、万科等金牌开发商不买，极度看重高端精装质量与顶级物业的增值口碑。,常年本地稳定居住，工作日职住通勤动线规则单一。
上_2003_00705,上海,2003,本地改善,54,女,1.0,9.2,0.45,15.3,5,2,是,B,agent,0.76,0.53,0.68,0.52,0.5,0.8,0.73,0.6,0.66,自住-改善,两室两厅,65,1644,区财政局科员,二胎黄金期中大户型,上海中环品质两居，车位及空间极其拥挤,小区无地下车库且人车不分流，小孩在楼下玩耍或者推婴儿车极为不安全。,讲究超高得房率（超85%），主卧套房必须配备独立步入式衣帽间与干湿分离双卫。,主要在陆家嘴/徐家汇CBD上班，首选地铁2/9号线沿线，通勤半小时内。,倡导轻户外，周末常带家人自驾野营或山系徒步，注重生活情调与手作咖啡。,名下持有一套旧两居，置换回款 65% + 个人理财储蓄补充 + 公积金商业贷,重性价比，不盲信大牌，但要求物业管理有序、绿化修剪及时、人防技防规范。,常年本地稳定居住，工作日职住通勤动线规则单一。
上_2003_00706,上海,2003,本地改善,50,男,1.0,8.0,0.45,13.3,2,2,否,B,agent,0.96,0.54,0.56,0.47,0.49,0.84,0.61,0.74,0.52,自住-改善,两室两厅,75,1170,邮政局局长秘书,二胎黄金期中大户型,上海中环品质两居，车位及空间极其拥挤,小区无地下车库且人车不分流，小孩在楼下玩耍或者推婴儿车极为不安全。,讲究超高得房率（超85%），主卧套房必须配备独立步入式衣帽间与干湿分离双卫。,主要在陆家嘴/徐家汇CBD上班，首选地铁2/9号线沿线，通勤半小时内。,倡导轻户外，周末常带家人自驾野营或山系徒步，注重生活情调与手作咖啡。,名下持有一套旧两居，置换回款 65% + 个人理财储蓄补充 + 公积金商业贷,重性价比，不盲信大牌，但要求物业管理有序、绿化修剪及时、人防技防规范。,常年本地稳定居住，工作日职住通勤动线规则单一。
上_2003_00707,上海,2003,教育型买房,32,女,0.5,5.4,0.4,10.0,3,2,否,B,social,0.98,0.61,0.51,0.55,0.69,0.66,0.55,0.96,0.62,学区房,两室两厅,77,947,市第二中学地理教师,二胎黄金期中大户型,上海中环品质两居，车位及空间极其拥挤,小区无地下车库且人车不分流，小孩在楼下玩耍或者推婴儿车极为不安全。,核心要求地块属于第一梯队名校学区，且周边500米内解决幼小衔接教育配套。,主要在陆家嘴/徐家汇CBD上班，首选地铁2/9号线沿线，通勤半小时内。,倡导轻户外，周末常带家人自驾野营或山系徒步，注重生活情调与手作咖啡。,名下持有一套旧两居，置换回款 65% + 个人理财储蓄补充 + 公积金商业贷,重性价比，不盲信大牌，但要求物业管理有序、绿化修剪及时、人防技防规范。,常年本地稳定居住，工作日职住通勤动线规则单一。
上_2003_00708,上海,2003,外籍海归,30,女,1.6,9.3,0.4,17.4,3,1,否,A,social,0.57,0.58,0.66,0.4,0.88,0.74,0.68,0.78,0.77,自住-首套,一室一厅,92,1557,合资日化企业技术主管,三口之家(幼龄段),陆家嘴核心区江景大平层,无高端私密会所及管家式物业配套，圈层鱼龙混杂，高净值居住体验差。,讲究超高得房率（超85%），主卧套房必须配备独立步入式衣帽间与干湿分离双卫。,主要在陆家嘴/徐家汇CBD上班，首选地铁2/9号线沿线，通勤半小时内。,周末常去高端商圈消费，热衷打网球和马术，重度手冲咖啡及黑胶唱片发烧友。,夫妻双方积蓄 + 双方父母出资赞助首付 + 公积金商业组合贷款,非仁恒、绿城、万科等金牌开发商不买，极度看重高端精装质量与顶级物业的增值口碑。,常年本地稳定居住，工作日职住通勤动线规则单一。
上_2003_00709,上海,2003,金融精英,45,男,1.7,14.1,0.4,26.5,2,1,否,A,research,0.54,0.36,0.67,0.75,0.62,0.77,0.77,0.75,0.76,自住-改善,一室一厅,82,1839,老牌证券公司营业部经理,三口之家(学龄段),陆家嘴核心区江景大平层,无高端私密会所及管家式物业配套，圈层鱼龙混杂，高净值居住体验差。,要求独立电梯入户，主次卧动线分明，配备独立保姆房和私密后院。,主要在陆家嘴/徐家汇CBD上班，首选地铁2/9号线沿线，通勤半小时内。,周末常去高端商圈消费，热衷打网球和马术，重度手冲咖啡及黑胶唱片发烧友。,名下已有企业股权套现或分红现金，一次性全款付清，基本不加杠杆,非仁恒、绿城、万科等金牌开发商不买，极度看重高端精装质量与顶级物业的增值口碑。,常年本地稳定居住，工作日职住通勤动线规则单一。
上_2003_00710,上海,2003,教育型买房,45,女,0.7,4.7,0.4,8.9,3,1,否,B,social,0.63,0.56,0.41,0.4,0.68,0.8,0.49,1,0.51,学区房,两室一厅,53,936,市第二中学地理教师,三口之家(学龄段),上海中环品质两居，车位及空间极其拥挤,小区无地下车库且人车不分流，小孩在楼下玩耍或者推婴儿车极为不安全。,讲究超高得房率（超85%），主卧套房必须配备独立步入式衣帽间与干湿分离双卫。,主要在陆家嘴/徐家汇CBD上班，首选地铁2/9号线沿线，通勤半小时内。,倡导轻户外，周末常带家人自驾野营或山系徒步，注重生活情调与手作咖啡。,名下持有一套旧两居，置换回款 65% + 个人理财储蓄补充 + 公积金商业贷,重性价比，不盲信大牌，但要求物业管理有序、绿化修剪及时、人防技防规范。,常年本地稳定居住，工作日职住通勤动线规则单一。
上_2003_00711,上海,2003,本地改善,55,女,1.2,14.3,0.45,23.8,5,1,是,B,agent,0.9,0.52,0.73,0.65,0.66,0.74,0.52,0.71,0.73,自住-改善,两室一厅,69,2067,邮政局局长秘书,三口之家(学龄段),上海中环品质两居，车位及空间极其拥挤,小区无地下车库且人车不分流，小孩在楼下玩耍或者推婴儿车极为不安全。,要求有超大面宽南向双阳台（观景家政分离），主卧大飘窗能270度直面自然景观。,主要在陆家嘴/徐家汇CBD上班，首选地铁2/9号线沿线，通勤半小时内。,倡导轻户外，周末常带家人自驾野营或山系徒步，注重生活情调与手作咖啡。,名下持有一套旧两居，置换回款 65% + 个人理财储蓄补充 + 公积金商业贷,非仁恒、绿城、万科等金牌开发商不买，极度看重高端精装质量与顶级物业的增值口碑。,常年本地稳定居住，工作日职住通勤动线规则单一。
上_2003_00712,上海,2003,教育型买房,40,男,1.2,9.6,0.4,18.0,3,2,是,B,social,0.86,0.42,0.43,0.36,0.54,0.59,0.45,1,0.65,学区房,两室一厅,54,2731,国企车间技术主任,二胎黄金期中大户型,上海中环品质两居，车位及空间极其拥挤,小区无地下车库且人车不分流，小孩在楼下玩耍或者推婴儿车极为不安全。,核心要求地块属于第一梯队名校学区，且周边500米内解决幼小衔接教育配套。,主要在陆家嘴/徐家汇CBD上班，首选地铁2/9号线沿线，通勤半小时内。,倡导轻户外，周末常带家人自驾野营或山系徒步，注重生活情调与手作咖啡。,名下持有一套旧两居，置换回款 65% + 个人理财储蓄补充 + 公积金商业贷,重性价比，不盲信大牌，但要求物业管理有序、绿化修剪及时、人防技防规范。,常年本地稳定居住，工作日职住通勤动线规则单一。
上_2003_00713,上海,2003,金融精英,50,男,2.3,13.8,0.4,25.9,3,1,否,A,research,1,0.42,0.67,0.59,0.74,0.86,0.69,0.85,0.8,自住-首套,一室一厅,79,2432,申银万国证券分析员,三口之家(学龄段),陆家嘴核心区江景大平层,无高端私密会所及管家式物业配套，圈层鱼龙混杂，高净值居住体验差。,讲究超高得房率（超85%），主卧套房必须配备独立步入式衣帽间与干湿分离双卫。,主要在陆家嘴/徐家汇CBD上班，首选地铁2/9号线沿线，通勤半小时内。,周末常去高端商圈消费，热衷打网球和马术，重度手冲咖啡及黑胶唱片发烧友。,夫妻双方积蓄 + 双方父母出资赞助首付 + 公积金商业组合贷款,非仁恒、绿城、万科等金牌开发商不买，极度看重高端精装质量与顶级物业的增值口碑。,常年本地稳定居住，工作日职住通勤动线规则单一。
上_2003_00714,上海,2003,本地改善,56,男,0.7,8.0,0.45,13.3,4,2,否,B,agent,0.54,0.66,0.54,0.52,0.55,0.95,0.54,0.67,0.49,自住-改善,一室一厅,50,2230,邮政局局长秘书,二胎黄金期中大户型,上海中环品质两居，车位及空间极其拥挤,小区无地下车库且人车不分流，小孩在楼下玩耍或者推婴儿车极为不安全。,讲究超高得房率（超85%），主卧套房必须配备独立步入式衣帽间与干湿分离双卫。,主要在陆家嘴/徐家汇CBD上班，首选地铁2/9号线沿线，通勤半小时内。,倡导轻户外，周末常带家人自驾野营或山系徒步，注重生活情调与手作咖啡。,名下持有一套旧两居，置换回款 65% + 个人理财储蓄补充 + 公积金商业贷,重性价比，不盲信大牌，但要求物业管理有序、绿化修剪及时、人防技防规范。,常年本地稳定居住，工作日职住通勤动线规则单一。
上_2003_00715,上海,2003,教育型买房,36,男,1.1,7.7,0.4,14.4,2,1,否,B,social,1,0.64,0.6,0.4,0.58,0.64,0.44,0.87,0.66,学区房,两室两厅,82,1545,国企车间技术主任,三口之家(幼龄段),上海中环品质两居，车位及空间极其拥挤,小区无地下车库且人车不分流，小孩在楼下玩耍或者推婴儿车极为不安全。,核心要求地块属于第一梯队名校学区，且周边500米内解决幼小衔接教育配套。,主要在陆家嘴/徐家汇CBD上班，首选地铁2/9号线沿线，通勤半小时内。,倡导轻户外，周末常带家人自驾野营或山系徒步，注重生活情调与手作咖啡。,名下持有一套旧两居，置换回款 65% + 个人理财储蓄补充 + 公积金商业贷,重性价比，不盲信大牌，但要求物业管理有序、绿化修剪及时、人防技防规范。,常年本地稳定居住，工作日职住通勤动线规则单一。
上_2003_00716,上海,2003,金融精英,48,男,2.0,15.2,0.4,28.4,3,1,否,A,research,0.89,0.56,0.83,0.47,0.79,0.88,0.59,0.73,0.77,自住-改善,一室一厅,91,1868,申银万国证券分析员,三口之家(学龄段),市中心私密洋房住宅,无高端私密会所及管家式物业配套，圈层鱼龙混杂，高净值居住体验差。,要求有超大面宽南向双阳台（观景家政分离），主卧大飘窗能270度直面自然景观。,主要在陆家嘴/徐家汇CBD上班，首选地铁2/9号线沿线，通勤半小时内。,周末常去高端商圈消费，热衷打网球和马术，重度手冲咖啡及黑胶唱片发烧友。,名下已有企业股权套现或分红现金，一次性全款付清，基本不加杠杆,非仁恒、绿城、万科等金牌开发商不买，极度看重高端精装质量与顶级物业的增值口碑。,常年本地稳定居住，工作日职住通勤动线规则单一。
上_2003_00717,上海,2003,长三角家庭,54,女,0.6,4.2,0.45,7.0,4,1,是,B,agent,0.66,0.59,0.75,0.49,0.41,0.83,0.49,0.69,0.52,自住-首套,一室一厅,83,552,国企车间技术主任,三口之家(学龄段),上海中环品质两居，车位及空间极其拥挤,小区无地下车库且人车不分流，小孩在楼下玩耍或者推婴儿车极为不安全。,要求有超大面宽南向双阳台（观景家政分离），主卧大飘窗能270度直面自然景观。,主要在陆家嘴/徐家汇CBD上班，首选地铁2/9号线沿线，通勤半小时内。,倡导轻户外，周末常带家人自驾野营或山系徒步，注重生活情调与手作咖啡。,夫妻双方积蓄 + 双方父母出资赞助首付 + 公积金商业组合贷款,重性价比，不盲信大牌，但要求物业管理有序、绿化修剪及时、人防技防规范。,常年本地稳定居住，工作日职住通勤动线规则单一。
上_2003_00718,上海,2003,本地改善,43,男,0.6,6.8,0.45,11.3,4,2,否,B,agent,0.98,0.46,0.71,0.51,0.57,0.89,0.55,0.69,0.56,自住-改善,一室一厅,68,836,邮政局局长秘书,二胎黄金期中大户型,上海中环品质两居，车位及空间极其拥挤,小区无地下车库且人车不分流，小孩在楼下玩耍或者推婴儿车极为不安全。,要求有超大面宽南向双阳台（观景家政分离），主卧大飘窗能270度直面自然景观。,主要在陆家嘴/徐家汇CBD上班，首选地铁2/9号线沿线，通勤半小时内。,倡导轻户外，周末常带家人自驾野营或山系徒步，注重生活情调与手作咖啡。,名下持有一套旧两居，置换回款 65% + 个人理财储蓄补充 + 公积金商业贷,重性价比，不盲信大牌，但要求物业管理有序、绿化修剪及时、人防技防规范。,常年本地稳定居住，工作日职住通勤动线规则单一。
上_2003_00719,上海,2003,本地改善,42,女,1.1,12.0,0.45,20.1,3,3,否,B,agent,0.76,0.51,0.61,0.52,0.6,0.83,0.74,0.69,0.68,自住-改善,两室一厅,57,2302,区财政局科员,二胎黄金期中大户型,上海中环品质两居，车位及空间极其拥挤,小区无地下车库且人车不分流，小孩在楼下玩耍或者推婴儿车极为不安全。,讲究超高得房率（超85%），主卧套房必须配备独立步入式衣帽间与干湿分离双卫。,主要在陆家嘴/徐家汇CBD上班，首选地铁2/9号线沿线，通勤半小时内。,倡导轻户外，周末常带家人自驾野营或山系徒步，注重生活情调与手作咖啡。,名下持有一套旧两居，置换回款 65% + 个人理财储蓄补充 + 公积金商业贷,重性价比，不盲信大牌，但要求物业管理有序、绿化修剪及时、人防技防规范。,常年本地稳定居住，工作日职住通勤动线规则单一。
上_2003_00720,上海,2003,本地改善,56,女,1.5,11.8,0.45,19.7,3,3,是,B,agent,0.78,0.56,0.52,0.53,0.51,0.78,0.68,0.77,0.65,自住-改善,两室一厅,80,2014,邮政局局长秘书,二胎黄金期中大户型,上海中环品质两居，车位及空间极其拥挤,小区无地下车库且人车不分流，小孩在楼下玩耍或者推婴儿车极为不安全。,讲究超高得房率（超85%），主卧套房必须配备独立步入式衣帽间与干湿分离双卫。,主要在陆家嘴/徐家汇CBD上班，首选地铁2/9号线沿线，通勤半小时内。,倡导轻户外，周末常带家人自驾野营或山系徒步，注重生活情调与手作咖啡。,名下持有一套旧两居，置换回款 65% + 个人理财储蓄补充 + 公积金商业贷,重性价比，不盲信大牌，但要求物业管理有序、绿化修剪及时、人防技防规范。,常年本地稳定居住，工作日职住通勤动线规则单一。
上_2003_00721,上海,2003,金融精英,36,男,2.3,17.9,0.4,33.7,3,1,否,A,research,0.97,0.45,0.7,0.63,0.76,0.66,0.61,0.78,0.81,自住-改善,两室两厅,87,2899,申银万国证券分析员,三口之家(幼龄段),市中心私密洋房住宅,无高端私密会所及管家式物业配套，圈层鱼龙混杂，高净值居住体验差。,要求有超大面宽南向双阳台（观景家政分离），主卧大飘窗能270度直面自然景观。,主要在陆家嘴/徐家汇CBD上班，首选地铁2/9号线沿线，通勤半小时内。,周末常去高端商圈消费，热衷打网球和马术，重度手冲咖啡及黑胶唱片发烧友。,名下已有企业股权套现或分红现金，一次性全款付清，基本不加杠杆,非仁恒、绿城、万科等金牌开发商不买，极度看重高端精装质量与顶级物业的增值口碑。,常年本地稳定居住，工作日职住通勤动线规则单一。
上_2003_00722,上海,2003,教育型买房,33,男,0.7,5.0,0.4,9.3,3,2,否,B,social,1,0.59,0.41,0.52,0.53,0.9,0.41,1,0.63,学区房,两室两厅,74,1024,区财政局科员,二胎黄金期中大户型,上海中环品质两居，车位及空间极其拥挤,小区无地下车库且人车不分流，小孩在楼下玩耍或者推婴儿车极为不安全。,讲究超高得房率（超85%），主卧套房必须配备独立步入式衣帽间与干湿分离双卫。,主要在陆家嘴/徐家汇CBD上班，首选地铁2/9号线沿线，通勤半小时内。,倡导轻户外，周末常带家人自驾野营或山系徒步，注重生活情调与手作咖啡。,名下持有一套旧两居，置换回款 65% + 个人理财储蓄补充 + 公积金商业贷,重性价比，不盲信大牌，但要求物业管理有序、绿化修剪及时、人防技防规范。,常年本地稳定居住，工作日职住通勤动线规则单一。
上_2003_00723,上海,2003,长三角家庭,35,女,0.9,6.8,0.45,11.3,3,2,是,B,agent,0.91,0.49,0.6,0.53,0.59,0.66,0.39,0.71,0.56,自住-首套,一室一厅,79,1119,市第二中学地理教师,二胎黄金期中大户型,上海中环品质两居，车位及空间极其拥挤,小区无地下车库且人车不分流，小孩在楼下玩耍或者推婴儿车极为不安全。,核心要求地块属于第一梯队名校学区，且周边500米内解决幼小衔接教育配套。,主要在陆家嘴/徐家汇CBD上班，首选地铁2/9号线沿线，通勤半小时内。,倡导轻户外，周末常带家人自驾野营或山系徒步，注重生活情调与手作咖啡。,夫妻双方积蓄 + 双方父母出资赞助首付 + 公积金商业组合贷款,重性价比，不盲信大牌，但要求物业管理有序、绿化修剪及时、人防技防规范。,常年本地稳定居住，工作日职住通勤动线规则单一。
上_2003_00724,上海,2003,教育型买房,40,男,1.3,10.3,0.4,19.4,3,1,否,B,social,0.74,0.46,0.24,0.29,0.51,0.66,0.62,0.92,0.64,学区房,一室一厅,88,1953,邮政局局长秘书,三口之家(学龄段),上海中环品质两居，车位及空间极其拥挤,小区无地下车库且人车不分流，小孩在楼下玩耍或者推婴儿车极为不安全。,核心要求地块属于第一梯队名校学区，且周边500米内解决幼小衔接教育配套。,主要在陆家嘴/徐家汇CBD上班，首选地铁2/9号线沿线，通勤半小时内。,倡导轻户外，周末常带家人自驾野营或山系徒步，注重生活情调与手作咖啡。,名下持有一套旧两居，置换回款 65% + 个人理财储蓄补充 + 公积金商业贷,重性价比，不盲信大牌，但要求物业管理有序、绿化修剪及时、人防技防规范。,常年本地稳定居住，工作日职住通勤动线规则单一。
上_2003_00725,上海,2003,教育型买房,35,女,0.8,8.8,0.4,16.4,4,1,是,B,social,0.89,0.48,0.46,0.34,0.63,0.79,0.53,0.97,0.62,学区房,一室一厅,55,2409,区财政局科员,三口之家(幼龄段),上海中环品质两居，车位及空间极其拥挤,小区无地下车库且人车不分流，小孩在楼下玩耍或者推婴儿车极为不安全。,讲究超高得房率（超85%），主卧套房必须配备独立步入式衣帽间与干湿分离双卫。,主要在陆家嘴/徐家汇CBD上班，首选地铁2/9号线沿线，通勤半小时内。,倡导轻户外，周末常带家人自驾野营或山系徒步，注重生活情调与手作咖啡。,名下持有一套旧两居，置换回款 65% + 个人理财储蓄补充 + 公积金商业贷,重性价比，不盲信大牌，但要求物业管理有序、绿化修剪及时、人防技防规范。,常年本地稳定居住，工作日职住通勤动线规则单一。
上_2003_00726,上海,2003,本地改善,50,男,0.5,5.8,0.45,9.6,3,2,是,B,agent,0.71,0.56,0.55,0.46,0.31,0.78,0.55,0.73,0.62,自住-改善,两室两厅,61,1207,邮政局局长秘书,二胎黄金期中大户型,上海中环品质两居，车位及空间极其拥挤,小区无地下车库且人车不分流，小孩在楼下玩耍或者推婴儿车极为不安全。,讲究超高得房率（超85%），主卧套房必须配备独立步入式衣帽间与干湿分离双卫。,主要在陆家嘴/徐家汇CBD上班，首选地铁2/9号线沿线，通勤半小时内。,倡导轻户外，周末常带家人自驾野营或山系徒步，注重生活情调与手作咖啡。,名下持有一套旧两居，置换回款 65% + 个人理财储蓄补充 + 公积金商业贷,重性价比，不盲信大牌，但要求物业管理有序、绿化修剪及时、人防技防规范。,常年本地稳定居住，工作日职住通勤动线规则单一。
上_2003_00727,上海,2003,教育型买房,47,男,0.9,7.9,0.4,14.9,3,0,是,B,social,0.7,0.4,0.27,0.34,0.63,0.64,0.38,1.0,0.73,学区房,两室两厅,100,939,市第二中学地理教师,成熟期核心家庭,上海中环品质两居，车位及空间极其拥挤,当前房屋属于旧多层无电梯房，父母年纪渐高每天爬楼梯极为吃力。,核心要求地块属于第一梯队名校学区，且周边500米内解决幼小衔接教育配套。,主要在陆家嘴/徐家汇CBD上班，首选地铁2/9号线沿线，通勤半小时内。,倡导轻户外，周末常带家人自驾野营或山系徒步，注重生活情调与手作咖啡。,名下持有一套旧两居，置换回款 65% + 个人理财储蓄补充 + 公积金商业贷,非仁恒、绿城、万科等金牌开发商不买，极度看重高端精装质量与顶级物业的增值口碑。,常年本地稳定居住，工作日职住通勤动线规则单一。
上_2003_00728,上海,2003,教育型买房,38,女,1.3,9.2,0.4,17.2,3,1,否,B,social,0.89,0.5,0.48,0.42,0.64,0.57,0.49,0.84,0.6,学区房,两室一厅,59,2103,国企车间技术主任,三口之家(学龄段),上海中环品质两居，车位及空间极其拥挤,小区无地下车库且人车不分流，小孩在楼下玩耍或者推婴儿车极为不安全。,核心要求地块属于第一梯队名校学区，且周边500米内解决幼小衔接教育配套。,主要在陆家嘴/徐家汇CBD上班，首选地铁2/9号线沿线，通勤半小时内。,倡导轻户外，周末常带家人自驾野营或山系徒步，注重生活情调与手作咖啡。,名下持有一套旧两居，置换回款 65% + 个人理财储蓄补充 + 公积金商业贷,重性价比，不盲信大牌，但要求物业管理有序、绿化修剪及时、人防技防规范。,常年本地稳定居住，工作日职住通勤动线规则单一。
上_2003_00729,上海,2003,本地改善,56,女,1.2,12.1,0.45,20.2,5,2,否,B,agent,1,0.55,0.59,0.52,0.51,0.87,0.71,0.72,0.55,自住-改善,两室一厅,62,2278,国企车间技术主任,二胎黄金期中大户型,上海中环品质两居，车位及空间极其拥挤,小区无地下车库且人车不分流，小孩在楼下玩耍或者推婴儿车极为不安全。,讲究超高得房率（超85%），主卧套房必须配备独立步入式衣帽间与干湿分离双卫。,主要在陆家嘴/徐家汇CBD上班，首选地铁2/9号线沿线，通勤半小时内。,倡导轻户外，周末常带家人自驾野营或山系徒步，注重生活情调与手作咖啡。,名下持有一套旧两居，置换回款 65% + 个人理财储蓄补充 + 公积金商业贷,重性价比，不盲信大牌，但要求物业管理有序、绿化修剪及时、人防技防规范。,常年本地稳定居住，工作日职住通勤动线规则单一。
上_2003_00730,上海,2003,金融精英,44,男,1.0,6.6,0.4,12.4,3,1,否,A,research,0.68,0.42,0.53,0.62,0.58,0.89,0.62,0.64,0.86,自住-首套,两室两厅,93,786,申银万国证券分析员,三口之家(学龄段),陆家嘴核心区江景大平层,无高端私密会所及管家式物业配套，圈层鱼龙混杂，高净值居住体验差。,讲究超高得房率（超85%），主卧套房必须配备独立步入式衣帽间与干湿分离双卫。,主要在陆家嘴/徐家汇CBD上班，首选地铁2/9号线沿线，通勤半小时内。,周末常去高端商圈消费，热衷打网球和马术，重度手冲咖啡及黑胶唱片发烧友。,夫妻双方积蓄 + 双方父母出资赞助首付 + 公积金商业组合贷款,非仁恒、绿城、万科等金牌开发商不买，极度看重高端精装质量与顶级物业的增值口碑。,常年本地稳定居住，工作日职住通勤动线规则单一。
上_2003_00731,上海,2003,本地改善,44,男,1.2,14.3,0.45,23.8,5,2,是,B,agent,0.6,0.48,0.46,0.56,0.57,0.96,0.54,0.6,0.75,自住-改善,两室两厅,94,1614,区财政局科员,二胎黄金期中大户型,上海中环品质两居，车位及空间极其拥挤,小区无地下车库且人车不分流，小孩在楼下玩耍或者推婴儿车极为不安全。,讲究超高得房率（超85%），主卧套房必须配备独立步入式衣帽间与干湿分离双卫。,主要在陆家嘴/徐家汇CBD上班，首选地铁2/9号线沿线，通勤半小时内。,倡导轻户外，周末常带家人自驾野营或山系徒步，注重生活情调与手作咖啡。,名下持有一套旧两居，置换回款 65% + 个人理财储蓄补充 + 公积金商业贷,非仁恒、绿城、万科等金牌开发商不买，极度看重高端精装质量与顶级物业的增值口碑。,常年本地稳定居住，工作日职住通勤动线规则单一。
上_2003_00732,上海,2003,长三角家庭,43,女,1.2,8.8,0.45,14.7,5,2,是,B,agent,0.65,0.29,0.52,0.52,0.52,0.81,0.43,0.73,0.49,自住-首套,一室一厅,67,1110,区财政局科员,二胎黄金期中大户型,上海中环品质两居，车位及空间极其拥挤,小区无地下车库且人车不分流，小孩在楼下玩耍或者推婴儿车极为不安全。,讲究超高得房率（超85%），主卧套房必须配备独立步入式衣帽间与干湿分离双卫。,主要在陆家嘴/徐家汇CBD上班，首选地铁2/9号线沿线，通勤半小时内。,倡导轻户外，周末常带家人自驾野营或山系徒步，注重生活情调与手作咖啡。,夫妻双方积蓄 + 双方父母出资赞助首付 + 公积金商业组合贷款,重性价比，不盲信大牌，但要求物业管理有序、绿化修剪及时、人防技防规范。,常年本地稳定居住，工作日职住通勤动线规则单一。
上_2003_00733,上海,2003,外籍海归,35,男,1.7,9.1,0.4,17.1,2,1,否,A,social,0.73,0.6,0.59,0.53,0.77,0.73,0.66,0.97,0.72,自住-改善,两室两厅,92,1349,外企驻沪办事处代表,三口之家(幼龄段),陆家嘴核心区江景大平层,无高端私密会所及管家式物业配套，圈层鱼龙混杂，高净值居住体验差。,讲究超高得房率（超85%），主卧套房必须配备独立步入式衣帽间与干湿分离双卫。,主要在陆家嘴/徐家汇CBD上班，首选地铁2/9号线沿线，通勤半小时内。,周末常去高端商圈消费，热衷打网球和马术，重度手冲咖啡及黑胶唱片发烧友。,名下已有企业股权套现或分红现金，一次性全款付清，基本不加杠杆,非仁恒、绿城、万科等金牌开发商不买，极度看重高端精装质量与顶级物业的增值口碑。,常年本地稳定居住，工作日职住通勤动线规则单一。
上_2003_00734,上海,2003,本地改善,50,女,1.8,16.2,0.45,26.9,3,2,是,B,agent,0.7,0.42,0.48,0.49,0.72,0.9,0.63,0.76,0.57,自住-改善,一室一厅,58,4043,国企车间技术主任,二胎黄金期中大户型,上海中环品质两居，车位及空间极其拥挤,小区无地下车库且人车不分流，小孩在楼下玩耍或者推婴儿车极为不安全。,讲究超高得房率（超85%），主卧套房必须配备独立步入式衣帽间与干湿分离双卫。,主要在陆家嘴/徐家汇CBD上班，首选地铁2/9号线沿线，通勤半小时内。,倡导轻户外，周末常带家人自驾野营或山系徒步，注重生活情调与手作咖啡。,名下持有一套旧两居，置换回款 65% + 个人理财储蓄补充 + 公积金商业贷,重性价比，不盲信大牌，但要求物业管理有序、绿化修剪及时、人防技防规范。,常年本地稳定居住，工作日职住通勤动线规则单一。
上_2003_00735,上海,2003,教育型买房,36,男,2.1,18.7,0.4,35.2,3,2,是,B,social,1,0.5,0.42,0.33,0.54,0.67,0.61,0.91,0.64,学区房,两室两厅,97,2249,国企车间技术主任,二胎黄金期中大户型,上海中环品质两居，车位及空间极其拥挤,小区无地下车库且人车不分流，小孩在楼下玩耍或者推婴儿车极为不安全。,核心要求地块属于第一梯队名校学区，且周边500米内解决幼小衔接教育配套。,主要在陆家嘴/徐家汇CBD上班，首选地铁2/9号线沿线，通勤半小时内。,倡导轻户外，周末常带家人自驾野营或山系徒步，注重生活情调与手作咖啡。,名下持有一套旧两居，置换回款 65% + 个人理财储蓄补充 + 公积金商业贷,重性价比，不盲信大牌，但要求物业管理有序、绿化修剪及时、人防技防规范。,常年本地稳定居住，工作日职住通勤动线规则单一。
上_2003_00736,上海,2003,金融精英,38,女,1.2,9.5,0.4,17.8,2,1,否,A,research,0.53,0.49,0.65,0.62,0.8,0.71,0.7,0.68,0.88,自住-首套,两室两厅,72,1566,申银万国证券分析员,三口之家(学龄段),西湖边高精平层,无高端私密会所及管家式物业配套，圈层鱼龙混杂，高净值居住体验差。,讲究超高得房率（超85%），主卧套房必须配备独立步入式衣帽间与干湿分离双卫。,主要在陆家嘴/徐家汇CBD上班，首选地铁2/9号线沿线，通勤半小时内。,周末常去高端商圈消费，热衷打网球和马术，重度手冲咖啡及黑胶唱片发烧友。,夫妻双方积蓄 + 双方父母出资赞助首付 + 公积金商业组合贷款,非仁恒、绿城、万科等金牌开发商不买，极度看重高端精装质量与顶级物业的增值口碑。,常年本地稳定居住，工作日职住通勤动线规则单一。
上_2003_00737,上海,2003,本地改善,56,男,0.9,7.8,0.45,13.1,3,2,是,B,agent,0.65,0.47,0.51,0.52,0.6,1,0.6,0.7,0.57,自住-改善,一室一厅,55,1713,区财政局科员,二胎黄金期中大户型,上海中环品质两居，车位及空间极其拥挤,小区无地下车库且人车不分流，小孩在楼下玩耍或者推婴儿车极为不安全。,讲究超高得房率（超85%），主卧套房必须配备独立步入式衣帽间与干湿分离双卫。,主要在陆家嘴/徐家汇CBD上班，首选地铁2/9号线沿线，通勤半小时内。,倡导轻户外，周末常带家人自驾野营或山系徒步，注重生活情调与手作咖啡。,名下持有一套旧两居，置换回款 65% + 个人理财储蓄补充 + 公积金商业贷,重性价比，不盲信大牌，但要求物业管理有序、绿化修剪及时、人防技防规范。,常年本地稳定居住，工作日职住通勤动线规则单一。
上_2003_00738,上海,2003,金融精英,34,男,1.0,10.8,0.4,20.3,2,1,是,A,research,0.74,0.53,0.7,0.65,0.74,0.84,0.71,0.78,0.76,婚房,两室一厅,70,2258,商业银行支行信贷科长,三口之家(幼龄段),市中心私密洋房住宅,当前房屋属于旧多层无电梯房，父母年纪渐高每天爬楼梯极为吃力。,要求有超大面宽南向双阳台（观景家政分离），主卧大飘窗能270度直面自然景观。,主要在陆家嘴/徐家汇CBD上班，首选地铁2/9号线沿线，通勤半小时内。,周末常去高端商圈消费，热衷打网球和马术，重度手冲咖啡及黑胶唱片发烧友。,夫妻双方积蓄 + 双方父母出资赞助首付 + 公积金商业组合贷款,非仁恒、绿城、万科等金牌开发商不买，极度看重高端精装质量与顶级物业的增值口碑。,常年本地稳定居住，工作日职住通勤动线规则单一。
上_2003_00739,上海,2003,教育型买房,37,男,1.8,10.4,0.4,19.5,4,1,是,B,social,0.86,0.52,0.41,0.4,0.38,0.79,0.69,0.89,0.62,学区房,两室一厅,78,2022,国企车间技术主任,三口之家(幼龄段),上海中环品质两居，车位及空间极其拥挤,小区无地下车库且人车不分流，小孩在楼下玩耍或者推婴儿车极为不安全。,讲究超高得房率（超85%），主卧套房必须配备独立步入式衣帽间与干湿分离双卫。,主要在陆家嘴/徐家汇CBD上班，首选地铁2/9号线沿线，通勤半小时内。,倡导轻户外，周末常带家人自驾野营或山系徒步，注重生活情调与手作咖啡。,名下持有一套旧两居，置换回款 65% + 个人理财储蓄补充 + 公积金商业贷,重性价比，不盲信大牌，但要求物业管理有序、绿化修剪及时、人防技防规范。,常年本地稳定居住，工作日职住通勤动线规则单一。
上_2003_00740,上海,2003,教育型买房,40,女,0.5,3.9,0.4,7.2,3,1,否,B,social,0.87,0.48,0.4,0.46,0.65,0.71,0.58,0.9,0.68,学区房,两室一厅,86,676,国企车间技术主任,三口之家(学龄段),上海中环品质两居，车位及空间极其拥挤,小区无地下车库且人车不分流，小孩在楼下玩耍或者推婴儿车极为不安全。,讲究超高得房率（超85%），主卧套房必须配备独立步入式衣帽间与干湿分离双卫。,主要在陆家嘴/徐家汇CBD上班，首选地铁2/9号线沿线，通勤半小时内。,倡导轻户外，周末常带家人自驾野营或山系徒步，注重生活情调与手作咖啡。,名下持有一套旧两居，置换回款 65% + 个人理财储蓄补充 + 公积金商业贷,重性价比，不盲信大牌，但要求物业管理有序、绿化修剪及时、人防技防规范。,常年本地稳定居住，工作日职住通勤动线规则单一。
上_2003_00741,上海,2003,本地改善,50,女,0.6,7.1,0.45,11.8,5,2,否,B,agent,0.49,0.45,0.55,0.5,0.66,0.92,0.5,0.56,0.62,自住-改善,两室两厅,72,1065,市第二中学地理教师,二胎黄金期中大户型,上海中环品质两居，车位及空间极其拥挤,小区无地下车库且人车不分流，小孩在楼下玩耍或者推婴儿车极为不安全。,讲究超高得房率（超85%），主卧套房必须配备独立步入式衣帽间与干湿分离双卫。,主要在陆家嘴/徐家汇CBD上班，首选地铁2/9号线沿线，通勤半小时内。,倡导轻户外，周末常带家人自驾野营或山系徒步，注重生活情调与手作咖啡。,名下持有一套旧两居，置换回款 65% + 个人理财储蓄补充 + 公积金商业贷,重性价比，不盲信大牌，但要求物业管理有序、绿化修剪及时、人防技防规范。,常年本地稳定居住，工作日职住通勤动线规则单一。
上_2003_00742,上海,2003,本地改善,40,男,0.9,7.6,0.45,12.6,3,3,否,B,agent,0.55,0.4,0.57,0.46,0.47,0.88,0.67,0.74,0.8,自住-改善,两室一厅,91,1068,邮政局局长秘书,二胎黄金期中大户型,上海中环品质两居，车位及空间极其拥挤,小区无地下车库且人车不分流，小孩在楼下玩耍或者推婴儿车极为不安全。,讲究超高得房率（超85%），主卧套房必须配备独立步入式衣帽间与干湿分离双卫。,主要在陆家嘴/徐家汇CBD上班，首选地铁2/9号线沿线，通勤半小时内。,倡导轻户外，周末常带家人自驾野营或山系徒步，注重生活情调与手作咖啡。,名下持有一套旧两居，置换回款 65% + 个人理财储蓄补充 + 公积金商业贷,非仁恒、绿城、万科等金牌开发商不买，极度看重高端精装质量与顶级物业的增值口碑。,常年本地稳定居住，工作日职住通勤动线规则单一。
上_2003_00743,上海,2003,金融精英,35,男,2.9,16.8,0.4,31.5,4,1,是,A,research,0.5,0.48,0.84,0.69,0.7,0.76,0.9,0.78,0.82,自住-首套,两室两厅,95,1672,老牌证券公司营业部经理,三口之家(幼龄段),西湖边高精平层,当前房屋属于旧多层无电梯房，父母年纪渐高每天爬楼梯极为吃力。,要求有超大面宽南向双阳台（观景家政分离），主卧大飘窗能270度直面自然景观。,主要在陆家嘴/徐家汇CBD上班，首选地铁2/9号线沿线，通勤半小时内。,周末常去高端商圈消费，热衷打网球和马术，重度手冲咖啡及黑胶唱片发烧友。,夫妻双方积蓄 + 双方父母出资赞助首付 + 公积金商业组合贷款,非仁恒、绿城、万科等金牌开发商不买，极度看重高端精装质量与顶级物业的增值口碑。,常年本地稳定居住，工作日职住通勤动线规则单一。
上_2003_00744,上海,2003,金融精英,34,女,3.3,34.1,0.4,64.0,3,1,否,A,research,0.81,0.47,0.6,0.67,0.7,0.74,0.67,0.81,0.75,自住-首套,两室一厅,53,9147,商业银行支行信贷科长,三口之家(幼龄段),市中心私密洋房住宅,无高端私密会所及管家式物业配套，圈层鱼龙混杂，高净值居住体验差。,讲究超高得房率（超85%），主卧套房必须配备独立步入式衣帽间与干湿分离双卫。,主要在陆家嘴/徐家汇CBD上班，首选地铁2/9号线沿线，通勤半小时内。,周末常去高端商圈消费，热衷打网球和马术，重度手冲咖啡及黑胶唱片发烧友。,夫妻双方积蓄 + 双方父母出资赞助首付 + 公积金商业组合贷款,非仁恒、绿城、万科等金牌开发商不买，极度看重高端精装质量与顶级物业的增值口碑。,常年本地稳定居住，工作日职住通勤动线规则单一。
上_2003_00745,上海,2003,教育型买房,34,男,1.3,12.9,0.4,24.3,4,1,否,B,social,1,0.58,0.47,0.42,0.59,0.68,0.49,1,0.63,学区房,两室一厅,88,1531,邮政局局长秘书,三口之家(幼龄段),上海中环品质两居，车位及空间极其拥挤,小区无地下车库且人车不分流，小孩在楼下玩耍或者推婴儿车极为不安全。,核心要求地块属于第一梯队名校学区，且周边500米内解决幼小衔接教育配套。,主要在陆家嘴/徐家汇CBD上班，首选地铁2/9号线沿线，通勤半小时内。,倡导轻户外，周末常带家人自驾野营或山系徒步，注重生活情调与手作咖啡。,名下持有一套旧两居，置换回款 65% + 个人理财储蓄补充 + 公积金商业贷,重性价比，不盲信大牌，但要求物业管理有序、绿化修剪及时、人防技防规范。,常年本地稳定居住，工作日职住通勤动线规则单一。
上_2003_00746,上海,2003,本地改善,38,女,1.4,12.3,0.45,20.5,3,2,是,B,agent,0.53,0.35,0.72,0.53,0.39,0.86,0.62,0.57,0.56,自住-改善,两室两厅,84,1247,市第二中学地理教师,二胎黄金期中大户型,上海中环品质两居，车位及空间极其拥挤,小区无地下车库且人车不分流，小孩在楼下玩耍或者推婴儿车极为不安全。,要求有超大面宽南向双阳台（观景家政分离），主卧大飘窗能270度直面自然景观。,主要在陆家嘴/徐家汇CBD上班，首选地铁2/9号线沿线，通勤半小时内。,倡导轻户外，周末常带家人自驾野营或山系徒步，注重生活情调与手作咖啡。,名下持有一套旧两居，置换回款 65% + 个人理财储蓄补充 + 公积金商业贷,重性价比，不盲信大牌，但要求物业管理有序、绿化修剪及时、人防技防规范。,常年本地稳定居住，工作日职住通勤动线规则单一。
上_2003_00747,上海,2003,本地改善,40,男,1.0,10.0,0.45,16.7,4,3,否,B,agent,1,0.52,0.42,0.55,0.78,0.79,0.49,0.69,0.64,自住-改善,两室一厅,89,1097,邮政局局长秘书,二胎黄金期中大户型,上海中环品质两居，车位及空间极其拥挤,小区无地下车库且人车不分流，小孩在楼下玩耍或者推婴儿车极为不安全。,讲究超高得房率（超85%），主卧套房必须配备独立步入式衣帽间与干湿分离双卫。,主要在陆家嘴/徐家汇CBD上班，首选地铁2/9号线沿线，通勤半小时内。,倡导轻户外，周末常带家人自驾野营或山系徒步，注重生活情调与手作咖啡。,名下持有一套旧两居，置换回款 65% + 个人理财储蓄补充 + 公积金商业贷,重性价比，不盲信大牌，但要求物业管理有序、绿化修剪及时、人防技防规范。,常年本地稳定居住，工作日职住通勤动线规则单一。
上_2003_00748,上海,2003,教育型买房,38,男,0.8,5.0,0.4,9.3,4,1,否,B,social,0.78,0.41,0.33,0.43,0.65,0.61,0.62,0.89,0.56,学区房,一室一厅,77,988,国企车间技术主任,三口之家(学龄段),上海中环品质两居，车位及空间极其拥挤,小区无地下车库且人车不分流，小孩在楼下玩耍或者推婴儿车极为不安全。,核心要求地块属于第一梯队名校学区，且周边500米内解决幼小衔接教育配套。,主要在陆家嘴/徐家汇CBD上班，首选地铁2/9号线沿线，通勤半小时内。,倡导轻户外，周末常带家人自驾野营或山系徒步，注重生活情调与手作咖啡。,名下持有一套旧两居，置换回款 65% + 个人理财储蓄补充 + 公积金商业贷,重性价比，不盲信大牌，但要求物业管理有序、绿化修剪及时、人防技防规范。,常年本地稳定居住，工作日职住通勤动线规则单一。
上_2003_00749,上海,2003,教育型买房,38,女,1.3,7.1,0.4,13.3,4,1,否,B,social,1,0.48,0.4,0.44,0.5,0.76,0.48,1,0.72,学区房,两室两厅,79,877,邮政局局长秘书,三口之家(学龄段),上海中环品质两居，车位及空间极其拥挤,小区无地下车库且人车不分流，小孩在楼下玩耍或者推婴儿车极为不安全。,讲究超高得房率（超85%），主卧套房必须配备独立步入式衣帽间与干湿分离双卫。,主要在陆家嘴/徐家汇CBD上班，首选地铁2/9号线沿线，通勤半小时内。,倡导轻户外，周末常带家人自驾野营或山系徒步，注重生活情调与手作咖啡。,名下持有一套旧两居，置换回款 65% + 个人理财储蓄补充 + 公积金商业贷,非仁恒、绿城、万科等金牌开发商不买，极度看重高端精装质量与顶级物业的增值口碑。,常年本地稳定居住，工作日职住通勤动线规则单一。
上_2003_00750,上海,2003,金融精英,38,女,3.0,25.3,0.4,47.4,3,1,是,A,research,0.51,0.45,0.66,0.69,0.63,0.72,0.63,0.97,0.77,自住-首套,两室两厅,100,3032,申银万国证券分析员,三口之家(学龄段),市中心私密洋房住宅,当前房屋属于旧多层无电梯房，父母年纪渐高每天爬楼梯极为吃力。,讲究超高得房率（超85%），主卧套房必须配备独立步入式衣帽间与干湿分离双卫。,主要在陆家嘴/徐家汇CBD上班，首选地铁2/9号线沿线，通勤半小时内。,周末常去高端商圈消费，热衷打网球和马术，重度手冲咖啡及黑胶唱片发烧友。,夫妻双方积蓄 + 双方父母出资赞助首付 + 公积金商业组合贷款,非仁恒、绿城、万科等金牌开发商不买，极度看重高端精装质量与顶级物业的增值口碑。,常年本地稳定居住，工作日职住通勤动线规则单一。
上_2003_00751,上海,2003,教育型买房,33,女,0.5,4.5,0.4,8.5,2,1,是,B,social,0.89,0.56,0.38,0.33,0.6,0.77,0.5,1,0.66,学区房,两室两厅,96,489,国企车间技术主任,三口之家(幼龄段),上海中环品质两居，车位及空间极其拥挤,小区无地下车库且人车不分流，小孩在楼下玩耍或者推婴儿车极为不安全。,讲究超高得房率（超85%），主卧套房必须配备独立步入式衣帽间与干湿分离双卫。,主要在陆家嘴/徐家汇CBD上班，首选地铁2/9号线沿线，通勤半小时内。,倡导轻户外，周末常带家人自驾野营或山系徒步，注重生活情调与手作咖啡。,名下持有一套旧两居，置换回款 65% + 个人理财储蓄补充 + 公积金商业贷,重性价比，不盲信大牌，但要求物业管理有序、绿化修剪及时、人防技防规范。,常年本地稳定居住，工作日职住通勤动线规则单一。
上_2003_00752,上海,2003,教育型买房,35,女,1.0,7.0,0.4,13.2,3,1,是,B,social,1,0.45,0.49,0.37,0.42,0.67,0.39,0.81,0.57,学区房,两室两厅,71,1140,区财政局科员,三口之家(幼龄段),上海中环品质两居，车位及空间极其拥挤,小区无地下车库且人车不分流，小孩在楼下玩耍或者推婴儿车极为不安全。,核心要求地块属于第一梯队名校学区，且周边500米内解决幼小衔接教育配套。,主要在陆家嘴/徐家汇CBD上班，首选地铁2/9号线沿线，通勤半小时内。,倡导轻户外，周末常带家人自驾野营或山系徒步，注重生活情调与手作咖啡。,名下持有一套旧两居，置换回款 65% + 个人理财储蓄补充 + 公积金商业贷,重性价比，不盲信大牌，但要求物业管理有序、绿化修剪及时、人防技防规范。,常年本地稳定居住，工作日职住通勤动线规则单一。
上_2003_00753,上海,2003,本地改善,53,女,1.4,14.6,0.45,24.4,5,3,否,B,agent,0.65,0.32,0.57,0.52,0.59,0.91,0.64,0.77,0.51,自住-改善,一室一厅,74,1701,区财政局科员,二胎黄金期中大户型,上海中环品质两居，车位及空间极其拥挤,小区无地下车库且人车不分流，小孩在楼下玩耍或者推婴儿车极为不安全。,讲究超高得房率（超85%），主卧套房必须配备独立步入式衣帽间与干湿分离双卫。,主要在陆家嘴/徐家汇CBD上班，首选地铁2/9号线沿线，通勤半小时内。,倡导轻户外，周末常带家人自驾野营或山系徒步，注重生活情调与手作咖啡。,名下持有一套旧两居，置换回款 65% + 个人理财储蓄补充 + 公积金商业贷,重性价比，不盲信大牌，但要求物业管理有序、绿化修剪及时、人防技防规范。,常年本地稳定居住，工作日职住通勤动线规则单一。
上_2003_00754,上海,2003,金融精英,47,男,1.7,15.9,0.4,29.9,3,1,否,A,research,0.84,0.45,0.64,0.66,0.67,0.69,0.67,0.85,0.74,自住-改善,一室一厅,73,2114,申银万国证券分析员,三口之家(学龄段),陆家嘴核心区江景大平层,无高端私密会所及管家式物业配套，圈层鱼龙混杂，高净值居住体验差。,核心要求地块属于第一梯队名校学区，且周边500米内解决幼小衔接教育配套。,主要在陆家嘴/徐家汇CBD上班，首选地铁2/9号线沿线，通勤半小时内。,周末常去高端商圈消费，热衷打网球和马术，重度手冲咖啡及黑胶唱片发烧友。,名下已有企业股权套现或分红现金，一次性全款付清，基本不加杠杆,非仁恒、绿城、万科等金牌开发商不买，极度看重高端精装质量与顶级物业的增值口碑。,常年本地稳定居住，工作日职住通勤动线规则单一。
上_2003_00755,上海,2003,金融精英,46,男,3.5,34.1,0.4,63.9,4,1,否,A,research,0.57,0.37,0.59,0.52,0.76,0.82,0.73,0.7,0.76,自住-首套,一室一厅,76,6092,商业银行支行信贷科长,三口之家(学龄段),陆家嘴核心区江景大平层,无高端私密会所及管家式物业配套，圈层鱼龙混杂，高净值居住体验差。,讲究超高得房率（超85%），主卧套房必须配备独立步入式衣帽间与干湿分离双卫。,主要在陆家嘴/徐家汇CBD上班，首选地铁2/9号线沿线，通勤半小时内。,周末常去高端商圈消费，热衷打网球和马术，重度手冲咖啡及黑胶唱片发烧友。,夫妻双方积蓄 + 双方父母出资赞助首付 + 公积金商业组合贷款,非仁恒、绿城、万科等金牌开发商不买，极度看重高端精装质量与顶级物业的增值口碑。,常年本地稳定居住，工作日职住通勤动线规则单一。
上_2003_00756,上海,2003,教育型买房,34,男,1.2,8.8,0.4,16.6,4,1,是,B,social,0.94,0.38,0.43,0.42,0.57,0.83,0.62,0.96,0.58,学区房,两室两厅,95,1564,邮政局局长秘书,三口之家(幼龄段),上海中环品质两居，车位及空间极其拥挤,小区无地下车库且人车不分流，小孩在楼下玩耍或者推婴儿车极为不安全。,讲究超高得房率（超85%），主卧套房必须配备独立步入式衣帽间与干湿分离双卫。,主要在陆家嘴/徐家汇CBD上班，首选地铁2/9号线沿线，通勤半小时内。,倡导轻户外，周末常带家人自驾野营或山系徒步，注重生活情调与手作咖啡。,名下持有一套旧两居，置换回款 65% + 个人理财储蓄补充 + 公积金商业贷,重性价比，不盲信大牌，但要求物业管理有序、绿化修剪及时、人防技防规范。,常年本地稳定居住，工作日职住通勤动线规则单一。
上_2003_00757,上海,2003,金融精英,45,男,3.2,31.8,0.4,59.6,2,1,否,A,research,0.76,0.37,0.67,0.54,0.74,0.71,0.72,0.88,0.82,自住-改善,两室一厅,81,5956,商业银行支行信贷科长,三口之家(学龄段),陆家嘴核心区江景大平层,无高端私密会所及管家式物业配套，圈层鱼龙混杂，高净值居住体验差。,讲究超高得房率（超85%），主卧套房必须配备独立步入式衣帽间与干湿分离双卫。,主要在陆家嘴/徐家汇CBD上班，首选地铁2/9号线沿线，通勤半小时内。,周末常去高端商圈消费，热衷打网球和马术，重度手冲咖啡及黑胶唱片发烧友。,名下已有企业股权套现或分红现金，一次性全款付清，基本不加杠杆,非仁恒、绿城、万科等金牌开发商不买，极度看重高端精装质量与顶级物业的增值口碑。,常年本地稳定居住，工作日职住通勤动线规则单一。
上_2003_00758,上海,2003,本地改善,45,女,0.8,6.2,0.45,10.4,2,2,是,B,agent,0.58,0.52,0.55,0.56,0.59,0.92,0.68,0.63,0.54,自住-改善,一室一厅,88,887,市第二中学地理教师,二胎黄金期中大户型,上海中环品质两居，车位及空间极其拥挤,小区无地下车库且人车不分流，小孩在楼下玩耍或者推婴儿车极为不安全。,讲究超高得房率（超85%），主卧套房必须配备独立步入式衣帽间与干湿分离双卫。,主要在陆家嘴/徐家汇CBD上班，首选地铁2/9号线沿线，通勤半小时内。,倡导轻户外，周末常带家人自驾野营或山系徒步，注重生活情调与手作咖啡。,名下持有一套旧两居，置换回款 65% + 个人理财储蓄补充 + 公积金商业贷,重性价比，不盲信大牌，但要求物业管理有序、绿化修剪及时、人防技防规范。,常年本地稳定居住，工作日职住通勤动线规则单一。
上_2003_00759,上海,2003,长三角家庭,52,男,0.7,5.0,0.45,8.3,3,2,是,B,agent,0.74,0.54,0.55,0.48,0.56,0.79,0.34,0.64,0.57,自住-改善,两室一厅,77,751,国企车间技术主任,二胎黄金期中大户型,上海中环品质两居，车位及空间极其拥挤,小区无地下车库且人车不分流，小孩在楼下玩耍或者推婴儿车极为不安全。,讲究超高得房率（超85%），主卧套房必须配备独立步入式衣帽间与干湿分离双卫。,主要在陆家嘴/徐家汇CBD上班，首选地铁2/9号线沿线，通勤半小时内。,倡导轻户外，周末常带家人自驾野营或山系徒步，注重生活情调与手作咖啡。,名下持有一套旧两居，置换回款 65% + 个人理财储蓄补充 + 公积金商业贷,重性价比，不盲信大牌，但要求物业管理有序、绿化修剪及时、人防技防规范。,常年本地稳定居住，工作日职住通勤动线规则单一。
上_2003_00760,上海,2003,本地改善,54,女,1.8,15.5,0.45,25.8,5,1,是,B,agent,0.68,0.57,0.68,0.64,0.52,0.83,0.47,0.73,0.5,自住-改善,一室一厅,66,2205,国企车间技术主任,三口之家(学龄段),上海中环品质两居，车位及空间极其拥挤,小区无地下车库且人车不分流，小孩在楼下玩耍或者推婴儿车极为不安全。,讲究超高得房率（超85%），主卧套房必须配备独立步入式衣帽间与干湿分离双卫。,主要在陆家嘴/徐家汇CBD上班，首选地铁2/9号线沿线，通勤半小时内。,倡导轻户外，周末常带家人自驾野营或山系徒步，注重生活情调与手作咖啡。,名下持有一套旧两居，置换回款 65% + 个人理财储蓄补充 + 公积金商业贷,重性价比，不盲信大牌，但要求物业管理有序、绿化修剪及时、人防技防规范。,常年本地稳定居住，工作日职住通勤动线规则单一。
上_2003_00761,上海,2003,本地改善,51,女,2.1,17.3,0.45,28.9,3,2,否,B,agent,0.62,0.41,0.62,0.43,0.59,0.78,0.53,0.7,0.47,自住-改善,两室两厅,91,2695,区财政局科员,二胎黄金期中大户型,上海中环品质两居，车位及空间极其拥挤,小区无地下车库且人车不分流，小孩在楼下玩耍或者推婴儿车极为不安全。,讲究超高得房率（超85%），主卧套房必须配备独立步入式衣帽间与干湿分离双卫。,主要在陆家嘴/徐家汇CBD上班，首选地铁2/9号线沿线，通勤半小时内。,倡导轻户外，周末常带家人自驾野营或山系徒步，注重生活情调与手作咖啡。,名下持有一套旧两居，置换回款 65% + 个人理财储蓄补充 + 公积金商业贷,重性价比，不盲信大牌，但要求物业管理有序、绿化修剪及时、人防技防规范。,常年本地稳定居住，工作日职住通勤动线规则单一。
上_2003_00762,上海,2003,金融精英,40,男,2.5,21.6,0.4,40.5,4,1,否,A,research,0.84,0.43,0.76,0.63,0.62,0.63,0.59,0.77,0.84,自住-首套,一室一厅,71,2936,老牌证券公司营业部经理,三口之家(学龄段),西湖边高精平层,无高端私密会所及管家式物业配套，圈层鱼龙混杂，高净值居住体验差。,要求有超大面宽南向双阳台（观景家政分离），主卧大飘窗能270度直面自然景观。,主要在陆家嘴/徐家汇CBD上班，首选地铁2/9号线沿线，通勤半小时内。,周末常去高端商圈消费，热衷打网球和马术，重度手冲咖啡及黑胶唱片发烧友。,夫妻双方积蓄 + 双方父母出资赞助首付 + 公积金商业组合贷款,非仁恒、绿城、万科等金牌开发商不买，极度看重高端精装质量与顶级物业的增值口碑。,常年本地稳定居住，工作日职住通勤动线规则单一。
上_2003_00763,上海,2003,本地改善,53,女,0.5,5.5,0.45,9.2,4,2,是,B,agent,0.55,0.49,0.63,0.58,0.46,0.83,0.74,0.75,0.52,自住-改善,一室一厅,71,1100,国企车间技术主任,二胎黄金期中大户型,上海中环品质两居，车位及空间极其拥挤,小区无地下车库且人车不分流，小孩在楼下玩耍或者推婴儿车极为不安全。,讲究超高得房率（超85%），主卧套房必须配备独立步入式衣帽间与干湿分离双卫。,主要在陆家嘴/徐家汇CBD上班，首选地铁2/9号线沿线，通勤半小时内。,倡导轻户外，周末常带家人自驾野营或山系徒步，注重生活情调与手作咖啡。,名下持有一套旧两居，置换回款 65% + 个人理财储蓄补充 + 公积金商业贷,重性价比，不盲信大牌，但要求物业管理有序、绿化修剪及时、人防技防规范。,常年本地稳定居住，工作日职住通勤动线规则单一。
上_2003_00764,上海,2003,金融精英,42,女,3.9,24.5,0.4,45.9,3,1,否,A,research,0.61,0.43,0.72,0.54,0.62,0.85,0.74,0.93,0.74,自住-首套,两室两厅,57,5430,老牌证券公司营业部经理,三口之家(学龄段),西湖边高精平层,无高端私密会所及管家式物业配套，圈层鱼龙混杂，高净值居住体验差。,要求有超大面宽南向双阳台（观景家政分离），主卧大飘窗能270度直面自然景观。,主要在陆家嘴/徐家汇CBD上班，首选地铁2/9号线沿线，通勤半小时内。,周末常去高端商圈消费，热衷打网球和马术，重度手冲咖啡及黑胶唱片发烧友。,夫妻双方积蓄 + 双方父母出资赞助首付 + 公积金商业组合贷款,非仁恒、绿城、万科等金牌开发商不买，极度看重高端精装质量与顶级物业的增值口碑。,常年本地稳定居住，工作日职住通勤动线规则单一。
上_2003_00765,上海,2003,本地改善,46,男,1.0,13.0,0.45,21.7,4,2,否,B,agent,0.57,0.45,0.57,0.52,0.48,0.91,0.56,0.53,0.68,自住-改善,两室两厅,61,2149,市第二中学地理教师,二胎黄金期中大户型,上海中环品质两居，车位及空间极其拥挤,小区无地下车库且人车不分流，小孩在楼下玩耍或者推婴儿车极为不安全。,讲究超高得房率（超85%），主卧套房必须配备独立步入式衣帽间与干湿分离双卫。,主要在陆家嘴/徐家汇CBD上班，首选地铁2/9号线沿线，通勤半小时内。,倡导轻户外，周末常带家人自驾野营或山系徒步，注重生活情调与手作咖啡。,名下持有一套旧两居，置换回款 65% + 个人理财储蓄补充 + 公积金商业贷,重性价比，不盲信大牌，但要求物业管理有序、绿化修剪及时、人防技防规范。,常年本地稳定居住，工作日职住通勤动线规则单一。
上_2003_00766,上海,2003,本地改善,57,女,1.0,7.6,0.45,12.6,3,2,是,B,agent,0.97,0.54,0.45,0.54,0.61,0.81,0.61,0.82,0.58,自住-改善,两室一厅,97,833,国企车间技术主任,二胎黄金期中大户型,上海中环品质两居，车位及空间极其拥挤,小区无地下车库且人车不分流，小孩在楼下玩耍或者推婴儿车极为不安全。,讲究超高得房率（超85%），主卧套房必须配备独立步入式衣帽间与干湿分离双卫。,主要在陆家嘴/徐家汇CBD上班，首选地铁2/9号线沿线，通勤半小时内。,倡导轻户外，周末常带家人自驾野营或山系徒步，注重生活情调与手作咖啡。,名下持有一套旧两居，置换回款 65% + 个人理财储蓄补充 + 公积金商业贷,重性价比，不盲信大牌，但要求物业管理有序、绿化修剪及时、人防技防规范。,常年本地稳定居住，工作日职住通勤动线规则单一。
上_2003_00767,上海,2003,本地改善,38,女,0.5,3.9,0.45,6.5,3,3,否,B,agent,0.97,0.7,0.56,0.29,0.54,0.77,0.51,0.68,0.65,自住-改善,两室一厅,79,427,邮政局局长秘书,二胎黄金期中大户型,上海中环品质两居，车位及空间极其拥挤,小区无地下车库且人车不分流，小孩在楼下玩耍或者推婴儿车极为不安全。,讲究超高得房率（超85%），主卧套房必须配备独立步入式衣帽间与干湿分离双卫。,主要在陆家嘴/徐家汇CBD上班，首选地铁2/9号线沿线，通勤半小时内。,倡导轻户外，周末常带家人自驾野营或山系徒步，注重生活情调与手作咖啡。,名下持有一套旧两居，置换回款 65% + 个人理财储蓄补充 + 公积金商业贷,重性价比，不盲信大牌，但要求物业管理有序、绿化修剪及时、人防技防规范。,常年本地稳定居住，工作日职住通勤动线规则单一。
上_2003_00768,上海,2003,教育型买房,46,男,1.7,14.1,0.4,26.5,3,2,是,B,social,1,0.38,0.49,0.48,0.71,0.7,0.55,1,0.58,学区房,一室一厅,99,1938,市第二中学地理教师,二胎黄金期中大户型,上海中环品质两居，车位及空间极其拥挤,小区无地下车库且人车不分流，小孩在楼下玩耍或者推婴儿车极为不安全。,核心要求地块属于第一梯队名校学区，且周边500米内解决幼小衔接教育配套。,主要在陆家嘴/徐家汇CBD上班，首选地铁2/9号线沿线，通勤半小时内。,倡导轻户外，周末常带家人自驾野营或山系徒步，注重生活情调与手作咖啡。,名下持有一套旧两居，置换回款 65% + 个人理财储蓄补充 + 公积金商业贷,重性价比，不盲信大牌，但要求物业管理有序、绿化修剪及时、人防技防规范。,常年本地稳定居住，工作日职住通勤动线规则单一。
上_2003_00769,上海,2003,本地改善,57,女,1.2,8.7,0.45,14.6,4,2,否,B,agent,0.63,0.47,0.46,0.31,0.67,0.92,0.73,0.77,0.59,自住-改善,一室一厅,55,1480,邮政局局长秘书,二胎黄金期中大户型,上海中环品质两居，车位及空间极其拥挤,小区无地下车库且人车不分流，小孩在楼下玩耍或者推婴儿车极为不安全。,讲究超高得房率（超85%），主卧套房必须配备独立步入式衣帽间与干湿分离双卫。,主要在陆家嘴/徐家汇CBD上班，首选地铁2/9号线沿线，通勤半小时内。,倡导轻户外，周末常带家人自驾野营或山系徒步，注重生活情调与手作咖啡。,名下持有一套旧两居，置换回款 65% + 个人理财储蓄补充 + 公积金商业贷,重性价比，不盲信大牌，但要求物业管理有序、绿化修剪及时、人防技防规范。,常年本地稳定居住，工作日职住通勤动线规则单一。
上_2003_00770,上海,2003,本地改善,43,女,0.7,7.3,0.45,12.2,4,3,是,B,agent,0.63,0.55,0.42,0.46,0.45,0.86,0.73,0.78,0.66,自住-改善,一室一厅,84,871,市第二中学地理教师,二胎黄金期中大户型,上海中环品质两居，车位及空间极其拥挤,小区无地下车库且人车不分流，小孩在楼下玩耍或者推婴儿车极为不安全。,讲究超高得房率（超85%），主卧套房必须配备独立步入式衣帽间与干湿分离双卫。,主要在陆家嘴/徐家汇CBD上班，首选地铁2/9号线沿线，通勤半小时内。,倡导轻户外，周末常带家人自驾野营或山系徒步，注重生活情调与手作咖啡。,名下持有一套旧两居，置换回款 65% + 个人理财储蓄补充 + 公积金商业贷,重性价比，不盲信大牌，但要求物业管理有序、绿化修剪及时、人防技防规范。,常年本地稳定居住，工作日职住通勤动线规则单一。
上_2003_00771,上海,2003,教育型买房,48,女,1.1,9.9,0.4,18.6,2,1,否,B,social,1,0.59,0.37,0.39,0.56,0.74,0.5,0.95,0.51,学区房,两室一厅,76,1519,国企车间技术主任,三口之家(学龄段),上海中环品质两居，车位及空间极其拥挤,小区无地下车库且人车不分流，小孩在楼下玩耍或者推婴儿车极为不安全。,讲究超高得房率（超85%），主卧套房必须配备独立步入式衣帽间与干湿分离双卫。,主要在陆家嘴/徐家汇CBD上班，首选地铁2/9号线沿线，通勤半小时内。,倡导轻户外，周末常带家人自驾野营或山系徒步，注重生活情调与手作咖啡。,名下持有一套旧两居，置换回款 65% + 个人理财储蓄补充 + 公积金商业贷,重性价比，不盲信大牌，但要求物业管理有序、绿化修剪及时、人防技防规范。,常年本地稳定居住，工作日职住通勤动线规则单一。
上_2003_00772,上海,2003,长三角家庭,41,男,0.5,3.3,0.45,5.5,4,2,是,B,agent,0.46,0.54,0.55,0.45,0.7,0.77,0.34,0.84,0.72,自住-改善,一室一厅,79,575,区财政局科员,二胎黄金期中大户型,上海中环品质两居，车位及空间极其拥挤,小区无地下车库且人车不分流，小孩在楼下玩耍或者推婴儿车极为不安全。,讲究超高得房率（超85%），主卧套房必须配备独立步入式衣帽间与干湿分离双卫。,主要在陆家嘴/徐家汇CBD上班，首选地铁2/9号线沿线，通勤半小时内。,倡导轻户外，周末常带家人自驾野营或山系徒步，注重生活情调与手作咖啡。,名下持有一套旧两居，置换回款 65% + 个人理财储蓄补充 + 公积金商业贷,非仁恒、绿城、万科等金牌开发商不买，极度看重高端精装质量与顶级物业的增值口碑。,常年本地稳定居住，工作日职住通勤动线规则单一。
上_2003_00773,上海,2003,金融精英,33,女,2.2,18.3,0.4,34.4,3,1,否,A,research,0.97,0.45,0.48,0.68,0.67,0.72,0.8,0.85,0.91,婚房,两室一厅,87,2353,商业银行支行信贷科长,三口之家(幼龄段),陆家嘴核心区江景大平层,无高端私密会所及管家式物业配套，圈层鱼龙混杂，高净值居住体验差。,讲究超高得房率（超85%），主卧套房必须配备独立步入式衣帽间与干湿分离双卫。,主要在陆家嘴/徐家汇CBD上班，首选地铁2/9号线沿线，通勤半小时内。,周末常去高端商圈消费，热衷打网球和马术，重度手冲咖啡及黑胶唱片发烧友。,夫妻双方积蓄 + 双方父母出资赞助首付 + 公积金商业组合贷款,非仁恒、绿城、万科等金牌开发商不买，极度看重高端精装质量与顶级物业的增值口碑。,常年本地稳定居住，工作日职住通勤动线规则单一。
上_2003_00774,上海,2003,教育型买房,34,男,1.3,11.4,0.4,21.3,3,0,否,B,social,0.9,0.37,0.31,0.44,0.6,0.71,0.51,0.89,0.64,学区房,一室一厅,94,1869,国企车间技术主任,新婚过渡两居,上海中环品质两居，车位及空间极其拥挤,老小区隔音差，邻里滋扰严重，且车位严重匮乏，每晚加班回来抢车位像打仗。,讲究超高得房率（超85%），主卧套房必须配备独立步入式衣帽间与干湿分离双卫。,主要在陆家嘴/徐家汇CBD上班，首选地铁2/9号线沿线，通勤半小时内。,倡导轻户外，周末常带家人自驾野营或山系徒步，注重生活情调与手作咖啡。,名下持有一套旧两居，置换回款 65% + 个人理财储蓄补充 + 公积金商业贷,重性价比，不盲信大牌，但要求物业管理有序、绿化修剪及时、人防技防规范。,常年本地稳定居住，工作日职住通勤动线规则单一。
上_2003_00775,上海,2003,本地改善,43,男,1.6,17.4,0.45,29.0,3,3,是,B,agent,0.65,0.56,0.51,0.61,0.52,0.8,0.61,0.78,0.7,自住-改善,一室一厅,73,3553,市第二中学地理教师,二胎黄金期中大户型,上海中环品质两居，车位及空间极其拥挤,小区无地下车库且人车不分流，小孩在楼下玩耍或者推婴儿车极为不安全。,讲究超高得房率（超85%），主卧套房必须配备独立步入式衣帽间与干湿分离双卫。,主要在陆家嘴/徐家汇CBD上班，首选地铁2/9号线沿线，通勤半小时内。,倡导轻户外，周末常带家人自驾野营或山系徒步，注重生活情调与手作咖啡。,名下持有一套旧两居，置换回款 65% + 个人理财储蓄补充 + 公积金商业贷,非仁恒、绿城、万科等金牌开发商不买，极度看重高端精装质量与顶级物业的增值口碑。,常年本地稳定居住，工作日职住通勤动线规则单一。
上_2003_00776,上海,2003,教育型买房,47,女,1.4,11.2,0.4,21.0,2,1,是,B,social,0.9,0.61,0.37,0.4,0.51,0.65,0.66,0.98,0.67,学区房,两室一厅,72,1837,邮政局局长秘书,三口之家(学龄段),上海中环品质两居，车位及空间极其拥挤,小区无地下车库且人车不分流，小孩在楼下玩耍或者推婴儿车极为不安全。,核心要求地块属于第一梯队名校学区，且周边500米内解决幼小衔接教育配套。,主要在陆家嘴/徐家汇CBD上班，首选地铁2/9号线沿线，通勤半小时内。,倡导轻户外，周末常带家人自驾野营或山系徒步，注重生活情调与手作咖啡。,名下持有一套旧两居，置换回款 65% + 个人理财储蓄补充 + 公积金商业贷,重性价比，不盲信大牌，但要求物业管理有序、绿化修剪及时、人防技防规范。,常年本地稳定居住，工作日职住通勤动线规则单一。
上_2003_00777,上海,2003,本地改善,39,男,1.0,9.8,0.45,16.4,5,2,否,B,agent,0.96,0.66,0.42,0.52,0.44,0.9,0.57,0.61,0.61,自住-改善,两室两厅,64,1573,区财政局科员,二胎黄金期中大户型,上海中环品质两居，车位及空间极其拥挤,小区无地下车库且人车不分流，小孩在楼下玩耍或者推婴儿车极为不安全。,讲究超高得房率（超85%），主卧套房必须配备独立步入式衣帽间与干湿分离双卫。,主要在陆家嘴/徐家汇CBD上班，首选地铁2/9号线沿线，通勤半小时内。,倡导轻户外，周末常带家人自驾野营或山系徒步，注重生活情调与手作咖啡。,名下持有一套旧两居，置换回款 65% + 个人理财储蓄补充 + 公积金商业贷,重性价比，不盲信大牌，但要求物业管理有序、绿化修剪及时、人防技防规范。,常年本地稳定居住，工作日职住通勤动线规则单一。
上_2003_00778,上海,2003,本地改善,53,男,1.5,15.7,0.45,26.2,5,3,否,B,agent,0.67,0.47,0.5,0.51,0.49,0.85,0.54,0.68,0.48,自住-改善,一室一厅,68,2461,国企车间技术主任,二胎黄金期中大户型,上海中环品质两居，车位及空间极其拥挤,小区无地下车库且人车不分流，小孩在楼下玩耍或者推婴儿车极为不安全。,讲究超高得房率（超85%），主卧套房必须配备独立步入式衣帽间与干湿分离双卫。,主要在陆家嘴/徐家汇CBD上班，首选地铁2/9号线沿线，通勤半小时内。,倡导轻户外，周末常带家人自驾野营或山系徒步，注重生活情调与手作咖啡。,名下持有一套旧两居，置换回款 65% + 个人理财储蓄补充 + 公积金商业贷,重性价比，不盲信大牌，但要求物业管理有序、绿化修剪及时、人防技防规范。,常年本地稳定居住，工作日职住通勤动线规则单一。
上_2003_00779,上海,2003,本地改善,44,女,1.0,7.4,0.45,12.3,4,2,否,B,agent,0.61,0.51,0.57,0.45,0.43,0.77,0.59,0.71,0.62,自住-改善,一室一厅,82,883,市第二中学地理教师,二胎黄金期中大户型,上海中环品质两居，车位及空间极其拥挤,小区无地下车库且人车不分流，小孩在楼下玩耍或者推婴儿车极为不安全。,讲究超高得房率（超85%），主卧套房必须配备独立步入式衣帽间与干湿分离双卫。,主要在陆家嘴/徐家汇CBD上班，首选地铁2/9号线沿线，通勤半小时内。,倡导轻户外，周末常带家人自驾野营或山系徒步，注重生活情调与手作咖啡。,名下持有一套旧两居，置换回款 65% + 个人理财储蓄补充 + 公积金商业贷,重性价比，不盲信大牌，但要求物业管理有序、绿化修剪及时、人防技防规范。,常年本地稳定居住，工作日职住通勤动线规则单一。
上_2003_00780,上海,2003,教育型买房,37,男,1.9,10.5,0.4,19.7,3,1,否,B,social,0.93,0.61,0.23,0.55,0.6,0.77,0.57,0.71,0.71,学区房,一室一厅,86,1497,邮政局局长秘书,三口之家(幼龄段),上海中环品质两居，车位及空间极其拥挤,小区无地下车库且人车不分流，小孩在楼下玩耍或者推婴儿车极为不安全。,讲究超高得房率（超85%），主卧套房必须配备独立步入式衣帽间与干湿分离双卫。,主要在陆家嘴/徐家汇CBD上班，首选地铁2/9号线沿线，通勤半小时内。,倡导轻户外，周末常带家人自驾野营或山系徒步，注重生活情调与手作咖啡。,名下持有一套旧两居，置换回款 65% + 个人理财储蓄补充 + 公积金商业贷,非仁恒、绿城、万科等金牌开发商不买，极度看重高端精装质量与顶级物业的增值口碑。,常年本地稳定居住，工作日职住通勤动线规则单一。
上_2003_00781,上海,2003,教育型买房,41,男,1.6,10.5,0.4,19.7,3,1,否,B,social,0.82,0.64,0.48,0.48,0.67,0.77,0.52,0.88,0.47,学区房,两室两厅,61,2353,邮政局局长秘书,三口之家(学龄段),上海中环品质两居，车位及空间极其拥挤,小区无地下车库且人车不分流，小孩在楼下玩耍或者推婴儿车极为不安全。,讲究超高得房率（超85%），主卧套房必须配备独立步入式衣帽间与干湿分离双卫。,主要在陆家嘴/徐家汇CBD上班，首选地铁2/9号线沿线，通勤半小时内。,倡导轻户外，周末常带家人自驾野营或山系徒步，注重生活情调与手作咖啡。,名下持有一套旧两居，置换回款 65% + 个人理财储蓄补充 + 公积金商业贷,重性价比，不盲信大牌，但要求物业管理有序、绿化修剪及时、人防技防规范。,常年本地稳定居住，工作日职住通勤动线规则单一。
上_2003_00782,上海,2003,本地改善,56,女,1.3,12.6,0.45,21.0,4,1,否,B,agent,1,0.64,0.56,0.55,0.43,0.86,0.66,0.57,0.61,自住-改善,两室两厅,90,1991,邮政局局长秘书,三口之家(学龄段),上海中环品质两居，车位及空间极其拥挤,小区无地下车库且人车不分流，小孩在楼下玩耍或者推婴儿车极为不安全。,讲究超高得房率（超85%），主卧套房必须配备独立步入式衣帽间与干湿分离双卫。,主要在陆家嘴/徐家汇CBD上班，首选地铁2/9号线沿线，通勤半小时内。,倡导轻户外，周末常带家人自驾野营或山系徒步，注重生活情调与手作咖啡。,名下持有一套旧两居，置换回款 65% + 个人理财储蓄补充 + 公积金商业贷,重性价比，不盲信大牌，但要求物业管理有序、绿化修剪及时、人防技防规范。,常年本地稳定居住，工作日职住通勤动线规则单一。
上_2003_00783,上海,2003,教育型买房,46,男,1.2,8.5,0.4,16.0,2,1,否,B,social,0.99,0.7,0.45,0.5,0.56,0.58,0.54,0.9,0.51,学区房,两室两厅,57,2178,邮政局局长秘书,三口之家(学龄段),上海中环品质两居，车位及空间极其拥挤,小区无地下车库且人车不分流，小孩在楼下玩耍或者推婴儿车极为不安全。,核心要求地块属于第一梯队名校学区，且周边500米内解决幼小衔接教育配套。,主要在陆家嘴/徐家汇CBD上班，首选地铁2/9号线沿线，通勤半小时内。,倡导轻户外，周末常带家人自驾野营或山系徒步，注重生活情调与手作咖啡。,名下持有一套旧两居，置换回款 65% + 个人理财储蓄补充 + 公积金商业贷,重性价比，不盲信大牌，但要求物业管理有序、绿化修剪及时、人防技防规范。,常年本地稳定居住，工作日职住通勤动线规则单一。
上_2003_00784,上海,2003,教育型买房,40,女,2.2,15.4,0.4,28.9,3,1,否,B,social,0.82,0.67,0.32,0.54,0.59,0.6,0.53,1,0.52,学区房,两室两厅,64,2547,国企车间技术主任,三口之家(学龄段),上海中环品质两居，车位及空间极其拥挤,小区无地下车库且人车不分流，小孩在楼下玩耍或者推婴儿车极为不安全。,核心要求地块属于第一梯队名校学区，且周边500米内解决幼小衔接教育配套。,主要在陆家嘴/徐家汇CBD上班，首选地铁2/9号线沿线，通勤半小时内。,倡导轻户外，周末常带家人自驾野营或山系徒步，注重生活情调与手作咖啡。,名下持有一套旧两居，置换回款 65% + 个人理财储蓄补充 + 公积金商业贷,重性价比，不盲信大牌，但要求物业管理有序、绿化修剪及时、人防技防规范。,常年本地稳定居住，工作日职住通勤动线规则单一。
上_2003_00785,上海,2003,金融精英,39,女,3.4,33.7,0.4,63.1,3,0,否,A,research,1,0.46,0.64,0.7,0.77,0.66,0.61,0.7,0.68,自住-改善,一室一厅,74,5505,商业银行支行信贷科长,成熟期核心家庭,陆家嘴核心区江景大平层,无高端私密会所及管家式物业配套，圈层鱼龙混杂，高净值居住体验差。,要求独立电梯入户，主次卧动线分明，配备独立保姆房和私密后院。,主要在陆家嘴/徐家汇CBD上班，首选地铁2/9号线沿线，通勤半小时内。,周末常去高端商圈消费，热衷打网球和马术，重度手冲咖啡及黑胶唱片发烧友。,名下已有企业股权套现或分红现金，一次性全款付清，基本不加杠杆,重性价比，不盲信大牌，但要求物业管理有序、绿化修剪及时、人防技防规范。,常年本地稳定居住，工作日职住通勤动线规则单一。
上_2003_00786,上海,2003,本地改善,39,男,0.6,5.6,0.45,9.3,3,2,是,B,agent,0.59,0.56,0.49,0.52,0.63,1,0.6,0.7,0.6,自住-改善,一室一厅,95,543,邮政局局长秘书,二胎黄金期中大户型,上海中环品质两居，车位及空间极其拥挤,小区无地下车库且人车不分流，小孩在楼下玩耍或者推婴儿车极为不安全。,讲究超高得房率（超85%），主卧套房必须配备独立步入式衣帽间与干湿分离双卫。,主要在陆家嘴/徐家汇CBD上班，首选地铁2/9号线沿线，通勤半小时内。,倡导轻户外，周末常带家人自驾野营或山系徒步，注重生活情调与手作咖啡。,名下持有一套旧两居，置换回款 65% + 个人理财储蓄补充 + 公积金商业贷,重性价比，不盲信大牌，但要求物业管理有序、绿化修剪及时、人防技防规范。,常年本地稳定居住，工作日职住通勤动线规则单一。
上_2003_00787,上海,2003,本地改善,43,男,1.0,9.6,0.45,15.9,5,2,否,B,agent,0.96,0.46,0.58,0.44,0.59,0.96,0.6,0.63,0.57,自住-改善,两室一厅,73,1512,国企车间技术主任,二胎黄金期中大户型,上海中环品质两居，车位及空间极其拥挤,小区无地下车库且人车不分流，小孩在楼下玩耍或者推婴儿车极为不安全。,讲究超高得房率（超85%），主卧套房必须配备独立步入式衣帽间与干湿分离双卫。,主要在陆家嘴/徐家汇CBD上班，首选地铁2/9号线沿线，通勤半小时内。,倡导轻户外，周末常带家人自驾野营或山系徒步，注重生活情调与手作咖啡。,名下持有一套旧两居，置换回款 65% + 个人理财储蓄补充 + 公积金商业贷,重性价比，不盲信大牌，但要求物业管理有序、绿化修剪及时、人防技防规范。,常年本地稳定居住，工作日职住通勤动线规则单一。
上_2003_00788,上海,2003,本地改善,53,女,1.0,11.0,0.45,18.4,4,1,是,B,agent,0.87,0.33,0.43,0.5,0.55,1,0.55,0.89,0.63,自住-改善,两室一厅,74,2115,市第二中学地理教师,三口之家(学龄段),上海中环品质两居，车位及空间极其拥挤,小区无地下车库且人车不分流，小孩在楼下玩耍或者推婴儿车极为不安全。,讲究超高得房率（超85%），主卧套房必须配备独立步入式衣帽间与干湿分离双卫。,主要在陆家嘴/徐家汇CBD上班，首选地铁2/9号线沿线，通勤半小时内。,倡导轻户外，周末常带家人自驾野营或山系徒步，注重生活情调与手作咖啡。,名下持有一套旧两居，置换回款 65% + 个人理财储蓄补充 + 公积金商业贷,重性价比，不盲信大牌，但要求物业管理有序、绿化修剪及时、人防技防规范。,常年本地稳定居住，工作日职住通勤动线规则单一。
上_2003_00789,上海,2003,本地改善,43,女,0.7,6.8,0.45,11.4,3,2,是,B,agent,0.76,0.49,0.51,0.37,0.52,0.93,0.58,0.69,0.59,自住-改善,两室两厅,56,1226,区财政局科员,二胎黄金期中大户型,上海中环品质两居，车位及空间极其拥挤,小区无地下车库且人车不分流，小孩在楼下玩耍或者推婴儿车极为不安全。,讲究超高得房率（超85%），主卧套房必须配备独立步入式衣帽间与干湿分离双卫。,主要在陆家嘴/徐家汇CBD上班，首选地铁2/9号线沿线，通勤半小时内。,倡导轻户外，周末常带家人自驾野营或山系徒步，注重生活情调与手作咖啡。,名下持有一套旧两居，置换回款 65% + 个人理财储蓄补充 + 公积金商业贷,重性价比，不盲信大牌，但要求物业管理有序、绿化修剪及时、人防技防规范。,常年本地稳定居住，工作日职住通勤动线规则单一。
上_2003_00790,上海,2003,长三角家庭,35,女,1.1,6.9,0.45,11.5,3,2,否,B,agent,0.57,0.6,0.46,0.53,0.48,0.8,0.37,0.65,0.77,自住-改善,两室一厅,95,832,国企车间技术主任,二胎黄金期中大户型,上海中环品质两居，车位及空间极其拥挤,小区无地下车库且人车不分流，小孩在楼下玩耍或者推婴儿车极为不安全。,讲究超高得房率（超85%），主卧套房必须配备独立步入式衣帽间与干湿分离双卫。,主要在陆家嘴/徐家汇CBD上班，首选地铁2/9号线沿线，通勤半小时内。,倡导轻户外，周末常带家人自驾野营或山系徒步，注重生活情调与手作咖啡。,名下持有一套旧两居，置换回款 65% + 个人理财储蓄补充 + 公积金商业贷,非仁恒、绿城、万科等金牌开发商不买，极度看重高端精装质量与顶级物业的增值口碑。,常年本地稳定居住，工作日职住通勤动线规则单一。
上_2003_00791,上海,2003,本地改善,48,女,0.8,6.6,0.45,11.1,3,2,否,B,agent,0.78,0.56,0.46,0.46,0.52,0.79,0.52,0.67,0.61,自住-改善,一室一厅,83,689,区财政局科员,二胎黄金期中大户型,上海中环品质两居，车位及空间极其拥挤,小区无地下车库且人车不分流，小孩在楼下玩耍或者推婴儿车极为不安全。,讲究超高得房率（超85%），主卧套房必须配备独立步入式衣帽间与干湿分离双卫。,主要在陆家嘴/徐家汇CBD上班，首选地铁2/9号线沿线，通勤半小时内。,倡导轻户外，周末常带家人自驾野营或山系徒步，注重生活情调与手作咖啡。,名下持有一套旧两居，置换回款 65% + 个人理财储蓄补充 + 公积金商业贷,重性价比，不盲信大牌，但要求物业管理有序、绿化修剪及时、人防技防规范。,常年本地稳定居住，工作日职住通勤动线规则单一。
上_2003_00792,上海,2003,长三角家庭,35,女,1.4,11.4,0.45,18.9,5,2,否,B,agent,0.56,0.54,0.71,0.47,0.44,0.91,0.58,0.62,0.56,自住-首套,两室两厅,79,1635,国企车间技术主任,二胎黄金期中大户型,上海中环品质两居，车位及空间极其拥挤,小区无地下车库且人车不分流，小孩在楼下玩耍或者推婴儿车极为不安全。,要求有超大面宽南向双阳台（观景家政分离），主卧大飘窗能270度直面自然景观。,主要在陆家嘴/徐家汇CBD上班，首选地铁2/9号线沿线，通勤半小时内。,倡导轻户外，周末常带家人自驾野营或山系徒步，注重生活情调与手作咖啡。,夫妻双方积蓄 + 双方父母出资赞助首付 + 公积金商业组合贷款,重性价比，不盲信大牌，但要求物业管理有序、绿化修剪及时、人防技防规范。,常年本地稳定居住，工作日职住通勤动线规则单一。
上_2003_00793,上海,2003,教育型买房,46,女,1.3,13.0,0.4,24.4,2,1,否,B,social,0.79,0.49,0.4,0.43,0.59,0.58,0.49,0.89,0.69,学区房,一室一厅,63,2337,区财政局科员,三口之家(学龄段),上海中环品质两居，车位及空间极其拥挤,小区无地下车库且人车不分流，小孩在楼下玩耍或者推婴儿车极为不安全。,核心要求地块属于第一梯队名校学区，且周边500米内解决幼小衔接教育配套。,主要在陆家嘴/徐家汇CBD上班，首选地铁2/9号线沿线，通勤半小时内。,倡导轻户外，周末常带家人自驾野营或山系徒步，注重生活情调与手作咖啡。,名下持有一套旧两居，置换回款 65% + 个人理财储蓄补充 + 公积金商业贷,重性价比，不盲信大牌，但要求物业管理有序、绿化修剪及时、人防技防规范。,常年本地稳定居住，工作日职住通勤动线规则单一。
上_2003_00794,上海,2003,金融精英,44,女,2.2,22.2,0.4,41.7,2,1,否,A,research,0.68,0.46,0.73,0.71,0.74,0.71,0.88,0.9,0.87,自住-首套,一室一厅,86,3395,申银万国证券分析员,三口之家(学龄段),市中心私密洋房住宅,无高端私密会所及管家式物业配套，圈层鱼龙混杂，高净值居住体验差。,要求独立电梯入户，主次卧动线分明，配备独立保姆房和私密后院。,主要在陆家嘴/徐家汇CBD上班，首选地铁2/9号线沿线，通勤半小时内。,周末常去高端商圈消费，热衷打网球和马术，重度手冲咖啡及黑胶唱片发烧友。,夫妻双方积蓄 + 双方父母出资赞助首付 + 公积金商业组合贷款,非仁恒、绿城、万科等金牌开发商不买，极度看重高端精装质量与顶级物业的增值口碑。,常年本地稳定居住，工作日职住通勤动线规则单一。
上_2003_00795,上海,2003,金融精英,47,女,2.5,24.2,0.4,45.4,3,2,否,A,research,0.61,0.55,0.52,0.48,0.74,0.78,0.7,0.81,0.84,自住-首套,两室一厅,79,4053,商业银行支行信贷科长,二胎黄金期中大户型,市中心私密洋房住宅,无高端私密会所及管家式物业配套，圈层鱼龙混杂，高净值居住体验差。,讲究超高得房率（超85%），主卧套房必须配备独立步入式衣帽间与干湿分离双卫。,主要在陆家嘴/徐家汇CBD上班，首选地铁2/9号线沿线，通勤半小时内。,周末常去高端商圈消费，热衷打网球和马术，重度手冲咖啡及黑胶唱片发烧友。,夫妻双方积蓄 + 双方父母出资赞助首付 + 公积金商业组合贷款,非仁恒、绿城、万科等金牌开发商不买，极度看重高端精装质量与顶级物业的增值口碑。,常年本地稳定居住，工作日职住通勤动线规则单一。
上_2003_00796,上海,2003,本地改善,49,女,0.7,8.3,0.45,13.8,5,2,是,B,agent,0.76,0.53,0.5,0.47,0.5,0.77,0.69,0.81,0.68,自住-改善,一室一厅,54,2211,区财政局科员,二胎黄金期中大户型,上海中环品质两居，车位及空间极其拥挤,小区无地下车库且人车不分流，小孩在楼下玩耍或者推婴儿车极为不安全。,讲究超高得房率（超85%），主卧套房必须配备独立步入式衣帽间与干湿分离双卫。,主要在陆家嘴/徐家汇CBD上班，首选地铁2/9号线沿线，通勤半小时内。,倡导轻户外，周末常带家人自驾野营或山系徒步，注重生活情调与手作咖啡。,名下持有一套旧两居，置换回款 65% + 个人理财储蓄补充 + 公积金商业贷,重性价比，不盲信大牌，但要求物业管理有序、绿化修剪及时、人防技防规范。,常年本地稳定居住，工作日职住通勤动线规则单一。
上_2003_00797,上海,2003,本地改善,44,男,0.6,7.1,0.45,11.9,5,2,是,B,agent,0.95,0.43,0.59,0.51,0.5,0.84,0.47,0.68,0.58,自住-改善,两室两厅,92,712,市第二中学地理教师,二胎黄金期中大户型,上海中环品质两居，车位及空间极其拥挤,小区无地下车库且人车不分流，小孩在楼下玩耍或者推婴儿车极为不安全。,讲究超高得房率（超85%），主卧套房必须配备独立步入式衣帽间与干湿分离双卫。,主要在陆家嘴/徐家汇CBD上班，首选地铁2/9号线沿线，通勤半小时内。,倡导轻户外，周末常带家人自驾野营或山系徒步，注重生活情调与手作咖啡。,名下持有一套旧两居，置换回款 65% + 个人理财储蓄补充 + 公积金商业贷,重性价比，不盲信大牌，但要求物业管理有序、绿化修剪及时、人防技防规范。,常年本地稳定居住，工作日职住通勤动线规则单一。
上_2003_00798,上海,2003,本地改善,51,女,0.9,8.9,0.45,14.8,4,2,是,B,agent,1.0,0.57,0.62,0.51,0.46,0.8,0.8,0.7,0.71,自住-改善,两室两厅,73,1482,市第二中学地理教师,二胎黄金期中大户型,上海中环品质两居，车位及空间极其拥挤,小区无地下车库且人车不分流，小孩在楼下玩耍或者推婴儿车极为不安全。,讲究超高得房率（超85%），主卧套房必须配备独立步入式衣帽间与干湿分离双卫。,主要在陆家嘴/徐家汇CBD上班，首选地铁2/9号线沿线，通勤半小时内。,倡导轻户外，周末常带家人自驾野营或山系徒步，注重生活情调与手作咖啡。,名下持有一套旧两居，置换回款 65% + 个人理财储蓄补充 + 公积金商业贷,非仁恒、绿城、万科等金牌开发商不买，极度看重高端精装质量与顶级物业的增值口碑。,常年本地稳定居住，工作日职住通勤动线规则单一。
上_2003_00799,上海,2003,本地改善,38,女,1.0,10.9,0.45,18.2,4,2,是,B,agent,0.82,0.49,0.46,0.48,0.53,0.73,0.52,0.72,0.68,自住-改善,一室一厅,76,1929,市第二中学地理教师,二胎黄金期中大户型,上海中环品质两居，车位及空间极其拥挤,小区无地下车库且人车不分流，小孩在楼下玩耍或者推婴儿车极为不安全。,讲究超高得房率（超85%），主卧套房必须配备独立步入式衣帽间与干湿分离双卫。,主要在陆家嘴/徐家汇CBD上班，首选地铁2/9号线沿线，通勤半小时内。,倡导轻户外，周末常带家人自驾野营或山系徒步，注重生活情调与手作咖啡。,名下持有一套旧两居，置换回款 65% + 个人理财储蓄补充 + 公积金商业贷,重性价比，不盲信大牌，但要求物业管理有序、绿化修剪及时、人防技防规范。,常年本地稳定居住，工作日职住通勤动线规则单一。
上_2003_00800,上海,2003,金融精英,37,男,2.3,15.7,0.4,29.5,3,0,是,A,research,0.82,0.44,0.67,0.61,0.64,0.83,0.77,0.75,0.73,自住-改善,两室一厅,53,4952,申银万国证券分析员,成熟期核心家庭,西湖边高精平层,当前房屋属于旧多层无电梯房，父母年纪渐高每天爬楼梯极为吃力。,讲究超高得房率（超85%），主卧套房必须配备独立步入式衣帽间与干湿分离双卫。,主要在陆家嘴/徐家汇CBD上班，首选地铁2/9号线沿线，通勤半小时内。,周末常去高端商圈消费，热衷打网球和马术，重度手冲咖啡及黑胶唱片发烧友。,名下已有企业股权套现或分红现金，一次性全款付清，基本不加杠杆,非仁恒、绿城、万科等金牌开发商不买，极度看重高端精装质量与顶级物业的增值口碑。,常年本地稳定居住，工作日职住通勤动线规则单一。
上_2003_00801,上海,2003,金融精英,42,男,2.6,23.6,0.4,44.3,3,0,否,A,research,0.72,0.53,0.7,0.53,0.73,0.94,0.6,0.86,0.76,自住-改善,两室一厅,62,3945,商业银行支行信贷科长,成熟期核心家庭,陆家嘴核心区江景大平层,无高端私密会所及管家式物业配套，圈层鱼龙混杂，高净值居住体验差。,讲究超高得房率（超85%），主卧套房必须配备独立步入式衣帽间与干湿分离双卫。,主要在陆家嘴/徐家汇CBD上班，首选地铁2/9号线沿线，通勤半小时内。,周末常去高端商圈消费，热衷打网球和马术，重度手冲咖啡及黑胶唱片发烧友。,名下已有企业股权套现或分红现金，一次性全款付清，基本不加杠杆,非仁恒、绿城、万科等金牌开发商不买，极度看重高端精装质量与顶级物业的增值口碑。,常年本地稳定居住，工作日职住通勤动线规则单一。
上_2003_00802,上海,2003,本地改善,49,男,1.0,9.5,0.45,15.8,5,2,否,B,agent,0.75,0.54,0.58,0.43,0.59,0.88,0.57,0.65,0.55,自住-改善,两室一厅,98,1351,市第二中学地理教师,二胎黄金期中大户型,上海中环品质两居，车位及空间极其拥挤,小区无地下车库且人车不分流，小孩在楼下玩耍或者推婴儿车极为不安全。,讲究超高得房率（超85%），主卧套房必须配备独立步入式衣帽间与干湿分离双卫。,主要在陆家嘴/徐家汇CBD上班，首选地铁2/9号线沿线，通勤半小时内。,倡导轻户外，周末常带家人自驾野营或山系徒步，注重生活情调与手作咖啡。,名下持有一套旧两居，置换回款 65% + 个人理财储蓄补充 + 公积金商业贷,重性价比，不盲信大牌，但要求物业管理有序、绿化修剪及时、人防技防规范。,常年本地稳定居住，工作日职住通勤动线规则单一。
上_2003_00803,上海,2003,本地改善,47,男,0.9,7.1,0.45,11.8,5,2,是,B,agent,0.8,0.55,0.59,0.54,0.55,0.9,0.65,0.67,0.62,自住-改善,两室两厅,95,1045,区财政局科员,二胎黄金期中大户型,上海中环品质两居，车位及空间极其拥挤,小区无地下车库且人车不分流，小孩在楼下玩耍或者推婴儿车极为不安全。,讲究超高得房率（超85%），主卧套房必须配备独立步入式衣帽间与干湿分离双卫。,主要在陆家嘴/徐家汇CBD上班，首选地铁2/9号线沿线，通勤半小时内。,倡导轻户外，周末常带家人自驾野营或山系徒步，注重生活情调与手作咖啡。,名下持有一套旧两居，置换回款 65% + 个人理财储蓄补充 + 公积金商业贷,重性价比，不盲信大牌，但要求物业管理有序、绿化修剪及时、人防技防规范。,常年本地稳定居住，工作日职住通勤动线规则单一。
上_2003_00804,上海,2003,金融精英,49,男,1.4,12.1,0.4,22.7,2,1,否,A,research,0.74,0.42,0.75,0.61,0.59,0.7,0.78,0.74,0.87,自住-首套,两室一厅,88,1989,老牌证券公司营业部经理,三口之家(学龄段),市中心私密洋房住宅,无高端私密会所及管家式物业配套，圈层鱼龙混杂，高净值居住体验差。,要求有超大面宽南向双阳台（观景家政分离），主卧大飘窗能270度直面自然景观。,主要在陆家嘴/徐家汇CBD上班，首选地铁2/9号线沿线，通勤半小时内。,周末常去高端商圈消费，热衷打网球和马术，重度手冲咖啡及黑胶唱片发烧友。,夫妻双方积蓄 + 双方父母出资赞助首付 + 公积金商业组合贷款,非仁恒、绿城、万科等金牌开发商不买，极度看重高端精装质量与顶级物业的增值口碑。,常年本地稳定居住，工作日职住通勤动线规则单一。
上_2003_00805,上海,2003,长三角家庭,47,男,1.3,7.1,0.45,11.8,3,3,是,B,agent,0.66,0.59,0.56,0.44,0.47,0.75,0.46,0.64,0.6,自住-改善,两室一厅,67,981,邮政局局长秘书,二胎黄金期中大户型,上海中环品质两居，车位及空间极其拥挤,小区无地下车库且人车不分流，小孩在楼下玩耍或者推婴儿车极为不安全。,讲究超高得房率（超85%），主卧套房必须配备独立步入式衣帽间与干湿分离双卫。,主要在陆家嘴/徐家汇CBD上班，首选地铁2/9号线沿线，通勤半小时内。,倡导轻户外，周末常带家人自驾野营或山系徒步，注重生活情调与手作咖啡。,名下持有一套旧两居，置换回款 65% + 个人理财储蓄补充 + 公积金商业贷,重性价比，不盲信大牌，但要求物业管理有序、绿化修剪及时、人防技防规范。,常年本地稳定居住，工作日职住通勤动线规则单一。
上_2003_00806,上海,2003,金融精英,40,女,1.1,6.1,0.4,11.4,3,0,否,A,research,0.79,0.56,0.7,0.46,0.65,0.69,0.62,0.89,0.8,自住-首套,一室一厅,94,855,老牌证券公司营业部经理,成熟期核心家庭,西湖边高精平层,无高端私密会所及管家式物业配套，圈层鱼龙混杂，高净值居住体验差。,要求有超大面宽南向双阳台（观景家政分离），主卧大飘窗能270度直面自然景观。,主要在陆家嘴/徐家汇CBD上班，首选地铁2/9号线沿线，通勤半小时内。,周末常去高端商圈消费，热衷打网球和马术，重度手冲咖啡及黑胶唱片发烧友。,夫妻双方积蓄 + 双方父母出资赞助首付 + 公积金商业组合贷款,非仁恒、绿城、万科等金牌开发商不买，极度看重高端精装质量与顶级物业的增值口碑。,常年本地稳定居住，工作日职住通勤动线规则单一。
上_2003_00807,上海,2003,本地改善,39,女,1.2,9.5,0.45,15.8,4,2,是,B,agent,0.67,0.46,0.73,0.51,0.51,0.82,0.52,0.75,0.58,自住-改善,一室一厅,87,1149,市第二中学地理教师,二胎黄金期中大户型,上海中环品质两居，车位及空间极其拥挤,小区无地下车库且人车不分流，小孩在楼下玩耍或者推婴儿车极为不安全。,要求有超大面宽南向双阳台（观景家政分离），主卧大飘窗能270度直面自然景观。,主要在陆家嘴/徐家汇CBD上班，首选地铁2/9号线沿线，通勤半小时内。,倡导轻户外，周末常带家人自驾野营或山系徒步，注重生活情调与手作咖啡。,名下持有一套旧两居，置换回款 65% + 个人理财储蓄补充 + 公积金商业贷,重性价比，不盲信大牌，但要求物业管理有序、绿化修剪及时、人防技防规范。,常年本地稳定居住，工作日职住通勤动线规则单一。
上_2003_00808,上海,2003,长三角家庭,46,女,1.0,7.2,0.45,12.1,3,1,否,B,agent,0.98,0.46,0.59,0.57,0.57,0.8,0.45,0.64,0.59,自住-首套,两室两厅,56,1648,市第二中学地理教师,三口之家(学龄段),上海中环品质两居，车位及空间极其拥挤,小区无地下车库且人车不分流，小孩在楼下玩耍或者推婴儿车极为不安全。,讲究超高得房率（超85%），主卧套房必须配备独立步入式衣帽间与干湿分离双卫。,主要在陆家嘴/徐家汇CBD上班，首选地铁2/9号线沿线，通勤半小时内。,倡导轻户外，周末常带家人自驾野营或山系徒步，注重生活情调与手作咖啡。,夫妻双方积蓄 + 双方父母出资赞助首付 + 公积金商业组合贷款,重性价比，不盲信大牌，但要求物业管理有序、绿化修剪及时、人防技防规范。,常年本地稳定居住，工作日职住通勤动线规则单一。
上_2003_00809,上海,2003,教育型买房,48,男,1.5,10.2,0.4,19.1,3,1,否,B,social,1,0.54,0.4,0.46,0.59,0.71,0.56,0.89,0.64,学区房,两室一厅,69,1662,国企车间技术主任,三口之家(学龄段),上海中环品质两居，车位及空间极其拥挤,小区无地下车库且人车不分流，小孩在楼下玩耍或者推婴儿车极为不安全。,讲究超高得房率（超85%），主卧套房必须配备独立步入式衣帽间与干湿分离双卫。,主要在陆家嘴/徐家汇CBD上班，首选地铁2/9号线沿线，通勤半小时内。,倡导轻户外，周末常带家人自驾野营或山系徒步，注重生活情调与手作咖啡。,名下持有一套旧两居，置换回款 65% + 个人理财储蓄补充 + 公积金商业贷,重性价比，不盲信大牌，但要求物业管理有序、绿化修剪及时、人防技防规范。,常年本地稳定居住，工作日职住通勤动线规则单一。
上_2003_00810,上海,2003,长三角家庭,43,女,1.7,8.2,0.45,13.7,4,3,是,B,agent,0.9,0.67,0.52,0.41,0.36,0.67,0.42,0.66,0.48,自住-改善,一室一厅,82,1132,国企车间技术主任,二胎黄金期中大户型,上海中环品质两居，车位及空间极其拥挤,小区无地下车库且人车不分流，小孩在楼下玩耍或者推婴儿车极为不安全。,要求采光通透，全明户型，带多功能嵌入式收纳墙以最大化空间利用。,主要在陆家嘴/徐家汇CBD上班，首选地铁2/9号线沿线，通勤半小时内。,倡导轻户外，周末常带家人自驾野营或山系徒步，注重生活情调与手作咖啡。,名下持有一套旧两居，置换回款 65% + 个人理财储蓄补充 + 公积金商业贷,重性价比，不盲信大牌，但要求物业管理有序、绿化修剪及时、人防技防规范。,常年本地稳定居住，工作日职住通勤动线规则单一。
上_2003_00811,上海,2003,金融精英,44,女,2.2,12.2,0.4,22.9,4,1,否,A,research,0.52,0.47,0.73,0.68,0.72,0.9,0.74,0.8,0.92,自住-改善,两室两厅,91,1864,老牌证券公司营业部经理,三口之家(学龄段),市中心私密洋房住宅,无高端私密会所及管家式物业配套，圈层鱼龙混杂，高净值居住体验差。,要求有超大面宽南向双阳台（观景家政分离），主卧大飘窗能270度直面自然景观。,主要在陆家嘴/徐家汇CBD上班，首选地铁2/9号线沿线，通勤半小时内。,周末常去高端商圈消费，热衷打网球和马术，重度手冲咖啡及黑胶唱片发烧友。,名下已有企业股权套现或分红现金，一次性全款付清，基本不加杠杆,非仁恒、绿城、万科等金牌开发商不买，极度看重高端精装质量与顶级物业的增值口碑。,常年本地稳定居住，工作日职住通勤动线规则单一。
上_2003_00812,上海,2003,长三角家庭,37,女,0.6,4.6,0.45,7.7,4,1,是,B,agent,0.87,0.42,0.51,0.49,0.6,0.74,0.39,0.87,0.52,自住-改善,一室一厅,81,611,国企车间技术主任,三口之家(幼龄段),上海中环品质两居，车位及空间极其拥挤,小区无地下车库且人车不分流，小孩在楼下玩耍或者推婴儿车极为不安全。,讲究超高得房率（超85%），主卧套房必须配备独立步入式衣帽间与干湿分离双卫。,主要在陆家嘴/徐家汇CBD上班，首选地铁2/9号线沿线，通勤半小时内。,倡导轻户外，周末常带家人自驾野营或山系徒步，注重生活情调与手作咖啡。,名下持有一套旧两居，置换回款 65% + 个人理财储蓄补充 + 公积金商业贷,重性价比，不盲信大牌，但要求物业管理有序、绿化修剪及时、人防技防规范。,常年本地稳定居住，工作日职住通勤动线规则单一。
上_2003_00813,上海,2003,本地改善,55,女,1.1,8.4,0.45,14.1,4,2,是,B,agent,0.64,0.44,0.54,0.48,0.49,0.86,0.6,0.56,0.64,自住-改善,两室两厅,72,1709,区财政局科员,二胎黄金期中大户型,上海中环品质两居，车位及空间极其拥挤,小区无地下车库且人车不分流，小孩在楼下玩耍或者推婴儿车极为不安全。,讲究超高得房率（超85%），主卧套房必须配备独立步入式衣帽间与干湿分离双卫。,主要在陆家嘴/徐家汇CBD上班，首选地铁2/9号线沿线，通勤半小时内。,倡导轻户外，周末常带家人自驾野营或山系徒步，注重生活情调与手作咖啡。,名下持有一套旧两居，置换回款 65% + 个人理财储蓄补充 + 公积金商业贷,重性价比，不盲信大牌，但要求物业管理有序、绿化修剪及时、人防技防规范。,常年本地稳定居住，工作日职住通勤动线规则单一。
上_2003_00814,上海,2003,本地改善,46,男,0.7,8.4,0.45,14.0,4,2,是,B,agent,0.47,0.37,0.47,0.64,0.5,0.81,0.64,0.59,0.64,自住-改善,两室两厅,98,821,邮政局局长秘书,二胎黄金期中大户型,上海中环品质两居，车位及空间极其拥挤,小区无地下车库且人车不分流，小孩在楼下玩耍或者推婴儿车极为不安全。,讲究超高得房率（超85%），主卧套房必须配备独立步入式衣帽间与干湿分离双卫。,主要在陆家嘴/徐家汇CBD上班，首选地铁2/9号线沿线，通勤半小时内。,倡导轻户外，周末常带家人自驾野营或山系徒步，注重生活情调与手作咖啡。,名下持有一套旧两居，置换回款 65% + 个人理财储蓄补充 + 公积金商业贷,重性价比，不盲信大牌，但要求物业管理有序、绿化修剪及时、人防技防规范。,常年本地稳定居住，工作日职住通勤动线规则单一。
上_2003_00815,上海,2003,金融精英,41,男,1.9,11.2,0.4,20.9,3,2,否,A,research,0.77,0.37,0.74,0.68,0.64,0.68,0.75,0.98,0.9,自住-改善,两室一厅,63,2378,申银万国证券分析员,二胎黄金期中大户型,西湖边高精平层,无高端私密会所及管家式物业配套，圈层鱼龙混杂，高净值居住体验差。,要求有超大面宽南向双阳台（观景家政分离），主卧大飘窗能270度直面自然景观。,主要在陆家嘴/徐家汇CBD上班，首选地铁2/9号线沿线，通勤半小时内。,周末常去高端商圈消费，热衷打网球和马术，重度手冲咖啡及黑胶唱片发烧友。,名下已有企业股权套现或分红现金，一次性全款付清，基本不加杠杆,非仁恒、绿城、万科等金牌开发商不买，极度看重高端精装质量与顶级物业的增值口碑。,常年本地稳定居住，工作日职住通勤动线规则单一。
上_2003_00816,上海,2003,本地改善,56,女,1.5,12.4,0.45,20.7,4,2,否,B,agent,0.87,0.32,0.48,0.41,0.56,0.89,0.52,0.75,0.63,自住-改善,两室一厅,87,1864,邮政局局长秘书,二胎黄金期中大户型,上海中环品质两居，车位及空间极其拥挤,小区无地下车库且人车不分流，小孩在楼下玩耍或者推婴儿车极为不安全。,讲究超高得房率（超85%），主卧套房必须配备独立步入式衣帽间与干湿分离双卫。,主要在陆家嘴/徐家汇CBD上班，首选地铁2/9号线沿线，通勤半小时内。,倡导轻户外，周末常带家人自驾野营或山系徒步，注重生活情调与手作咖啡。,名下持有一套旧两居，置换回款 65% + 个人理财储蓄补充 + 公积金商业贷,重性价比，不盲信大牌，但要求物业管理有序、绿化修剪及时、人防技防规范。,常年本地稳定居住，工作日职住通勤动线规则单一。
上_2003_00817,上海,2003,外籍海归,41,女,1.5,9.0,0.4,16.8,3,0,否,A,social,0.75,0.51,0.66,0.57,0.85,0.76,0.73,0.9,0.71,自住-首套,两室一厅,70,1691,合资日化企业技术主管,成熟期核心家庭,西湖边高精平层,无高端私密会所及管家式物业配套，圈层鱼龙混杂，高净值居住体验差。,讲究超高得房率（超85%），主卧套房必须配备独立步入式衣帽间与干湿分离双卫。,主要在陆家嘴/徐家汇CBD上班，首选地铁2/9号线沿线，通勤半小时内。,周末常去高端商圈消费，热衷打网球和马术，重度手冲咖啡及黑胶唱片发烧友。,夫妻双方积蓄 + 双方父母出资赞助首付 + 公积金商业组合贷款,非仁恒、绿城、万科等金牌开发商不买，极度看重高端精装质量与顶级物业的增值口碑。,常年本地稳定居住，工作日职住通勤动线规则单一。
上_2003_00818,上海,2003,外籍海归,45,女,1.2,6.9,0.4,13.0,2,2,是,A,social,1,0.47,0.59,0.67,0.88,0.64,0.58,0.78,0.74,自住-改善,两室一厅,53,1528,合资日化企业技术主管,二胎黄金期中大户型,陆家嘴核心区江景大平层,当前房屋属于旧多层无电梯房，父母年纪渐高每天爬楼梯极为吃力。,核心要求地块属于第一梯队名校学区，且周边500米内解决幼小衔接教育配套。,主要在陆家嘴/徐家汇CBD上班，首选地铁2/9号线沿线，通勤半小时内。,周末常去高端商圈消费，热衷打网球和马术，重度手冲咖啡及黑胶唱片发烧友。,名下已有企业股权套现或分红现金，一次性全款付清，基本不加杠杆,非仁恒、绿城、万科等金牌开发商不买，极度看重高端精装质量与顶级物业的增值口碑。,常年本地稳定居住，工作日职住通勤动线规则单一。
上_2003_00819,上海,2003,金融精英,45,女,2.4,20.6,0.4,38.6,3,1,是,A,research,0.69,0.49,0.69,0.49,0.69,0.91,0.74,0.81,0.86,自住-首套,两室两厅,75,2890,商业银行支行信贷科长,三口之家(学龄段),陆家嘴核心区江景大平层,当前房屋属于旧多层无电梯房，父母年纪渐高每天爬楼梯极为吃力。,讲究超高得房率（超85%），主卧套房必须配备独立步入式衣帽间与干湿分离双卫。,主要在陆家嘴/徐家汇CBD上班，首选地铁2/9号线沿线，通勤半小时内。,周末常去高端商圈消费，热衷打网球和马术，重度手冲咖啡及黑胶唱片发烧友。,夫妻双方积蓄 + 双方父母出资赞助首付 + 公积金商业组合贷款,非仁恒、绿城、万科等金牌开发商不买，极度看重高端精装质量与顶级物业的增值口碑。,常年本地稳定居住，工作日职住通勤动线规则单一。
上_2003_00820,上海,2003,本地改善,41,男,0.9,10.7,0.45,17.8,4,1,否,B,agent,0.71,0.61,0.38,0.62,0.55,0.71,0.53,0.78,0.59,自住-改善,两室两厅,76,1879,国企车间技术主任,三口之家(学龄段),上海中环品质两居，车位及空间极其拥挤,小区无地下车库且人车不分流，小孩在楼下玩耍或者推婴儿车极为不安全。,讲究超高得房率（超85%），主卧套房必须配备独立步入式衣帽间与干湿分离双卫。,主要在陆家嘴/徐家汇CBD上班，首选地铁2/9号线沿线，通勤半小时内。,倡导轻户外，周末常带家人自驾野营或山系徒步，注重生活情调与手作咖啡。,名下持有一套旧两居，置换回款 65% + 个人理财储蓄补充 + 公积金商业贷,重性价比，不盲信大牌，但要求物业管理有序、绿化修剪及时、人防技防规范。,常年本地稳定居住，工作日职住通勤动线规则单一。
上_2003_00821,上海,2003,本地改善,42,男,0.9,10.7,0.45,17.8,4,2,是,B,agent,1,0.5,0.61,0.52,0.44,0.86,0.67,0.62,0.55,自住-改善,两室一厅,78,1890,市第二中学地理教师,二胎黄金期中大户型,上海中环品质两居，车位及空间极其拥挤,小区无地下车库且人车不分流，小孩在楼下玩耍或者推婴儿车极为不安全。,讲究超高得房率（超85%），主卧套房必须配备独立步入式衣帽间与干湿分离双卫。,主要在陆家嘴/徐家汇CBD上班，首选地铁2/9号线沿线，通勤半小时内。,倡导轻户外，周末常带家人自驾野营或山系徒步，注重生活情调与手作咖啡。,名下持有一套旧两居，置换回款 65% + 个人理财储蓄补充 + 公积金商业贷,重性价比，不盲信大牌，但要求物业管理有序、绿化修剪及时、人防技防规范。,常年本地稳定居住，工作日职住通勤动线规则单一。
上_2003_00822,上海,2003,外籍海归,42,男,2.2,14.9,0.4,27.9,3,1,否,A,social,0.5,0.52,0.5,0.74,0.72,0.58,0.56,0.88,0.61,自住-首套,两室两厅,71,2676,外企驻沪办事处代表,三口之家(学龄段),西湖边高精平层,无高端私密会所及管家式物业配套，圈层鱼龙混杂，高净值居住体验差。,要求独立电梯入户，主次卧动线分明，配备独立保姆房和私密后院。,主要在陆家嘴/徐家汇CBD上班，首选地铁2/9号线沿线，通勤半小时内。,周末常去高端商圈消费，热衷打网球和马术，重度手冲咖啡及黑胶唱片发烧友。,夫妻双方积蓄 + 双方父母出资赞助首付 + 公积金商业组合贷款,重性价比，不盲信大牌，但要求物业管理有序、绿化修剪及时、人防技防规范。,常年本地稳定居住，工作日职住通勤动线规则单一。
上_2003_00823,上海,2003,本地改善,39,女,1.0,11.1,0.45,18.5,3,3,是,B,agent,0.82,0.39,0.49,0.52,0.5,0.85,0.77,0.77,0.55,自住-改善,一室一厅,85,1107,市第二中学地理教师,二胎黄金期中大户型,上海中环品质两居，车位及空间极其拥挤,小区无地下车库且人车不分流，小孩在楼下玩耍或者推婴儿车极为不安全。,讲究超高得房率（超85%），主卧套房必须配备独立步入式衣帽间与干湿分离双卫。,主要在陆家嘴/徐家汇CBD上班，首选地铁2/9号线沿线，通勤半小时内。,倡导轻户外，周末常带家人自驾野营或山系徒步，注重生活情调与手作咖啡。,名下持有一套旧两居，置换回款 65% + 个人理财储蓄补充 + 公积金商业贷,重性价比，不盲信大牌，但要求物业管理有序、绿化修剪及时、人防技防规范。,常年本地稳定居住，工作日职住通勤动线规则单一。
上_2003_00824,上海,2003,本地改善,52,男,1.3,14.7,0.45,24.4,4,2,是,B,agent,1,0.63,0.61,0.62,0.56,0.74,0.77,0.75,0.71,自住-改善,一室一厅,76,2455,区财政局科员,二胎黄金期中大户型,上海中环品质两居，车位及空间极其拥挤,小区无地下车库且人车不分流，小孩在楼下玩耍或者推婴儿车极为不安全。,讲究超高得房率（超85%），主卧套房必须配备独立步入式衣帽间与干湿分离双卫。,主要在陆家嘴/徐家汇CBD上班，首选地铁2/9号线沿线，通勤半小时内。,倡导轻户外，周末常带家人自驾野营或山系徒步，注重生活情调与手作咖啡。,名下持有一套旧两居，置换回款 65% + 个人理财储蓄补充 + 公积金商业贷,非仁恒、绿城、万科等金牌开发商不买，极度看重高端精装质量与顶级物业的增值口碑。,常年本地稳定居住，工作日职住通勤动线规则单一。
上_2003_00825,上海,2003,本地改善,49,女,1.3,13.8,0.45,23.0,4,3,否,B,agent,1,0.52,0.47,0.53,0.46,0.74,0.59,0.51,0.66,自住-改善,两室两厅,86,2310,区财政局科员,二胎黄金期中大户型,上海中环品质两居，车位及空间极其拥挤,小区无地下车库且人车不分流，小孩在楼下玩耍或者推婴儿车极为不安全。,讲究超高得房率（超85%），主卧套房必须配备独立步入式衣帽间与干湿分离双卫。,主要在陆家嘴/徐家汇CBD上班，首选地铁2/9号线沿线，通勤半小时内。,倡导轻户外，周末常带家人自驾野营或山系徒步，注重生活情调与手作咖啡。,名下持有一套旧两居，置换回款 65% + 个人理财储蓄补充 + 公积金商业贷,重性价比，不盲信大牌，但要求物业管理有序、绿化修剪及时、人防技防规范。,常年本地稳定居住，工作日职住通勤动线规则单一。
上_2003_00826,上海,2003,金融精英,50,男,2.6,21.8,0.4,40.9,4,1,是,A,research,0.56,0.52,0.62,0.55,0.87,0.77,0.71,0.73,0.95,自住-首套,两室一厅,54,4030,老牌证券公司营业部经理,三口之家(学龄段),陆家嘴核心区江景大平层,当前房屋属于旧多层无电梯房，父母年纪渐高每天爬楼梯极为吃力。,讲究超高得房率（超85%），主卧套房必须配备独立步入式衣帽间与干湿分离双卫。,主要在陆家嘴/徐家汇CBD上班，首选地铁2/9号线沿线，通勤半小时内。,周末常去高端商圈消费，热衷打网球和马术，重度手冲咖啡及黑胶唱片发烧友。,夫妻双方积蓄 + 双方父母出资赞助首付 + 公积金商业组合贷款,非仁恒、绿城、万科等金牌开发商不买，极度看重高端精装质量与顶级物业的增值口碑。,常年本地稳定居住，工作日职住通勤动线规则单一。
上_2003_00827,上海,2003,本地改善,48,男,0.9,6.8,0.45,11.3,3,2,否,B,agent,0.51,0.51,0.59,0.49,0.54,0.75,0.73,0.81,0.65,自住-改善,两室一厅,98,629,区财政局科员,二胎黄金期中大户型,上海中环品质两居，车位及空间极其拥挤,小区无地下车库且人车不分流，小孩在楼下玩耍或者推婴儿车极为不安全。,讲究超高得房率（超85%），主卧套房必须配备独立步入式衣帽间与干湿分离双卫。,主要在陆家嘴/徐家汇CBD上班，首选地铁2/9号线沿线，通勤半小时内。,倡导轻户外，周末常带家人自驾野营或山系徒步，注重生活情调与手作咖啡。,名下持有一套旧两居，置换回款 65% + 个人理财储蓄补充 + 公积金商业贷,重性价比，不盲信大牌，但要求物业管理有序、绿化修剪及时、人防技防规范。,常年本地稳定居住，工作日职住通勤动线规则单一。
上_2003_00828,上海,2003,本地改善,51,女,0.7,8.3,0.45,13.8,3,1,否,B,agent,0.65,0.43,0.52,0.34,0.57,0.8,0.64,0.79,0.58,自住-改善,一室一厅,52,2084,市第二中学地理教师,三口之家(学龄段),上海中环品质两居，车位及空间极其拥挤,小区无地下车库且人车不分流，小孩在楼下玩耍或者推婴儿车极为不安全。,讲究超高得房率（超85%），主卧套房必须配备独立步入式衣帽间与干湿分离双卫。,主要在陆家嘴/徐家汇CBD上班，首选地铁2/9号线沿线，通勤半小时内。,倡导轻户外，周末常带家人自驾野营或山系徒步，注重生活情调与手作咖啡。,名下持有一套旧两居，置换回款 65% + 个人理财储蓄补充 + 公积金商业贷,重性价比，不盲信大牌，但要求物业管理有序、绿化修剪及时、人防技防规范。,常年本地稳定居住，工作日职住通勤动线规则单一。
上_2003_00829,上海,2003,本地改善,56,男,1.4,15.7,0.45,26.2,5,1,否,B,agent,0.75,0.5,0.56,0.44,0.41,0.84,0.7,0.73,0.69,自住-改善,两室两厅,69,2031,国企车间技术主任,三口之家(学龄段),上海中环品质两居，车位及空间极其拥挤,小区无地下车库且人车不分流，小孩在楼下玩耍或者推婴儿车极为不安全。,讲究超高得房率（超85%），主卧套房必须配备独立步入式衣帽间与干湿分离双卫。,主要在陆家嘴/徐家汇CBD上班，首选地铁2/9号线沿线，通勤半小时内。,倡导轻户外，周末常带家人自驾野营或山系徒步，注重生活情调与手作咖啡。,名下持有一套旧两居，置换回款 65% + 个人理财储蓄补充 + 公积金商业贷,重性价比，不盲信大牌，但要求物业管理有序、绿化修剪及时、人防技防规范。,常年本地稳定居住，工作日职住通勤动线规则单一。
上_2003_00830,上海,2003,长三角家庭,54,男,2.0,12.8,0.45,21.4,3,3,是,B,agent,1,0.6,0.45,0.41,0.49,0.74,0.5,0.7,0.72,自住-改善,一室一厅,70,2471,区财政局科员,二胎黄金期中大户型,上海中环品质两居，车位及空间极其拥挤,小区无地下车库且人车不分流，小孩在楼下玩耍或者推婴儿车极为不安全。,讲究超高得房率（超85%），主卧套房必须配备独立步入式衣帽间与干湿分离双卫。,主要在陆家嘴/徐家汇CBD上班，首选地铁2/9号线沿线，通勤半小时内。,倡导轻户外，周末常带家人自驾野营或山系徒步，注重生活情调与手作咖啡。,名下持有一套旧两居，置换回款 65% + 个人理财储蓄补充 + 公积金商业贷,非仁恒、绿城、万科等金牌开发商不买，极度看重高端精装质量与顶级物业的增值口碑。,常年本地稳定居住，工作日职住通勤动线规则单一。
上_2003_00831,上海,2003,金融精英,49,女,4.5,39.1,0.4,73.3,3,1,否,A,research,0.77,0.4,0.59,0.54,0.76,0.8,0.8,0.85,0.86,自住-改善,两室两厅,63,8960,申银万国证券分析员,三口之家(学龄段),陆家嘴核心区江景大平层,无高端私密会所及管家式物业配套，圈层鱼龙混杂，高净值居住体验差。,讲究超高得房率（超85%），主卧套房必须配备独立步入式衣帽间与干湿分离双卫。,主要在陆家嘴/徐家汇CBD上班，首选地铁2/9号线沿线，通勤半小时内。,周末常去高端商圈消费，热衷打网球和马术，重度手冲咖啡及黑胶唱片发烧友。,名下已有企业股权套现或分红现金，一次性全款付清，基本不加杠杆,非仁恒、绿城、万科等金牌开发商不买，极度看重高端精装质量与顶级物业的增值口碑。,常年本地稳定居住，工作日职住通勤动线规则单一。
上_2003_00832,上海,2003,本地改善,55,男,1.2,13.1,0.45,21.9,4,2,否,B,agent,0.54,0.48,0.46,0.48,0.54,0.83,0.56,0.72,0.72,自住-改善,两室一厅,75,1506,区财政局科员,二胎黄金期中大户型,上海中环品质两居，车位及空间极其拥挤,小区无地下车库且人车不分流，小孩在楼下玩耍或者推婴儿车极为不安全。,讲究超高得房率（超85%），主卧套房必须配备独立步入式衣帽间与干湿分离双卫。,主要在陆家嘴/徐家汇CBD上班，首选地铁2/9号线沿线，通勤半小时内。,倡导轻户外，周末常带家人自驾野营或山系徒步，注重生活情调与手作咖啡。,名下持有一套旧两居，置换回款 65% + 个人理财储蓄补充 + 公积金商业贷,非仁恒、绿城、万科等金牌开发商不买，极度看重高端精装质量与顶级物业的增值口碑。,常年本地稳定居住，工作日职住通勤动线规则单一。
上_2003_00833,上海,2003,教育型买房,33,女,1.9,12.7,0.4,23.9,2,1,否,B,social,1,0.41,0.41,0.43,0.6,0.79,0.53,0.95,0.54,学区房,两室一厅,67,2061,市第二中学地理教师,三口之家(幼龄段),上海中环品质两居，车位及空间极其拥挤,小区无地下车库且人车不分流，小孩在楼下玩耍或者推婴儿车极为不安全。,讲究超高得房率（超85%），主卧套房必须配备独立步入式衣帽间与干湿分离双卫。,主要在陆家嘴/徐家汇CBD上班，首选地铁2/9号线沿线，通勤半小时内。,倡导轻户外，周末常带家人自驾野营或山系徒步，注重生活情调与手作咖啡。,名下持有一套旧两居，置换回款 65% + 个人理财储蓄补充 + 公积金商业贷,重性价比，不盲信大牌，但要求物业管理有序、绿化修剪及时、人防技防规范。,常年本地稳定居住，工作日职住通勤动线规则单一。
上_2003_00834,上海,2003,教育型买房,42,女,1.3,11.6,0.4,21.7,3,2,否,B,social,0.88,0.44,0.35,0.49,0.69,0.67,0.53,1,0.65,学区房,两室一厅,64,1949,市第二中学地理教师,二胎黄金期中大户型,上海中环品质两居，车位及空间极其拥挤,小区无地下车库且人车不分流，小孩在楼下玩耍或者推婴儿车极为不安全。,核心要求地块属于第一梯队名校学区，且周边500米内解决幼小衔接教育配套。,主要在陆家嘴/徐家汇CBD上班，首选地铁2/9号线沿线，通勤半小时内。,倡导轻户外，周末常带家人自驾野营或山系徒步，注重生活情调与手作咖啡。,名下持有一套旧两居，置换回款 65% + 个人理财储蓄补充 + 公积金商业贷,重性价比，不盲信大牌，但要求物业管理有序、绿化修剪及时、人防技防规范。,常年本地稳定居住，工作日职住通勤动线规则单一。
上_2003_00835,上海,2003,金融精英,38,男,0.8,6.0,0.4,11.3,3,1,否,A,research,0.56,0.4,0.64,0.66,0.71,0.72,0.68,0.77,0.66,自住-改善,一室一厅,85,953,商业银行支行信贷科长,三口之家(学龄段),市中心私密洋房住宅,无高端私密会所及管家式物业配套，圈层鱼龙混杂，高净值居住体验差。,讲究超高得房率（超85%），主卧套房必须配备独立步入式衣帽间与干湿分离双卫。,主要在陆家嘴/徐家汇CBD上班，首选地铁2/9号线沿线，通勤半小时内。,周末常去高端商圈消费，热衷打网球和马术，重度手冲咖啡及黑胶唱片发烧友。,名下已有企业股权套现或分红现金，一次性全款付清，基本不加杠杆,重性价比，不盲信大牌，但要求物业管理有序、绿化修剪及时、人防技防规范。,常年本地稳定居住，工作日职住通勤动线规则单一。
上_2003_00836,上海,2003,金融精英,41,男,0.6,4.4,0.4,8.2,4,1,是,A,research,0.83,0.51,0.73,0.61,0.85,0.85,0.75,0.8,0.91,自住-改善,两室一厅,56,1315,商业银行支行信贷科长,三口之家(学龄段),陆家嘴核心区江景大平层,当前房屋属于旧多层无电梯房，父母年纪渐高每天爬楼梯极为吃力。,要求有超大面宽南向双阳台（观景家政分离），主卧大飘窗能270度直面自然景观。,主要在陆家嘴/徐家汇CBD上班，首选地铁2/9号线沿线，通勤半小时内。,周末常去高端商圈消费，热衷打网球和马术，重度手冲咖啡及黑胶唱片发烧友。,名下已有企业股权套现或分红现金，一次性全款付清，基本不加杠杆,非仁恒、绿城、万科等金牌开发商不买，极度看重高端精装质量与顶级物业的增值口碑。,常年本地稳定居住，工作日职住通勤动线规则单一。
上_2003_00837,上海,2003,本地改善,41,女,1.4,16.3,0.45,27.1,5,1,是,B,agent,0.68,0.49,0.61,0.42,0.31,0.93,0.6,0.71,0.55,自住-改善,两室两厅,75,2519,邮政局局长秘书,三口之家(学龄段),上海中环品质两居，车位及空间极其拥挤,小区无地下车库且人车不分流，小孩在楼下玩耍或者推婴儿车极为不安全。,讲究超高得房率（超85%），主卧套房必须配备独立步入式衣帽间与干湿分离双卫。,主要在陆家嘴/徐家汇CBD上班，首选地铁2/9号线沿线，通勤半小时内。,倡导轻户外，周末常带家人自驾野营或山系徒步，注重生活情调与手作咖啡。,名下持有一套旧两居，置换回款 65% + 个人理财储蓄补充 + 公积金商业贷,重性价比，不盲信大牌，但要求物业管理有序、绿化修剪及时、人防技防规范。,常年本地稳定居住，工作日职住通勤动线规则单一。
上_2003_00838,上海,2003,教育型买房,33,女,1.3,8.6,0.4,16.2,2,2,否,B,social,0.8,0.54,0.57,0.33,0.52,0.7,0.57,0.96,0.53,学区房,两室两厅,64,1805,区财政局科员,二胎黄金期中大户型,上海中环品质两居，车位及空间极其拥挤,小区无地下车库且人车不分流，小孩在楼下玩耍或者推婴儿车极为不安全。,核心要求地块属于第一梯队名校学区，且周边500米内解决幼小衔接教育配套。,主要在陆家嘴/徐家汇CBD上班，首选地铁2/9号线沿线，通勤半小时内。,倡导轻户外，周末常带家人自驾野营或山系徒步，注重生活情调与手作咖啡。,名下持有一套旧两居，置换回款 65% + 个人理财储蓄补充 + 公积金商业贷,重性价比，不盲信大牌，但要求物业管理有序、绿化修剪及时、人防技防规范。,常年本地稳定居住，工作日职住通勤动线规则单一。
上_2003_00839,上海,2003,本地改善,46,女,1.2,11.0,0.45,18.3,4,2,否,B,agent,0.43,0.59,0.45,0.47,0.53,0.9,0.55,0.68,0.58,自住-改善,两室两厅,62,2363,国企车间技术主任,二胎黄金期中大户型,上海中环品质两居，车位及空间极其拥挤,小区无地下车库且人车不分流，小孩在楼下玩耍或者推婴儿车极为不安全。,讲究超高得房率（超85%），主卧套房必须配备独立步入式衣帽间与干湿分离双卫。,主要在陆家嘴/徐家汇CBD上班，首选地铁2/9号线沿线，通勤半小时内。,倡导轻户外，周末常带家人自驾野营或山系徒步，注重生活情调与手作咖啡。,名下持有一套旧两居，置换回款 65% + 个人理财储蓄补充 + 公积金商业贷,重性价比，不盲信大牌，但要求物业管理有序、绿化修剪及时、人防技防规范。,常年本地稳定居住，工作日职住通勤动线规则单一。
上_2003_00840,上海,2003,本地改善,54,男,0.6,6.0,0.45,10.0,4,1,否,B,agent,0.43,0.43,0.62,0.49,0.55,1,0.47,0.78,0.59,自住-改善,一室一厅,90,744,邮政局局长秘书,三口之家(学龄段),上海中环品质两居，车位及空间极其拥挤,小区无地下车库且人车不分流，小孩在楼下玩耍或者推婴儿车极为不安全。,讲究超高得房率（超85%），主卧套房必须配备独立步入式衣帽间与干湿分离双卫。,主要在陆家嘴/徐家汇CBD上班，首选地铁2/9号线沿线，通勤半小时内。,倡导轻户外，周末常带家人自驾野营或山系徒步，注重生活情调与手作咖啡。,名下持有一套旧两居，置换回款 65% + 个人理财储蓄补充 + 公积金商业贷,重性价比，不盲信大牌，但要求物业管理有序、绿化修剪及时、人防技防规范。,常年本地稳定居住，工作日职住通勤动线规则单一。
上_2003_00841,上海,2003,教育型买房,37,男,2.4,23.9,0.4,44.8,3,1,否,B,social,0.83,0.5,0.49,0.5,0.62,0.77,0.53,1,0.6,学区房,两室两厅,74,4892,邮政局局长秘书,三口之家(幼龄段),上海中环品质两居，车位及空间极其拥挤,小区无地下车库且人车不分流，小孩在楼下玩耍或者推婴儿车极为不安全。,讲究超高得房率（超85%），主卧套房必须配备独立步入式衣帽间与干湿分离双卫。,主要在陆家嘴/徐家汇CBD上班，首选地铁2/9号线沿线，通勤半小时内。,倡导轻户外，周末常带家人自驾野营或山系徒步，注重生活情调与手作咖啡。,名下持有一套旧两居，置换回款 65% + 个人理财储蓄补充 + 公积金商业贷,重性价比，不盲信大牌，但要求物业管理有序、绿化修剪及时、人防技防规范。,常年本地稳定居住，工作日职住通勤动线规则单一。
上_2003_00842,上海,2003,本地改善,52,男,0.9,7.9,0.45,13.1,4,2,否,B,agent,0.63,0.56,0.53,0.63,0.52,0.93,0.69,0.77,0.69,自住-改善,两室两厅,89,1195,邮政局局长秘书,二胎黄金期中大户型,上海中环品质两居，车位及空间极其拥挤,小区无地下车库且人车不分流，小孩在楼下玩耍或者推婴儿车极为不安全。,讲究超高得房率（超85%），主卧套房必须配备独立步入式衣帽间与干湿分离双卫。,主要在陆家嘴/徐家汇CBD上班，首选地铁2/9号线沿线，通勤半小时内。,倡导轻户外，周末常带家人自驾野营或山系徒步，注重生活情调与手作咖啡。,名下持有一套旧两居，置换回款 65% + 个人理财储蓄补充 + 公积金商业贷,重性价比，不盲信大牌，但要求物业管理有序、绿化修剪及时、人防技防规范。,常年本地稳定居住，工作日职住通勤动线规则单一。
上_2003_00843,上海,2003,本地改善,48,男,1.2,15.0,0.45,25.0,5,2,否,B,agent,0.69,0.44,0.54,0.49,0.46,0.82,0.73,0.69,0.61,自住-改善,两室两厅,90,1443,区财政局科员,二胎黄金期中大户型,上海中环品质两居，车位及空间极其拥挤,小区无地下车库且人车不分流，小孩在楼下玩耍或者推婴儿车极为不安全。,讲究超高得房率（超85%），主卧套房必须配备独立步入式衣帽间与干湿分离双卫。,主要在陆家嘴/徐家汇CBD上班，首选地铁2/9号线沿线，通勤半小时内。,倡导轻户外，周末常带家人自驾野营或山系徒步，注重生活情调与手作咖啡。,名下持有一套旧两居，置换回款 65% + 个人理财储蓄补充 + 公积金商业贷,重性价比，不盲信大牌，但要求物业管理有序、绿化修剪及时、人防技防规范。,常年本地稳定居住，工作日职住通勤动线规则单一。
上_2003_00844,上海,2003,金融精英,47,男,2.0,15.9,0.4,29.8,3,1,是,A,research,0.72,0.54,0.56,0.65,0.64,0.79,0.73,0.78,0.75,自住-改善,一室一厅,85,2528,商业银行支行信贷科长,三口之家(学龄段),市中心私密洋房住宅,当前房屋属于旧多层无电梯房，父母年纪渐高每天爬楼梯极为吃力。,讲究超高得房率（超85%），主卧套房必须配备独立步入式衣帽间与干湿分离双卫。,主要在陆家嘴/徐家汇CBD上班，首选地铁2/9号线沿线，通勤半小时内。,周末常去高端商圈消费，热衷打网球和马术，重度手冲咖啡及黑胶唱片发烧友。,名下已有企业股权套现或分红现金，一次性全款付清，基本不加杠杆,非仁恒、绿城、万科等金牌开发商不买，极度看重高端精装质量与顶级物业的增值口碑。,常年本地稳定居住，工作日职住通勤动线规则单一。
上_2003_00845,上海,2003,本地改善,50,男,1.3,16.1,0.45,26.9,5,2,否,B,agent,0.93,0.4,0.54,0.52,0.33,0.89,0.52,0.78,0.69,自住-改善,两室一厅,55,3380,国企车间技术主任,二胎黄金期中大户型,上海中环品质两居，车位及空间极其拥挤,小区无地下车库且人车不分流，小孩在楼下玩耍或者推婴儿车极为不安全。,讲究超高得房率（超85%），主卧套房必须配备独立步入式衣帽间与干湿分离双卫。,主要在陆家嘴/徐家汇CBD上班，首选地铁2/9号线沿线，通勤半小时内。,倡导轻户外，周末常带家人自驾野营或山系徒步，注重生活情调与手作咖啡。,名下持有一套旧两居，置换回款 65% + 个人理财储蓄补充 + 公积金商业贷,重性价比，不盲信大牌，但要求物业管理有序、绿化修剪及时、人防技防规范。,常年本地稳定居住，工作日职住通勤动线规则单一。
上_2003_00846,上海,2003,长三角家庭,55,男,1.4,12.8,0.45,21.4,4,2,否,B,agent,0.79,0.62,0.49,0.4,0.5,0.71,0.43,0.62,0.75,自住-首套,两室一厅,98,1947,国企车间技术主任,二胎黄金期中大户型,上海中环品质两居，车位及空间极其拥挤,小区无地下车库且人车不分流，小孩在楼下玩耍或者推婴儿车极为不安全。,讲究超高得房率（超85%），主卧套房必须配备独立步入式衣帽间与干湿分离双卫。,主要在陆家嘴/徐家汇CBD上班，首选地铁2/9号线沿线，通勤半小时内。,倡导轻户外，周末常带家人自驾野营或山系徒步，注重生活情调与手作咖啡。,夫妻双方积蓄 + 双方父母出资赞助首付 + 公积金商业组合贷款,非仁恒、绿城、万科等金牌开发商不买，极度看重高端精装质量与顶级物业的增值口碑。,常年本地稳定居住，工作日职住通勤动线规则单一。
上_2003_00847,上海,2003,教育型买房,37,男,1.8,13.4,0.4,25.2,3,1,否,B,social,1,0.45,0.27,0.37,0.58,0.66,0.71,1.0,0.7,学区房,一室一厅,66,2921,区财政局科员,三口之家(幼龄段),上海中环品质两居，车位及空间极其拥挤,小区无地下车库且人车不分流，小孩在楼下玩耍或者推婴儿车极为不安全。,核心要求地块属于第一梯队名校学区，且周边500米内解决幼小衔接教育配套。,主要在陆家嘴/徐家汇CBD上班，首选地铁2/9号线沿线，通勤半小时内。,倡导轻户外，周末常带家人自驾野营或山系徒步，注重生活情调与手作咖啡。,名下持有一套旧两居，置换回款 65% + 个人理财储蓄补充 + 公积金商业贷,重性价比，不盲信大牌，但要求物业管理有序、绿化修剪及时、人防技防规范。,常年本地稳定居住，工作日职住通勤动线规则单一。
上_2003_00848,上海,2003,金融精英,43,男,1.7,12.1,0.4,22.6,3,0,否,A,research,0.67,0.29,0.78,0.47,0.74,0.72,0.64,0.64,1,自住-首套,一室一厅,62,2911,商业银行支行信贷科长,成熟期核心家庭,市中心私密洋房住宅,无高端私密会所及管家式物业配套，圈层鱼龙混杂，高净值居住体验差。,要求有超大面宽南向双阳台（观景家政分离），主卧大飘窗能270度直面自然景观。,主要在陆家嘴/徐家汇CBD上班，首选地铁2/9号线沿线，通勤半小时内。,周末常去高端商圈消费，热衷打网球和马术，重度手冲咖啡及黑胶唱片发烧友。,夫妻双方积蓄 + 双方父母出资赞助首付 + 公积金商业组合贷款,非仁恒、绿城、万科等金牌开发商不买，极度看重高端精装质量与顶级物业的增值口碑。,常年本地稳定居住，工作日职住通勤动线规则单一。
上_2003_00849,上海,2003,本地改善,41,男,1.0,13.3,0.45,22.2,3,2,否,B,agent,0.91,0.42,0.55,0.44,0.59,0.95,0.5,0.72,0.67,自住-改善,两室一厅,92,1241,市第二中学地理教师,二胎黄金期中大户型,上海中环品质两居，车位及空间极其拥挤,小区无地下车库且人车不分流，小孩在楼下玩耍或者推婴儿车极为不安全。,讲究超高得房率（超85%），主卧套房必须配备独立步入式衣帽间与干湿分离双卫。,主要在陆家嘴/徐家汇CBD上班，首选地铁2/9号线沿线，通勤半小时内。,倡导轻户外，周末常带家人自驾野营或山系徒步，注重生活情调与手作咖啡。,名下持有一套旧两居，置换回款 65% + 个人理财储蓄补充 + 公积金商业贷,重性价比，不盲信大牌，但要求物业管理有序、绿化修剪及时、人防技防规范。,常年本地稳定居住，工作日职住通勤动线规则单一。
上_2003_00850,上海,2003,教育型买房,43,女,1.0,6.5,0.4,12.1,4,0,否,B,social,0.94,0.48,0.52,0.35,0.62,0.65,0.57,0.82,0.6,学区房,两室两厅,79,863,市第二中学地理教师,成熟期核心家庭,上海中环品质两居，车位及空间极其拥挤,老小区隔音差，邻里滋扰严重，且车位严重匮乏，每晚加班回来抢车位像打仗。,核心要求地块属于第一梯队名校学区，且周边500米内解决幼小衔接教育配套。,主要在陆家嘴/徐家汇CBD上班，首选地铁2/9号线沿线，通勤半小时内。,倡导轻户外，周末常带家人自驾野营或山系徒步，注重生活情调与手作咖啡。,名下持有一套旧两居，置换回款 65% + 个人理财储蓄补充 + 公积金商业贷,重性价比，不盲信大牌，但要求物业管理有序、绿化修剪及时、人防技防规范。,常年本地稳定居住，工作日职住通勤动线规则单一。
上_2003_00851,上海,2003,本地改善,44,女,1.1,11.6,0.45,19.3,4,2,是,B,agent,0.48,0.48,0.46,0.47,0.45,0.89,0.61,0.64,0.53,自住-改善,两室一厅,58,2269,邮政局局长秘书,二胎黄金期中大户型,上海中环品质两居，车位及空间极其拥挤,小区无地下车库且人车不分流，小孩在楼下玩耍或者推婴儿车极为不安全。,讲究超高得房率（超85%），主卧套房必须配备独立步入式衣帽间与干湿分离双卫。,主要在陆家嘴/徐家汇CBD上班，首选地铁2/9号线沿线，通勤半小时内。,倡导轻户外，周末常带家人自驾野营或山系徒步，注重生活情调与手作咖啡。,名下持有一套旧两居，置换回款 65% + 个人理财储蓄补充 + 公积金商业贷,重性价比，不盲信大牌，但要求物业管理有序、绿化修剪及时、人防技防规范。,常年本地稳定居住，工作日职住通勤动线规则单一。
上_2003_00852,上海,2003,金融精英,34,女,1.6,9.0,0.4,17.0,4,1,否,A,research,0.69,0.41,0.53,0.71,0.66,0.75,0.88,0.82,0.81,婚房,一室一厅,71,1393,老牌证券公司营业部经理,三口之家(幼龄段),市中心私密洋房住宅,无高端私密会所及管家式物业配套，圈层鱼龙混杂，高净值居住体验差。,要求独立电梯入户，主次卧动线分明，配备独立保姆房和私密后院。,主要在陆家嘴/徐家汇CBD上班，首选地铁2/9号线沿线，通勤半小时内。,周末常去高端商圈消费，热衷打网球和马术，重度手冲咖啡及黑胶唱片发烧友。,夫妻双方积蓄 + 双方父母出资赞助首付 + 公积金商业组合贷款,非仁恒、绿城、万科等金牌开发商不买，极度看重高端精装质量与顶级物业的增值口碑。,常年本地稳定居住，工作日职住通勤动线规则单一。
上_2003_00853,上海,2003,金融精英,33,男,2.3,18.4,0.4,34.6,4,0,是,A,research,0.86,0.35,0.64,0.5,0.74,0.84,0.71,0.72,0.77,婚房,两室一厅,71,4101,申银万国证券分析员,新婚过渡两居,市中心私密洋房住宅,当前房屋属于旧多层无电梯房，父母年纪渐高每天爬楼梯极为吃力。,讲究超高得房率（超85%），主卧套房必须配备独立步入式衣帽间与干湿分离双卫。,主要在陆家嘴/徐家汇CBD上班，首选地铁2/9号线沿线，通勤半小时内。,周末常去高端商圈消费，热衷打网球和马术，重度手冲咖啡及黑胶唱片发烧友。,夫妻双方积蓄 + 双方父母出资赞助首付 + 公积金商业组合贷款,非仁恒、绿城、万科等金牌开发商不买，极度看重高端精装质量与顶级物业的增值口碑。,常年本地稳定居住，工作日职住通勤动线规则单一。
上_2003_00854,上海,2003,金融精英,33,男,1.8,10.9,0.4,20.4,4,2,否,A,research,0.47,0.45,0.58,0.54,0.81,0.82,0.69,0.8,0.77,自住-首套,一室一厅,58,1772,商业银行支行信贷科长,二胎黄金期中大户型,市中心私密洋房住宅,无高端私密会所及管家式物业配套，圈层鱼龙混杂，高净值居住体验差。,讲究超高得房率（超85%），主卧套房必须配备独立步入式衣帽间与干湿分离双卫。,主要在陆家嘴/徐家汇CBD上班，首选地铁2/9号线沿线，通勤半小时内。,周末常去高端商圈消费，热衷打网球和马术，重度手冲咖啡及黑胶唱片发烧友。,夫妻双方积蓄 + 双方父母出资赞助首付 + 公积金商业组合贷款,非仁恒、绿城、万科等金牌开发商不买，极度看重高端精装质量与顶级物业的增值口碑。,常年本地稳定居住，工作日职住通勤动线规则单一。
上_2003_00855,上海,2003,金融精英,47,女,3.9,27.2,0.4,51.0,2,0,否,A,research,0.47,0.63,0.8,0.62,0.77,0.86,0.84,0.86,0.96,自住-改善,两室一厅,93,4541,老牌证券公司营业部经理,成熟期核心家庭,西湖边高精平层,无高端私密会所及管家式物业配套，圈层鱼龙混杂，高净值居住体验差。,要求有超大面宽南向双阳台（观景家政分离），主卧大飘窗能270度直面自然景观。,主要在陆家嘴/徐家汇CBD上班，首选地铁2/9号线沿线，通勤半小时内。,周末常去高端商圈消费，热衷打网球和马术，重度手冲咖啡及黑胶唱片发烧友。,名下已有企业股权套现或分红现金，一次性全款付清，基本不加杠杆,非仁恒、绿城、万科等金牌开发商不买，极度看重高端精装质量与顶级物业的增值口碑。,常年本地稳定居住，工作日职住通勤动线规则单一。
上_2003_00856,上海,2003,本地改善,53,男,0.8,7.3,0.45,12.2,5,3,是,B,agent,0.72,0.52,0.73,0.44,0.71,0.93,0.66,0.63,0.74,自住-改善,一室一厅,89,1009,国企车间技术主任,二胎黄金期中大户型,上海中环品质两居，车位及空间极其拥挤,小区无地下车库且人车不分流，小孩在楼下玩耍或者推婴儿车极为不安全。,要求有超大面宽南向双阳台（观景家政分离），主卧大飘窗能270度直面自然景观。,主要在陆家嘴/徐家汇CBD上班，首选地铁2/9号线沿线，通勤半小时内。,倡导轻户外，周末常带家人自驾野营或山系徒步，注重生活情调与手作咖啡。,名下持有一套旧两居，置换回款 65% + 个人理财储蓄补充 + 公积金商业贷,非仁恒、绿城、万科等金牌开发商不买，极度看重高端精装质量与顶级物业的增值口碑。,常年本地稳定居住，工作日职住通勤动线规则单一。
上_2003_00857,上海,2003,金融精英,41,男,2.2,20.6,0.4,38.7,3,1,否,A,research,0.89,0.38,0.6,0.67,0.67,0.84,0.79,0.86,0.73,自住-改善,两室一厅,97,2328,申银万国证券分析员,三口之家(学龄段),陆家嘴核心区江景大平层,无高端私密会所及管家式物业配套，圈层鱼龙混杂，高净值居住体验差。,讲究超高得房率（超85%），主卧套房必须配备独立步入式衣帽间与干湿分离双卫。,主要在陆家嘴/徐家汇CBD上班，首选地铁2/9号线沿线，通勤半小时内。,周末常去高端商圈消费，热衷打网球和马术，重度手冲咖啡及黑胶唱片发烧友。,名下已有企业股权套现或分红现金，一次性全款付清，基本不加杠杆,非仁恒、绿城、万科等金牌开发商不买，极度看重高端精装质量与顶级物业的增值口碑。,常年本地稳定居住，工作日职住通勤动线规则单一。
上_2003_00858,上海,2003,本地改善,40,男,1.3,14.1,0.45,23.4,4,2,是,B,agent,0.72,0.58,0.59,0.5,0.44,0.8,0.6,0.69,0.59,自住-改善,两室一厅,69,2610,区财政局科员,二胎黄金期中大户型,上海中环品质两居，车位及空间极其拥挤,小区无地下车库且人车不分流，小孩在楼下玩耍或者推婴儿车极为不安全。,讲究超高得房率（超85%），主卧套房必须配备独立步入式衣帽间与干湿分离双卫。,主要在陆家嘴/徐家汇CBD上班，首选地铁2/9号线沿线，通勤半小时内。,倡导轻户外，周末常带家人自驾野营或山系徒步，注重生活情调与手作咖啡。,名下持有一套旧两居，置换回款 65% + 个人理财储蓄补充 + 公积金商业贷,重性价比，不盲信大牌，但要求物业管理有序、绿化修剪及时、人防技防规范。,常年本地稳定居住，工作日职住通勤动线规则单一。
上_2003_00859,上海,2003,教育型买房,48,男,1.2,10.7,0.4,20.0,3,1,否,B,social,0.72,0.53,0.39,0.4,0.46,0.64,0.58,1,0.58,学区房,两室一厅,100,1536,邮政局局长秘书,三口之家(学龄段),上海中环品质两居，车位及空间极其拥挤,小区无地下车库且人车不分流，小孩在楼下玩耍或者推婴儿车极为不安全。,核心要求地块属于第一梯队名校学区，且周边500米内解决幼小衔接教育配套。,主要在陆家嘴/徐家汇CBD上班，首选地铁2/9号线沿线，通勤半小时内。,倡导轻户外，周末常带家人自驾野营或山系徒步，注重生活情调与手作咖啡。,名下持有一套旧两居，置换回款 65% + 个人理财储蓄补充 + 公积金商业贷,重性价比，不盲信大牌，但要求物业管理有序、绿化修剪及时、人防技防规范。,常年本地稳定居住，工作日职住通勤动线规则单一。
上_2003_00860,上海,2003,金融精英,33,男,3.1,20.8,0.4,39.0,3,1,否,A,research,0.78,0.35,0.69,0.62,0.69,0.76,0.68,0.78,0.7,自住-首套,两室两厅,75,3841,老牌证券公司营业部经理,三口之家(幼龄段),西湖边高精平层,无高端私密会所及管家式物业配套，圈层鱼龙混杂，高净值居住体验差。,讲究超高得房率（超85%），主卧套房必须配备独立步入式衣帽间与干湿分离双卫。,主要在陆家嘴/徐家汇CBD上班，首选地铁2/9号线沿线，通勤半小时内。,周末常去高端商圈消费，热衷打网球和马术，重度手冲咖啡及黑胶唱片发烧友。,夫妻双方积蓄 + 双方父母出资赞助首付 + 公积金商业组合贷款,重性价比，不盲信大牌，但要求物业管理有序、绿化修剪及时、人防技防规范。,常年本地稳定居住，工作日职住通勤动线规则单一。
上_2003_00861,上海,2003,长三角家庭,53,女,1.5,11.7,0.45,19.5,3,3,否,B,agent,0.61,0.6,0.64,0.57,0.51,0.69,0.33,0.68,0.62,自住-改善,一室一厅,96,1615,邮政局局长秘书,二胎黄金期中大户型,上海中环品质两居，车位及空间极其拥挤,小区无地下车库且人车不分流，小孩在楼下玩耍或者推婴儿车极为不安全。,要求采光通透，全明户型，带多功能嵌入式收纳墙以最大化空间利用。,主要在陆家嘴/徐家汇CBD上班，首选地铁2/9号线沿线，通勤半小时内。,倡导轻户外，周末常带家人自驾野营或山系徒步，注重生活情调与手作咖啡。,名下持有一套旧两居，置换回款 65% + 个人理财储蓄补充 + 公积金商业贷,重性价比，不盲信大牌，但要求物业管理有序、绿化修剪及时、人防技防规范。,常年本地稳定居住，工作日职住通勤动线规则单一。
上_2003_00862,上海,2003,金融精英,33,女,2.0,20.1,0.4,37.7,3,1,否,A,research,0.71,0.35,0.63,0.55,0.87,0.77,0.65,0.81,0.7,婚房,两室两厅,92,2712,商业银行支行信贷科长,三口之家(幼龄段),西湖边高精平层,无高端私密会所及管家式物业配套，圈层鱼龙混杂，高净值居住体验差。,讲究超高得房率（超85%），主卧套房必须配备独立步入式衣帽间与干湿分离双卫。,主要在陆家嘴/徐家汇CBD上班，首选地铁2/9号线沿线，通勤半小时内。,周末常去高端商圈消费，热衷打网球和马术，重度手冲咖啡及黑胶唱片发烧友。,夫妻双方积蓄 + 双方父母出资赞助首付 + 公积金商业组合贷款,非仁恒、绿城、万科等金牌开发商不买，极度看重高端精装质量与顶级物业的增值口碑。,常年本地稳定居住，工作日职住通勤动线规则单一。
上_2003_00863,上海,2003,本地改善,40,男,1.0,7.5,0.45,12.5,5,2,否,B,agent,0.92,0.46,0.58,0.4,0.3,0.92,0.51,0.74,0.6,自住-改善,两室两厅,100,765,市第二中学地理教师,二胎黄金期中大户型,上海中环品质两居，车位及空间极其拥挤,小区无地下车库且人车不分流，小孩在楼下玩耍或者推婴儿车极为不安全。,讲究超高得房率（超85%），主卧套房必须配备独立步入式衣帽间与干湿分离双卫。,主要在陆家嘴/徐家汇CBD上班，首选地铁2/9号线沿线，通勤半小时内。,倡导轻户外，周末常带家人自驾野营或山系徒步，注重生活情调与手作咖啡。,名下持有一套旧两居，置换回款 65% + 个人理财储蓄补充 + 公积金商业贷,重性价比，不盲信大牌，但要求物业管理有序、绿化修剪及时、人防技防规范。,常年本地稳定居住，工作日职住通勤动线规则单一。
上_2003_00864,上海,2003,本地改善,40,女,1.0,7.0,0.45,11.6,4,3,否,B,agent,0.77,0.46,0.58,0.43,0.51,0.91,0.74,0.78,0.5,自住-改善,一室一厅,71,1426,国企车间技术主任,二胎黄金期中大户型,上海中环品质两居，车位及空间极其拥挤,小区无地下车库且人车不分流，小孩在楼下玩耍或者推婴儿车极为不安全。,讲究超高得房率（超85%），主卧套房必须配备独立步入式衣帽间与干湿分离双卫。,主要在陆家嘴/徐家汇CBD上班，首选地铁2/9号线沿线，通勤半小时内。,倡导轻户外，周末常带家人自驾野营或山系徒步，注重生活情调与手作咖啡。,名下持有一套旧两居，置换回款 65% + 个人理财储蓄补充 + 公积金商业贷,重性价比，不盲信大牌，但要求物业管理有序、绿化修剪及时、人防技防规范。,常年本地稳定居住，工作日职住通勤动线规则单一。
上_2003_00865,上海,2003,本地改善,43,男,0.5,5.1,0.45,8.5,3,2,是,B,agent,0.85,0.47,0.57,0.51,0.6,0.81,0.78,0.83,0.69,自住-改善,两室两厅,83,609,区财政局科员,二胎黄金期中大户型,上海中环品质两居，车位及空间极其拥挤,小区无地下车库且人车不分流，小孩在楼下玩耍或者推婴儿车极为不安全。,讲究超高得房率（超85%），主卧套房必须配备独立步入式衣帽间与干湿分离双卫。,主要在陆家嘴/徐家汇CBD上班，首选地铁2/9号线沿线，通勤半小时内。,倡导轻户外，周末常带家人自驾野营或山系徒步，注重生活情调与手作咖啡。,名下持有一套旧两居，置换回款 65% + 个人理财储蓄补充 + 公积金商业贷,重性价比，不盲信大牌，但要求物业管理有序、绿化修剪及时、人防技防规范。,常年本地稳定居住，工作日职住通勤动线规则单一。
上_2003_00866,上海,2003,教育型买房,33,男,1.4,13.8,0.4,25.9,2,0,是,B,social,0.98,0.52,0.42,0.49,0.75,0.58,0.62,1,0.46,学区房,两室两厅,59,3111,区财政局科员,新婚过渡两居,上海中环品质两居，车位及空间极其拥挤,当前房屋属于旧多层无电梯房，父母年纪渐高每天爬楼梯极为吃力。,核心要求地块属于第一梯队名校学区，且周边500米内解决幼小衔接教育配套。,主要在陆家嘴/徐家汇CBD上班，首选地铁2/9号线沿线，通勤半小时内。,倡导轻户外，周末常带家人自驾野营或山系徒步，注重生活情调与手作咖啡。,名下持有一套旧两居，置换回款 65% + 个人理财储蓄补充 + 公积金商业贷,重性价比，不盲信大牌，但要求物业管理有序、绿化修剪及时、人防技防规范。,常年本地稳定居住，工作日职住通勤动线规则单一。
上_2003_00867,上海,2003,教育型买房,44,男,1.6,12.8,0.4,24.1,4,2,否,B,social,0.91,0.42,0.46,0.4,0.63,0.58,0.54,1,0.5,学区房,两室一厅,83,2430,邮政局局长秘书,二胎黄金期中大户型,上海中环品质两居，车位及空间极其拥挤,小区无地下车库且人车不分流，小孩在楼下玩耍或者推婴儿车极为不安全。,核心要求地块属于第一梯队名校学区，且周边500米内解决幼小衔接教育配套。,主要在陆家嘴/徐家汇CBD上班，首选地铁2/9号线沿线，通勤半小时内。,倡导轻户外，周末常带家人自驾野营或山系徒步，注重生活情调与手作咖啡。,名下持有一套旧两居，置换回款 65% + 个人理财储蓄补充 + 公积金商业贷,重性价比，不盲信大牌，但要求物业管理有序、绿化修剪及时、人防技防规范。,常年本地稳定居住，工作日职住通勤动线规则单一。
上_2003_00868,上海,2003,金融精英,33,男,1.5,11.1,0.4,20.7,3,1,否,A,research,1,0.37,0.66,0.61,0.72,0.89,0.63,0.87,0.7,婚房,一室一厅,68,1960,老牌证券公司营业部经理,三口之家(幼龄段),陆家嘴核心区江景大平层,无高端私密会所及管家式物业配套，圈层鱼龙混杂，高净值居住体验差。,讲究超高得房率（超85%），主卧套房必须配备独立步入式衣帽间与干湿分离双卫。,主要在陆家嘴/徐家汇CBD上班，首选地铁2/9号线沿线，通勤半小时内。,周末常去高端商圈消费，热衷打网球和马术，重度手冲咖啡及黑胶唱片发烧友。,夫妻双方积蓄 + 双方父母出资赞助首付 + 公积金商业组合贷款,重性价比，不盲信大牌，但要求物业管理有序、绿化修剪及时、人防技防规范。,常年本地稳定居住，工作日职住通勤动线规则单一。
上_2003_00869,上海,2003,教育型买房,37,男,0.7,7.5,0.4,14.0,3,1,是,B,social,0.78,0.34,0.37,0.39,0.64,0.6,0.4,1,0.71,学区房,两室两厅,61,1311,区财政局科员,三口之家(幼龄段),上海中环品质两居，车位及空间极其拥挤,小区无地下车库且人车不分流，小孩在楼下玩耍或者推婴儿车极为不安全。,核心要求地块属于第一梯队名校学区，且周边500米内解决幼小衔接教育配套。,主要在陆家嘴/徐家汇CBD上班，首选地铁2/9号线沿线，通勤半小时内。,倡导轻户外，周末常带家人自驾野营或山系徒步，注重生活情调与手作咖啡。,名下持有一套旧两居，置换回款 65% + 个人理财储蓄补充 + 公积金商业贷,非仁恒、绿城、万科等金牌开发商不买，极度看重高端精装质量与顶级物业的增值口碑。,常年本地稳定居住，工作日职住通勤动线规则单一。
上_2003_00870,上海,2003,本地改善,51,男,1.3,10.0,0.45,16.7,4,3,否,B,agent,0.76,0.38,0.63,0.46,0.6,0.77,0.65,0.79,0.62,自住-改善,一室一厅,50,1726,国企车间技术主任,二胎黄金期中大户型,上海中环品质两居，车位及空间极其拥挤,小区无地下车库且人车不分流，小孩在楼下玩耍或者推婴儿车极为不安全。,讲究超高得房率（超85%），主卧套房必须配备独立步入式衣帽间与干湿分离双卫。,主要在陆家嘴/徐家汇CBD上班，首选地铁2/9号线沿线，通勤半小时内。,倡导轻户外，周末常带家人自驾野营或山系徒步，注重生活情调与手作咖啡。,名下持有一套旧两居，置换回款 65% + 个人理财储蓄补充 + 公积金商业贷,重性价比，不盲信大牌，但要求物业管理有序、绿化修剪及时、人防技防规范。,常年本地稳定居住，工作日职住通勤动线规则单一。
上_2003_00871,上海,2003,金融精英,44,男,1.7,14.9,0.4,28.0,3,1,是,A,research,0.75,0.51,0.65,0.63,0.68,0.74,0.57,0.78,0.91,自住-改善,两室两厅,51,3141,老牌证券公司营业部经理,三口之家(学龄段),陆家嘴核心区江景大平层,当前房屋属于旧多层无电梯房，父母年纪渐高每天爬楼梯极为吃力。,讲究超高得房率（超85%），主卧套房必须配备独立步入式衣帽间与干湿分离双卫。,主要在陆家嘴/徐家汇CBD上班，首选地铁2/9号线沿线，通勤半小时内。,周末常去高端商圈消费，热衷打网球和马术，重度手冲咖啡及黑胶唱片发烧友。,名下已有企业股权套现或分红现金，一次性全款付清，基本不加杠杆,非仁恒、绿城、万科等金牌开发商不买，极度看重高端精装质量与顶级物业的增值口碑。,常年本地稳定居住，工作日职住通勤动线规则单一。
上_2003_00872,上海,2003,教育型买房,40,女,1.0,6.1,0.4,11.5,4,1,否,B,social,0.8,0.62,0.39,0.27,0.43,0.79,0.54,1,0.68,学区房,两室一厅,64,1079,国企车间技术主任,三口之家(学龄段),上海中环品质两居，车位及空间极其拥挤,小区无地下车库且人车不分流，小孩在楼下玩耍或者推婴儿车极为不安全。,讲究超高得房率（超85%），主卧套房必须配备独立步入式衣帽间与干湿分离双卫。,主要在陆家嘴/徐家汇CBD上班，首选地铁2/9号线沿线，通勤半小时内。,倡导轻户外，周末常带家人自驾野营或山系徒步，注重生活情调与手作咖啡。,名下持有一套旧两居，置换回款 65% + 个人理财储蓄补充 + 公积金商业贷,重性价比，不盲信大牌，但要求物业管理有序、绿化修剪及时、人防技防规范。,常年本地稳定居住，工作日职住通勤动线规则单一。
上_2003_00873,上海,2003,本地改善,58,男,0.7,7.0,0.45,11.7,5,2,是,B,agent,1,0.45,0.51,0.48,0.53,0.74,0.5,0.78,0.65,自住-改善,两室两厅,87,1082,区财政局科员,二胎黄金期中大户型,上海中环品质两居，车位及空间极其拥挤,小区无地下车库且人车不分流，小孩在楼下玩耍或者推婴儿车极为不安全。,讲究超高得房率（超85%），主卧套房必须配备独立步入式衣帽间与干湿分离双卫。,主要在陆家嘴/徐家汇CBD上班，首选地铁2/9号线沿线，通勤半小时内。,倡导轻户外，周末常带家人自驾野营或山系徒步，注重生活情调与手作咖啡。,名下持有一套旧两居，置换回款 65% + 个人理财储蓄补充 + 公积金商业贷,重性价比，不盲信大牌，但要求物业管理有序、绿化修剪及时、人防技防规范。,常年本地稳定居住，工作日职住通勤动线规则单一。
上_2003_00874,上海,2003,本地改善,50,女,0.9,11.2,0.45,18.6,4,2,否,B,agent,0.91,0.48,0.63,0.42,0.57,0.75,0.68,0.66,0.66,自住-改善,两室一厅,78,1391,区财政局科员,二胎黄金期中大户型,上海中环品质两居，车位及空间极其拥挤,小区无地下车库且人车不分流，小孩在楼下玩耍或者推婴儿车极为不安全。,讲究超高得房率（超85%），主卧套房必须配备独立步入式衣帽间与干湿分离双卫。,主要在陆家嘴/徐家汇CBD上班，首选地铁2/9号线沿线，通勤半小时内。,倡导轻户外，周末常带家人自驾野营或山系徒步，注重生活情调与手作咖啡。,名下持有一套旧两居，置换回款 65% + 个人理财储蓄补充 + 公积金商业贷,重性价比，不盲信大牌，但要求物业管理有序、绿化修剪及时、人防技防规范。,常年本地稳定居住，工作日职住通勤动线规则单一。
上_2003_00875,上海,2003,教育型买房,38,男,0.6,5.0,0.4,9.3,4,1,是,B,social,1,0.54,0.4,0.3,0.69,0.72,0.61,1,0.65,学区房,两室一厅,76,675,国企车间技术主任,三口之家(学龄段),上海中环品质两居，车位及空间极其拥挤,小区无地下车库且人车不分流，小孩在楼下玩耍或者推婴儿车极为不安全。,讲究超高得房率（超85%），主卧套房必须配备独立步入式衣帽间与干湿分离双卫。,主要在陆家嘴/徐家汇CBD上班，首选地铁2/9号线沿线，通勤半小时内。,倡导轻户外，周末常带家人自驾野营或山系徒步，注重生活情调与手作咖啡。,名下持有一套旧两居，置换回款 65% + 个人理财储蓄补充 + 公积金商业贷,重性价比，不盲信大牌，但要求物业管理有序、绿化修剪及时、人防技防规范。,常年本地稳定居住，工作日职住通勤动线规则单一。
上_2003_00876,上海,2003,本地改善,48,男,0.6,5.3,0.45,8.8,4,1,是,B,agent,0.74,0.58,0.46,0.58,0.59,0.79,0.63,0.67,0.61,自住-改善,两室一厅,70,670,邮政局局长秘书,三口之家(学龄段),上海中环品质两居，车位及空间极其拥挤,小区无地下车库且人车不分流，小孩在楼下玩耍或者推婴儿车极为不安全。,讲究超高得房率（超85%），主卧套房必须配备独立步入式衣帽间与干湿分离双卫。,主要在陆家嘴/徐家汇CBD上班，首选地铁2/9号线沿线，通勤半小时内。,倡导轻户外，周末常带家人自驾野营或山系徒步，注重生活情调与手作咖啡。,名下持有一套旧两居，置换回款 65% + 个人理财储蓄补充 + 公积金商业贷,重性价比，不盲信大牌，但要求物业管理有序、绿化修剪及时、人防技防规范。,常年本地稳定居住，工作日职住通勤动线规则单一。
上_2003_00877,上海,2003,本地改善,58,男,1.0,12.1,0.45,20.2,5,2,否,B,agent,0.74,0.57,0.64,0.59,0.43,0.9,0.63,0.6,0.68,自住-改善,两室两厅,64,2138,区财政局科员,二胎黄金期中大户型,上海中环品质两居，车位及空间极其拥挤,小区无地下车库且人车不分流，小孩在楼下玩耍或者推婴儿车极为不安全。,讲究超高得房率（超85%），主卧套房必须配备独立步入式衣帽间与干湿分离双卫。,主要在陆家嘴/徐家汇CBD上班，首选地铁2/9号线沿线，通勤半小时内。,倡导轻户外，周末常带家人自驾野营或山系徒步，注重生活情调与手作咖啡。,名下持有一套旧两居，置换回款 65% + 个人理财储蓄补充 + 公积金商业贷,重性价比，不盲信大牌，但要求物业管理有序、绿化修剪及时、人防技防规范。,常年本地稳定居住，工作日职住通勤动线规则单一。
上_2003_00878,上海,2003,教育型买房,38,女,1.0,5.9,0.4,11.1,3,1,否,B,social,1,0.6,0.57,0.54,0.43,0.7,0.57,0.93,0.64,学区房,两室两厅,52,1314,市第二中学地理教师,三口之家(学龄段),上海中环品质两居，车位及空间极其拥挤,小区无地下车库且人车不分流，小孩在楼下玩耍或者推婴儿车极为不安全。,核心要求地块属于第一梯队名校学区，且周边500米内解决幼小衔接教育配套。,主要在陆家嘴/徐家汇CBD上班，首选地铁2/9号线沿线，通勤半小时内。,倡导轻户外，周末常带家人自驾野营或山系徒步，注重生活情调与手作咖啡。,名下持有一套旧两居，置换回款 65% + 个人理财储蓄补充 + 公积金商业贷,重性价比，不盲信大牌，但要求物业管理有序、绿化修剪及时、人防技防规范。,常年本地稳定居住，工作日职住通勤动线规则单一。
上_2003_00879,上海,2003,金融精英,34,男,4.8,31.6,0.4,59.2,5,1,否,A,research,0.86,0.44,0.6,0.58,0.82,0.7,0.69,0.82,0.87,婚房,两室两厅,94,4567,商业银行支行信贷科长,三口之家(幼龄段),西湖边高精平层,无高端私密会所及管家式物业配套，圈层鱼龙混杂，高净值居住体验差。,核心要求地块属于第一梯队名校学区，且周边500米内解决幼小衔接教育配套。,主要在陆家嘴/徐家汇CBD上班，首选地铁2/9号线沿线，通勤半小时内。,周末常去高端商圈消费，热衷打网球和马术，重度手冲咖啡及黑胶唱片发烧友。,夫妻双方积蓄 + 双方父母出资赞助首付 + 公积金商业组合贷款,非仁恒、绿城、万科等金牌开发商不买，极度看重高端精装质量与顶级物业的增值口碑。,常年本地稳定居住，工作日职住通勤动线规则单一。
上_2003_00880,上海,2003,本地改善,46,男,0.8,8.7,0.45,14.5,4,2,否,B,agent,0.76,0.45,0.65,0.48,0.54,0.85,0.69,0.69,0.66,自住-改善,两室一厅,82,1269,区财政局科员,二胎黄金期中大户型,上海中环品质两居，车位及空间极其拥挤,小区无地下车库且人车不分流，小孩在楼下玩耍或者推婴儿车极为不安全。,讲究超高得房率（超85%），主卧套房必须配备独立步入式衣帽间与干湿分离双卫。,主要在陆家嘴/徐家汇CBD上班，首选地铁2/9号线沿线，通勤半小时内。,倡导轻户外，周末常带家人自驾野营或山系徒步，注重生活情调与手作咖啡。,名下持有一套旧两居，置换回款 65% + 个人理财储蓄补充 + 公积金商业贷,重性价比，不盲信大牌，但要求物业管理有序、绿化修剪及时、人防技防规范。,常年本地稳定居住，工作日职住通勤动线规则单一。
上_2003_00881,上海,2003,长三角家庭,35,男,1.3,7.3,0.45,12.1,6,2,否,B,agent,0.61,0.48,0.53,0.55,0.47,0.71,0.37,0.8,0.64,自住-首套,一室一厅,83,735,国企车间技术主任,二胎黄金期中大户型,上海中环品质两居，车位及空间极其拥挤,小区无地下车库且人车不分流，小孩在楼下玩耍或者推婴儿车极为不安全。,讲究超高得房率（超85%），主卧套房必须配备独立步入式衣帽间与干湿分离双卫。,主要在陆家嘴/徐家汇CBD上班，首选地铁2/9号线沿线，通勤半小时内。,倡导轻户外，周末常带家人自驾野营或山系徒步，注重生活情调与手作咖啡。,夫妻双方积蓄 + 双方父母出资赞助首付 + 公积金商业组合贷款,重性价比，不盲信大牌，但要求物业管理有序、绿化修剪及时、人防技防规范。,常年本地稳定居住，工作日职住通勤动线规则单一。
上_2003_00882,上海,2003,本地改善,51,男,1.5,16.0,0.45,26.6,4,2,否,B,agent,0.64,0.25,0.7,0.5,0.56,0.91,0.54,0.81,0.59,自住-改善,一室一厅,96,1975,国企车间技术主任,二胎黄金期中大户型,上海中环品质两居，车位及空间极其拥挤,小区无地下车库且人车不分流，小孩在楼下玩耍或者推婴儿车极为不安全。,要求有超大面宽南向双阳台（观景家政分离），主卧大飘窗能270度直面自然景观。,主要在陆家嘴/徐家汇CBD上班，首选地铁2/9号线沿线，通勤半小时内。,倡导轻户外，周末常带家人自驾野营或山系徒步，注重生活情调与手作咖啡。,名下持有一套旧两居，置换回款 65% + 个人理财储蓄补充 + 公积金商业贷,重性价比，不盲信大牌，但要求物业管理有序、绿化修剪及时、人防技防规范。,常年本地稳定居住，工作日职住通勤动线规则单一。
上_2003_00883,上海,2003,本地改善,42,男,1.7,21.7,0.45,36.1,4,2,是,B,agent,0.8,0.55,0.67,0.59,0.45,0.91,0.46,0.73,0.78,自住-改善,两室一厅,61,3092,区财政局科员,二胎黄金期中大户型,上海中环品质两居，车位及空间极其拥挤,小区无地下车库且人车不分流，小孩在楼下玩耍或者推婴儿车极为不安全。,讲究超高得房率（超85%），主卧套房必须配备独立步入式衣帽间与干湿分离双卫。,主要在陆家嘴/徐家汇CBD上班，首选地铁2/9号线沿线，通勤半小时内。,倡导轻户外，周末常带家人自驾野营或山系徒步，注重生活情调与手作咖啡。,名下持有一套旧两居，置换回款 65% + 个人理财储蓄补充 + 公积金商业贷,非仁恒、绿城、万科等金牌开发商不买，极度看重高端精装质量与顶级物业的增值口碑。,常年本地稳定居住，工作日职住通勤动线规则单一。
上_2003_00884,上海,2003,长三角家庭,37,男,1.5,10.2,0.45,17.1,4,2,否,B,agent,0.62,0.63,0.62,0.45,0.53,0.79,0.49,0.64,0.66,自住-首套,一室一厅,61,1876,区财政局科员,二胎黄金期中大户型,上海中环品质两居，车位及空间极其拥挤,小区无地下车库且人车不分流，小孩在楼下玩耍或者推婴儿车极为不安全。,讲究超高得房率（超85%），主卧套房必须配备独立步入式衣帽间与干湿分离双卫。,主要在陆家嘴/徐家汇CBD上班，首选地铁2/9号线沿线，通勤半小时内。,倡导轻户外，周末常带家人自驾野营或山系徒步，注重生活情调与手作咖啡。,夫妻双方积蓄 + 双方父母出资赞助首付 + 公积金商业组合贷款,重性价比，不盲信大牌，但要求物业管理有序、绿化修剪及时、人防技防规范。,常年本地稳定居住，工作日职住通勤动线规则单一。
上_2003_00885,上海,2003,金融精英,35,男,2.1,13.0,0.4,24.3,3,1,是,A,research,0.97,0.5,0.64,0.57,0.76,0.73,0.84,0.96,0.79,自住-改善,两室两厅,50,3612,商业银行支行信贷科长,三口之家(幼龄段),市中心私密洋房住宅,当前房屋属于旧多层无电梯房，父母年纪渐高每天爬楼梯极为吃力。,讲究超高得房率（超85%），主卧套房必须配备独立步入式衣帽间与干湿分离双卫。,主要在陆家嘴/徐家汇CBD上班，首选地铁2/9号线沿线，通勤半小时内。,周末常去高端商圈消费，热衷打网球和马术，重度手冲咖啡及黑胶唱片发烧友。,名下已有企业股权套现或分红现金，一次性全款付清，基本不加杠杆,非仁恒、绿城、万科等金牌开发商不买，极度看重高端精装质量与顶级物业的增值口碑。,常年本地稳定居住，工作日职住通勤动线规则单一。
上_2003_00886,上海,2003,长三角家庭,55,女,0.6,4.5,0.45,7.5,3,2,是,B,agent,0.67,0.44,0.44,0.51,0.43,0.87,0.17,0.72,0.59,自住-首套,两室两厅,90,557,国企车间技术主任,二胎黄金期中大户型,上海中环品质两居，车位及空间极其拥挤,小区无地下车库且人车不分流，小孩在楼下玩耍或者推婴儿车极为不安全。,讲究超高得房率（超85%），主卧套房必须配备独立步入式衣帽间与干湿分离双卫。,主要在陆家嘴/徐家汇CBD上班，首选地铁2/9号线沿线，通勤半小时内。,倡导轻户外，周末常带家人自驾野营或山系徒步，注重生活情调与手作咖啡。,夫妻双方积蓄 + 双方父母出资赞助首付 + 公积金商业组合贷款,重性价比，不盲信大牌，但要求物业管理有序、绿化修剪及时、人防技防规范。,常年本地稳定居住，工作日职住通勤动线规则单一。
上_2003_00887,上海,2003,长三角家庭,48,女,1.3,10.5,0.45,17.4,4,2,否,B,agent,0.86,0.52,0.48,0.56,0.5,0.77,0.43,0.59,0.6,自住-改善,一室一厅,55,2372,市第二中学地理教师,二胎黄金期中大户型,上海中环品质两居，车位及空间极其拥挤,小区无地下车库且人车不分流，小孩在楼下玩耍或者推婴儿车极为不安全。,讲究超高得房率（超85%），主卧套房必须配备独立步入式衣帽间与干湿分离双卫。,主要在陆家嘴/徐家汇CBD上班，首选地铁2/9号线沿线，通勤半小时内。,倡导轻户外，周末常带家人自驾野营或山系徒步，注重生活情调与手作咖啡。,名下持有一套旧两居，置换回款 65% + 个人理财储蓄补充 + 公积金商业贷,重性价比，不盲信大牌，但要求物业管理有序、绿化修剪及时、人防技防规范。,常年本地稳定居住，工作日职住通勤动线规则单一。
上_2003_00888,上海,2003,金融精英,41,女,1.5,12.6,0.4,23.6,3,1,否,A,research,0.99,0.48,0.71,0.62,0.82,0.77,0.79,0.78,0.78,自住-改善,两室两厅,52,2883,商业银行支行信贷科长,三口之家(学龄段),西湖边高精平层,无高端私密会所及管家式物业配套，圈层鱼龙混杂，高净值居住体验差。,要求有超大面宽南向双阳台（观景家政分离），主卧大飘窗能270度直面自然景观。,主要在陆家嘴/徐家汇CBD上班，首选地铁2/9号线沿线，通勤半小时内。,周末常去高端商圈消费，热衷打网球和马术，重度手冲咖啡及黑胶唱片发烧友。,名下已有企业股权套现或分红现金，一次性全款付清，基本不加杠杆,非仁恒、绿城、万科等金牌开发商不买，极度看重高端精装质量与顶级物业的增值口碑。,常年本地稳定居住，工作日职住通勤动线规则单一。
上_2003_00889,上海,2003,长三角家庭,38,男,1.5,12.4,0.45,20.7,3,2,否,B,agent,0.93,0.51,0.6,0.51,0.41,0.66,0.34,0.7,0.66,自住-改善,两室两厅,96,1815,国企车间技术主任,二胎黄金期中大户型,上海中环品质两居，车位及空间极其拥挤,小区无地下车库且人车不分流，小孩在楼下玩耍或者推婴儿车极为不安全。,核心要求地块属于第一梯队名校学区，且周边500米内解决幼小衔接教育配套。,主要在陆家嘴/徐家汇CBD上班，首选地铁2/9号线沿线，通勤半小时内。,倡导轻户外，周末常带家人自驾野营或山系徒步，注重生活情调与手作咖啡。,名下持有一套旧两居，置换回款 65% + 个人理财储蓄补充 + 公积金商业贷,重性价比，不盲信大牌，但要求物业管理有序、绿化修剪及时、人防技防规范。,常年本地稳定居住，工作日职住通勤动线规则单一。
上_2003_00890,上海,2003,长三角家庭,47,女,1.0,7.0,0.45,11.7,4,2,否,B,agent,0.67,0.5,0.46,0.38,0.45,0.77,0.24,0.8,0.71,自住-改善,两室两厅,88,1151,国企车间技术主任,二胎黄金期中大户型,上海中环品质两居，车位及空间极其拥挤,小区无地下车库且人车不分流，小孩在楼下玩耍或者推婴儿车极为不安全。,讲究超高得房率（超85%），主卧套房必须配备独立步入式衣帽间与干湿分离双卫。,主要在陆家嘴/徐家汇CBD上班，首选地铁2/9号线沿线，通勤半小时内。,倡导轻户外，周末常带家人自驾野营或山系徒步，注重生活情调与手作咖啡。,名下持有一套旧两居，置换回款 65% + 个人理财储蓄补充 + 公积金商业贷,非仁恒、绿城、万科等金牌开发商不买，极度看重高端精装质量与顶级物业的增值口碑。,常年本地稳定居住，工作日职住通勤动线规则单一。
上_2003_00891,上海,2003,本地改善,45,女,1.0,9.8,0.45,16.4,4,1,否,B,agent,0.8,0.51,0.54,0.43,0.56,0.78,0.58,0.62,0.63,自住-改善,两室一厅,61,1393,邮政局局长秘书,三口之家(学龄段),上海中环品质两居，车位及空间极其拥挤,小区无地下车库且人车不分流，小孩在楼下玩耍或者推婴儿车极为不安全。,讲究超高得房率（超85%），主卧套房必须配备独立步入式衣帽间与干湿分离双卫。,主要在陆家嘴/徐家汇CBD上班，首选地铁2/9号线沿线，通勤半小时内。,倡导轻户外，周末常带家人自驾野营或山系徒步，注重生活情调与手作咖啡。,名下持有一套旧两居，置换回款 65% + 个人理财储蓄补充 + 公积金商业贷,重性价比，不盲信大牌，但要求物业管理有序、绿化修剪及时、人防技防规范。,常年本地稳定居住，工作日职住通勤动线规则单一。
上_2003_00892,上海,2003,金融精英,32,男,3.5,22.8,0.4,42.8,4,0,否,A,research,0.47,0.39,0.76,0.65,0.69,0.83,0.68,0.73,0.76,婚房,两室一厅,69,4741,申银万国证券分析员,新婚过渡两居,西湖边高精平层,无高端私密会所及管家式物业配套，圈层鱼龙混杂，高净值居住体验差。,要求有超大面宽南向双阳台（观景家政分离），主卧大飘窗能270度直面自然景观。,主要在陆家嘴/徐家汇CBD上班，首选地铁2/9号线沿线，通勤半小时内。,周末常去高端商圈消费，热衷打网球和马术，重度手冲咖啡及黑胶唱片发烧友。,夫妻双方积蓄 + 双方父母出资赞助首付 + 公积金商业组合贷款,非仁恒、绿城、万科等金牌开发商不买，极度看重高端精装质量与顶级物业的增值口碑。,常年本地稳定居住，工作日职住通勤动线规则单一。
上_2003_00893,上海,2003,本地改善,50,男,0.6,4.4,0.45,7.4,4,3,是,B,agent,0.6,0.44,0.52,0.41,0.51,0.8,0.68,0.48,0.64,自住-改善,一室一厅,61,610,国企车间技术主任,二胎黄金期中大户型,上海中环品质两居，车位及空间极其拥挤,小区无地下车库且人车不分流，小孩在楼下玩耍或者推婴儿车极为不安全。,讲究超高得房率（超85%），主卧套房必须配备独立步入式衣帽间与干湿分离双卫。,主要在陆家嘴/徐家汇CBD上班，首选地铁2/9号线沿线，通勤半小时内。,倡导轻户外，周末常带家人自驾野营或山系徒步，注重生活情调与手作咖啡。,名下持有一套旧两居，置换回款 65% + 个人理财储蓄补充 + 公积金商业贷,重性价比，不盲信大牌，但要求物业管理有序、绿化修剪及时、人防技防规范。,常年本地稳定居住，工作日职住通勤动线规则单一。
上_2003_00894,上海,2003,金融精英,41,女,2.3,22.1,0.4,41.5,3,1,否,A,research,0.71,0.4,0.66,0.66,0.74,0.73,0.64,0.67,0.79,自住-首套,两室一厅,68,3679,老牌证券公司营业部经理,三口之家(学龄段),西湖边高精平层,无高端私密会所及管家式物业配套，圈层鱼龙混杂，高净值居住体验差。,讲究超高得房率（超85%），主卧套房必须配备独立步入式衣帽间与干湿分离双卫。,主要在陆家嘴/徐家汇CBD上班，首选地铁2/9号线沿线，通勤半小时内。,周末常去高端商圈消费，热衷打网球和马术，重度手冲咖啡及黑胶唱片发烧友。,夫妻双方积蓄 + 双方父母出资赞助首付 + 公积金商业组合贷款,非仁恒、绿城、万科等金牌开发商不买，极度看重高端精装质量与顶级物业的增值口碑。,常年本地稳定居住，工作日职住通勤动线规则单一。
上_2003_00895,上海,2003,本地改善,54,女,1.3,13.3,0.45,22.2,3,2,否,B,agent,0.64,0.58,0.59,0.45,0.57,0.75,0.63,0.69,0.53,自住-改善,两室两厅,59,2302,邮政局局长秘书,二胎黄金期中大户型,上海中环品质两居，车位及空间极其拥挤,小区无地下车库且人车不分流，小孩在楼下玩耍或者推婴儿车极为不安全。,讲究超高得房率（超85%），主卧套房必须配备独立步入式衣帽间与干湿分离双卫。,主要在陆家嘴/徐家汇CBD上班，首选地铁2/9号线沿线，通勤半小时内。,倡导轻户外，周末常带家人自驾野营或山系徒步，注重生活情调与手作咖啡。,名下持有一套旧两居，置换回款 65% + 个人理财储蓄补充 + 公积金商业贷,重性价比，不盲信大牌，但要求物业管理有序、绿化修剪及时、人防技防规范。,常年本地稳定居住，工作日职住通勤动线规则单一。
上_2003_00896,上海,2003,外籍海归,41,女,2.3,18.1,0.4,33.9,5,1,否,A,social,1,0.48,0.58,0.36,0.86,0.75,0.69,0.79,0.8,自住-首套,两室两厅,99,2570,合资日化企业技术主管,三口之家(学龄段),陆家嘴核心区江景大平层,无高端私密会所及管家式物业配套，圈层鱼龙混杂，高净值居住体验差。,讲究超高得房率（超85%），主卧套房必须配备独立步入式衣帽间与干湿分离双卫。,主要在陆家嘴/徐家汇CBD上班，首选地铁2/9号线沿线，通勤半小时内。,周末常去高端商圈消费，热衷打网球和马术，重度手冲咖啡及黑胶唱片发烧友。,夫妻双方积蓄 + 双方父母出资赞助首付 + 公积金商业组合贷款,非仁恒、绿城、万科等金牌开发商不买，极度看重高端精装质量与顶级物业的增值口碑。,常年本地稳定居住，工作日职住通勤动线规则单一。
上_2003_00897,上海,2003,长三角家庭,53,男,0.7,4.4,0.45,7.3,4,2,否,B,agent,0.83,0.57,0.63,0.41,0.4,0.76,0.27,0.7,0.58,自住-改善,两室一厅,69,704,国企车间技术主任,二胎黄金期中大户型,上海中环品质两居，车位及空间极其拥挤,小区无地下车库且人车不分流，小孩在楼下玩耍或者推婴儿车极为不安全。,讲究超高得房率（超85%），主卧套房必须配备独立步入式衣帽间与干湿分离双卫。,主要在陆家嘴/徐家汇CBD上班，首选地铁2/9号线沿线，通勤半小时内。,倡导轻户外，周末常带家人自驾野营或山系徒步，注重生活情调与手作咖啡。,名下持有一套旧两居，置换回款 65% + 个人理财储蓄补充 + 公积金商业贷,重性价比，不盲信大牌，但要求物业管理有序、绿化修剪及时、人防技防规范。,常年本地稳定居住，工作日职住通勤动线规则单一。
上_2003_00898,上海,2003,教育型买房,44,女,1.3,13.3,0.4,24.9,2,1,否,B,social,0.92,0.62,0.46,0.48,0.74,0.8,0.45,1,0.53,学区房,两室一厅,67,1951,国企车间技术主任,三口之家(学龄段),上海中环品质两居，车位及空间极其拥挤,小区无地下车库且人车不分流，小孩在楼下玩耍或者推婴儿车极为不安全。,讲究超高得房率（超85%），主卧套房必须配备独立步入式衣帽间与干湿分离双卫。,主要在陆家嘴/徐家汇CBD上班，首选地铁2/9号线沿线，通勤半小时内。,倡导轻户外，周末常带家人自驾野营或山系徒步，注重生活情调与手作咖啡。,名下持有一套旧两居，置换回款 65% + 个人理财储蓄补充 + 公积金商业贷,重性价比，不盲信大牌，但要求物业管理有序、绿化修剪及时、人防技防规范。,常年本地稳定居住，工作日职住通勤动线规则单一。
上_2003_00899,上海,2003,金融精英,48,女,1.1,6.2,0.4,11.7,2,0,否,A,research,0.62,0.57,0.63,0.4,0.67,0.81,0.68,0.72,0.81,自住-首套,两室一厅,98,715,商业银行支行信贷科长,成熟期核心家庭,西湖边高精平层,无高端私密会所及管家式物业配套，圈层鱼龙混杂，高净值居住体验差。,讲究超高得房率（超85%），主卧套房必须配备独立步入式衣帽间与干湿分离双卫。,主要在陆家嘴/徐家汇CBD上班，首选地铁2/9号线沿线，通勤半小时内。,周末常去高端商圈消费，热衷打网球和马术，重度手冲咖啡及黑胶唱片发烧友。,夫妻双方积蓄 + 双方父母出资赞助首付 + 公积金商业组合贷款,非仁恒、绿城、万科等金牌开发商不买，极度看重高端精装质量与顶级物业的增值口碑。,常年本地稳定居住，工作日职住通勤动线规则单一。
上_2003_00900,上海,2003,本地改善,57,男,0.6,6.9,0.45,11.5,3,2,否,B,agent,0.73,0.46,0.69,0.54,0.55,0.73,0.62,0.67,0.56,自住-改善,两室一厅,95,634,区财政局科员,二胎黄金期中大户型,上海中环品质两居，车位及空间极其拥挤,小区无地下车库且人车不分流，小孩在楼下玩耍或者推婴儿车极为不安全。,讲究超高得房率（超85%），主卧套房必须配备独立步入式衣帽间与干湿分离双卫。,主要在陆家嘴/徐家汇CBD上班，首选地铁2/9号线沿线，通勤半小时内。,倡导轻户外，周末常带家人自驾野营或山系徒步，注重生活情调与手作咖啡。,名下持有一套旧两居，置换回款 65% + 个人理财储蓄补充 + 公积金商业贷,重性价比，不盲信大牌，但要求物业管理有序、绿化修剪及时、人防技防规范。,常年本地稳定居住，工作日职住通勤动线规则单一。
上_2003_00901,上海,2003,金融精英,32,男,3.1,21.1,0.4,39.5,3,1,否,A,research,0.61,0.48,0.75,0.71,0.74,0.82,0.72,0.86,0.79,自住-首套,两室一厅,54,3896,商业银行支行信贷科长,三口之家(幼龄段),市中心私密洋房住宅,无高端私密会所及管家式物业配套，圈层鱼龙混杂，高净值居住体验差。,要求独立电梯入户，主次卧动线分明，配备独立保姆房和私密后院。,主要在陆家嘴/徐家汇CBD上班，首选地铁2/9号线沿线，通勤半小时内。,周末常去高端商圈消费，热衷打网球和马术，重度手冲咖啡及黑胶唱片发烧友。,夫妻双方积蓄 + 双方父母出资赞助首付 + 公积金商业组合贷款,非仁恒、绿城、万科等金牌开发商不买，极度看重高端精装质量与顶级物业的增值口碑。,常年本地稳定居住，工作日职住通勤动线规则单一。
上_2003_00902,上海,2003,本地改善,52,女,1.4,10.0,0.45,16.7,4,2,是,B,agent,0.98,0.43,0.61,0.57,0.49,0.9,0.57,0.77,0.47,自住-改善,一室一厅,60,1662,市第二中学地理教师,二胎黄金期中大户型,上海中环品质两居，车位及空间极其拥挤,小区无地下车库且人车不分流，小孩在楼下玩耍或者推婴儿车极为不安全。,讲究超高得房率（超85%），主卧套房必须配备独立步入式衣帽间与干湿分离双卫。,主要在陆家嘴/徐家汇CBD上班，首选地铁2/9号线沿线，通勤半小时内。,倡导轻户外，周末常带家人自驾野营或山系徒步，注重生活情调与手作咖啡。,名下持有一套旧两居，置换回款 65% + 个人理财储蓄补充 + 公积金商业贷,重性价比，不盲信大牌，但要求物业管理有序、绿化修剪及时、人防技防规范。,常年本地稳定居住，工作日职住通勤动线规则单一。
上_2003_00903,上海,2003,教育型买房,38,男,2.1,14.3,0.4,26.8,2,0,是,B,social,0.92,0.44,0.43,0.39,0.79,0.77,0.5,1,0.61,学区房,一室一厅,92,2187,区财政局科员,成熟期核心家庭,上海中环品质两居，车位及空间极其拥挤,当前房屋属于旧多层无电梯房，父母年纪渐高每天爬楼梯极为吃力。,讲究超高得房率（超85%），主卧套房必须配备独立步入式衣帽间与干湿分离双卫。,主要在陆家嘴/徐家汇CBD上班，首选地铁2/9号线沿线，通勤半小时内。,倡导轻户外，周末常带家人自驾野营或山系徒步，注重生活情调与手作咖啡。,名下持有一套旧两居，置换回款 65% + 个人理财储蓄补充 + 公积金商业贷,重性价比，不盲信大牌，但要求物业管理有序、绿化修剪及时、人防技防规范。,常年本地稳定居住，工作日职住通勤动线规则单一。
上_2003_00904,上海,2003,本地改善,46,女,1.4,11.6,0.45,19.3,4,3,否,B,agent,0.55,0.46,0.64,0.52,0.67,0.87,0.62,0.71,0.65,自住-改善,两室两厅,71,1636,国企车间技术主任,二胎黄金期中大户型,上海中环品质两居，车位及空间极其拥挤,小区无地下车库且人车不分流，小孩在楼下玩耍或者推婴儿车极为不安全。,讲究超高得房率（超85%），主卧套房必须配备独立步入式衣帽间与干湿分离双卫。,主要在陆家嘴/徐家汇CBD上班，首选地铁2/9号线沿线，通勤半小时内。,倡导轻户外，周末常带家人自驾野营或山系徒步，注重生活情调与手作咖啡。,名下持有一套旧两居，置换回款 65% + 个人理财储蓄补充 + 公积金商业贷,重性价比，不盲信大牌，但要求物业管理有序、绿化修剪及时、人防技防规范。,常年本地稳定居住，工作日职住通勤动线规则单一。
上_2003_00905,上海,2003,金融精英,50,男,1.2,12.2,0.4,22.9,4,1,否,A,research,0.63,0.47,0.72,0.56,0.84,0.58,0.62,0.82,0.79,自住-改善,两室一厅,89,2150,申银万国证券分析员,三口之家(学龄段),市中心私密洋房住宅,无高端私密会所及管家式物业配套，圈层鱼龙混杂，高净值居住体验差。,要求有超大面宽南向双阳台（观景家政分离），主卧大飘窗能270度直面自然景观。,主要在陆家嘴/徐家汇CBD上班，首选地铁2/9号线沿线，通勤半小时内。,周末常去高端商圈消费，热衷打网球和马术，重度手冲咖啡及黑胶唱片发烧友。,名下已有企业股权套现或分红现金，一次性全款付清，基本不加杠杆,非仁恒、绿城、万科等金牌开发商不买，极度看重高端精装质量与顶级物业的增值口碑。,常年本地稳定居住，工作日职住通勤动线规则单一。
上_2003_00906,上海,2003,长三角家庭,42,男,1.5,9.5,0.45,15.8,4,2,否,B,agent,0.93,0.5,0.44,0.62,0.47,0.79,0.35,0.7,0.61,自住-首套,两室一厅,90,1312,邮政局局长秘书,二胎黄金期中大户型,上海中环品质两居，车位及空间极其拥挤,小区无地下车库且人车不分流，小孩在楼下玩耍或者推婴儿车极为不安全。,讲究超高得房率（超85%），主卧套房必须配备独立步入式衣帽间与干湿分离双卫。,主要在陆家嘴/徐家汇CBD上班，首选地铁2/9号线沿线，通勤半小时内。,倡导轻户外，周末常带家人自驾野营或山系徒步，注重生活情调与手作咖啡。,夫妻双方积蓄 + 双方父母出资赞助首付 + 公积金商业组合贷款,重性价比，不盲信大牌，但要求物业管理有序、绿化修剪及时、人防技防规范。,常年本地稳定居住，工作日职住通勤动线规则单一。
上_2003_00907,上海,2003,长三角家庭,44,女,0.7,4.3,0.45,7.1,4,2,否,B,agent,0.96,0.53,0.44,0.46,0.52,0.83,0.42,0.61,0.72,自住-改善,两室两厅,78,728,市第二中学地理教师,二胎黄金期中大户型,上海中环品质两居，车位及空间极其拥挤,小区无地下车库且人车不分流，小孩在楼下玩耍或者推婴儿车极为不安全。,讲究超高得房率（超85%），主卧套房必须配备独立步入式衣帽间与干湿分离双卫。,主要在陆家嘴/徐家汇CBD上班，首选地铁2/9号线沿线，通勤半小时内。,倡导轻户外，周末常带家人自驾野营或山系徒步，注重生活情调与手作咖啡。,名下持有一套旧两居，置换回款 65% + 个人理财储蓄补充 + 公积金商业贷,非仁恒、绿城、万科等金牌开发商不买，极度看重高端精装质量与顶级物业的增值口碑。,常年本地稳定居住，工作日职住通勤动线规则单一。
上_2003_00908,上海,2003,本地改善,57,男,1.5,11.1,0.45,18.4,4,2,是,B,agent,0.87,0.51,0.59,0.44,0.45,0.78,0.51,0.76,0.68,自住-改善,两室一厅,72,2273,区财政局科员,二胎黄金期中大户型,上海中环品质两居，车位及空间极其拥挤,小区无地下车库且人车不分流，小孩在楼下玩耍或者推婴儿车极为不安全。,讲究超高得房率（超85%），主卧套房必须配备独立步入式衣帽间与干湿分离双卫。,主要在陆家嘴/徐家汇CBD上班，首选地铁2/9号线沿线，通勤半小时内。,倡导轻户外，周末常带家人自驾野营或山系徒步，注重生活情调与手作咖啡。,名下持有一套旧两居，置换回款 65% + 个人理财储蓄补充 + 公积金商业贷,重性价比，不盲信大牌，但要求物业管理有序、绿化修剪及时、人防技防规范。,常年本地稳定居住，工作日职住通勤动线规则单一。
上_2003_00909,上海,2003,本地改善,38,男,1.4,13.6,0.45,22.7,5,2,是,B,agent,0.59,0.54,0.52,0.52,0.5,0.85,0.6,0.69,0.85,自住-改善,一室一厅,50,4030,市第二中学地理教师,二胎黄金期中大户型,上海中环品质两居，车位及空间极其拥挤,小区无地下车库且人车不分流，小孩在楼下玩耍或者推婴儿车极为不安全。,讲究超高得房率（超85%），主卧套房必须配备独立步入式衣帽间与干湿分离双卫。,主要在陆家嘴/徐家汇CBD上班，首选地铁2/9号线沿线，通勤半小时内。,倡导轻户外，周末常带家人自驾野营或山系徒步，注重生活情调与手作咖啡。,名下持有一套旧两居，置换回款 65% + 个人理财储蓄补充 + 公积金商业贷,非仁恒、绿城、万科等金牌开发商不买，极度看重高端精装质量与顶级物业的增值口碑。,常年本地稳定居住，工作日职住通勤动线规则单一。
上_2003_00910,上海,2003,长三角家庭,50,男,1.2,8.3,0.45,13.9,4,2,是,B,agent,0.92,0.52,0.73,0.36,0.51,0.91,0.46,0.57,0.59,自住-改善,两室一厅,86,1062,区财政局科员,二胎黄金期中大户型,上海中环品质两居，车位及空间极其拥挤,小区无地下车库且人车不分流，小孩在楼下玩耍或者推婴儿车极为不安全。,要求有超大面宽南向双阳台（观景家政分离），主卧大飘窗能270度直面自然景观。,主要在陆家嘴/徐家汇CBD上班，首选地铁2/9号线沿线，通勤半小时内。,倡导轻户外，周末常带家人自驾野营或山系徒步，注重生活情调与手作咖啡。,名下持有一套旧两居，置换回款 65% + 个人理财储蓄补充 + 公积金商业贷,重性价比，不盲信大牌，但要求物业管理有序、绿化修剪及时、人防技防规范。,常年本地稳定居住，工作日职住通勤动线规则单一。
上_2003_00911,上海,2003,长三角家庭,48,女,1.5,7.2,0.45,12.1,4,2,否,B,agent,0.37,0.67,0.65,0.51,0.63,0.71,0.53,0.63,0.59,自住-首套,一室一厅,76,884,国企车间技术主任,二胎黄金期中大户型,上海中环品质两居，车位及空间极其拥挤,小区无地下车库且人车不分流，小孩在楼下玩耍或者推婴儿车极为不安全。,讲究超高得房率（超85%），主卧套房必须配备独立步入式衣帽间与干湿分离双卫。,主要在陆家嘴/徐家汇CBD上班，首选地铁2/9号线沿线，通勤半小时内。,倡导轻户外，周末常带家人自驾野营或山系徒步，注重生活情调与手作咖啡。,夫妻双方积蓄 + 双方父母出资赞助首付 + 公积金商业组合贷款,重性价比，不盲信大牌，但要求物业管理有序、绿化修剪及时、人防技防规范。,常年本地稳定居住，工作日职住通勤动线规则单一。
上_2003_00912,上海,2003,本地改善,46,男,0.7,6.1,0.45,10.1,4,2,是,B,agent,0.44,0.48,0.6,0.44,0.62,0.9,0.62,0.73,0.66,自住-改善,两室一厅,51,1775,区财政局科员,二胎黄金期中大户型,上海中环品质两居，车位及空间极其拥挤,小区无地下车库且人车不分流，小孩在楼下玩耍或者推婴儿车极为不安全。,讲究超高得房率（超85%），主卧套房必须配备独立步入式衣帽间与干湿分离双卫。,主要在陆家嘴/徐家汇CBD上班，首选地铁2/9号线沿线，通勤半小时内。,倡导轻户外，周末常带家人自驾野营或山系徒步，注重生活情调与手作咖啡。,名下持有一套旧两居，置换回款 65% + 个人理财储蓄补充 + 公积金商业贷,重性价比，不盲信大牌，但要求物业管理有序、绿化修剪及时、人防技防规范。,常年本地稳定居住，工作日职住通勤动线规则单一。
上_2003_00913,上海,2003,金融精英,43,女,3.3,28.0,0.4,52.6,3,1,否,A,research,0.75,0.52,0.75,0.71,0.73,0.81,0.77,0.69,0.81,自住-首套,一室一厅,56,7902,申银万国证券分析员,三口之家(学龄段),陆家嘴核心区江景大平层,无高端私密会所及管家式物业配套，圈层鱼龙混杂，高净值居住体验差。,要求独立电梯入户，主次卧动线分明，配备独立保姆房和私密后院。,主要在陆家嘴/徐家汇CBD上班，首选地铁2/9号线沿线，通勤半小时内。,周末常去高端商圈消费，热衷打网球和马术，重度手冲咖啡及黑胶唱片发烧友。,夫妻双方积蓄 + 双方父母出资赞助首付 + 公积金商业组合贷款,非仁恒、绿城、万科等金牌开发商不买，极度看重高端精装质量与顶级物业的增值口碑。,常年本地稳定居住，工作日职住通勤动线规则单一。
上_2003_00914,上海,2003,教育型买房,46,女,0.9,7.3,0.4,13.8,4,0,否,B,social,0.63,0.47,0.39,0.39,0.6,0.64,0.45,0.99,0.53,学区房,两室两厅,68,1054,国企车间技术主任,成熟期核心家庭,上海中环品质两居，车位及空间极其拥挤,老小区隔音差，邻里滋扰严重，且车位严重匮乏，每晚加班回来抢车位像打仗。,核心要求地块属于第一梯队名校学区，且周边500米内解决幼小衔接教育配套。,主要在陆家嘴/徐家汇CBD上班，首选地铁2/9号线沿线，通勤半小时内。,倡导轻户外，周末常带家人自驾野营或山系徒步，注重生活情调与手作咖啡。,名下持有一套旧两居，置换回款 65% + 个人理财储蓄补充 + 公积金商业贷,重性价比，不盲信大牌，但要求物业管理有序、绿化修剪及时、人防技防规范。,常年本地稳定居住，工作日职住通勤动线规则单一。
上_2003_00915,上海,2003,教育型买房,35,男,1.6,15.3,0.4,28.7,2,0,否,B,social,0.83,0.57,0.49,0.35,0.76,0.79,0.6,0.89,0.68,学区房,一室一厅,56,2974,市第二中学地理教师,新婚过渡两居,上海中环品质两居，车位及空间极其拥挤,老小区隔音差，邻里滋扰严重，且车位严重匮乏，每晚加班回来抢车位像打仗。,讲究超高得房率（超85%），主卧套房必须配备独立步入式衣帽间与干湿分离双卫。,主要在陆家嘴/徐家汇CBD上班，首选地铁2/9号线沿线，通勤半小时内。,倡导轻户外，周末常带家人自驾野营或山系徒步，注重生活情调与手作咖啡。,名下持有一套旧两居，置换回款 65% + 个人理财储蓄补充 + 公积金商业贷,重性价比，不盲信大牌，但要求物业管理有序、绿化修剪及时、人防技防规范。,常年本地稳定居住，工作日职住通勤动线规则单一。
上_2003_00916,上海,2003,本地改善,42,女,0.9,7.8,0.45,13.0,3,2,否,B,agent,1,0.54,0.52,0.55,0.55,0.74,0.63,0.68,0.72,自住-改善,两室一厅,93,710,邮政局局长秘书,二胎黄金期中大户型,上海中环品质两居，车位及空间极其拥挤,小区无地下车库且人车不分流，小孩在楼下玩耍或者推婴儿车极为不安全。,讲究超高得房率（超85%），主卧套房必须配备独立步入式衣帽间与干湿分离双卫。,主要在陆家嘴/徐家汇CBD上班，首选地铁2/9号线沿线，通勤半小时内。,倡导轻户外，周末常带家人自驾野营或山系徒步，注重生活情调与手作咖啡。,名下持有一套旧两居，置换回款 65% + 个人理财储蓄补充 + 公积金商业贷,非仁恒、绿城、万科等金牌开发商不买，极度看重高端精装质量与顶级物业的增值口碑。,常年本地稳定居住，工作日职住通勤动线规则单一。
上_2003_00917,上海,2003,本地改善,38,男,1.3,8.9,0.45,14.8,5,2,是,B,agent,0.64,0.58,0.65,0.54,0.53,0.97,0.61,0.7,0.39,自住-改善,两室两厅,50,1988,国企车间技术主任,二胎黄金期中大户型,上海中环品质两居，车位及空间极其拥挤,小区无地下车库且人车不分流，小孩在楼下玩耍或者推婴儿车极为不安全。,讲究超高得房率（超85%），主卧套房必须配备独立步入式衣帽间与干湿分离双卫。,主要在陆家嘴/徐家汇CBD上班，首选地铁2/9号线沿线，通勤半小时内。,倡导轻户外，周末常带家人自驾野营或山系徒步，注重生活情调与手作咖啡。,名下持有一套旧两居，置换回款 65% + 个人理财储蓄补充 + 公积金商业贷,重性价比，不盲信大牌，但要求物业管理有序、绿化修剪及时、人防技防规范。,常年本地稳定居住，工作日职住通勤动线规则单一。
上_2003_00918,上海,2003,金融精英,49,女,1.6,11.8,0.4,22.1,4,0,是,A,research,0.86,0.4,0.64,0.75,0.74,0.8,0.72,0.88,0.87,自住-改善,两室一厅,74,2529,商业银行支行信贷科长,成熟期核心家庭,西湖边高精平层,当前房屋属于旧多层无电梯房，父母年纪渐高每天爬楼梯极为吃力。,要求独立电梯入户，主次卧动线分明，配备独立保姆房和私密后院。,主要在陆家嘴/徐家汇CBD上班，首选地铁2/9号线沿线，通勤半小时内。,周末常去高端商圈消费，热衷打网球和马术，重度手冲咖啡及黑胶唱片发烧友。,名下已有企业股权套现或分红现金，一次性全款付清，基本不加杠杆,非仁恒、绿城、万科等金牌开发商不买，极度看重高端精装质量与顶级物业的增值口碑。,常年本地稳定居住，工作日职住通勤动线规则单一。
上_2003_00919,上海,2003,本地改善,55,女,1.2,8.4,0.45,14.0,5,2,否,B,agent,0.67,0.53,0.63,0.4,0.61,0.84,0.55,0.7,0.65,自住-改善,两室一厅,71,1343,市第二中学地理教师,二胎黄金期中大户型,上海中环品质两居，车位及空间极其拥挤,小区无地下车库且人车不分流，小孩在楼下玩耍或者推婴儿车极为不安全。,讲究超高得房率（超85%），主卧套房必须配备独立步入式衣帽间与干湿分离双卫。,主要在陆家嘴/徐家汇CBD上班，首选地铁2/9号线沿线，通勤半小时内。,倡导轻户外，周末常带家人自驾野营或山系徒步，注重生活情调与手作咖啡。,名下持有一套旧两居，置换回款 65% + 个人理财储蓄补充 + 公积金商业贷,重性价比，不盲信大牌，但要求物业管理有序、绿化修剪及时、人防技防规范。,常年本地稳定居住，工作日职住通勤动线规则单一。
上_2003_00920,上海,2003,教育型买房,44,男,1.0,7.9,0.4,14.9,3,1,否,B,social,0.93,0.57,0.4,0.4,0.68,0.74,0.51,1,0.6,学区房,一室一厅,67,1256,国企车间技术主任,三口之家(学龄段),上海中环品质两居，车位及空间极其拥挤,小区无地下车库且人车不分流，小孩在楼下玩耍或者推婴儿车极为不安全。,讲究超高得房率（超85%），主卧套房必须配备独立步入式衣帽间与干湿分离双卫。,主要在陆家嘴/徐家汇CBD上班，首选地铁2/9号线沿线，通勤半小时内。,倡导轻户外，周末常带家人自驾野营或山系徒步，注重生活情调与手作咖啡。,名下持有一套旧两居，置换回款 65% + 个人理财储蓄补充 + 公积金商业贷,重性价比，不盲信大牌，但要求物业管理有序、绿化修剪及时、人防技防规范。,常年本地稳定居住，工作日职住通勤动线规则单一。
上_2003_00921,上海,2003,金融精英,34,女,1.2,7.1,0.4,13.4,4,1,否,A,research,1,0.34,0.57,0.6,0.79,0.85,0.75,0.88,0.83,婚房,两室一厅,85,808,商业银行支行信贷科长,三口之家(幼龄段),西湖边高精平层,无高端私密会所及管家式物业配套，圈层鱼龙混杂，高净值居住体验差。,讲究超高得房率（超85%），主卧套房必须配备独立步入式衣帽间与干湿分离双卫。,主要在陆家嘴/徐家汇CBD上班，首选地铁2/9号线沿线，通勤半小时内。,周末常去高端商圈消费，热衷打网球和马术，重度手冲咖啡及黑胶唱片发烧友。,夫妻双方积蓄 + 双方父母出资赞助首付 + 公积金商业组合贷款,非仁恒、绿城、万科等金牌开发商不买，极度看重高端精装质量与顶级物业的增值口碑。,常年本地稳定居住，工作日职住通勤动线规则单一。
上_2003_00922,上海,2003,本地改善,49,男,0.7,8.4,0.45,14.0,4,2,是,B,agent,0.87,0.4,0.58,0.5,0.7,0.85,0.7,0.67,0.59,自住-改善,两室一厅,88,1305,市第二中学地理教师,二胎黄金期中大户型,上海中环品质两居，车位及空间极其拥挤,小区无地下车库且人车不分流，小孩在楼下玩耍或者推婴儿车极为不安全。,讲究超高得房率（超85%），主卧套房必须配备独立步入式衣帽间与干湿分离双卫。,主要在陆家嘴/徐家汇CBD上班，首选地铁2/9号线沿线，通勤半小时内。,倡导轻户外，周末常带家人自驾野营或山系徒步，注重生活情调与手作咖啡。,名下持有一套旧两居，置换回款 65% + 个人理财储蓄补充 + 公积金商业贷,重性价比，不盲信大牌，但要求物业管理有序、绿化修剪及时、人防技防规范。,常年本地稳定居住，工作日职住通勤动线规则单一。
上_2003_00923,上海,2003,教育型买房,42,男,1.4,10.9,0.4,20.5,3,1,是,B,social,0.85,0.53,0.45,0.55,0.57,0.69,0.55,1,0.58,学区房,两室一厅,95,1705,邮政局局长秘书,三口之家(学龄段),上海中环品质两居，车位及空间极其拥挤,小区无地下车库且人车不分流，小孩在楼下玩耍或者推婴儿车极为不安全。,核心要求地块属于第一梯队名校学区，且周边500米内解决幼小衔接教育配套。,主要在陆家嘴/徐家汇CBD上班，首选地铁2/9号线沿线，通勤半小时内。,倡导轻户外，周末常带家人自驾野营或山系徒步，注重生活情调与手作咖啡。,名下持有一套旧两居，置换回款 65% + 个人理财储蓄补充 + 公积金商业贷,重性价比，不盲信大牌，但要求物业管理有序、绿化修剪及时、人防技防规范。,常年本地稳定居住，工作日职住通勤动线规则单一。
上_2003_00924,上海,2003,本地改善,52,男,2.2,17.6,0.45,29.3,4,3,否,B,agent,0.76,0.5,0.55,0.57,0.51,0.86,0.71,0.66,0.69,自住-改善,两室两厅,88,2684,国企车间技术主任,二胎黄金期中大户型,上海中环品质两居，车位及空间极其拥挤,小区无地下车库且人车不分流，小孩在楼下玩耍或者推婴儿车极为不安全。,讲究超高得房率（超85%），主卧套房必须配备独立步入式衣帽间与干湿分离双卫。,主要在陆家嘴/徐家汇CBD上班，首选地铁2/9号线沿线，通勤半小时内。,倡导轻户外，周末常带家人自驾野营或山系徒步，注重生活情调与手作咖啡。,名下持有一套旧两居，置换回款 65% + 个人理财储蓄补充 + 公积金商业贷,重性价比，不盲信大牌，但要求物业管理有序、绿化修剪及时、人防技防规范。,常年本地稳定居住，工作日职住通勤动线规则单一。
上_2003_00925,上海,2003,教育型买房,42,男,1.1,7.8,0.4,14.6,2,2,否,B,social,1,0.54,0.34,0.3,0.6,0.62,0.56,1,0.58,学区房,两室两厅,64,1228,区财政局科员,二胎黄金期中大户型,上海中环品质两居，车位及空间极其拥挤,小区无地下车库且人车不分流，小孩在楼下玩耍或者推婴儿车极为不安全。,核心要求地块属于第一梯队名校学区，且周边500米内解决幼小衔接教育配套。,主要在陆家嘴/徐家汇CBD上班，首选地铁2/9号线沿线，通勤半小时内。,倡导轻户外，周末常带家人自驾野营或山系徒步，注重生活情调与手作咖啡。,名下持有一套旧两居，置换回款 65% + 个人理财储蓄补充 + 公积金商业贷,重性价比，不盲信大牌，但要求物业管理有序、绿化修剪及时、人防技防规范。,常年本地稳定居住，工作日职住通勤动线规则单一。
上_2003_00926,上海,2003,本地改善,39,女,0.8,8.8,0.45,14.7,4,3,否,B,agent,0.87,0.44,0.49,0.54,0.43,0.83,0.55,0.76,0.74,自住-改善,一室一厅,100,1025,邮政局局长秘书,二胎黄金期中大户型,上海中环品质两居，车位及空间极其拥挤,小区无地下车库且人车不分流，小孩在楼下玩耍或者推婴儿车极为不安全。,讲究超高得房率（超85%），主卧套房必须配备独立步入式衣帽间与干湿分离双卫。,主要在陆家嘴/徐家汇CBD上班，首选地铁2/9号线沿线，通勤半小时内。,倡导轻户外，周末常带家人自驾野营或山系徒步，注重生活情调与手作咖啡。,名下持有一套旧两居，置换回款 65% + 个人理财储蓄补充 + 公积金商业贷,非仁恒、绿城、万科等金牌开发商不买，极度看重高端精装质量与顶级物业的增值口碑。,常年本地稳定居住，工作日职住通勤动线规则单一。
上_2003_00927,上海,2003,教育型买房,41,男,0.6,3.9,0.4,7.3,3,1,否,B,social,0.89,0.5,0.47,0.46,0.54,0.64,0.57,1,0.64,学区房,两室两厅,70,802,邮政局局长秘书,三口之家(学龄段),上海中环品质两居，车位及空间极其拥挤,小区无地下车库且人车不分流，小孩在楼下玩耍或者推婴儿车极为不安全。,核心要求地块属于第一梯队名校学区，且周边500米内解决幼小衔接教育配套。,主要在陆家嘴/徐家汇CBD上班，首选地铁2/9号线沿线，通勤半小时内。,倡导轻户外，周末常带家人自驾野营或山系徒步，注重生活情调与手作咖啡。,名下持有一套旧两居，置换回款 65% + 个人理财储蓄补充 + 公积金商业贷,重性价比，不盲信大牌，但要求物业管理有序、绿化修剪及时、人防技防规范。,常年本地稳定居住，工作日职住通勤动线规则单一。
上_2003_00928,上海,2003,外籍海归,30,男,1.3,11.2,0.4,21.1,3,2,否,A,social,0.84,0.42,0.82,0.61,0.77,0.82,0.55,0.89,0.71,自住-首套,一室一厅,63,1905,合资日化企业技术主管,二胎黄金期中大户型,陆家嘴核心区江景大平层,无高端私密会所及管家式物业配套，圈层鱼龙混杂，高净值居住体验差。,要求有超大面宽南向双阳台（观景家政分离），主卧大飘窗能270度直面自然景观。,主要在陆家嘴/徐家汇CBD上班，首选地铁2/9号线沿线，通勤半小时内。,周末常去高端商圈消费，热衷打网球和马术，重度手冲咖啡及黑胶唱片发烧友。,夫妻双方积蓄 + 双方父母出资赞助首付 + 公积金商业组合贷款,非仁恒、绿城、万科等金牌开发商不买，极度看重高端精装质量与顶级物业的增值口碑。,常年本地稳定居住，工作日职住通勤动线规则单一。
上_2003_00929,上海,2003,本地改善,53,男,1.2,9.8,0.45,16.3,5,2,否,B,agent,0.88,0.5,0.5,0.47,0.55,1,0.56,0.75,0.45,自住-改善,两室两厅,91,1044,邮政局局长秘书,二胎黄金期中大户型,上海中环品质两居，车位及空间极其拥挤,小区无地下车库且人车不分流，小孩在楼下玩耍或者推婴儿车极为不安全。,讲究超高得房率（超85%），主卧套房必须配备独立步入式衣帽间与干湿分离双卫。,主要在陆家嘴/徐家汇CBD上班，首选地铁2/9号线沿线，通勤半小时内。,倡导轻户外，周末常带家人自驾野营或山系徒步，注重生活情调与手作咖啡。,名下持有一套旧两居，置换回款 65% + 个人理财储蓄补充 + 公积金商业贷,重性价比，不盲信大牌，但要求物业管理有序、绿化修剪及时、人防技防规范。,常年本地稳定居住，工作日职住通勤动线规则单一。
上_2003_00930,上海,2003,教育型买房,40,女,2.5,26.0,0.4,48.8,2,1,否,B,social,0.92,0.5,0.55,0.54,0.57,0.69,0.41,0.97,0.58,学区房,两室一厅,85,4445,区财政局科员,三口之家(学龄段),上海中环品质两居，车位及空间极其拥挤,小区无地下车库且人车不分流，小孩在楼下玩耍或者推婴儿车极为不安全。,核心要求地块属于第一梯队名校学区，且周边500米内解决幼小衔接教育配套。,主要在陆家嘴/徐家汇CBD上班，首选地铁2/9号线沿线，通勤半小时内。,倡导轻户外，周末常带家人自驾野营或山系徒步，注重生活情调与手作咖啡。,名下持有一套旧两居，置换回款 65% + 个人理财储蓄补充 + 公积金商业贷,重性价比，不盲信大牌，但要求物业管理有序、绿化修剪及时、人防技防规范。,常年本地稳定居住，工作日职住通勤动线规则单一。
上_2003_00931,上海,2003,长三角家庭,53,女,1.3,6.9,0.45,11.5,3,2,是,B,agent,0.81,0.63,0.6,0.66,0.49,0.71,0.45,0.75,0.8,自住-改善,两室两厅,53,1651,邮政局局长秘书,二胎黄金期中大户型,上海中环品质两居，车位及空间极其拥挤,小区无地下车库且人车不分流，小孩在楼下玩耍或者推婴儿车极为不安全。,讲究超高得房率（超85%），主卧套房必须配备独立步入式衣帽间与干湿分离双卫。,主要在陆家嘴/徐家汇CBD上班，首选地铁2/9号线沿线，通勤半小时内。,倡导轻户外，周末常带家人自驾野营或山系徒步，注重生活情调与手作咖啡。,名下持有一套旧两居，置换回款 65% + 个人理财储蓄补充 + 公积金商业贷,非仁恒、绿城、万科等金牌开发商不买，极度看重高端精装质量与顶级物业的增值口碑。,常年本地稳定居住，工作日职住通勤动线规则单一。
上_2003_00932,上海,2003,本地改善,52,男,0.7,7.7,0.45,12.8,5,2,是,B,agent,0.53,0.44,0.61,0.56,0.49,0.86,0.52,0.64,0.64,自住-改善,两室两厅,74,1032,邮政局局长秘书,二胎黄金期中大户型,上海中环品质两居，车位及空间极其拥挤,小区无地下车库且人车不分流，小孩在楼下玩耍或者推婴儿车极为不安全。,讲究超高得房率（超85%），主卧套房必须配备独立步入式衣帽间与干湿分离双卫。,主要在陆家嘴/徐家汇CBD上班，首选地铁2/9号线沿线，通勤半小时内。,倡导轻户外，周末常带家人自驾野营或山系徒步，注重生活情调与手作咖啡。,名下持有一套旧两居，置换回款 65% + 个人理财储蓄补充 + 公积金商业贷,重性价比，不盲信大牌，但要求物业管理有序、绿化修剪及时、人防技防规范。,常年本地稳定居住，工作日职住通勤动线规则单一。
上_2003_00933,上海,2003,本地改善,43,女,0.8,6.1,0.45,10.1,3,2,是,B,agent,1,0.44,0.61,0.36,0.5,0.74,0.59,0.68,0.53,自住-改善,两室一厅,59,1211,国企车间技术主任,二胎黄金期中大户型,上海中环品质两居，车位及空间极其拥挤,小区无地下车库且人车不分流，小孩在楼下玩耍或者推婴儿车极为不安全。,讲究超高得房率（超85%），主卧套房必须配备独立步入式衣帽间与干湿分离双卫。,主要在陆家嘴/徐家汇CBD上班，首选地铁2/9号线沿线，通勤半小时内。,倡导轻户外，周末常带家人自驾野营或山系徒步，注重生活情调与手作咖啡。,名下持有一套旧两居，置换回款 65% + 个人理财储蓄补充 + 公积金商业贷,重性价比，不盲信大牌，但要求物业管理有序、绿化修剪及时、人防技防规范。,常年本地稳定居住，工作日职住通勤动线规则单一。
上_2003_00934,上海,2003,教育型买房,39,男,1.3,13.1,0.4,24.6,3,1,否,B,social,0.94,0.48,0.28,0.4,0.68,0.77,0.53,0.9,0.67,学区房,一室一厅,85,1526,区财政局科员,三口之家(学龄段),上海中环品质两居，车位及空间极其拥挤,小区无地下车库且人车不分流，小孩在楼下玩耍或者推婴儿车极为不安全。,讲究超高得房率（超85%），主卧套房必须配备独立步入式衣帽间与干湿分离双卫。,主要在陆家嘴/徐家汇CBD上班，首选地铁2/9号线沿线，通勤半小时内。,倡导轻户外，周末常带家人自驾野营或山系徒步，注重生活情调与手作咖啡。,名下持有一套旧两居，置换回款 65% + 个人理财储蓄补充 + 公积金商业贷,重性价比，不盲信大牌，但要求物业管理有序、绿化修剪及时、人防技防规范。,常年本地稳定居住，工作日职住通勤动线规则单一。
上_2003_00935,上海,2003,本地改善,44,女,0.6,6.8,0.45,11.3,4,2,是,B,agent,0.9,0.41,0.54,0.58,0.43,0.85,0.56,0.72,0.54,自住-改善,两室两厅,75,1080,邮政局局长秘书,二胎黄金期中大户型,上海中环品质两居，车位及空间极其拥挤,小区无地下车库且人车不分流，小孩在楼下玩耍或者推婴儿车极为不安全。,讲究超高得房率（超85%），主卧套房必须配备独立步入式衣帽间与干湿分离双卫。,主要在陆家嘴/徐家汇CBD上班，首选地铁2/9号线沿线，通勤半小时内。,倡导轻户外，周末常带家人自驾野营或山系徒步，注重生活情调与手作咖啡。,名下持有一套旧两居，置换回款 65% + 个人理财储蓄补充 + 公积金商业贷,重性价比，不盲信大牌，但要求物业管理有序、绿化修剪及时、人防技防规范。,常年本地稳定居住，工作日职住通勤动线规则单一。
上_2003_00936,上海,2003,金融精英,38,男,2.7,17.1,0.4,32.1,3,2,是,A,research,0.7,0.56,0.61,0.63,0.8,0.68,0.68,0.69,0.78,自住-首套,一室一厅,97,2163,申银万国证券分析员,二胎黄金期中大户型,陆家嘴核心区江景大平层,当前房屋属于旧多层无电梯房，父母年纪渐高每天爬楼梯极为吃力。,要求采光通透，全明户型，带多功能嵌入式收纳墙以最大化空间利用。,主要在陆家嘴/徐家汇CBD上班，首选地铁2/9号线沿线，通勤半小时内。,周末常去高端商圈消费，热衷打网球和马术，重度手冲咖啡及黑胶唱片发烧友。,夫妻双方积蓄 + 双方父母出资赞助首付 + 公积金商业组合贷款,非仁恒、绿城、万科等金牌开发商不买，极度看重高端精装质量与顶级物业的增值口碑。,常年本地稳定居住，工作日职住通勤动线规则单一。
上_2003_00937,上海,2003,教育型买房,42,女,1.8,10.6,0.4,19.8,4,1,是,B,social,1,0.4,0.51,0.4,0.62,0.77,0.43,1,0.68,学区房,两室一厅,67,1722,市第二中学地理教师,三口之家(学龄段),上海中环品质两居，车位及空间极其拥挤,小区无地下车库且人车不分流，小孩在楼下玩耍或者推婴儿车极为不安全。,讲究超高得房率（超85%），主卧套房必须配备独立步入式衣帽间与干湿分离双卫。,主要在陆家嘴/徐家汇CBD上班，首选地铁2/9号线沿线，通勤半小时内。,倡导轻户外，周末常带家人自驾野营或山系徒步，注重生活情调与手作咖啡。,名下持有一套旧两居，置换回款 65% + 个人理财储蓄补充 + 公积金商业贷,重性价比，不盲信大牌，但要求物业管理有序、绿化修剪及时、人防技防规范。,常年本地稳定居住，工作日职住通勤动线规则单一。
上_2003_00938,上海,2003,本地改善,43,女,1.2,11.9,0.45,19.9,3,1,否,B,agent,0.86,0.57,0.6,0.52,0.63,0.93,0.68,0.77,0.7,自住-改善,两室两厅,78,2215,市第二中学地理教师,三口之家(学龄段),上海中环品质两居，车位及空间极其拥挤,小区无地下车库且人车不分流，小孩在楼下玩耍或者推婴儿车极为不安全。,讲究超高得房率（超85%），主卧套房必须配备独立步入式衣帽间与干湿分离双卫。,主要在陆家嘴/徐家汇CBD上班，首选地铁2/9号线沿线，通勤半小时内。,倡导轻户外，周末常带家人自驾野营或山系徒步，注重生活情调与手作咖啡。,名下持有一套旧两居，置换回款 65% + 个人理财储蓄补充 + 公积金商业贷,非仁恒、绿城、万科等金牌开发商不买，极度看重高端精装质量与顶级物业的增值口碑。,常年本地稳定居住，工作日职住通勤动线规则单一。
上_2003_00939,上海,2003,长三角家庭,37,男,0.8,5.0,0.45,8.3,4,1,否,B,agent,1,0.65,0.57,0.39,0.34,0.74,0.3,0.78,0.68,自住-首套,一室一厅,88,584,市第二中学地理教师,三口之家(幼龄段),上海中环品质两居，车位及空间极其拥挤,小区无地下车库且人车不分流，小孩在楼下玩耍或者推婴儿车极为不安全。,讲究超高得房率（超85%），主卧套房必须配备独立步入式衣帽间与干湿分离双卫。,主要在陆家嘴/徐家汇CBD上班，首选地铁2/9号线沿线，通勤半小时内。,倡导轻户外，周末常带家人自驾野营或山系徒步，注重生活情调与手作咖啡。,夫妻双方积蓄 + 双方父母出资赞助首付 + 公积金商业组合贷款,重性价比，不盲信大牌，但要求物业管理有序、绿化修剪及时、人防技防规范。,常年本地稳定居住，工作日职住通勤动线规则单一。
上_2003_00940,上海,2003,本地改善,53,女,1.3,14.5,0.45,24.2,3,2,是,B,agent,0.82,0.47,0.82,0.54,0.65,0.91,0.68,0.73,0.56,自住-改善,两室两厅,86,1833,市第二中学地理教师,二胎黄金期中大户型,上海中环品质两居，车位及空间极其拥挤,小区无地下车库且人车不分流，小孩在楼下玩耍或者推婴儿车极为不安全。,要求有超大面宽南向双阳台（观景家政分离），主卧大飘窗能270度直面自然景观。,主要在陆家嘴/徐家汇CBD上班，首选地铁2/9号线沿线，通勤半小时内。,倡导轻户外，周末常带家人自驾野营或山系徒步，注重生活情调与手作咖啡。,名下持有一套旧两居，置换回款 65% + 个人理财储蓄补充 + 公积金商业贷,重性价比，不盲信大牌，但要求物业管理有序、绿化修剪及时、人防技防规范。,常年本地稳定居住，工作日职住通勤动线规则单一。
上_2003_00941,上海,2003,教育型买房,43,男,1.5,15.5,0.4,29.1,3,1,否,B,social,0.87,0.49,0.48,0.26,0.65,0.65,0.53,0.9,0.72,学区房,一室一厅,75,2061,市第二中学地理教师,三口之家(学龄段),上海中环品质两居，车位及空间极其拥挤,小区无地下车库且人车不分流，小孩在楼下玩耍或者推婴儿车极为不安全。,核心要求地块属于第一梯队名校学区，且周边500米内解决幼小衔接教育配套。,主要在陆家嘴/徐家汇CBD上班，首选地铁2/9号线沿线，通勤半小时内。,倡导轻户外，周末常带家人自驾野营或山系徒步，注重生活情调与手作咖啡。,名下持有一套旧两居，置换回款 65% + 个人理财储蓄补充 + 公积金商业贷,非仁恒、绿城、万科等金牌开发商不买，极度看重高端精装质量与顶级物业的增值口碑。,常年本地稳定居住，工作日职住通勤动线规则单一。
上_2003_00942,上海,2003,金融精英,46,女,1.7,12.8,0.4,24.0,3,2,是,A,research,0.37,0.43,0.61,0.6,0.62,0.56,0.77,0.71,0.77,自住-首套,两室两厅,67,3140,老牌证券公司营业部经理,二胎黄金期中大户型,西湖边高精平层,当前房屋属于旧多层无电梯房，父母年纪渐高每天爬楼梯极为吃力。,核心要求地块属于第一梯队名校学区，且周边500米内解决幼小衔接教育配套。,主要在陆家嘴/徐家汇CBD上班，首选地铁2/9号线沿线，通勤半小时内。,周末常去高端商圈消费，热衷打网球和马术，重度手冲咖啡及黑胶唱片发烧友。,夫妻双方积蓄 + 双方父母出资赞助首付 + 公积金商业组合贷款,非仁恒、绿城、万科等金牌开发商不买，极度看重高端精装质量与顶级物业的增值口碑。,常年本地稳定居住，工作日职住通勤动线规则单一。
上_2003_00943,上海,2003,金融精英,44,女,1.8,17.5,0.4,32.8,4,1,否,A,research,0.73,0.51,0.71,0.55,0.77,0.76,0.79,0.86,1,自住-首套,一室一厅,69,3509,商业银行支行信贷科长,三口之家(学龄段),市中心私密洋房住宅,无高端私密会所及管家式物业配套，圈层鱼龙混杂，高净值居住体验差。,要求有超大面宽南向双阳台（观景家政分离），主卧大飘窗能270度直面自然景观。,主要在陆家嘴/徐家汇CBD上班，首选地铁2/9号线沿线，通勤半小时内。,周末常去高端商圈消费，热衷打网球和马术，重度手冲咖啡及黑胶唱片发烧友。,夫妻双方积蓄 + 双方父母出资赞助首付 + 公积金商业组合贷款,非仁恒、绿城、万科等金牌开发商不买，极度看重高端精装质量与顶级物业的增值口碑。,常年本地稳定居住，工作日职住通勤动线规则单一。
上_2003_00944,上海,2003,金融精英,43,女,1.5,13.6,0.4,25.5,4,1,否,A,research,0.91,0.46,0.73,0.69,0.94,0.68,0.55,0.77,0.92,自住-改善,两室一厅,57,3643,申银万国证券分析员,三口之家(学龄段),市中心私密洋房住宅,无高端私密会所及管家式物业配套，圈层鱼龙混杂，高净值居住体验差。,要求有超大面宽南向双阳台（观景家政分离），主卧大飘窗能270度直面自然景观。,主要在陆家嘴/徐家汇CBD上班，首选地铁2/9号线沿线，通勤半小时内。,周末常去高端商圈消费，热衷打网球和马术，重度手冲咖啡及黑胶唱片发烧友。,名下已有企业股权套现或分红现金，一次性全款付清，基本不加杠杆,非仁恒、绿城、万科等金牌开发商不买，极度看重高端精装质量与顶级物业的增值口碑。,常年本地稳定居住，工作日职住通勤动线规则单一。
上_2003_00945,上海,2003,金融精英,46,男,3.0,29.4,0.4,55.1,4,2,否,A,research,0.6,0.5,0.67,0.6,0.7,0.79,0.66,0.9,0.73,自住-首套,两室两厅,89,3258,老牌证券公司营业部经理,二胎黄金期中大户型,陆家嘴核心区江景大平层,无高端私密会所及管家式物业配套，圈层鱼龙混杂，高净值居住体验差。,讲究超高得房率（超85%），主卧套房必须配备独立步入式衣帽间与干湿分离双卫。,主要在陆家嘴/徐家汇CBD上班，首选地铁2/9号线沿线，通勤半小时内。,周末常去高端商圈消费，热衷打网球和马术，重度手冲咖啡及黑胶唱片发烧友。,夫妻双方积蓄 + 双方父母出资赞助首付 + 公积金商业组合贷款,非仁恒、绿城、万科等金牌开发商不买，极度看重高端精装质量与顶级物业的增值口碑。,常年本地稳定居住，工作日职住通勤动线规则单一。
上_2003_00946,上海,2003,本地改善,52,女,0.8,8.2,0.45,13.7,3,1,是,B,agent,0.8,0.5,0.53,0.45,0.49,0.92,0.63,0.84,0.54,自住-改善,两室两厅,80,899,区财政局科员,三口之家(学龄段),上海中环品质两居，车位及空间极其拥挤,小区无地下车库且人车不分流，小孩在楼下玩耍或者推婴儿车极为不安全。,讲究超高得房率（超85%），主卧套房必须配备独立步入式衣帽间与干湿分离双卫。,主要在陆家嘴/徐家汇CBD上班，首选地铁2/9号线沿线，通勤半小时内。,倡导轻户外，周末常带家人自驾野营或山系徒步，注重生活情调与手作咖啡。,名下持有一套旧两居，置换回款 65% + 个人理财储蓄补充 + 公积金商业贷,重性价比，不盲信大牌，但要求物业管理有序、绿化修剪及时、人防技防规范。,常年本地稳定居住，工作日职住通勤动线规则单一。
上_2003_00947,上海,2003,教育型买房,35,女,0.8,7.4,0.4,13.9,4,1,否,B,social,0.61,0.5,0.49,0.34,0.73,0.81,0.47,0.87,0.57,学区房,两室一厅,89,1398,邮政局局长秘书,三口之家(幼龄段),上海中环品质两居，车位及空间极其拥挤,小区无地下车库且人车不分流，小孩在楼下玩耍或者推婴儿车极为不安全。,讲究超高得房率（超85%），主卧套房必须配备独立步入式衣帽间与干湿分离双卫。,主要在陆家嘴/徐家汇CBD上班，首选地铁2/9号线沿线，通勤半小时内。,倡导轻户外，周末常带家人自驾野营或山系徒步，注重生活情调与手作咖啡。,名下持有一套旧两居，置换回款 65% + 个人理财储蓄补充 + 公积金商业贷,重性价比，不盲信大牌，但要求物业管理有序、绿化修剪及时、人防技防规范。,常年本地稳定居住，工作日职住通勤动线规则单一。
上_2003_00948,上海,2003,金融精英,32,男,2.4,14.2,0.4,26.5,3,1,是,A,research,0.91,0.41,0.62,0.49,0.88,0.78,0.72,0.63,0.86,自住-首套,一室一厅,64,2184,商业银行支行信贷科长,三口之家(幼龄段),陆家嘴核心区江景大平层,当前房屋属于旧多层无电梯房，父母年纪渐高每天爬楼梯极为吃力。,讲究超高得房率（超85%），主卧套房必须配备独立步入式衣帽间与干湿分离双卫。,主要在陆家嘴/徐家汇CBD上班，首选地铁2/9号线沿线，通勤半小时内。,周末常去高端商圈消费，热衷打网球和马术，重度手冲咖啡及黑胶唱片发烧友。,夫妻双方积蓄 + 双方父母出资赞助首付 + 公积金商业组合贷款,非仁恒、绿城、万科等金牌开发商不买，极度看重高端精装质量与顶级物业的增值口碑。,常年本地稳定居住，工作日职住通勤动线规则单一。
上_2003_00949,上海,2003,教育型买房,35,男,0.9,8.8,0.4,16.5,3,0,是,B,social,1,0.33,0.36,0.39,0.58,0.68,0.57,1,0.49,学区房,两室两厅,69,1741,区财政局科员,新婚过渡两居,上海中环品质两居，车位及空间极其拥挤,当前房屋属于旧多层无电梯房，父母年纪渐高每天爬楼梯极为吃力。,核心要求地块属于第一梯队名校学区，且周边500米内解决幼小衔接教育配套。,主要在陆家嘴/徐家汇CBD上班，首选地铁2/9号线沿线，通勤半小时内。,倡导轻户外，周末常带家人自驾野营或山系徒步，注重生活情调与手作咖啡。,名下持有一套旧两居，置换回款 65% + 个人理财储蓄补充 + 公积金商业贷,重性价比，不盲信大牌，但要求物业管理有序、绿化修剪及时、人防技防规范。,常年本地稳定居住，工作日职住通勤动线规则单一。
上_2003_00950,上海,2003,外籍海归,45,女,2.1,11.6,0.4,21.7,2,2,否,A,social,1,0.48,0.54,0.41,0.89,0.67,0.73,0.78,0.77,自住-改善,两室一厅,68,2857,合资日化企业技术主管,二胎黄金期中大户型,市中心私密洋房住宅,无高端私密会所及管家式物业配套，圈层鱼龙混杂，高净值居住体验差。,核心要求地块属于第一梯队名校学区，且周边500米内解决幼小衔接教育配套。,主要在陆家嘴/徐家汇CBD上班，首选地铁2/9号线沿线，通勤半小时内。,周末常去高端商圈消费，热衷打网球和马术，重度手冲咖啡及黑胶唱片发烧友。,名下已有企业股权套现或分红现金，一次性全款付清，基本不加杠杆,非仁恒、绿城、万科等金牌开发商不买，极度看重高端精装质量与顶级物业的增值口碑。,常年本地稳定居住，工作日职住通勤动线规则单一。
上_2003_00951,上海,2003,教育型买房,32,女,1.2,8.3,0.4,15.6,2,1,否,B,social,0.87,0.46,0.3,0.4,0.74,0.72,0.56,1,0.66,学区房,一室一厅,90,967,国企车间技术主任,三口之家(幼龄段),上海中环品质两居，车位及空间极其拥挤,小区无地下车库且人车不分流，小孩在楼下玩耍或者推婴儿车极为不安全。,讲究超高得房率（超85%），主卧套房必须配备独立步入式衣帽间与干湿分离双卫。,主要在陆家嘴/徐家汇CBD上班，首选地铁2/9号线沿线，通勤半小时内。,倡导轻户外，周末常带家人自驾野营或山系徒步，注重生活情调与手作咖啡。,名下持有一套旧两居，置换回款 65% + 个人理财储蓄补充 + 公积金商业贷,重性价比，不盲信大牌，但要求物业管理有序、绿化修剪及时、人防技防规范。,常年本地稳定居住，工作日职住通勤动线规则单一。
上_2003_00952,上海,2003,本地改善,58,男,0.6,4.9,0.45,8.2,4,2,否,B,agent,0.63,0.65,0.46,0.42,0.46,0.81,0.71,0.57,0.54,自住-改善,两室两厅,58,859,区财政局科员,二胎黄金期中大户型,上海中环品质两居，车位及空间极其拥挤,小区无地下车库且人车不分流，小孩在楼下玩耍或者推婴儿车极为不安全。,讲究超高得房率（超85%），主卧套房必须配备独立步入式衣帽间与干湿分离双卫。,主要在陆家嘴/徐家汇CBD上班，首选地铁2/9号线沿线，通勤半小时内。,倡导轻户外，周末常带家人自驾野营或山系徒步，注重生活情调与手作咖啡。,名下持有一套旧两居，置换回款 65% + 个人理财储蓄补充 + 公积金商业贷,重性价比，不盲信大牌，但要求物业管理有序、绿化修剪及时、人防技防规范。,常年本地稳定居住，工作日职住通勤动线规则单一。
上_2003_00953,上海,2003,教育型买房,43,男,1.1,9.2,0.4,17.3,4,1,否,B,social,0.88,0.49,0.48,0.38,0.53,0.67,0.51,0.88,0.53,学区房,两室一厅,56,2469,邮政局局长秘书,三口之家(学龄段),上海中环品质两居，车位及空间极其拥挤,小区无地下车库且人车不分流，小孩在楼下玩耍或者推婴儿车极为不安全。,核心要求地块属于第一梯队名校学区，且周边500米内解决幼小衔接教育配套。,主要在陆家嘴/徐家汇CBD上班，首选地铁2/9号线沿线，通勤半小时内。,倡导轻户外，周末常带家人自驾野营或山系徒步，注重生活情调与手作咖啡。,名下持有一套旧两居，置换回款 65% + 个人理财储蓄补充 + 公积金商业贷,重性价比，不盲信大牌，但要求物业管理有序、绿化修剪及时、人防技防规范。,常年本地稳定居住，工作日职住通勤动线规则单一。
上_2003_00954,上海,2003,本地改善,45,男,1.3,11.1,0.45,18.4,5,3,是,B,agent,0.65,0.35,0.48,0.55,0.68,0.86,0.51,0.71,0.64,自住-改善,两室两厅,63,2280,市第二中学地理教师,二胎黄金期中大户型,上海中环品质两居，车位及空间极其拥挤,小区无地下车库且人车不分流，小孩在楼下玩耍或者推婴儿车极为不安全。,讲究超高得房率（超85%），主卧套房必须配备独立步入式衣帽间与干湿分离双卫。,主要在陆家嘴/徐家汇CBD上班，首选地铁2/9号线沿线，通勤半小时内。,倡导轻户外，周末常带家人自驾野营或山系徒步，注重生活情调与手作咖啡。,名下持有一套旧两居，置换回款 65% + 个人理财储蓄补充 + 公积金商业贷,重性价比，不盲信大牌，但要求物业管理有序、绿化修剪及时、人防技防规范。,常年本地稳定居住，工作日职住通勤动线规则单一。
上_2003_00955,上海,2003,金融精英,32,男,2.6,20.7,0.4,38.9,4,0,否,A,research,0.68,0.43,0.66,0.61,0.79,0.8,0.86,0.84,0.81,婚房,一室一厅,76,2803,老牌证券公司营业部经理,新婚过渡两居,陆家嘴核心区江景大平层,无高端私密会所及管家式物业配套，圈层鱼龙混杂，高净值居住体验差。,讲究超高得房率（超85%），主卧套房必须配备独立步入式衣帽间与干湿分离双卫。,主要在陆家嘴/徐家汇CBD上班，首选地铁2/9号线沿线，通勤半小时内。,周末常去高端商圈消费，热衷打网球和马术，重度手冲咖啡及黑胶唱片发烧友。,夫妻双方积蓄 + 双方父母出资赞助首付 + 公积金商业组合贷款,非仁恒、绿城、万科等金牌开发商不买，极度看重高端精装质量与顶级物业的增值口碑。,常年本地稳定居住，工作日职住通勤动线规则单一。
上_2003_00956,上海,2003,金融精英,46,男,3.0,20.5,0.4,38.5,3,2,是,A,research,0.67,0.45,0.55,0.6,0.76,0.73,0.69,0.8,0.79,自住-改善,两室一厅,79,2939,商业银行支行信贷科长,二胎黄金期中大户型,市中心私密洋房住宅,当前房屋属于旧多层无电梯房，父母年纪渐高每天爬楼梯极为吃力。,讲究超高得房率（超85%），主卧套房必须配备独立步入式衣帽间与干湿分离双卫。,主要在陆家嘴/徐家汇CBD上班，首选地铁2/9号线沿线，通勤半小时内。,周末常去高端商圈消费，热衷打网球和马术，重度手冲咖啡及黑胶唱片发烧友。,名下已有企业股权套现或分红现金，一次性全款付清，基本不加杠杆,非仁恒、绿城、万科等金牌开发商不买，极度看重高端精装质量与顶级物业的增值口碑。,常年本地稳定居住，工作日职住通勤动线规则单一。
上_2003_00957,上海,2003,本地改善,40,男,0.6,4.6,0.45,7.7,4,2,否,B,agent,0.92,0.6,0.53,0.54,0.5,0.95,0.64,0.65,0.5,自住-改善,两室两厅,98,397,市第二中学地理教师,二胎黄金期中大户型,上海中环品质两居，车位及空间极其拥挤,小区无地下车库且人车不分流，小孩在楼下玩耍或者推婴儿车极为不安全。,讲究超高得房率（超85%），主卧套房必须配备独立步入式衣帽间与干湿分离双卫。,主要在陆家嘴/徐家汇CBD上班，首选地铁2/9号线沿线，通勤半小时内。,倡导轻户外，周末常带家人自驾野营或山系徒步，注重生活情调与手作咖啡。,名下持有一套旧两居，置换回款 65% + 个人理财储蓄补充 + 公积金商业贷,重性价比，不盲信大牌，但要求物业管理有序、绿化修剪及时、人防技防规范。,常年本地稳定居住，工作日职住通勤动线规则单一。
上_2003_00958,上海,2003,金融精英,43,女,1.4,8.2,0.4,15.3,3,1,否,A,research,0.75,0.35,0.6,0.65,0.78,0.8,0.71,0.77,0.74,自住-首套,一室一厅,64,1863,老牌证券公司营业部经理,三口之家(学龄段),市中心私密洋房住宅,无高端私密会所及管家式物业配套，圈层鱼龙混杂，高净值居住体验差。,讲究超高得房率（超85%），主卧套房必须配备独立步入式衣帽间与干湿分离双卫。,主要在陆家嘴/徐家汇CBD上班，首选地铁2/9号线沿线，通勤半小时内。,周末常去高端商圈消费，热衷打网球和马术，重度手冲咖啡及黑胶唱片发烧友。,夫妻双方积蓄 + 双方父母出资赞助首付 + 公积金商业组合贷款,非仁恒、绿城、万科等金牌开发商不买，极度看重高端精装质量与顶级物业的增值口碑。,常年本地稳定居住，工作日职住通勤动线规则单一。
上_2003_00959,上海,2003,本地改善,46,男,1.3,11.3,0.45,18.9,4,2,否,B,agent,0.78,0.59,0.51,0.61,0.42,0.79,0.64,0.67,0.63,自住-改善,两室两厅,100,1226,区财政局科员,二胎黄金期中大户型,上海中环品质两居，车位及空间极其拥挤,小区无地下车库且人车不分流，小孩在楼下玩耍或者推婴儿车极为不安全。,讲究超高得房率（超85%），主卧套房必须配备独立步入式衣帽间与干湿分离双卫。,主要在陆家嘴/徐家汇CBD上班，首选地铁2/9号线沿线，通勤半小时内。,倡导轻户外，周末常带家人自驾野营或山系徒步，注重生活情调与手作咖啡。,名下持有一套旧两居，置换回款 65% + 个人理财储蓄补充 + 公积金商业贷,重性价比，不盲信大牌，但要求物业管理有序、绿化修剪及时、人防技防规范。,常年本地稳定居住，工作日职住通勤动线规则单一。
上_2003_00960,上海,2003,本地改善,58,男,0.7,6.4,0.45,10.7,5,2,否,B,agent,0.71,0.53,0.54,0.59,0.58,0.86,0.68,0.66,0.53,自住-改善,两室两厅,80,1151,区财政局科员,二胎黄金期中大户型,上海中环品质两居，车位及空间极其拥挤,小区无地下车库且人车不分流，小孩在楼下玩耍或者推婴儿车极为不安全。,讲究超高得房率（超85%），主卧套房必须配备独立步入式衣帽间与干湿分离双卫。,主要在陆家嘴/徐家汇CBD上班，首选地铁2/9号线沿线，通勤半小时内。,倡导轻户外，周末常带家人自驾野营或山系徒步，注重生活情调与手作咖啡。,名下持有一套旧两居，置换回款 65% + 个人理财储蓄补充 + 公积金商业贷,重性价比，不盲信大牌，但要求物业管理有序、绿化修剪及时、人防技防规范。,常年本地稳定居住，工作日职住通勤动线规则单一。
上_2003_00961,上海,2003,金融精英,45,女,3.7,25.3,0.4,47.4,3,1,是,A,research,0.61,0.53,0.69,0.61,0.75,0.82,0.73,0.91,0.85,自住-改善,两室一厅,67,3553,老牌证券公司营业部经理,三口之家(学龄段),西湖边高精平层,当前房屋属于旧多层无电梯房，父母年纪渐高每天爬楼梯极为吃力。,讲究超高得房率（超85%），主卧套房必须配备独立步入式衣帽间与干湿分离双卫。,主要在陆家嘴/徐家汇CBD上班，首选地铁2/9号线沿线，通勤半小时内。,周末常去高端商圈消费，热衷打网球和马术，重度手冲咖啡及黑胶唱片发烧友。,名下已有企业股权套现或分红现金，一次性全款付清，基本不加杠杆,非仁恒、绿城、万科等金牌开发商不买，极度看重高端精装质量与顶级物业的增值口碑。,常年本地稳定居住，工作日职住通勤动线规则单一。
上_2003_00962,上海,2003,金融精英,41,男,0.6,6.0,0.4,11.2,3,0,是,A,research,0.81,0.36,0.59,0.67,0.8,0.73,0.56,0.73,0.85,自住-改善,两室一厅,51,1426,老牌证券公司营业部经理,成熟期核心家庭,西湖边高精平层,当前房屋属于旧多层无电梯房，父母年纪渐高每天爬楼梯极为吃力。,讲究超高得房率（超85%），主卧套房必须配备独立步入式衣帽间与干湿分离双卫。,主要在陆家嘴/徐家汇CBD上班，首选地铁2/9号线沿线，通勤半小时内。,周末常去高端商圈消费，热衷打网球和马术，重度手冲咖啡及黑胶唱片发烧友。,名下已有企业股权套现或分红现金，一次性全款付清，基本不加杠杆,非仁恒、绿城、万科等金牌开发商不买，极度看重高端精装质量与顶级物业的增值口碑。,常年本地稳定居住，工作日职住通勤动线规则单一。
上_2003_00963,上海,2003,本地改善,42,男,1.0,8.9,0.45,14.8,4,2,是,B,agent,0.69,0.42,0.47,0.41,0.6,1,0.69,0.68,0.6,自住-改善,一室一厅,64,1882,邮政局局长秘书,二胎黄金期中大户型,上海中环品质两居，车位及空间极其拥挤,小区无地下车库且人车不分流，小孩在楼下玩耍或者推婴儿车极为不安全。,讲究超高得房率（超85%），主卧套房必须配备独立步入式衣帽间与干湿分离双卫。,主要在陆家嘴/徐家汇CBD上班，首选地铁2/9号线沿线，通勤半小时内。,倡导轻户外，周末常带家人自驾野营或山系徒步，注重生活情调与手作咖啡。,名下持有一套旧两居，置换回款 65% + 个人理财储蓄补充 + 公积金商业贷,重性价比，不盲信大牌，但要求物业管理有序、绿化修剪及时、人防技防规范。,常年本地稳定居住，工作日职住通勤动线规则单一。
上_2003_00964,上海,2003,长三角家庭,43,女,1.5,9.3,0.45,15.5,4,2,是,B,agent,0.82,0.52,0.61,0.41,0.52,0.75,0.35,0.73,0.65,自住-改善,两室两厅,55,2185,市第二中学地理教师,二胎黄金期中大户型,上海中环品质两居，车位及空间极其拥挤,小区无地下车库且人车不分流，小孩在楼下玩耍或者推婴儿车极为不安全。,讲究超高得房率（超85%），主卧套房必须配备独立步入式衣帽间与干湿分离双卫。,主要在陆家嘴/徐家汇CBD上班，首选地铁2/9号线沿线，通勤半小时内。,倡导轻户外，周末常带家人自驾野营或山系徒步，注重生活情调与手作咖啡。,名下持有一套旧两居，置换回款 65% + 个人理财储蓄补充 + 公积金商业贷,重性价比，不盲信大牌，但要求物业管理有序、绿化修剪及时、人防技防规范。,常年本地稳定居住，工作日职住通勤动线规则单一。
上_2003_00965,上海,2003,本地改善,50,女,1.1,7.9,0.45,13.2,4,3,否,B,agent,0.55,0.41,0.66,0.63,0.49,0.72,0.68,0.66,0.61,自住-改善,一室一厅,83,1033,国企车间技术主任,二胎黄金期中大户型,上海中环品质两居，车位及空间极其拥挤,小区无地下车库且人车不分流，小孩在楼下玩耍或者推婴儿车极为不安全。,讲究超高得房率（超85%），主卧套房必须配备独立步入式衣帽间与干湿分离双卫。,主要在陆家嘴/徐家汇CBD上班，首选地铁2/9号线沿线，通勤半小时内。,倡导轻户外，周末常带家人自驾野营或山系徒步，注重生活情调与手作咖啡。,名下持有一套旧两居，置换回款 65% + 个人理财储蓄补充 + 公积金商业贷,重性价比，不盲信大牌，但要求物业管理有序、绿化修剪及时、人防技防规范。,常年本地稳定居住，工作日职住通勤动线规则单一。
上_2003_00966,上海,2003,本地改善,50,男,0.9,9.6,0.45,16.0,5,2,否,B,agent,0.78,0.42,0.59,0.58,0.59,1.0,0.75,0.76,0.57,自住-改善,两室两厅,84,1146,国企车间技术主任,二胎黄金期中大户型,上海中环品质两居，车位及空间极其拥挤,小区无地下车库且人车不分流，小孩在楼下玩耍或者推婴儿车极为不安全。,讲究超高得房率（超85%），主卧套房必须配备独立步入式衣帽间与干湿分离双卫。,主要在陆家嘴/徐家汇CBD上班，首选地铁2/9号线沿线，通勤半小时内。,倡导轻户外，周末常带家人自驾野营或山系徒步，注重生活情调与手作咖啡。,名下持有一套旧两居，置换回款 65% + 个人理财储蓄补充 + 公积金商业贷,重性价比，不盲信大牌，但要求物业管理有序、绿化修剪及时、人防技防规范。,常年本地稳定居住，工作日职住通勤动线规则单一。
上_2003_00967,上海,2003,本地改善,40,男,1.7,20.4,0.45,34.0,4,2,是,B,agent,0.79,0.54,0.6,0.58,0.44,0.93,0.53,0.64,0.64,自住-改善,两室一厅,74,2591,邮政局局长秘书,二胎黄金期中大户型,上海中环品质两居，车位及空间极其拥挤,小区无地下车库且人车不分流，小孩在楼下玩耍或者推婴儿车极为不安全。,讲究超高得房率（超85%），主卧套房必须配备独立步入式衣帽间与干湿分离双卫。,主要在陆家嘴/徐家汇CBD上班，首选地铁2/9号线沿线，通勤半小时内。,倡导轻户外，周末常带家人自驾野营或山系徒步，注重生活情调与手作咖啡。,名下持有一套旧两居，置换回款 65% + 个人理财储蓄补充 + 公积金商业贷,重性价比，不盲信大牌，但要求物业管理有序、绿化修剪及时、人防技防规范。,常年本地稳定居住，工作日职住通勤动线规则单一。
上_2003_00968,上海,2003,本地改善,48,女,0.5,6.1,0.45,10.2,4,2,否,B,agent,0.54,0.58,0.54,0.6,0.58,0.72,0.55,0.85,0.65,自住-改善,两室两厅,99,876,市第二中学地理教师,二胎黄金期中大户型,上海中环品质两居，车位及空间极其拥挤,小区无地下车库且人车不分流，小孩在楼下玩耍或者推婴儿车极为不安全。,讲究超高得房率（超85%），主卧套房必须配备独立步入式衣帽间与干湿分离双卫。,主要在陆家嘴/徐家汇CBD上班，首选地铁2/9号线沿线，通勤半小时内。,倡导轻户外，周末常带家人自驾野营或山系徒步，注重生活情调与手作咖啡。,名下持有一套旧两居，置换回款 65% + 个人理财储蓄补充 + 公积金商业贷,重性价比，不盲信大牌，但要求物业管理有序、绿化修剪及时、人防技防规范。,常年本地稳定居住，工作日职住通勤动线规则单一。
上_2003_00969,上海,2003,教育型买房,33,男,0.9,6.3,0.4,11.8,3,1,是,B,social,0.79,0.62,0.38,0.34,0.66,0.77,0.65,1,0.61,学区房,两室两厅,90,1060,市第二中学地理教师,三口之家(幼龄段),上海中环品质两居，车位及空间极其拥挤,小区无地下车库且人车不分流，小孩在楼下玩耍或者推婴儿车极为不安全。,讲究超高得房率（超85%），主卧套房必须配备独立步入式衣帽间与干湿分离双卫。,主要在陆家嘴/徐家汇CBD上班，首选地铁2/9号线沿线，通勤半小时内。,倡导轻户外，周末常带家人自驾野营或山系徒步，注重生活情调与手作咖啡。,名下持有一套旧两居，置换回款 65% + 个人理财储蓄补充 + 公积金商业贷,重性价比，不盲信大牌，但要求物业管理有序、绿化修剪及时、人防技防规范。,常年本地稳定居住，工作日职住通勤动线规则单一。
上_2003_00970,上海,2003,金融精英,47,女,2.9,19.8,0.4,37.2,3,0,否,A,research,0.7,0.53,0.66,0.44,0.89,0.83,0.69,0.83,0.82,自住-改善,两室两厅,73,3340,商业银行支行信贷科长,成熟期核心家庭,陆家嘴核心区江景大平层,无高端私密会所及管家式物业配套，圈层鱼龙混杂，高净值居住体验差。,讲究超高得房率（超85%），主卧套房必须配备独立步入式衣帽间与干湿分离双卫。,主要在陆家嘴/徐家汇CBD上班，首选地铁2/9号线沿线，通勤半小时内。,周末常去高端商圈消费，热衷打网球和马术，重度手冲咖啡及黑胶唱片发烧友。,名下已有企业股权套现或分红现金，一次性全款付清，基本不加杠杆,非仁恒、绿城、万科等金牌开发商不买，极度看重高端精装质量与顶级物业的增值口碑。,常年本地稳定居住，工作日职住通勤动线规则单一。
上_2003_00971,上海,2003,长三角家庭,40,女,1.4,7.5,0.45,12.5,4,2,是,B,agent,0.86,0.46,0.65,0.53,0.47,0.67,0.48,0.67,0.58,自住-改善,两室一厅,96,800,市第二中学地理教师,二胎黄金期中大户型,上海中环品质两居，车位及空间极其拥挤,小区无地下车库且人车不分流，小孩在楼下玩耍或者推婴儿车极为不安全。,要求采光通透，全明户型，带多功能嵌入式收纳墙以最大化空间利用。,主要在陆家嘴/徐家汇CBD上班，首选地铁2/9号线沿线，通勤半小时内。,倡导轻户外，周末常带家人自驾野营或山系徒步，注重生活情调与手作咖啡。,名下持有一套旧两居，置换回款 65% + 个人理财储蓄补充 + 公积金商业贷,重性价比，不盲信大牌，但要求物业管理有序、绿化修剪及时、人防技防规范。,常年本地稳定居住，工作日职住通勤动线规则单一。
上_2003_00972,上海,2003,本地改善,55,女,1.1,10.7,0.45,17.9,5,2,是,B,agent,0.73,0.39,0.61,0.6,0.5,0.97,0.51,0.65,0.68,自住-改善,两室两厅,61,1790,邮政局局长秘书,二胎黄金期中大户型,上海中环品质两居，车位及空间极其拥挤,小区无地下车库且人车不分流，小孩在楼下玩耍或者推婴儿车极为不安全。,讲究超高得房率（超85%），主卧套房必须配备独立步入式衣帽间与干湿分离双卫。,主要在陆家嘴/徐家汇CBD上班，首选地铁2/9号线沿线，通勤半小时内。,倡导轻户外，周末常带家人自驾野营或山系徒步，注重生活情调与手作咖啡。,名下持有一套旧两居，置换回款 65% + 个人理财储蓄补充 + 公积金商业贷,重性价比，不盲信大牌，但要求物业管理有序、绿化修剪及时、人防技防规范。,常年本地稳定居住，工作日职住通勤动线规则单一。
上_2003_00973,上海,2003,长三角家庭,43,女,0.8,4.9,0.45,8.2,4,1,否,B,agent,0.62,0.55,0.56,0.57,0.56,0.76,0.44,0.79,0.74,自住-首套,一室一厅,70,1038,邮政局局长秘书,三口之家(学龄段),上海中环品质两居，车位及空间极其拥挤,小区无地下车库且人车不分流，小孩在楼下玩耍或者推婴儿车极为不安全。,讲究超高得房率（超85%），主卧套房必须配备独立步入式衣帽间与干湿分离双卫。,主要在陆家嘴/徐家汇CBD上班，首选地铁2/9号线沿线，通勤半小时内。,倡导轻户外，周末常带家人自驾野营或山系徒步，注重生活情调与手作咖啡。,夫妻双方积蓄 + 双方父母出资赞助首付 + 公积金商业组合贷款,非仁恒、绿城、万科等金牌开发商不买，极度看重高端精装质量与顶级物业的增值口碑。,常年本地稳定居住，工作日职住通勤动线规则单一。
上_2003_00974,上海,2003,教育型买房,36,男,0.8,4.8,0.4,9.0,2,1,否,B,social,0.72,0.46,0.36,0.57,0.63,0.53,0.51,0.98,0.55,学区房,两室一厅,77,621,市第二中学地理教师,三口之家(幼龄段),上海中环品质两居，车位及空间极其拥挤,小区无地下车库且人车不分流，小孩在楼下玩耍或者推婴儿车极为不安全。,核心要求地块属于第一梯队名校学区，且周边500米内解决幼小衔接教育配套。,主要在陆家嘴/徐家汇CBD上班，首选地铁2/9号线沿线，通勤半小时内。,倡导轻户外，周末常带家人自驾野营或山系徒步，注重生活情调与手作咖啡。,名下持有一套旧两居，置换回款 65% + 个人理财储蓄补充 + 公积金商业贷,重性价比，不盲信大牌，但要求物业管理有序、绿化修剪及时、人防技防规范。,常年本地稳定居住，工作日职住通勤动线规则单一。
上_2003_00975,上海,2003,本地改善,47,男,0.7,7.5,0.45,12.4,5,2,否,B,agent,0.89,0.58,0.58,0.46,0.47,0.9,0.54,0.81,0.5,自住-改善,两室两厅,94,942,国企车间技术主任,二胎黄金期中大户型,上海中环品质两居，车位及空间极其拥挤,小区无地下车库且人车不分流，小孩在楼下玩耍或者推婴儿车极为不安全。,讲究超高得房率（超85%），主卧套房必须配备独立步入式衣帽间与干湿分离双卫。,主要在陆家嘴/徐家汇CBD上班，首选地铁2/9号线沿线，通勤半小时内。,倡导轻户外，周末常带家人自驾野营或山系徒步，注重生活情调与手作咖啡。,名下持有一套旧两居，置换回款 65% + 个人理财储蓄补充 + 公积金商业贷,重性价比，不盲信大牌，但要求物业管理有序、绿化修剪及时、人防技防规范。,常年本地稳定居住，工作日职住通勤动线规则单一。
上_2003_00976,上海,2003,金融精英,43,男,4.6,33.9,0.4,63.6,3,1,否,A,research,0.67,0.39,0.75,0.63,0.69,0.71,0.78,0.72,0.67,自住-首套,两室两厅,76,6875,老牌证券公司营业部经理,三口之家(学龄段),市中心私密洋房住宅,无高端私密会所及管家式物业配套，圈层鱼龙混杂，高净值居住体验差。,要求有超大面宽南向双阳台（观景家政分离），主卧大飘窗能270度直面自然景观。,主要在陆家嘴/徐家汇CBD上班，首选地铁2/9号线沿线，通勤半小时内。,周末常去高端商圈消费，热衷打网球和马术，重度手冲咖啡及黑胶唱片发烧友。,夫妻双方积蓄 + 双方父母出资赞助首付 + 公积金商业组合贷款,重性价比，不盲信大牌，但要求物业管理有序、绿化修剪及时、人防技防规范。,常年本地稳定居住，工作日职住通勤动线规则单一。
上_2003_00977,上海,2003,长三角家庭,36,女,1.2,5.8,0.45,9.7,3,2,否,B,agent,0.84,0.36,0.53,0.45,0.48,0.77,0.54,0.69,0.55,自住-改善,一室一厅,95,739,市第二中学地理教师,二胎黄金期中大户型,上海中环品质两居，车位及空间极其拥挤,小区无地下车库且人车不分流，小孩在楼下玩耍或者推婴儿车极为不安全。,讲究超高得房率（超85%），主卧套房必须配备独立步入式衣帽间与干湿分离双卫。,主要在陆家嘴/徐家汇CBD上班，首选地铁2/9号线沿线，通勤半小时内。,倡导轻户外，周末常带家人自驾野营或山系徒步，注重生活情调与手作咖啡。,名下持有一套旧两居，置换回款 65% + 个人理财储蓄补充 + 公积金商业贷,重性价比，不盲信大牌，但要求物业管理有序、绿化修剪及时、人防技防规范。,常年本地稳定居住，工作日职住通勤动线规则单一。
上_2003_00978,上海,2003,长三角家庭,49,男,0.8,6.4,0.45,10.6,4,1,否,B,agent,0.65,0.44,0.59,0.42,0.44,0.71,0.32,0.75,0.58,自住-首套,一室一厅,93,829,区财政局科员,三口之家(学龄段),上海中环品质两居，车位及空间极其拥挤,小区无地下车库且人车不分流，小孩在楼下玩耍或者推婴儿车极为不安全。,讲究超高得房率（超85%），主卧套房必须配备独立步入式衣帽间与干湿分离双卫。,主要在陆家嘴/徐家汇CBD上班，首选地铁2/9号线沿线，通勤半小时内。,倡导轻户外，周末常带家人自驾野营或山系徒步，注重生活情调与手作咖啡。,夫妻双方积蓄 + 双方父母出资赞助首付 + 公积金商业组合贷款,重性价比，不盲信大牌，但要求物业管理有序、绿化修剪及时、人防技防规范。,常年本地稳定居住，工作日职住通勤动线规则单一。
上_2003_00979,上海,2003,教育型买房,42,女,0.6,4.7,0.4,8.9,3,1,否,B,social,1,0.44,0.32,0.45,0.58,0.72,0.6,0.99,0.57,学区房,两室一厅,63,1193,国企车间技术主任,三口之家(学龄段),上海中环品质两居，车位及空间极其拥挤,小区无地下车库且人车不分流，小孩在楼下玩耍或者推婴儿车极为不安全。,讲究超高得房率（超85%），主卧套房必须配备独立步入式衣帽间与干湿分离双卫。,主要在陆家嘴/徐家汇CBD上班，首选地铁2/9号线沿线，通勤半小时内。,倡导轻户外，周末常带家人自驾野营或山系徒步，注重生活情调与手作咖啡。,名下持有一套旧两居，置换回款 65% + 个人理财储蓄补充 + 公积金商业贷,重性价比，不盲信大牌，但要求物业管理有序、绿化修剪及时、人防技防规范。,常年本地稳定居住，工作日职住通勤动线规则单一。
上_2003_00980,上海,2003,金融精英,48,男,1.8,10.9,0.4,20.5,3,1,否,A,research,0.57,0.41,0.64,0.57,0.66,0.83,0.69,0.84,0.69,自住-改善,两室两厅,67,1841,申银万国证券分析员,三口之家(学龄段),市中心私密洋房住宅,无高端私密会所及管家式物业配套，圈层鱼龙混杂，高净值居住体验差。,讲究超高得房率（超85%），主卧套房必须配备独立步入式衣帽间与干湿分离双卫。,主要在陆家嘴/徐家汇CBD上班，首选地铁2/9号线沿线，通勤半小时内。,周末常去高端商圈消费，热衷打网球和马术，重度手冲咖啡及黑胶唱片发烧友。,名下已有企业股权套现或分红现金，一次性全款付清，基本不加杠杆,重性价比，不盲信大牌，但要求物业管理有序、绿化修剪及时、人防技防规范。,常年本地稳定居住，工作日职住通勤动线规则单一。
上_2003_00981,上海,2003,教育型买房,32,男,0.8,8.0,0.4,15.0,3,1,否,B,social,0.56,0.55,0.46,0.44,0.58,0.6,0.67,1,0.57,学区房,一室一厅,51,2080,邮政局局长秘书,三口之家(幼龄段),上海中环品质两居，车位及空间极其拥挤,小区无地下车库且人车不分流，小孩在楼下玩耍或者推婴儿车极为不安全。,核心要求地块属于第一梯队名校学区，且周边500米内解决幼小衔接教育配套。,主要在陆家嘴/徐家汇CBD上班，首选地铁2/9号线沿线，通勤半小时内。,倡导轻户外，周末常带家人自驾野营或山系徒步，注重生活情调与手作咖啡。,名下持有一套旧两居，置换回款 65% + 个人理财储蓄补充 + 公积金商业贷,重性价比，不盲信大牌，但要求物业管理有序、绿化修剪及时、人防技防规范。,常年本地稳定居住，工作日职住通勤动线规则单一。
上_2003_00982,上海,2003,本地改善,40,男,0.7,6.2,0.45,10.4,5,2,是,B,agent,0.84,0.49,0.68,0.36,0.48,0.95,0.5,0.74,0.7,自住-改善,两室两厅,62,979,市第二中学地理教师,二胎黄金期中大户型,上海中环品质两居，车位及空间极其拥挤,小区无地下车库且人车不分流，小孩在楼下玩耍或者推婴儿车极为不安全。,讲究超高得房率（超85%），主卧套房必须配备独立步入式衣帽间与干湿分离双卫。,主要在陆家嘴/徐家汇CBD上班，首选地铁2/9号线沿线，通勤半小时内。,倡导轻户外，周末常带家人自驾野营或山系徒步，注重生活情调与手作咖啡。,名下持有一套旧两居，置换回款 65% + 个人理财储蓄补充 + 公积金商业贷,非仁恒、绿城、万科等金牌开发商不买，极度看重高端精装质量与顶级物业的增值口碑。,常年本地稳定居住，工作日职住通勤动线规则单一。
上_2003_00983,上海,2003,金融精英,36,男,2.7,17.4,0.4,32.5,3,1,是,A,research,0.69,0.5,0.69,0.75,0.82,0.84,0.8,0.68,0.81,自住-首套,一室一厅,54,3949,申银万国证券分析员,三口之家(幼龄段),陆家嘴核心区江景大平层,当前房屋属于旧多层无电梯房，父母年纪渐高每天爬楼梯极为吃力。,要求独立电梯入户，主次卧动线分明，配备独立保姆房和私密后院。,主要在陆家嘴/徐家汇CBD上班，首选地铁2/9号线沿线，通勤半小时内。,周末常去高端商圈消费，热衷打网球和马术，重度手冲咖啡及黑胶唱片发烧友。,夫妻双方积蓄 + 双方父母出资赞助首付 + 公积金商业组合贷款,非仁恒、绿城、万科等金牌开发商不买，极度看重高端精装质量与顶级物业的增值口碑。,常年本地稳定居住，工作日职住通勤动线规则单一。
上_2003_00984,上海,2003,长三角家庭,36,女,1.5,13.0,0.45,21.6,5,3,否,B,agent,0.78,0.66,0.47,0.48,0.5,0.77,0.43,0.78,0.57,自住-首套,一室一厅,97,1143,区财政局科员,二胎黄金期中大户型,上海中环品质两居，车位及空间极其拥挤,小区无地下车库且人车不分流，小孩在楼下玩耍或者推婴儿车极为不安全。,讲究超高得房率（超85%），主卧套房必须配备独立步入式衣帽间与干湿分离双卫。,主要在陆家嘴/徐家汇CBD上班，首选地铁2/9号线沿线，通勤半小时内。,倡导轻户外，周末常带家人自驾野营或山系徒步，注重生活情调与手作咖啡。,夫妻双方积蓄 + 双方父母出资赞助首付 + 公积金商业组合贷款,重性价比，不盲信大牌，但要求物业管理有序、绿化修剪及时、人防技防规范。,常年本地稳定居住，工作日职住通勤动线规则单一。
上_2003_00985,上海,2003,金融精英,44,女,2.6,20.5,0.4,38.5,3,1,否,A,research,0.69,0.53,0.62,0.65,0.7,0.83,0.66,0.89,0.68,自住-改善,一室一厅,88,3358,老牌证券公司营业部经理,三口之家(学龄段),西湖边高精平层,无高端私密会所及管家式物业配套，圈层鱼龙混杂，高净值居住体验差。,讲究超高得房率（超85%），主卧套房必须配备独立步入式衣帽间与干湿分离双卫。,主要在陆家嘴/徐家汇CBD上班，首选地铁2/9号线沿线，通勤半小时内。,周末常去高端商圈消费，热衷打网球和马术，重度手冲咖啡及黑胶唱片发烧友。,名下已有企业股权套现或分红现金，一次性全款付清，基本不加杠杆,重性价比，不盲信大牌，但要求物业管理有序、绿化修剪及时、人防技防规范。,常年本地稳定居住，工作日职住通勤动线规则单一。
上_2003_00986,上海,2003,金融精英,43,男,1.0,6.7,0.4,12.6,3,1,否,A,research,0.65,0.47,0.79,0.59,0.9,0.89,0.7,0.74,0.91,自住-改善,两室一厅,57,1319,老牌证券公司营业部经理,三口之家(学龄段),西湖边高精平层,无高端私密会所及管家式物业配套，圈层鱼龙混杂，高净值居住体验差。,要求有超大面宽南向双阳台（观景家政分离），主卧大飘窗能270度直面自然景观。,主要在陆家嘴/徐家汇CBD上班，首选地铁2/9号线沿线，通勤半小时内。,周末常去高端商圈消费，热衷打网球和马术，重度手冲咖啡及黑胶唱片发烧友。,名下已有企业股权套现或分红现金，一次性全款付清，基本不加杠杆,非仁恒、绿城、万科等金牌开发商不买，极度看重高端精装质量与顶级物业的增值口碑。,常年本地稳定居住，工作日职住通勤动线规则单一。
上_2003_00987,上海,2003,本地改善,57,女,1.3,15.3,0.45,25.5,6,3,是,B,agent,0.95,0.46,0.61,0.5,0.69,0.9,0.46,0.88,0.68,自住-改善,两室两厅,58,3656,邮政局局长秘书,二胎黄金期中大户型,上海中环品质两居，车位及空间极其拥挤,小区无地下车库且人车不分流，小孩在楼下玩耍或者推婴儿车极为不安全。,讲究超高得房率（超85%），主卧套房必须配备独立步入式衣帽间与干湿分离双卫。,主要在陆家嘴/徐家汇CBD上班，首选地铁2/9号线沿线，通勤半小时内。,倡导轻户外，周末常带家人自驾野营或山系徒步，注重生活情调与手作咖啡。,名下持有一套旧两居，置换回款 65% + 个人理财储蓄补充 + 公积金商业贷,重性价比，不盲信大牌，但要求物业管理有序、绿化修剪及时、人防技防规范。,常年本地稳定居住，工作日职住通勤动线规则单一。
上_2003_00988,上海,2003,本地改善,54,女,0.9,10.5,0.45,17.6,5,2,否,B,agent,0.53,0.62,0.52,0.66,0.67,0.85,0.52,0.71,0.6,自住-改善,两室两厅,56,2644,区财政局科员,二胎黄金期中大户型,上海中环品质两居，车位及空间极其拥挤,小区无地下车库且人车不分流，小孩在楼下玩耍或者推婴儿车极为不安全。,讲究超高得房率（超85%），主卧套房必须配备独立步入式衣帽间与干湿分离双卫。,主要在陆家嘴/徐家汇CBD上班，首选地铁2/9号线沿线，通勤半小时内。,倡导轻户外，周末常带家人自驾野营或山系徒步，注重生活情调与手作咖啡。,名下持有一套旧两居，置换回款 65% + 个人理财储蓄补充 + 公积金商业贷,重性价比，不盲信大牌，但要求物业管理有序、绿化修剪及时、人防技防规范。,常年本地稳定居住，工作日职住通勤动线规则单一。
上_2003_00989,上海,2003,本地改善,47,女,1.4,16.3,0.45,27.1,5,2,否,B,agent,0.94,0.47,0.49,0.47,0.44,0.88,0.6,0.72,0.66,自住-改善,一室一厅,89,2479,区财政局科员,二胎黄金期中大户型,上海中环品质两居，车位及空间极其拥挤,小区无地下车库且人车不分流，小孩在楼下玩耍或者推婴儿车极为不安全。,讲究超高得房率（超85%），主卧套房必须配备独立步入式衣帽间与干湿分离双卫。,主要在陆家嘴/徐家汇CBD上班，首选地铁2/9号线沿线，通勤半小时内。,倡导轻户外，周末常带家人自驾野营或山系徒步，注重生活情调与手作咖啡。,名下持有一套旧两居，置换回款 65% + 个人理财储蓄补充 + 公积金商业贷,重性价比，不盲信大牌，但要求物业管理有序、绿化修剪及时、人防技防规范。,常年本地稳定居住，工作日职住通勤动线规则单一。
上_2003_00990,上海,2003,教育型买房,48,女,1.4,9.9,0.4,18.6,4,1,否,B,social,0.69,0.37,0.51,0.42,0.66,0.73,0.45,0.99,0.68,学区房,两室一厅,85,1916,国企车间技术主任,三口之家(学龄段),上海中环品质两居，车位及空间极其拥挤,小区无地下车库且人车不分流，小孩在楼下玩耍或者推婴儿车极为不安全。,讲究超高得房率（超85%），主卧套房必须配备独立步入式衣帽间与干湿分离双卫。,主要在陆家嘴/徐家汇CBD上班，首选地铁2/9号线沿线，通勤半小时内。,倡导轻户外，周末常带家人自驾野营或山系徒步，注重生活情调与手作咖啡。,名下持有一套旧两居，置换回款 65% + 个人理财储蓄补充 + 公积金商业贷,重性价比，不盲信大牌，但要求物业管理有序、绿化修剪及时、人防技防规范。,常年本地稳定居住，工作日职住通勤动线规则单一。
上_2003_00991,上海,2003,长三角家庭,45,男,1.8,9.0,0.45,14.9,4,2,是,B,agent,0.52,0.5,0.51,0.48,0.4,0.85,0.54,0.79,0.73,自住-改善,两室两厅,72,1758,市第二中学地理教师,二胎黄金期中大户型,上海中环品质两居，车位及空间极其拥挤,小区无地下车库且人车不分流，小孩在楼下玩耍或者推婴儿车极为不安全。,讲究超高得房率（超85%），主卧套房必须配备独立步入式衣帽间与干湿分离双卫。,主要在陆家嘴/徐家汇CBD上班，首选地铁2/9号线沿线，通勤半小时内。,倡导轻户外，周末常带家人自驾野营或山系徒步，注重生活情调与手作咖啡。,名下持有一套旧两居，置换回款 65% + 个人理财储蓄补充 + 公积金商业贷,非仁恒、绿城、万科等金牌开发商不买，极度看重高端精装质量与顶级物业的增值口碑。,常年本地稳定居住，工作日职住通勤动线规则单一。
上_2003_00992,上海,2003,金融精英,42,女,2.9,26.8,0.4,50.3,4,1,否,A,research,0.82,0.47,0.64,0.46,0.77,0.69,0.64,0.72,0.68,自住-改善,一室一厅,70,5301,老牌证券公司营业部经理,三口之家(学龄段),市中心私密洋房住宅,无高端私密会所及管家式物业配套，圈层鱼龙混杂，高净值居住体验差。,核心要求地块属于第一梯队名校学区，且周边500米内解决幼小衔接教育配套。,主要在陆家嘴/徐家汇CBD上班，首选地铁2/9号线沿线，通勤半小时内。,周末常去高端商圈消费，热衷打网球和马术，重度手冲咖啡及黑胶唱片发烧友。,名下已有企业股权套现或分红现金，一次性全款付清，基本不加杠杆,重性价比，不盲信大牌，但要求物业管理有序、绿化修剪及时、人防技防规范。,常年本地稳定居住，工作日职住通勤动线规则单一。
上_2003_00993,上海,2003,长三角家庭,48,男,0.8,7.1,0.45,11.8,5,3,是,B,agent,0.71,0.72,0.53,0.54,0.48,0.91,0.4,0.64,0.54,自住-改善,两室两厅,80,846,市第二中学地理教师,二胎黄金期中大户型,上海中环品质两居，车位及空间极其拥挤,小区无地下车库且人车不分流，小孩在楼下玩耍或者推婴儿车极为不安全。,讲究超高得房率（超85%），主卧套房必须配备独立步入式衣帽间与干湿分离双卫。,主要在陆家嘴/徐家汇CBD上班，首选地铁2/9号线沿线，通勤半小时内。,倡导轻户外，周末常带家人自驾野营或山系徒步，注重生活情调与手作咖啡。,名下持有一套旧两居，置换回款 65% + 个人理财储蓄补充 + 公积金商业贷,重性价比，不盲信大牌，但要求物业管理有序、绿化修剪及时、人防技防规范。,常年本地稳定居住，工作日职住通勤动线规则单一。
上_2003_00994,上海,2003,金融精英,45,女,1.8,10.5,0.4,19.7,4,1,是,A,research,0.98,0.36,0.63,0.57,0.64,0.7,0.81,0.89,0.88,自住-首套,两室一厅,87,1298,老牌证券公司营业部经理,三口之家(学龄段),陆家嘴核心区江景大平层,当前房屋属于旧多层无电梯房，父母年纪渐高每天爬楼梯极为吃力。,讲究超高得房率（超85%），主卧套房必须配备独立步入式衣帽间与干湿分离双卫。,主要在陆家嘴/徐家汇CBD上班，首选地铁2/9号线沿线，通勤半小时内。,周末常去高端商圈消费，热衷打网球和马术，重度手冲咖啡及黑胶唱片发烧友。,夫妻双方积蓄 + 双方父母出资赞助首付 + 公积金商业组合贷款,非仁恒、绿城、万科等金牌开发商不买，极度看重高端精装质量与顶级物业的增值口碑。,常年本地稳定居住，工作日职住通勤动线规则单一。
上_2003_00995,上海,2003,教育型买房,33,女,1.9,16.4,0.4,30.7,3,1,否,B,social,0.7,0.4,0.45,0.32,0.71,0.68,0.59,1,0.52,学区房,两室一厅,93,2536,国企车间技术主任,三口之家(幼龄段),上海中环品质两居，车位及空间极其拥挤,小区无地下车库且人车不分流，小孩在楼下玩耍或者推婴儿车极为不安全。,核心要求地块属于第一梯队名校学区，且周边500米内解决幼小衔接教育配套。,主要在陆家嘴/徐家汇CBD上班，首选地铁2/9号线沿线，通勤半小时内。,倡导轻户外，周末常带家人自驾野营或山系徒步，注重生活情调与手作咖啡。,名下持有一套旧两居，置换回款 65% + 个人理财储蓄补充 + 公积金商业贷,重性价比，不盲信大牌，但要求物业管理有序、绿化修剪及时、人防技防规范。,常年本地稳定居住，工作日职住通勤动线规则单一。
上_2003_00996,上海,2003,本地改善,39,男,1.6,11.8,0.45,19.7,3,2,是,B,agent,0.61,0.44,0.62,0.55,0.51,0.89,0.53,0.76,0.6,自住-改善,两室两厅,66,1571,区财政局科员,二胎黄金期中大户型,上海中环品质两居，车位及空间极其拥挤,小区无地下车库且人车不分流，小孩在楼下玩耍或者推婴儿车极为不安全。,讲究超高得房率（超85%），主卧套房必须配备独立步入式衣帽间与干湿分离双卫。,主要在陆家嘴/徐家汇CBD上班，首选地铁2/9号线沿线，通勤半小时内。,倡导轻户外，周末常带家人自驾野营或山系徒步，注重生活情调与手作咖啡。,名下持有一套旧两居，置换回款 65% + 个人理财储蓄补充 + 公积金商业贷,重性价比，不盲信大牌，但要求物业管理有序、绿化修剪及时、人防技防规范。,常年本地稳定居住，工作日职住通勤动线规则单一。
上_2003_00997,上海,2003,本地改善,44,男,1.7,19.0,0.45,31.6,4,1,是,B,agent,0.69,0.41,0.64,0.58,0.58,1,0.66,0.71,0.59,自住-改善,两室一厅,100,2402,区财政局科员,三口之家(学龄段),上海中环品质两居，车位及空间极其拥挤,小区无地下车库且人车不分流，小孩在楼下玩耍或者推婴儿车极为不安全。,讲究超高得房率（超85%），主卧套房必须配备独立步入式衣帽间与干湿分离双卫。,主要在陆家嘴/徐家汇CBD上班，首选地铁2/9号线沿线，通勤半小时内。,倡导轻户外，周末常带家人自驾野营或山系徒步，注重生活情调与手作咖啡。,名下持有一套旧两居，置换回款 65% + 个人理财储蓄补充 + 公积金商业贷,重性价比，不盲信大牌，但要求物业管理有序、绿化修剪及时、人防技防规范。,常年本地稳定居住，工作日职住通勤动线规则单一。
上_2003_00998,上海,2003,教育型买房,39,女,1.9,12.1,0.4,22.8,3,1,否,B,social,0.5,0.55,0.43,0.44,0.61,0.83,0.49,0.87,0.58,学区房,两室一厅,74,1675,国企车间技术主任,三口之家(学龄段),上海中环品质两居，车位及空间极其拥挤,小区无地下车库且人车不分流，小孩在楼下玩耍或者推婴儿车极为不安全。,讲究超高得房率（超85%），主卧套房必须配备独立步入式衣帽间与干湿分离双卫。,主要在陆家嘴/徐家汇CBD上班，首选地铁2/9号线沿线，通勤半小时内。,倡导轻户外，周末常带家人自驾野营或山系徒步，注重生活情调与手作咖啡。,名下持有一套旧两居，置换回款 65% + 个人理财储蓄补充 + 公积金商业贷,重性价比，不盲信大牌，但要求物业管理有序、绿化修剪及时、人防技防规范。,常年本地稳定居住，工作日职住通勤动线规则单一。
上_2003_00999,上海,2003,本地改善,50,女,1.4,15.1,0.45,25.2,4,2,否,B,agent,0.95,0.62,0.51,0.52,0.65,0.97,0.58,0.71,0.71,自住-改善,两室一厅,56,2869,市第二中学地理教师,二胎黄金期中大户型,上海中环品质两居，车位及空间极其拥挤,小区无地下车库且人车不分流，小孩在楼下玩耍或者推婴儿车极为不安全。,讲究超高得房率（超85%），主卧套房必须配备独立步入式衣帽间与干湿分离双卫。,主要在陆家嘴/徐家汇CBD上班，首选地铁2/9号线沿线，通勤半小时内。,倡导轻户外，周末常带家人自驾野营或山系徒步，注重生活情调与手作咖啡。,名下持有一套旧两居，置换回款 65% + 个人理财储蓄补充 + 公积金商业贷,非仁恒、绿城、万科等金牌开发商不买，极度看重高端精装质量与顶级物业的增值口碑。,常年本地稳定居住，工作日职住通勤动线规则单一。
上_2003_01000,上海,2003,长三角家庭,50,男,1.7,8.5,0.45,14.1,4,2,否,B,agent,0.55,0.46,0.46,0.4,0.47,0.78,0.43,0.74,0.67,自住-改善,一室一厅,56,1450,市第二中学地理教师,二胎黄金期中大户型,上海中环品质两居，车位及空间极其拥挤,小区无地下车库且人车不分流，小孩在楼下玩耍或者推婴儿车极为不安全。,讲究超高得房率（超85%），主卧套房必须配备独立步入式衣帽间与干湿分离双卫。,主要在陆家嘴/徐家汇CBD上班，首选地铁2/9号线沿线，通勤半小时内。,倡导轻户外，周末常带家人自驾野营或山系徒步，注重生活情调与手作咖啡。,名下持有一套旧两居，置换回款 65% + 个人理财储蓄补充 + 公积金商业贷,重性价比，不盲信大牌，但要求物业管理有序、绿化修剪及时、人防技防规范。,常年本地稳定居住，工作日职住通勤动线规则单一。
上_2003_01001,上海,2003,本地改善,51,男,1.2,12.3,0.45,20.4,3,2,否,B,agent,0.41,0.35,0.6,0.43,0.59,0.86,0.57,0.62,0.47,自住-改善,一室一厅,60,2285,区财政局科员,二胎黄金期中大户型,上海中环品质两居，车位及空间极其拥挤,小区无地下车库且人车不分流，小孩在楼下玩耍或者推婴儿车极为不安全。,讲究超高得房率（超85%），主卧套房必须配备独立步入式衣帽间与干湿分离双卫。,主要在陆家嘴/徐家汇CBD上班，首选地铁2/9号线沿线，通勤半小时内。,倡导轻户外，周末常带家人自驾野营或山系徒步，注重生活情调与手作咖啡。,名下持有一套旧两居，置换回款 65% + 个人理财储蓄补充 + 公积金商业贷,重性价比，不盲信大牌，但要求物业管理有序、绿化修剪及时、人防技防规范。,常年本地稳定居住，工作日职住通勤动线规则单一。
上_2003_01002,上海,2003,本地改善,54,女,0.8,10.2,0.45,16.9,4,1,是,B,agent,0.59,0.6,0.53,0.57,0.65,0.9,0.63,0.72,0.75,自住-改善,两室两厅,80,1141,国企车间技术主任,三口之家(学龄段),上海中环品质两居，车位及空间极其拥挤,小区无地下车库且人车不分流，小孩在楼下玩耍或者推婴儿车极为不安全。,讲究超高得房率（超85%），主卧套房必须配备独立步入式衣帽间与干湿分离双卫。,主要在陆家嘴/徐家汇CBD上班，首选地铁2/9号线沿线，通勤半小时内。,倡导轻户外，周末常带家人自驾野营或山系徒步，注重生活情调与手作咖啡。,名下持有一套旧两居，置换回款 65% + 个人理财储蓄补充 + 公积金商业贷,非仁恒、绿城、万科等金牌开发商不买，极度看重高端精装质量与顶级物业的增值口碑。,常年本地稳定居住，工作日职住通勤动线规则单一。
上_2003_01003,上海,2003,教育型买房,37,女,1.0,6.1,0.4,11.4,3,1,否,B,social,0.82,0.58,0.6,0.25,0.66,0.69,0.5,1,0.53,学区房,一室一厅,55,1653,区财政局科员,三口之家(幼龄段),上海中环品质两居，车位及空间极其拥挤,小区无地下车库且人车不分流，小孩在楼下玩耍或者推婴儿车极为不安全。,核心要求地块属于第一梯队名校学区，且周边500米内解决幼小衔接教育配套。,主要在陆家嘴/徐家汇CBD上班，首选地铁2/9号线沿线，通勤半小时内。,倡导轻户外，周末常带家人自驾野营或山系徒步，注重生活情调与手作咖啡。,名下持有一套旧两居，置换回款 65% + 个人理财储蓄补充 + 公积金商业贷,重性价比，不盲信大牌，但要求物业管理有序、绿化修剪及时、人防技防规范。,常年本地稳定居住，工作日职住通勤动线规则单一。
上_2003_01004,上海,2003,本地改善,49,男,0.7,7.6,0.45,12.7,4,2,是,B,agent,0.86,0.51,0.58,0.49,0.58,0.91,0.66,0.64,0.68,自住-改善,两室一厅,88,1166,邮政局局长秘书,二胎黄金期中大户型,上海中环品质两居，车位及空间极其拥挤,小区无地下车库且人车不分流，小孩在楼下玩耍或者推婴儿车极为不安全。,讲究超高得房率（超85%），主卧套房必须配备独立步入式衣帽间与干湿分离双卫。,主要在陆家嘴/徐家汇CBD上班，首选地铁2/9号线沿线，通勤半小时内。,倡导轻户外，周末常带家人自驾野营或山系徒步，注重生活情调与手作咖啡。,名下持有一套旧两居，置换回款 65% + 个人理财储蓄补充 + 公积金商业贷,重性价比，不盲信大牌，但要求物业管理有序、绿化修剪及时、人防技防规范。,常年本地稳定居住，工作日职住通勤动线规则单一。
上_2003_01005,上海,2003,金融精英,36,男,1.1,7.9,0.4,14.9,4,0,否,A,research,0.48,0.34,0.47,0.64,0.78,0.75,0.53,0.77,0.81,自住-首套,两室两厅,98,1081,申银万国证券分析员,成熟期核心家庭,陆家嘴核心区江景大平层,无高端私密会所及管家式物业配套，圈层鱼龙混杂，高净值居住体验差。,讲究超高得房率（超85%），主卧套房必须配备独立步入式衣帽间与干湿分离双卫。,主要在陆家嘴/徐家汇CBD上班，首选地铁2/9号线沿线，通勤半小时内。,周末常去高端商圈消费，热衷打网球和马术，重度手冲咖啡及黑胶唱片发烧友。,夫妻双方积蓄 + 双方父母出资赞助首付 + 公积金商业组合贷款,非仁恒、绿城、万科等金牌开发商不买，极度看重高端精装质量与顶级物业的增值口碑。,常年本地稳定居住，工作日职住通勤动线规则单一。
上_2003_01006,上海,2003,教育型买房,39,男,1.3,9.7,0.4,18.2,4,0,否,B,social,1,0.39,0.5,0.41,0.64,0.82,0.63,1,0.61,学区房,一室一厅,98,1623,国企车间技术主任,成熟期核心家庭,上海中环品质两居，车位及空间极其拥挤,老小区隔音差，邻里滋扰严重，且车位严重匮乏，每晚加班回来抢车位像打仗。,讲究超高得房率（超85%），主卧套房必须配备独立步入式衣帽间与干湿分离双卫。,主要在陆家嘴/徐家汇CBD上班，首选地铁2/9号线沿线，通勤半小时内。,倡导轻户外，周末常带家人自驾野营或山系徒步，注重生活情调与手作咖啡。,名下持有一套旧两居，置换回款 65% + 个人理财储蓄补充 + 公积金商业贷,重性价比，不盲信大牌，但要求物业管理有序、绿化修剪及时、人防技防规范。,常年本地稳定居住，工作日职住通勤动线规则单一。
上_2003_01007,上海,2003,长三角家庭,39,男,1.3,6.6,0.45,11.1,4,2,是,B,agent,0.87,0.51,0.61,0.48,0.46,0.78,0.46,0.59,0.68,自住-首套,一室一厅,79,813,区财政局科员,二胎黄金期中大户型,上海中环品质两居，车位及空间极其拥挤,小区无地下车库且人车不分流，小孩在楼下玩耍或者推婴儿车极为不安全。,讲究超高得房率（超85%），主卧套房必须配备独立步入式衣帽间与干湿分离双卫。,主要在陆家嘴/徐家汇CBD上班，首选地铁2/9号线沿线，通勤半小时内。,倡导轻户外，周末常带家人自驾野营或山系徒步，注重生活情调与手作咖啡。,夫妻双方积蓄 + 双方父母出资赞助首付 + 公积金商业组合贷款,重性价比，不盲信大牌，但要求物业管理有序、绿化修剪及时、人防技防规范。,常年本地稳定居住，工作日职住通勤动线规则单一。
上_2003_01008,上海,2003,金融精英,33,女,2.1,19.4,0.4,36.4,2,1,否,A,research,0.57,0.47,0.71,0.51,0.77,0.78,0.73,0.92,0.75,自住-首套,两室两厅,64,4857,申银万国证券分析员,三口之家(幼龄段),陆家嘴核心区江景大平层,无高端私密会所及管家式物业配套，圈层鱼龙混杂，高净值居住体验差。,要求有超大面宽南向双阳台（观景家政分离），主卧大飘窗能270度直面自然景观。,主要在陆家嘴/徐家汇CBD上班，首选地铁2/9号线沿线，通勤半小时内。,周末常去高端商圈消费，热衷打网球和马术，重度手冲咖啡及黑胶唱片发烧友。,夫妻双方积蓄 + 双方父母出资赞助首付 + 公积金商业组合贷款,非仁恒、绿城、万科等金牌开发商不买，极度看重高端精装质量与顶级物业的增值口碑。,常年本地稳定居住，工作日职住通勤动线规则单一。
上_2003_01009,上海,2003,金融精英,47,女,5.5,36.2,0.4,67.9,3,1,否,A,research,0.84,0.31,0.65,0.52,0.66,0.78,0.78,0.83,0.86,自住-首套,两室一厅,79,4781,申银万国证券分析员,三口之家(学龄段),陆家嘴核心区江景大平层,无高端私密会所及管家式物业配套，圈层鱼龙混杂，高净值居住体验差。,讲究超高得房率（超85%），主卧套房必须配备独立步入式衣帽间与干湿分离双卫。,主要在陆家嘴/徐家汇CBD上班，首选地铁2/9号线沿线，通勤半小时内。,周末常去高端商圈消费，热衷打网球和马术，重度手冲咖啡及黑胶唱片发烧友。,夫妻双方积蓄 + 双方父母出资赞助首付 + 公积金商业组合贷款,非仁恒、绿城、万科等金牌开发商不买，极度看重高端精装质量与顶级物业的增值口碑。,常年本地稳定居住，工作日职住通勤动线规则单一。
上_2003_01010,上海,2003,本地改善,40,女,0.9,7.8,0.45,13.1,5,2,否,B,agent,0.69,0.44,0.56,0.48,0.55,0.79,0.57,0.81,0.67,自住-改善,两室一厅,96,869,市第二中学地理教师,二胎黄金期中大户型,上海中环品质两居，车位及空间极其拥挤,小区无地下车库且人车不分流，小孩在楼下玩耍或者推婴儿车极为不安全。,讲究超高得房率（超85%），主卧套房必须配备独立步入式衣帽间与干湿分离双卫。,主要在陆家嘴/徐家汇CBD上班，首选地铁2/9号线沿线，通勤半小时内。,倡导轻户外，周末常带家人自驾野营或山系徒步，注重生活情调与手作咖啡。,名下持有一套旧两居，置换回款 65% + 个人理财储蓄补充 + 公积金商业贷,重性价比，不盲信大牌，但要求物业管理有序、绿化修剪及时、人防技防规范。,常年本地稳定居住，工作日职住通勤动线规则单一。
上_2003_01011,上海,2003,教育型买房,39,男,1.3,13.3,0.4,24.9,3,1,否,B,social,1,0.46,0.28,0.38,0.55,0.72,0.58,0.93,0.62,学区房,两室两厅,88,2127,邮政局局长秘书,三口之家(学龄段),上海中环品质两居，车位及空间极其拥挤,小区无地下车库且人车不分流，小孩在楼下玩耍或者推婴儿车极为不安全。,讲究超高得房率（超85%），主卧套房必须配备独立步入式衣帽间与干湿分离双卫。,主要在陆家嘴/徐家汇CBD上班，首选地铁2/9号线沿线，通勤半小时内。,倡导轻户外，周末常带家人自驾野营或山系徒步，注重生活情调与手作咖啡。,名下持有一套旧两居，置换回款 65% + 个人理财储蓄补充 + 公积金商业贷,重性价比，不盲信大牌，但要求物业管理有序、绿化修剪及时、人防技防规范。,常年本地稳定居住，工作日职住通勤动线规则单一。
上_2003_01012,上海,2003,教育型买房,44,男,1.5,13.8,0.4,25.8,3,1,否,B,social,0.96,0.49,0.42,0.3,0.58,0.78,0.54,1,0.72,学区房,一室一厅,56,2351,邮政局局长秘书,三口之家(学龄段),上海中环品质两居，车位及空间极其拥挤,小区无地下车库且人车不分流，小孩在楼下玩耍或者推婴儿车极为不安全。,讲究超高得房率（超85%），主卧套房必须配备独立步入式衣帽间与干湿分离双卫。,主要在陆家嘴/徐家汇CBD上班，首选地铁2/9号线沿线，通勤半小时内。,倡导轻户外，周末常带家人自驾野营或山系徒步，注重生活情调与手作咖啡。,名下持有一套旧两居，置换回款 65% + 个人理财储蓄补充 + 公积金商业贷,非仁恒、绿城、万科等金牌开发商不买，极度看重高端精装质量与顶级物业的增值口碑。,常年本地稳定居住，工作日职住通勤动线规则单一。
上_2003_01013,上海,2003,金融精英,38,男,1.8,15.1,0.4,28.3,3,1,否,A,research,0.62,0.35,0.58,0.75,0.77,0.74,0.67,0.79,0.77,自住-改善,两室两厅,56,3604,商业银行支行信贷科长,三口之家(学龄段),西湖边高精平层,无高端私密会所及管家式物业配套，圈层鱼龙混杂，高净值居住体验差。,要求独立电梯入户，主次卧动线分明，配备独立保姆房和私密后院。,主要在陆家嘴/徐家汇CBD上班，首选地铁2/9号线沿线，通勤半小时内。,周末常去高端商圈消费，热衷打网球和马术，重度手冲咖啡及黑胶唱片发烧友。,名下已有企业股权套现或分红现金，一次性全款付清，基本不加杠杆,非仁恒、绿城、万科等金牌开发商不买，极度看重高端精装质量与顶级物业的增值口碑。,常年本地稳定居住，工作日职住通勤动线规则单一。
上_2003_01014,上海,2003,本地改善,41,女,0.9,6.3,0.45,10.4,4,2,是,B,agent,0.87,0.53,0.62,0.62,0.54,0.67,0.5,0.73,0.65,自住-改善,两室一厅,63,1213,市第二中学地理教师,二胎黄金期中大户型,上海中环品质两居，车位及空间极其拥挤,小区无地下车库且人车不分流，小孩在楼下玩耍或者推婴儿车极为不安全。,核心要求地块属于第一梯队名校学区，且周边500米内解决幼小衔接教育配套。,主要在陆家嘴/徐家汇CBD上班，首选地铁2/9号线沿线，通勤半小时内。,倡导轻户外，周末常带家人自驾野营或山系徒步，注重生活情调与手作咖啡。,名下持有一套旧两居，置换回款 65% + 个人理财储蓄补充 + 公积金商业贷,重性价比，不盲信大牌，但要求物业管理有序、绿化修剪及时、人防技防规范。,常年本地稳定居住，工作日职住通勤动线规则单一。
上_2003_01015,上海,2003,金融精英,48,男,1.4,12.2,0.4,22.9,3,1,否,A,research,0.9,0.47,0.79,0.49,0.67,0.76,0.8,0.91,0.81,自住-首套,一室一厅,66,2095,老牌证券公司营业部经理,三口之家(学龄段),陆家嘴核心区江景大平层,无高端私密会所及管家式物业配套，圈层鱼龙混杂，高净值居住体验差。,要求有超大面宽南向双阳台（观景家政分离），主卧大飘窗能270度直面自然景观。,主要在陆家嘴/徐家汇CBD上班，首选地铁2/9号线沿线，通勤半小时内。,周末常去高端商圈消费，热衷打网球和马术，重度手冲咖啡及黑胶唱片发烧友。,夫妻双方积蓄 + 双方父母出资赞助首付 + 公积金商业组合贷款,非仁恒、绿城、万科等金牌开发商不买，极度看重高端精装质量与顶级物业的增值口碑。,常年本地稳定居住，工作日职住通勤动线规则单一。
上_2003_01016,上海,2003,教育型买房,41,男,0.6,5.3,0.4,10.0,3,1,否,B,social,1,0.46,0.48,0.4,0.55,0.75,0.36,0.89,0.64,学区房,两室一厅,52,1599,市第二中学地理教师,三口之家(学龄段),上海中环品质两居，车位及空间极其拥挤,小区无地下车库且人车不分流，小孩在楼下玩耍或者推婴儿车极为不安全。,讲究超高得房率（超85%），主卧套房必须配备独立步入式衣帽间与干湿分离双卫。,主要在陆家嘴/徐家汇CBD上班，首选地铁2/9号线沿线，通勤半小时内。,倡导轻户外，周末常带家人自驾野营或山系徒步，注重生活情调与手作咖啡。,名下持有一套旧两居，置换回款 65% + 个人理财储蓄补充 + 公积金商业贷,重性价比，不盲信大牌，但要求物业管理有序、绿化修剪及时、人防技防规范。,常年本地稳定居住，工作日职住通勤动线规则单一。
上_2003_01017,上海,2003,本地改善,40,女,1.4,10.3,0.45,17.2,4,1,是,B,agent,0.89,0.56,0.72,0.63,0.45,0.73,0.7,0.95,0.66,自住-改善,一室一厅,75,1469,区财政局科员,三口之家(学龄段),上海中环品质两居，车位及空间极其拥挤,小区无地下车库且人车不分流，小孩在楼下玩耍或者推婴儿车极为不安全。,要求有超大面宽南向双阳台（观景家政分离），主卧大飘窗能270度直面自然景观。,主要在陆家嘴/徐家汇CBD上班，首选地铁2/9号线沿线，通勤半小时内。,倡导轻户外，周末常带家人自驾野营或山系徒步，注重生活情调与手作咖啡。,名下持有一套旧两居，置换回款 65% + 个人理财储蓄补充 + 公积金商业贷,重性价比，不盲信大牌，但要求物业管理有序、绿化修剪及时、人防技防规范。,常年本地稳定居住，工作日职住通勤动线规则单一。
上_2003_01018,上海,2003,教育型买房,42,男,0.8,4.8,0.4,8.9,4,1,否,B,social,0.87,0.44,0.42,0.48,0.62,0.7,0.48,0.97,0.55,学区房,两室两厅,89,833,区财政局科员,三口之家(学龄段),上海中环品质两居，车位及空间极其拥挤,小区无地下车库且人车不分流，小孩在楼下玩耍或者推婴儿车极为不安全。,核心要求地块属于第一梯队名校学区，且周边500米内解决幼小衔接教育配套。,主要在陆家嘴/徐家汇CBD上班，首选地铁2/9号线沿线，通勤半小时内。,倡导轻户外，周末常带家人自驾野营或山系徒步，注重生活情调与手作咖啡。,名下持有一套旧两居，置换回款 65% + 个人理财储蓄补充 + 公积金商业贷,重性价比，不盲信大牌，但要求物业管理有序、绿化修剪及时、人防技防规范。,常年本地稳定居住，工作日职住通勤动线规则单一。
上_2003_01019,上海,2003,本地改善,49,女,0.7,7.7,0.45,12.9,4,3,否,B,agent,0.5,0.6,0.58,0.53,0.47,0.85,0.75,0.66,0.54,自住-改善,两室一厅,99,1094,国企车间技术主任,二胎黄金期中大户型,上海中环品质两居，车位及空间极其拥挤,小区无地下车库且人车不分流，小孩在楼下玩耍或者推婴儿车极为不安全。,讲究超高得房率（超85%），主卧套房必须配备独立步入式衣帽间与干湿分离双卫。,主要在陆家嘴/徐家汇CBD上班，首选地铁2/9号线沿线，通勤半小时内。,倡导轻户外，周末常带家人自驾野营或山系徒步，注重生活情调与手作咖啡。,名下持有一套旧两居，置换回款 65% + 个人理财储蓄补充 + 公积金商业贷,重性价比，不盲信大牌，但要求物业管理有序、绿化修剪及时、人防技防规范。,常年本地稳定居住，工作日职住通勤动线规则单一。
上_2003_01020,上海,2003,长三角家庭,49,女,1.6,11.1,0.45,18.5,4,1,否,B,agent,0.7,0.38,0.57,0.44,0.44,0.79,0.39,0.56,0.62,自住-首套,一室一厅,78,1577,区财政局科员,三口之家(学龄段),上海中环品质两居，车位及空间极其拥挤,小区无地下车库且人车不分流，小孩在楼下玩耍或者推婴儿车极为不安全。,讲究超高得房率（超85%），主卧套房必须配备独立步入式衣帽间与干湿分离双卫。,主要在陆家嘴/徐家汇CBD上班，首选地铁2/9号线沿线，通勤半小时内。,倡导轻户外，周末常带家人自驾野营或山系徒步，注重生活情调与手作咖啡。,夫妻双方积蓄 + 双方父母出资赞助首付 + 公积金商业组合贷款,重性价比，不盲信大牌，但要求物业管理有序、绿化修剪及时、人防技防规范。,常年本地稳定居住，工作日职住通勤动线规则单一。
上_2003_01021,上海,2003,本地改善,47,女,0.6,7.1,0.45,11.8,4,2,否,B,agent,0.62,0.5,0.63,0.59,0.62,0.76,0.57,0.65,0.49,自住-改善,两室两厅,98,843,市第二中学地理教师,二胎黄金期中大户型,上海中环品质两居，车位及空间极其拥挤,小区无地下车库且人车不分流，小孩在楼下玩耍或者推婴儿车极为不安全。,讲究超高得房率（超85%），主卧套房必须配备独立步入式衣帽间与干湿分离双卫。,主要在陆家嘴/徐家汇CBD上班，首选地铁2/9号线沿线，通勤半小时内。,倡导轻户外，周末常带家人自驾野营或山系徒步，注重生活情调与手作咖啡。,名下持有一套旧两居，置换回款 65% + 个人理财储蓄补充 + 公积金商业贷,重性价比，不盲信大牌，但要求物业管理有序、绿化修剪及时、人防技防规范。,常年本地稳定居住，工作日职住通勤动线规则单一。
上_2003_01022,上海,2003,教育型买房,43,男,1.1,8.2,0.4,15.3,3,1,否,B,social,0.76,0.52,0.37,0.37,0.62,0.67,0.61,0.89,0.69,学区房,一室一厅,75,1653,邮政局局长秘书,三口之家(学龄段),上海中环品质两居，车位及空间极其拥挤,小区无地下车库且人车不分流，小孩在楼下玩耍或者推婴儿车极为不安全。,核心要求地块属于第一梯队名校学区，且周边500米内解决幼小衔接教育配套。,主要在陆家嘴/徐家汇CBD上班，首选地铁2/9号线沿线，通勤半小时内。,倡导轻户外，周末常带家人自驾野营或山系徒步，注重生活情调与手作咖啡。,名下持有一套旧两居，置换回款 65% + 个人理财储蓄补充 + 公积金商业贷,重性价比，不盲信大牌，但要求物业管理有序、绿化修剪及时、人防技防规范。,常年本地稳定居住，工作日职住通勤动线规则单一。
上_2003_01023,上海,2003,外籍海归,45,男,2.2,15.1,0.4,28.4,2,1,否,A,social,0.36,0.51,0.44,0.46,0.69,0.65,0.5,0.82,0.69,自住-改善,两室两厅,74,3122,合资日化企业技术主管,三口之家(学龄段),西湖边高精平层,无高端私密会所及管家式物业配套，圈层鱼龙混杂，高净值居住体验差。,核心要求地块属于第一梯队名校学区，且周边500米内解决幼小衔接教育配套。,主要在陆家嘴/徐家汇CBD上班，首选地铁2/9号线沿线，通勤半小时内。,周末常去高端商圈消费，热衷打网球和马术，重度手冲咖啡及黑胶唱片发烧友。,名下已有企业股权套现或分红现金，一次性全款付清，基本不加杠杆,重性价比，不盲信大牌，但要求物业管理有序、绿化修剪及时、人防技防规范。,常年本地稳定居住，工作日职住通勤动线规则单一。
上_2003_01024,上海,2003,教育型买房,41,女,1.8,12.3,0.4,23.0,4,1,是,B,social,0.95,0.59,0.36,0.27,0.74,0.6,0.49,0.87,0.67,学区房,两室一厅,79,1856,国企车间技术主任,三口之家(学龄段),上海中环品质两居，车位及空间极其拥挤,小区无地下车库且人车不分流，小孩在楼下玩耍或者推婴儿车极为不安全。,核心要求地块属于第一梯队名校学区，且周边500米内解决幼小衔接教育配套。,主要在陆家嘴/徐家汇CBD上班，首选地铁2/9号线沿线，通勤半小时内。,倡导轻户外，周末常带家人自驾野营或山系徒步，注重生活情调与手作咖啡。,名下持有一套旧两居，置换回款 65% + 个人理财储蓄补充 + 公积金商业贷,重性价比，不盲信大牌，但要求物业管理有序、绿化修剪及时、人防技防规范。,常年本地稳定居住，工作日职住通勤动线规则单一。
上_2003_01025,上海,2003,外籍海归,31,男,1.9,15.3,0.4,28.7,3,1,否,A,social,0.73,0.61,0.48,0.6,0.95,0.8,0.5,0.76,0.67,婚房,一室一厅,63,3963,外企驻沪办事处代表,三口之家(幼龄段),陆家嘴核心区江景大平层,无高端私密会所及管家式物业配套，圈层鱼龙混杂，高净值居住体验差。,讲究超高得房率（超85%），主卧套房必须配备独立步入式衣帽间与干湿分离双卫。,主要在陆家嘴/徐家汇CBD上班，首选地铁2/9号线沿线，通勤半小时内。,周末常去高端商圈消费，热衷打网球和马术，重度手冲咖啡及黑胶唱片发烧友。,夫妻双方积蓄 + 双方父母出资赞助首付 + 公积金商业组合贷款,重性价比，不盲信大牌，但要求物业管理有序、绿化修剪及时、人防技防规范。,常年本地稳定居住，工作日职住通勤动线规则单一。
上_2003_01026,上海,2003,本地改善,38,男,0.6,5.3,0.45,8.8,4,2,是,B,agent,0.71,0.54,0.63,0.61,0.51,0.79,0.54,0.69,0.49,自住-改善,两室一厅,60,963,市第二中学地理教师,二胎黄金期中大户型,上海中环品质两居，车位及空间极其拥挤,小区无地下车库且人车不分流，小孩在楼下玩耍或者推婴儿车极为不安全。,讲究超高得房率（超85%），主卧套房必须配备独立步入式衣帽间与干湿分离双卫。,主要在陆家嘴/徐家汇CBD上班，首选地铁2/9号线沿线，通勤半小时内。,倡导轻户外，周末常带家人自驾野营或山系徒步，注重生活情调与手作咖啡。,名下持有一套旧两居，置换回款 65% + 个人理财储蓄补充 + 公积金商业贷,重性价比，不盲信大牌，但要求物业管理有序、绿化修剪及时、人防技防规范。,常年本地稳定居住，工作日职住通勤动线规则单一。
上_2003_01027,上海,2003,本地改善,43,男,1.7,20.0,0.45,33.4,4,2,否,B,agent,0.66,0.55,0.47,0.44,0.56,0.92,0.52,0.61,0.56,自住-改善,两室两厅,53,3261,区财政局科员,二胎黄金期中大户型,上海中环品质两居，车位及空间极其拥挤,小区无地下车库且人车不分流，小孩在楼下玩耍或者推婴儿车极为不安全。,讲究超高得房率（超85%），主卧套房必须配备独立步入式衣帽间与干湿分离双卫。,主要在陆家嘴/徐家汇CBD上班，首选地铁2/9号线沿线，通勤半小时内。,倡导轻户外，周末常带家人自驾野营或山系徒步，注重生活情调与手作咖啡。,名下持有一套旧两居，置换回款 65% + 个人理财储蓄补充 + 公积金商业贷,重性价比，不盲信大牌，但要求物业管理有序、绿化修剪及时、人防技防规范。,常年本地稳定居住，工作日职住通勤动线规则单一。
上_2003_01028,上海,2003,金融精英,42,男,2.5,15.4,0.4,28.8,3,1,是,A,research,0.8,0.46,0.6,0.53,0.71,0.82,0.69,0.76,0.85,自住-改善,两室两厅,64,2936,商业银行支行信贷科长,三口之家(学龄段),市中心私密洋房住宅,当前房屋属于旧多层无电梯房，父母年纪渐高每天爬楼梯极为吃力。,讲究超高得房率（超85%），主卧套房必须配备独立步入式衣帽间与干湿分离双卫。,主要在陆家嘴/徐家汇CBD上班，首选地铁2/9号线沿线，通勤半小时内。,周末常去高端商圈消费，热衷打网球和马术，重度手冲咖啡及黑胶唱片发烧友。,名下已有企业股权套现或分红现金，一次性全款付清，基本不加杠杆,非仁恒、绿城、万科等金牌开发商不买，极度看重高端精装质量与顶级物业的增值口碑。,常年本地稳定居住，工作日职住通勤动线规则单一。
上_2003_01029,上海,2003,金融精英,34,男,0.5,4.8,0.4,9.1,2,1,否,A,research,0.9,0.27,0.66,0.64,0.77,0.7,0.66,0.72,0.76,婚房,一室一厅,90,649,老牌证券公司营业部经理,三口之家(幼龄段),陆家嘴核心区江景大平层,无高端私密会所及管家式物业配套，圈层鱼龙混杂，高净值居住体验差。,核心要求地块属于第一梯队名校学区，且周边500米内解决幼小衔接教育配套。,主要在陆家嘴/徐家汇CBD上班，首选地铁2/9号线沿线，通勤半小时内。,周末常去高端商圈消费，热衷打网球和马术，重度手冲咖啡及黑胶唱片发烧友。,夫妻双方积蓄 + 双方父母出资赞助首付 + 公积金商业组合贷款,非仁恒、绿城、万科等金牌开发商不买，极度看重高端精装质量与顶级物业的增值口碑。,常年本地稳定居住，工作日职住通勤动线规则单一。
上_2003_01030,上海,2003,本地改善,54,女,0.5,3.6,0.45,6.0,4,1,是,B,agent,0.74,0.53,0.59,0.48,0.58,0.8,0.67,0.72,0.59,自住-改善,两室两厅,72,732,邮政局局长秘书,三口之家(学龄段),上海中环品质两居，车位及空间极其拥挤,小区无地下车库且人车不分流，小孩在楼下玩耍或者推婴儿车极为不安全。,讲究超高得房率（超85%），主卧套房必须配备独立步入式衣帽间与干湿分离双卫。,主要在陆家嘴/徐家汇CBD上班，首选地铁2/9号线沿线，通勤半小时内。,倡导轻户外，周末常带家人自驾野营或山系徒步，注重生活情调与手作咖啡。,名下持有一套旧两居，置换回款 65% + 个人理财储蓄补充 + 公积金商业贷,重性价比，不盲信大牌，但要求物业管理有序、绿化修剪及时、人防技防规范。,常年本地稳定居住，工作日职住通勤动线规则单一。
上_2003_01031,上海,2003,教育型买房,48,女,1.6,11.7,0.4,21.9,4,1,否,B,social,0.79,0.57,0.37,0.45,0.52,0.56,0.55,0.93,0.6,学区房,一室一厅,99,1653,邮政局局长秘书,三口之家(学龄段),上海中环品质两居，车位及空间极其拥挤,小区无地下车库且人车不分流，小孩在楼下玩耍或者推婴儿车极为不安全。,核心要求地块属于第一梯队名校学区，且周边500米内解决幼小衔接教育配套。,主要在陆家嘴/徐家汇CBD上班，首选地铁2/9号线沿线，通勤半小时内。,倡导轻户外，周末常带家人自驾野营或山系徒步，注重生活情调与手作咖啡。,名下持有一套旧两居，置换回款 65% + 个人理财储蓄补充 + 公积金商业贷,重性价比，不盲信大牌，但要求物业管理有序、绿化修剪及时、人防技防规范。,常年本地稳定居住，工作日职住通勤动线规则单一。
上_2003_01032,上海,2003,本地改善,42,女,1.3,13.4,0.45,22.3,4,2,否,B,agent,0.54,0.49,0.61,0.46,0.52,0.76,0.56,0.66,0.61,自住-改善,一室一厅,87,2092,国企车间技术主任,二胎黄金期中大户型,上海中环品质两居，车位及空间极其拥挤,小区无地下车库且人车不分流，小孩在楼下玩耍或者推婴儿车极为不安全。,讲究超高得房率（超85%），主卧套房必须配备独立步入式衣帽间与干湿分离双卫。,主要在陆家嘴/徐家汇CBD上班，首选地铁2/9号线沿线，通勤半小时内。,倡导轻户外，周末常带家人自驾野营或山系徒步，注重生活情调与手作咖啡。,名下持有一套旧两居，置换回款 65% + 个人理财储蓄补充 + 公积金商业贷,重性价比，不盲信大牌，但要求物业管理有序、绿化修剪及时、人防技防规范。,常年本地稳定居住，工作日职住通勤动线规则单一。
上_2003_01033,上海,2003,金融精英,34,男,0.7,5.9,0.4,11.0,3,1,是,A,research,0.82,0.51,0.6,0.56,0.77,0.65,0.71,0.82,0.68,自住-首套,一室一厅,69,1224,老牌证券公司营业部经理,三口之家(幼龄段),市中心私密洋房住宅,当前房屋属于旧多层无电梯房，父母年纪渐高每天爬楼梯极为吃力。,核心要求地块属于第一梯队名校学区，且周边500米内解决幼小衔接教育配套。,主要在陆家嘴/徐家汇CBD上班，首选地铁2/9号线沿线，通勤半小时内。,周末常去高端商圈消费，热衷打网球和马术，重度手冲咖啡及黑胶唱片发烧友。,夫妻双方积蓄 + 双方父母出资赞助首付 + 公积金商业组合贷款,重性价比，不盲信大牌，但要求物业管理有序、绿化修剪及时、人防技防规范。,常年本地稳定居住，工作日职住通勤动线规则单一。
上_2003_01034,上海,2003,本地改善,48,男,1.1,12.8,0.45,21.3,4,3,是,B,agent,0.4,0.43,0.58,0.42,0.53,0.94,0.6,0.66,0.61,自住-改善,两室一厅,84,1667,邮政局局长秘书,二胎黄金期中大户型,上海中环品质两居，车位及空间极其拥挤,小区无地下车库且人车不分流，小孩在楼下玩耍或者推婴儿车极为不安全。,讲究超高得房率（超85%），主卧套房必须配备独立步入式衣帽间与干湿分离双卫。,主要在陆家嘴/徐家汇CBD上班，首选地铁2/9号线沿线，通勤半小时内。,倡导轻户外，周末常带家人自驾野营或山系徒步，注重生活情调与手作咖啡。,名下持有一套旧两居，置换回款 65% + 个人理财储蓄补充 + 公积金商业贷,重性价比，不盲信大牌，但要求物业管理有序、绿化修剪及时、人防技防规范。,常年本地稳定居住，工作日职住通勤动线规则单一。
上_2003_01035,上海,2003,长三角家庭,49,女,0.5,4.2,0.45,7.0,5,2,否,B,agent,0.76,0.62,0.57,0.47,0.51,0.79,0.41,0.86,0.59,自住-改善,两室一厅,90,537,区财政局科员,二胎黄金期中大户型,上海中环品质两居，车位及空间极其拥挤,小区无地下车库且人车不分流，小孩在楼下玩耍或者推婴儿车极为不安全。,讲究超高得房率（超85%），主卧套房必须配备独立步入式衣帽间与干湿分离双卫。,主要在陆家嘴/徐家汇CBD上班，首选地铁2/9号线沿线，通勤半小时内。,倡导轻户外，周末常带家人自驾野营或山系徒步，注重生活情调与手作咖啡。,名下持有一套旧两居，置换回款 65% + 个人理财储蓄补充 + 公积金商业贷,重性价比，不盲信大牌，但要求物业管理有序、绿化修剪及时、人防技防规范。,常年本地稳定居住，工作日职住通勤动线规则单一。
上_2003_01036,上海,2003,本地改善,57,男,1.6,19.0,0.45,31.7,4,3,是,B,agent,0.59,0.47,0.47,0.49,0.69,0.84,0.58,0.81,0.55,自住-改善,两室一厅,53,3455,邮政局局长秘书,二胎黄金期中大户型,上海中环品质两居，车位及空间极其拥挤,小区无地下车库且人车不分流，小孩在楼下玩耍或者推婴儿车极为不安全。,讲究超高得房率（超85%），主卧套房必须配备独立步入式衣帽间与干湿分离双卫。,主要在陆家嘴/徐家汇CBD上班，首选地铁2/9号线沿线，通勤半小时内。,倡导轻户外，周末常带家人自驾野营或山系徒步，注重生活情调与手作咖啡。,名下持有一套旧两居，置换回款 65% + 个人理财储蓄补充 + 公积金商业贷,重性价比，不盲信大牌，但要求物业管理有序、绿化修剪及时、人防技防规范。,常年本地稳定居住，工作日职住通勤动线规则单一。
上_2003_01037,上海,2003,本地改善,52,男,0.6,6.6,0.45,11.0,5,2,是,B,agent,0.92,0.53,0.64,0.5,0.69,0.98,0.57,0.74,0.69,自住-改善,两室两厅,99,942,国企车间技术主任,二胎黄金期中大户型,上海中环品质两居，车位及空间极其拥挤,小区无地下车库且人车不分流，小孩在楼下玩耍或者推婴儿车极为不安全。,讲究超高得房率（超85%），主卧套房必须配备独立步入式衣帽间与干湿分离双卫。,主要在陆家嘴/徐家汇CBD上班，首选地铁2/9号线沿线，通勤半小时内。,倡导轻户外，周末常带家人自驾野营或山系徒步，注重生活情调与手作咖啡。,名下持有一套旧两居，置换回款 65% + 个人理财储蓄补充 + 公积金商业贷,重性价比，不盲信大牌，但要求物业管理有序、绿化修剪及时、人防技防规范。,常年本地稳定居住，工作日职住通勤动线规则单一。
上_2003_01038,上海,2003,本地改善,45,男,0.8,10.3,0.45,17.2,4,2,否,B,agent,0.73,0.46,0.65,0.5,0.51,0.96,0.62,0.69,0.62,自住-改善,一室一厅,88,1529,区财政局科员,二胎黄金期中大户型,上海中环品质两居，车位及空间极其拥挤,小区无地下车库且人车不分流，小孩在楼下玩耍或者推婴儿车极为不安全。,讲究超高得房率（超85%），主卧套房必须配备独立步入式衣帽间与干湿分离双卫。,主要在陆家嘴/徐家汇CBD上班，首选地铁2/9号线沿线，通勤半小时内。,倡导轻户外，周末常带家人自驾野营或山系徒步，注重生活情调与手作咖啡。,名下持有一套旧两居，置换回款 65% + 个人理财储蓄补充 + 公积金商业贷,重性价比，不盲信大牌，但要求物业管理有序、绿化修剪及时、人防技防规范。,常年本地稳定居住，工作日职住通勤动线规则单一。
上_2003_01039,上海,2003,教育型买房,45,女,1.0,6.3,0.4,11.8,2,1,否,B,social,1,0.51,0.38,0.37,0.64,0.62,0.52,1,0.7,学区房,两室一厅,54,1185,市第二中学地理教师,三口之家(学龄段),上海中环品质两居，车位及空间极其拥挤,小区无地下车库且人车不分流，小孩在楼下玩耍或者推婴儿车极为不安全。,核心要求地块属于第一梯队名校学区，且周边500米内解决幼小衔接教育配套。,主要在陆家嘴/徐家汇CBD上班，首选地铁2/9号线沿线，通勤半小时内。,倡导轻户外，周末常带家人自驾野营或山系徒步，注重生活情调与手作咖啡。,名下持有一套旧两居，置换回款 65% + 个人理财储蓄补充 + 公积金商业贷,非仁恒、绿城、万科等金牌开发商不买，极度看重高端精装质量与顶级物业的增值口碑。,常年本地稳定居住，工作日职住通勤动线规则单一。
上_2003_01040,上海,2003,本地改善,48,男,1.3,9.4,0.45,15.6,4,2,否,B,agent,0.63,0.48,0.7,0.48,0.5,0.93,0.55,0.71,0.78,自住-改善,两室一厅,95,1345,国企车间技术主任,二胎黄金期中大户型,上海中环品质两居，车位及空间极其拥挤,小区无地下车库且人车不分流，小孩在楼下玩耍或者推婴儿车极为不安全。,讲究超高得房率（超85%），主卧套房必须配备独立步入式衣帽间与干湿分离双卫。,主要在陆家嘴/徐家汇CBD上班，首选地铁2/9号线沿线，通勤半小时内。,倡导轻户外，周末常带家人自驾野营或山系徒步，注重生活情调与手作咖啡。,名下持有一套旧两居，置换回款 65% + 个人理财储蓄补充 + 公积金商业贷,非仁恒、绿城、万科等金牌开发商不买，极度看重高端精装质量与顶级物业的增值口碑。,常年本地稳定居住，工作日职住通勤动线规则单一。
上_2003_01041,上海,2003,金融精英,37,男,1.8,13.0,0.4,24.4,4,1,是,A,research,0.54,0.43,0.74,0.54,0.83,0.9,0.72,0.77,0.79,自住-改善,两室两厅,76,2701,老牌证券公司营业部经理,三口之家(幼龄段),市中心私密洋房住宅,当前房屋属于旧多层无电梯房，父母年纪渐高每天爬楼梯极为吃力。,要求有超大面宽南向双阳台（观景家政分离），主卧大飘窗能270度直面自然景观。,主要在陆家嘴/徐家汇CBD上班，首选地铁2/9号线沿线，通勤半小时内。,周末常去高端商圈消费，热衷打网球和马术，重度手冲咖啡及黑胶唱片发烧友。,名下已有企业股权套现或分红现金，一次性全款付清，基本不加杠杆,非仁恒、绿城、万科等金牌开发商不买，极度看重高端精装质量与顶级物业的增值口碑。,常年本地稳定居住，工作日职住通勤动线规则单一。
上_2003_01042,上海,2003,本地改善,51,女,1.2,10.3,0.45,17.1,4,2,否,B,agent,0.76,0.42,0.51,0.4,0.55,0.79,0.71,0.61,0.49,自住-改善,两室两厅,84,1031,邮政局局长秘书,二胎黄金期中大户型,上海中环品质两居，车位及空间极其拥挤,小区无地下车库且人车不分流，小孩在楼下玩耍或者推婴儿车极为不安全。,讲究超高得房率（超85%），主卧套房必须配备独立步入式衣帽间与干湿分离双卫。,主要在陆家嘴/徐家汇CBD上班，首选地铁2/9号线沿线，通勤半小时内。,倡导轻户外，周末常带家人自驾野营或山系徒步，注重生活情调与手作咖啡。,名下持有一套旧两居，置换回款 65% + 个人理财储蓄补充 + 公积金商业贷,重性价比，不盲信大牌，但要求物业管理有序、绿化修剪及时、人防技防规范。,常年本地稳定居住，工作日职住通勤动线规则单一。
上_2003_01043,上海,2003,金融精英,39,女,2.0,18.8,0.4,35.3,2,1,是,A,research,0.73,0.48,0.63,0.58,0.94,0.76,0.59,0.9,0.81,自住-首套,两室一厅,58,3332,老牌证券公司营业部经理,三口之家(学龄段),西湖边高精平层,当前房屋属于旧多层无电梯房，父母年纪渐高每天爬楼梯极为吃力。,讲究超高得房率（超85%），主卧套房必须配备独立步入式衣帽间与干湿分离双卫。,主要在陆家嘴/徐家汇CBD上班，首选地铁2/9号线沿线，通勤半小时内。,周末常去高端商圈消费，热衷打网球和马术，重度手冲咖啡及黑胶唱片发烧友。,夫妻双方积蓄 + 双方父母出资赞助首付 + 公积金商业组合贷款,非仁恒、绿城、万科等金牌开发商不买，极度看重高端精装质量与顶级物业的增值口碑。,常年本地稳定居住，工作日职住通勤动线规则单一。
上_2003_01044,上海,2003,金融精英,40,女,2.9,17.7,0.4,33.2,4,0,否,A,research,0.76,0.31,0.71,0.6,0.72,0.78,0.65,0.75,0.68,自住-改善,两室一厅,56,5044,老牌证券公司营业部经理,成熟期核心家庭,陆家嘴核心区江景大平层,无高端私密会所及管家式物业配套，圈层鱼龙混杂，高净值居住体验差。,要求有超大面宽南向双阳台（观景家政分离），主卧大飘窗能270度直面自然景观。,主要在陆家嘴/徐家汇CBD上班，首选地铁2/9号线沿线，通勤半小时内。,周末常去高端商圈消费，热衷打网球和马术，重度手冲咖啡及黑胶唱片发烧友。,名下已有企业股权套现或分红现金，一次性全款付清，基本不加杠杆,重性价比，不盲信大牌，但要求物业管理有序、绿化修剪及时、人防技防规范。,常年本地稳定居住，工作日职住通勤动线规则单一。
上_2003_01045,上海,2003,长三角家庭,35,女,1.4,10.9,0.45,18.1,3,2,是,B,agent,0.27,0.42,0.68,0.4,0.58,0.85,0.29,0.58,0.7,自住-改善,两室两厅,73,1581,区财政局科员,二胎黄金期中大户型,上海中环品质两居，车位及空间极其拥挤,小区无地下车库且人车不分流，小孩在楼下玩耍或者推婴儿车极为不安全。,讲究超高得房率（超85%），主卧套房必须配备独立步入式衣帽间与干湿分离双卫。,主要在陆家嘴/徐家汇CBD上班，首选地铁2/9号线沿线，通勤半小时内。,倡导轻户外，周末常带家人自驾野营或山系徒步，注重生活情调与手作咖啡。,名下持有一套旧两居，置换回款 65% + 个人理财储蓄补充 + 公积金商业贷,重性价比，不盲信大牌，但要求物业管理有序、绿化修剪及时、人防技防规范。,常年本地稳定居住，工作日职住通勤动线规则单一。
上_2003_01046,上海,2003,长三角家庭,50,男,1.8,9.1,0.45,15.1,4,2,否,B,agent,0.49,0.49,0.54,0.4,0.45,0.73,0.28,0.81,0.53,自住-首套,一室一厅,92,1319,邮政局局长秘书,二胎黄金期中大户型,上海中环品质两居，车位及空间极其拥挤,小区无地下车库且人车不分流，小孩在楼下玩耍或者推婴儿车极为不安全。,讲究超高得房率（超85%），主卧套房必须配备独立步入式衣帽间与干湿分离双卫。,主要在陆家嘴/徐家汇CBD上班，首选地铁2/9号线沿线，通勤半小时内。,倡导轻户外，周末常带家人自驾野营或山系徒步，注重生活情调与手作咖啡。,夫妻双方积蓄 + 双方父母出资赞助首付 + 公积金商业组合贷款,重性价比，不盲信大牌，但要求物业管理有序、绿化修剪及时、人防技防规范。,常年本地稳定居住，工作日职住通勤动线规则单一。
上_2003_01047,上海,2003,本地改善,48,女,0.6,5.9,0.45,9.8,4,3,是,B,agent,0.57,0.54,0.41,0.51,0.65,0.85,0.62,0.74,0.47,自住-改善,两室两厅,50,1617,国企车间技术主任,二胎黄金期中大户型,上海中环品质两居，车位及空间极其拥挤,小区无地下车库且人车不分流，小孩在楼下玩耍或者推婴儿车极为不安全。,讲究超高得房率（超85%），主卧套房必须配备独立步入式衣帽间与干湿分离双卫。,主要在陆家嘴/徐家汇CBD上班，首选地铁2/9号线沿线，通勤半小时内。,倡导轻户外，周末常带家人自驾野营或山系徒步，注重生活情调与手作咖啡。,名下持有一套旧两居，置换回款 65% + 个人理财储蓄补充 + 公积金商业贷,重性价比，不盲信大牌，但要求物业管理有序、绿化修剪及时、人防技防规范。,常年本地稳定居住，工作日职住通勤动线规则单一。
上_2003_01048,上海,2003,教育型买房,45,男,1.8,15.5,0.4,29.0,3,1,否,B,social,0.95,0.47,0.48,0.49,0.59,0.7,0.56,1,0.59,学区房,一室一厅,100,2408,市第二中学地理教师,三口之家(学龄段),上海中环品质两居，车位及空间极其拥挤,小区无地下车库且人车不分流，小孩在楼下玩耍或者推婴儿车极为不安全。,核心要求地块属于第一梯队名校学区，且周边500米内解决幼小衔接教育配套。,主要在陆家嘴/徐家汇CBD上班，首选地铁2/9号线沿线，通勤半小时内。,倡导轻户外，周末常带家人自驾野营或山系徒步，注重生活情调与手作咖啡。,名下持有一套旧两居，置换回款 65% + 个人理财储蓄补充 + 公积金商业贷,重性价比，不盲信大牌，但要求物业管理有序、绿化修剪及时、人防技防规范。,常年本地稳定居住，工作日职住通勤动线规则单一。
上_2003_01049,上海,2003,本地改善,42,男,1.1,10.5,0.45,17.5,4,1,否,B,agent,0.84,0.46,0.61,0.46,0.64,0.61,0.51,0.65,0.68,自住-改善,一室一厅,53,2171,邮政局局长秘书,三口之家(学龄段),上海中环品质两居，车位及空间极其拥挤,小区无地下车库且人车不分流，小孩在楼下玩耍或者推婴儿车极为不安全。,要求采光通透，全明户型，带多功能嵌入式收纳墙以最大化空间利用。,主要在陆家嘴/徐家汇CBD上班，首选地铁2/9号线沿线，通勤半小时内。,倡导轻户外，周末常带家人自驾野营或山系徒步，注重生活情调与手作咖啡。,名下持有一套旧两居，置换回款 65% + 个人理财储蓄补充 + 公积金商业贷,重性价比，不盲信大牌，但要求物业管理有序、绿化修剪及时、人防技防规范。,常年本地稳定居住，工作日职住通勤动线规则单一。
上_2003_01050,上海,2003,本地改善,51,女,0.6,8.1,0.45,13.5,4,2,是,B,agent,0.64,0.52,0.46,0.46,0.45,0.92,0.62,0.7,0.56,自住-改善,一室一厅,86,1319,区财政局科员,二胎黄金期中大户型,上海中环品质两居，车位及空间极其拥挤,小区无地下车库且人车不分流，小孩在楼下玩耍或者推婴儿车极为不安全。,讲究超高得房率（超85%），主卧套房必须配备独立步入式衣帽间与干湿分离双卫。,主要在陆家嘴/徐家汇CBD上班，首选地铁2/9号线沿线，通勤半小时内。,倡导轻户外，周末常带家人自驾野营或山系徒步，注重生活情调与手作咖啡。,名下持有一套旧两居，置换回款 65% + 个人理财储蓄补充 + 公积金商业贷,重性价比，不盲信大牌，但要求物业管理有序、绿化修剪及时、人防技防规范。,常年本地稳定居住，工作日职住通勤动线规则单一。
上_2003_01051,上海,2003,金融精英,34,女,2.4,15.1,0.4,28.4,3,1,否,A,research,0.92,0.46,0.69,0.69,0.78,0.72,0.51,0.88,0.82,婚房,一室一厅,61,4150,申银万国证券分析员,三口之家(幼龄段),西湖边高精平层,无高端私密会所及管家式物业配套，圈层鱼龙混杂，高净值居住体验差。,讲究超高得房率（超85%），主卧套房必须配备独立步入式衣帽间与干湿分离双卫。,主要在陆家嘴/徐家汇CBD上班，首选地铁2/9号线沿线，通勤半小时内。,周末常去高端商圈消费，热衷打网球和马术，重度手冲咖啡及黑胶唱片发烧友。,夫妻双方积蓄 + 双方父母出资赞助首付 + 公积金商业组合贷款,非仁恒、绿城、万科等金牌开发商不买，极度看重高端精装质量与顶级物业的增值口碑。,常年本地稳定居住，工作日职住通勤动线规则单一。
上_2003_01052,上海,2003,本地改善,46,男,1.3,9.4,0.45,15.6,3,2,是,B,agent,0.76,0.61,0.56,0.53,0.5,0.85,0.62,0.69,0.61,自住-改善,两室两厅,73,1512,区财政局科员,二胎黄金期中大户型,上海中环品质两居，车位及空间极其拥挤,小区无地下车库且人车不分流，小孩在楼下玩耍或者推婴儿车极为不安全。,讲究超高得房率（超85%），主卧套房必须配备独立步入式衣帽间与干湿分离双卫。,主要在陆家嘴/徐家汇CBD上班，首选地铁2/9号线沿线，通勤半小时内。,倡导轻户外，周末常带家人自驾野营或山系徒步，注重生活情调与手作咖啡。,名下持有一套旧两居，置换回款 65% + 个人理财储蓄补充 + 公积金商业贷,重性价比，不盲信大牌，但要求物业管理有序、绿化修剪及时、人防技防规范。,常年本地稳定居住，工作日职住通勤动线规则单一。
上_2003_01053,上海,2003,本地改善,39,女,1.9,15.6,0.45,25.9,3,2,是,B,agent,0.62,0.46,0.47,0.48,0.48,0.8,0.59,0.58,0.69,自住-改善,一室一厅,58,3675,市第二中学地理教师,二胎黄金期中大户型,上海中环品质两居，车位及空间极其拥挤,小区无地下车库且人车不分流，小孩在楼下玩耍或者推婴儿车极为不安全。,讲究超高得房率（超85%），主卧套房必须配备独立步入式衣帽间与干湿分离双卫。,主要在陆家嘴/徐家汇CBD上班，首选地铁2/9号线沿线，通勤半小时内。,倡导轻户外，周末常带家人自驾野营或山系徒步，注重生活情调与手作咖啡。,名下持有一套旧两居，置换回款 65% + 个人理财储蓄补充 + 公积金商业贷,重性价比，不盲信大牌，但要求物业管理有序、绿化修剪及时、人防技防规范。,常年本地稳定居住，工作日职住通勤动线规则单一。
上_2003_01054,上海,2003,本地改善,58,男,1.0,12.8,0.45,21.4,4,2,否,B,agent,0.6,0.56,0.67,0.46,0.58,0.76,0.71,0.77,0.47,自住-改善,一室一厅,60,2137,邮政局局长秘书,二胎黄金期中大户型,上海中环品质两居，车位及空间极其拥挤,小区无地下车库且人车不分流，小孩在楼下玩耍或者推婴儿车极为不安全。,讲究超高得房率（超85%），主卧套房必须配备独立步入式衣帽间与干湿分离双卫。,主要在陆家嘴/徐家汇CBD上班，首选地铁2/9号线沿线，通勤半小时内。,倡导轻户外，周末常带家人自驾野营或山系徒步，注重生活情调与手作咖啡。,名下持有一套旧两居，置换回款 65% + 个人理财储蓄补充 + 公积金商业贷,重性价比，不盲信大牌，但要求物业管理有序、绿化修剪及时、人防技防规范。,常年本地稳定居住，工作日职住通勤动线规则单一。
上_2003_01055,上海,2003,长三角家庭,43,男,1.0,7.5,0.45,12.6,4,2,否,B,agent,1,0.55,0.48,0.55,0.51,0.79,0.42,0.82,0.66,自住-首套,两室一厅,81,1319,国企车间技术主任,二胎黄金期中大户型,上海中环品质两居，车位及空间极其拥挤,小区无地下车库且人车不分流，小孩在楼下玩耍或者推婴儿车极为不安全。,讲究超高得房率（超85%），主卧套房必须配备独立步入式衣帽间与干湿分离双卫。,主要在陆家嘴/徐家汇CBD上班，首选地铁2/9号线沿线，通勤半小时内。,倡导轻户外，周末常带家人自驾野营或山系徒步，注重生活情调与手作咖啡。,夫妻双方积蓄 + 双方父母出资赞助首付 + 公积金商业组合贷款,重性价比，不盲信大牌，但要求物业管理有序、绿化修剪及时、人防技防规范。,常年本地稳定居住，工作日职住通勤动线规则单一。
上_2003_01056,上海,2003,本地改善,54,男,0.6,7.2,0.45,11.9,4,2,是,B,agent,0.77,0.54,0.63,0.53,0.66,0.8,0.47,0.77,0.47,自住-改善,两室一厅,74,1125,区财政局科员,二胎黄金期中大户型,上海中环品质两居，车位及空间极其拥挤,小区无地下车库且人车不分流，小孩在楼下玩耍或者推婴儿车极为不安全。,讲究超高得房率（超85%），主卧套房必须配备独立步入式衣帽间与干湿分离双卫。,主要在陆家嘴/徐家汇CBD上班，首选地铁2/9号线沿线，通勤半小时内。,倡导轻户外，周末常带家人自驾野营或山系徒步，注重生活情调与手作咖啡。,名下持有一套旧两居，置换回款 65% + 个人理财储蓄补充 + 公积金商业贷,重性价比，不盲信大牌，但要求物业管理有序、绿化修剪及时、人防技防规范。,常年本地稳定居住，工作日职住通勤动线规则单一。
上_2003_01057,上海,2003,本地改善,54,男,1.1,9.4,0.45,15.6,4,2,否,B,agent,0.8,0.48,0.56,0.52,0.66,0.84,0.58,0.69,0.66,自住-改善,一室一厅,66,1284,市第二中学地理教师,二胎黄金期中大户型,上海中环品质两居，车位及空间极其拥挤,小区无地下车库且人车不分流，小孩在楼下玩耍或者推婴儿车极为不安全。,讲究超高得房率（超85%），主卧套房必须配备独立步入式衣帽间与干湿分离双卫。,主要在陆家嘴/徐家汇CBD上班，首选地铁2/9号线沿线，通勤半小时内。,倡导轻户外，周末常带家人自驾野营或山系徒步，注重生活情调与手作咖啡。,名下持有一套旧两居，置换回款 65% + 个人理财储蓄补充 + 公积金商业贷,重性价比，不盲信大牌，但要求物业管理有序、绿化修剪及时、人防技防规范。,常年本地稳定居住，工作日职住通勤动线规则单一。
上_2003_01058,上海,2003,本地改善,49,女,0.5,5.6,0.45,9.3,4,2,是,B,agent,0.8,0.49,0.47,0.57,0.47,0.89,0.53,0.73,0.7,自住-改善,两室一厅,82,850,区财政局科员,二胎黄金期中大户型,上海中环品质两居，车位及空间极其拥挤,小区无地下车库且人车不分流，小孩在楼下玩耍或者推婴儿车极为不安全。,讲究超高得房率（超85%），主卧套房必须配备独立步入式衣帽间与干湿分离双卫。,主要在陆家嘴/徐家汇CBD上班，首选地铁2/9号线沿线，通勤半小时内。,倡导轻户外，周末常带家人自驾野营或山系徒步，注重生活情调与手作咖啡。,名下持有一套旧两居，置换回款 65% + 个人理财储蓄补充 + 公积金商业贷,重性价比，不盲信大牌，但要求物业管理有序、绿化修剪及时、人防技防规范。,常年本地稳定居住，工作日职住通勤动线规则单一。
上_2003_01059,上海,2003,金融精英,36,男,2.2,19.3,0.4,36.1,3,1,否,A,research,0.94,0.5,0.67,0.56,0.85,0.82,0.75,0.92,0.71,自住-改善,一室一厅,88,2771,申银万国证券分析员,三口之家(幼龄段),市中心私密洋房住宅,无高端私密会所及管家式物业配套，圈层鱼龙混杂，高净值居住体验差。,讲究超高得房率（超85%），主卧套房必须配备独立步入式衣帽间与干湿分离双卫。,主要在陆家嘴/徐家汇CBD上班，首选地铁2/9号线沿线，通勤半小时内。,周末常去高端商圈消费，热衷打网球和马术，重度手冲咖啡及黑胶唱片发烧友。,名下已有企业股权套现或分红现金，一次性全款付清，基本不加杠杆,非仁恒、绿城、万科等金牌开发商不买，极度看重高端精装质量与顶级物业的增值口碑。,常年本地稳定居住，工作日职住通勤动线规则单一。
上_2003_01060,上海,2003,本地改善,57,女,0.8,7.0,0.45,11.7,4,2,否,B,agent,0.63,0.39,0.63,0.58,0.52,0.83,0.65,0.67,0.55,自住-改善,一室一厅,99,723,国企车间技术主任,二胎黄金期中大户型,上海中环品质两居，车位及空间极其拥挤,小区无地下车库且人车不分流，小孩在楼下玩耍或者推婴儿车极为不安全。,讲究超高得房率（超85%），主卧套房必须配备独立步入式衣帽间与干湿分离双卫。,主要在陆家嘴/徐家汇CBD上班，首选地铁2/9号线沿线，通勤半小时内。,倡导轻户外，周末常带家人自驾野营或山系徒步，注重生活情调与手作咖啡。,名下持有一套旧两居，置换回款 65% + 个人理财储蓄补充 + 公积金商业贷,重性价比，不盲信大牌，但要求物业管理有序、绿化修剪及时、人防技防规范。,常年本地稳定居住，工作日职住通勤动线规则单一。
上_2003_01061,上海,2003,本地改善,40,女,1.4,13.8,0.45,23.1,4,2,否,B,agent,0.56,0.44,0.58,0.52,0.51,0.77,0.53,0.76,0.46,自住-改善,两室两厅,69,1728,市第二中学地理教师,二胎黄金期中大户型,上海中环品质两居，车位及空间极其拥挤,小区无地下车库且人车不分流，小孩在楼下玩耍或者推婴儿车极为不安全。,讲究超高得房率（超85%），主卧套房必须配备独立步入式衣帽间与干湿分离双卫。,主要在陆家嘴/徐家汇CBD上班，首选地铁2/9号线沿线，通勤半小时内。,倡导轻户外，周末常带家人自驾野营或山系徒步，注重生活情调与手作咖啡。,名下持有一套旧两居，置换回款 65% + 个人理财储蓄补充 + 公积金商业贷,重性价比，不盲信大牌，但要求物业管理有序、绿化修剪及时、人防技防规范。,常年本地稳定居住，工作日职住通勤动线规则单一。
上_2003_01062,上海,2003,教育型买房,43,男,0.9,6.6,0.4,12.4,2,0,否,B,social,0.93,0.49,0.46,0.51,0.67,0.69,0.4,0.94,0.55,学区房,两室两厅,58,1596,邮政局局长秘书,成熟期核心家庭,上海中环品质两居，车位及空间极其拥挤,老小区隔音差，邻里滋扰严重，且车位严重匮乏，每晚加班回来抢车位像打仗。,核心要求地块属于第一梯队名校学区，且周边500米内解决幼小衔接教育配套。,主要在陆家嘴/徐家汇CBD上班，首选地铁2/9号线沿线，通勤半小时内。,倡导轻户外，周末常带家人自驾野营或山系徒步，注重生活情调与手作咖啡。,名下持有一套旧两居，置换回款 65% + 个人理财储蓄补充 + 公积金商业贷,重性价比，不盲信大牌，但要求物业管理有序、绿化修剪及时、人防技防规范。,常年本地稳定居住，工作日职住通勤动线规则单一。
上_2003_01063,上海,2003,金融精英,42,女,2.6,22.4,0.4,42.1,3,1,否,A,research,0.35,0.5,0.9,0.51,0.65,0.77,0.74,0.87,0.72,自住-改善,两室两厅,70,3169,申银万国证券分析员,三口之家(学龄段),西湖边高精平层,无高端私密会所及管家式物业配套，圈层鱼龙混杂，高净值居住体验差。,要求有超大面宽南向双阳台（观景家政分离），主卧大飘窗能270度直面自然景观。,主要在陆家嘴/徐家汇CBD上班，首选地铁2/9号线沿线，通勤半小时内。,周末常去高端商圈消费，热衷打网球和马术，重度手冲咖啡及黑胶唱片发烧友。,名下已有企业股权套现或分红现金，一次性全款付清，基本不加杠杆,非仁恒、绿城、万科等金牌开发商不买，极度看重高端精装质量与顶级物业的增值口碑。,常年本地稳定居住，工作日职住通勤动线规则单一。
上_2003_01064,上海,2003,长三角家庭,39,女,1.2,9.1,0.45,15.1,3,2,否,B,agent,0.62,0.62,0.71,0.48,0.29,0.84,0.4,0.71,0.67,自住-首套,两室一厅,57,1497,邮政局局长秘书,二胎黄金期中大户型,上海中环品质两居，车位及空间极其拥挤,小区无地下车库且人车不分流，小孩在楼下玩耍或者推婴儿车极为不安全。,要求有超大面宽南向双阳台（观景家政分离），主卧大飘窗能270度直面自然景观。,主要在陆家嘴/徐家汇CBD上班，首选地铁2/9号线沿线，通勤半小时内。,倡导轻户外，周末常带家人自驾野营或山系徒步，注重生活情调与手作咖啡。,夫妻双方积蓄 + 双方父母出资赞助首付 + 公积金商业组合贷款,重性价比，不盲信大牌，但要求物业管理有序、绿化修剪及时、人防技防规范。,常年本地稳定居住，工作日职住通勤动线规则单一。
上_2003_01065,上海,2003,本地改善,57,女,1.2,14.9,0.45,24.8,3,1,否,B,agent,0.53,0.44,0.45,0.41,0.38,0.82,0.79,0.57,0.66,自住-改善,两室两厅,94,2353,邮政局局长秘书,三口之家(学龄段),上海中环品质两居，车位及空间极其拥挤,小区无地下车库且人车不分流，小孩在楼下玩耍或者推婴儿车极为不安全。,讲究超高得房率（超85%），主卧套房必须配备独立步入式衣帽间与干湿分离双卫。,主要在陆家嘴/徐家汇CBD上班，首选地铁2/9号线沿线，通勤半小时内。,倡导轻户外，周末常带家人自驾野营或山系徒步，注重生活情调与手作咖啡。,名下持有一套旧两居，置换回款 65% + 个人理财储蓄补充 + 公积金商业贷,重性价比，不盲信大牌，但要求物业管理有序、绿化修剪及时、人防技防规范。,常年本地稳定居住，工作日职住通勤动线规则单一。
上_2003_01066,上海,2003,教育型买房,40,女,1.8,18.1,0.4,34.0,3,1,是,B,social,0.72,0.38,0.49,0.38,0.52,0.68,0.56,0.92,0.71,学区房,两室一厅,80,2781,邮政局局长秘书,三口之家(学龄段),上海中环品质两居，车位及空间极其拥挤,小区无地下车库且人车不分流，小孩在楼下玩耍或者推婴儿车极为不安全。,核心要求地块属于第一梯队名校学区，且周边500米内解决幼小衔接教育配套。,主要在陆家嘴/徐家汇CBD上班，首选地铁2/9号线沿线，通勤半小时内。,倡导轻户外，周末常带家人自驾野营或山系徒步，注重生活情调与手作咖啡。,名下持有一套旧两居，置换回款 65% + 个人理财储蓄补充 + 公积金商业贷,非仁恒、绿城、万科等金牌开发商不买，极度看重高端精装质量与顶级物业的增值口碑。,常年本地稳定居住，工作日职住通勤动线规则单一。
上_2003_01067,上海,2003,教育型买房,48,女,2.5,19.1,0.4,35.8,3,1,否,B,social,0.49,0.51,0.51,0.37,0.76,0.66,0.57,0.97,0.44,学区房,两室两厅,73,3710,邮政局局长秘书,三口之家(学龄段),上海中环品质两居，车位及空间极其拥挤,小区无地下车库且人车不分流，小孩在楼下玩耍或者推婴儿车极为不安全。,核心要求地块属于第一梯队名校学区，且周边500米内解决幼小衔接教育配套。,主要在陆家嘴/徐家汇CBD上班，首选地铁2/9号线沿线，通勤半小时内。,倡导轻户外，周末常带家人自驾野营或山系徒步，注重生活情调与手作咖啡。,名下持有一套旧两居，置换回款 65% + 个人理财储蓄补充 + 公积金商业贷,重性价比，不盲信大牌，但要求物业管理有序、绿化修剪及时、人防技防规范。,常年本地稳定居住，工作日职住通勤动线规则单一。
上_2003_01068,上海,2003,金融精英,49,男,2.7,23.3,0.4,43.7,3,1,否,A,research,0.86,0.48,0.6,0.61,0.75,0.78,0.8,0.85,0.73,自住-首套,两室一厅,55,6583,老牌证券公司营业部经理,三口之家(学龄段),陆家嘴核心区江景大平层,无高端私密会所及管家式物业配套，圈层鱼龙混杂，高净值居住体验差。,讲究超高得房率（超85%），主卧套房必须配备独立步入式衣帽间与干湿分离双卫。,主要在陆家嘴/徐家汇CBD上班，首选地铁2/9号线沿线，通勤半小时内。,周末常去高端商圈消费，热衷打网球和马术，重度手冲咖啡及黑胶唱片发烧友。,夫妻双方积蓄 + 双方父母出资赞助首付 + 公积金商业组合贷款,非仁恒、绿城、万科等金牌开发商不买，极度看重高端精装质量与顶级物业的增值口碑。,常年本地稳定居住，工作日职住通勤动线规则单一。
上_2003_01069,上海,2003,教育型买房,36,男,0.9,8.8,0.4,16.6,3,1,否,B,social,0.92,0.55,0.58,0.33,0.63,0.58,0.73,0.94,0.59,学区房,一室一厅,86,1396,市第二中学地理教师,三口之家(幼龄段),上海中环品质两居，车位及空间极其拥挤,小区无地下车库且人车不分流，小孩在楼下玩耍或者推婴儿车极为不安全。,核心要求地块属于第一梯队名校学区，且周边500米内解决幼小衔接教育配套。,主要在陆家嘴/徐家汇CBD上班，首选地铁2/9号线沿线，通勤半小时内。,倡导轻户外，周末常带家人自驾野营或山系徒步，注重生活情调与手作咖啡。,名下持有一套旧两居，置换回款 65% + 个人理财储蓄补充 + 公积金商业贷,重性价比，不盲信大牌，但要求物业管理有序、绿化修剪及时、人防技防规范。,常年本地稳定居住，工作日职住通勤动线规则单一。
上_2003_01070,上海,2003,本地改善,56,男,0.6,6.1,0.45,10.1,4,2,否,B,agent,0.56,0.54,0.49,0.51,0.51,0.85,0.68,0.78,0.75,自住-改善,两室两厅,56,1279,区财政局科员,二胎黄金期中大户型,上海中环品质两居，车位及空间极其拥挤,小区无地下车库且人车不分流，小孩在楼下玩耍或者推婴儿车极为不安全。,讲究超高得房率（超85%），主卧套房必须配备独立步入式衣帽间与干湿分离双卫。,主要在陆家嘴/徐家汇CBD上班，首选地铁2/9号线沿线，通勤半小时内。,倡导轻户外，周末常带家人自驾野营或山系徒步，注重生活情调与手作咖啡。,名下持有一套旧两居，置换回款 65% + 个人理财储蓄补充 + 公积金商业贷,非仁恒、绿城、万科等金牌开发商不买，极度看重高端精装质量与顶级物业的增值口碑。,常年本地稳定居住，工作日职住通勤动线规则单一。
上_2003_01071,上海,2003,教育型买房,33,男,1.7,13.7,0.4,25.6,2,1,是,B,social,0.76,0.37,0.41,0.39,0.66,0.67,0.61,0.95,0.53,学区房,两室一厅,78,2796,区财政局科员,三口之家(幼龄段),上海中环品质两居，车位及空间极其拥挤,小区无地下车库且人车不分流，小孩在楼下玩耍或者推婴儿车极为不安全。,核心要求地块属于第一梯队名校学区，且周边500米内解决幼小衔接教育配套。,主要在陆家嘴/徐家汇CBD上班，首选地铁2/9号线沿线，通勤半小时内。,倡导轻户外，周末常带家人自驾野营或山系徒步，注重生活情调与手作咖啡。,名下持有一套旧两居，置换回款 65% + 个人理财储蓄补充 + 公积金商业贷,重性价比，不盲信大牌，但要求物业管理有序、绿化修剪及时、人防技防规范。,常年本地稳定居住，工作日职住通勤动线规则单一。
上_2003_01072,上海,2003,金融精英,40,女,0.5,5.0,0.4,9.4,3,0,否,A,research,0.59,0.39,0.75,0.54,0.68,0.83,0.58,0.73,0.78,自住-改善,两室两厅,96,805,商业银行支行信贷科长,成熟期核心家庭,陆家嘴核心区江景大平层,无高端私密会所及管家式物业配套，圈层鱼龙混杂，高净值居住体验差。,要求有超大面宽南向双阳台（观景家政分离），主卧大飘窗能270度直面自然景观。,主要在陆家嘴/徐家汇CBD上班，首选地铁2/9号线沿线，通勤半小时内。,周末常去高端商圈消费，热衷打网球和马术，重度手冲咖啡及黑胶唱片发烧友。,名下已有企业股权套现或分红现金，一次性全款付清，基本不加杠杆,非仁恒、绿城、万科等金牌开发商不买，极度看重高端精装质量与顶级物业的增值口碑。,常年本地稳定居住，工作日职住通勤动线规则单一。
上_2003_01073,上海,2003,金融精英,48,女,1.3,11.8,0.4,22.1,3,1,是,A,research,0.63,0.47,0.67,0.55,0.75,0.75,0.77,0.72,0.77,自住-改善,一室一厅,93,1499,老牌证券公司营业部经理,三口之家(学龄段),市中心私密洋房住宅,当前房屋属于旧多层无电梯房，父母年纪渐高每天爬楼梯极为吃力。,讲究超高得房率（超85%），主卧套房必须配备独立步入式衣帽间与干湿分离双卫。,主要在陆家嘴/徐家汇CBD上班，首选地铁2/9号线沿线，通勤半小时内。,周末常去高端商圈消费，热衷打网球和马术，重度手冲咖啡及黑胶唱片发烧友。,名下已有企业股权套现或分红现金，一次性全款付清，基本不加杠杆,非仁恒、绿城、万科等金牌开发商不买，极度看重高端精装质量与顶级物业的增值口碑。,常年本地稳定居住，工作日职住通勤动线规则单一。
上_2003_01074,上海,2003,金融精英,49,男,1.6,12.8,0.4,24.0,2,2,是,A,research,0.9,0.52,0.73,0.59,0.73,0.8,0.7,0.7,0.86,自住-首套,两室一厅,50,2782,商业银行支行信贷科长,二胎黄金期中大户型,陆家嘴核心区江景大平层,当前房屋属于旧多层无电梯房，父母年纪渐高每天爬楼梯极为吃力。,要求有超大面宽南向双阳台（观景家政分离），主卧大飘窗能270度直面自然景观。,主要在陆家嘴/徐家汇CBD上班，首选地铁2/9号线沿线，通勤半小时内。,周末常去高端商圈消费，热衷打网球和马术，重度手冲咖啡及黑胶唱片发烧友。,夫妻双方积蓄 + 双方父母出资赞助首付 + 公积金商业组合贷款,非仁恒、绿城、万科等金牌开发商不买，极度看重高端精装质量与顶级物业的增值口碑。,常年本地稳定居住，工作日职住通勤动线规则单一。
上_2003_01075,上海,2003,本地改善,48,男,1.3,11.6,0.45,19.4,4,2,是,B,agent,0.61,0.54,0.62,0.53,0.64,0.96,0.59,0.69,0.68,自住-改善,两室一厅,83,1833,市第二中学地理教师,二胎黄金期中大户型,上海中环品质两居，车位及空间极其拥挤,小区无地下车库且人车不分流，小孩在楼下玩耍或者推婴儿车极为不安全。,讲究超高得房率（超85%），主卧套房必须配备独立步入式衣帽间与干湿分离双卫。,主要在陆家嘴/徐家汇CBD上班，首选地铁2/9号线沿线，通勤半小时内。,倡导轻户外，周末常带家人自驾野营或山系徒步，注重生活情调与手作咖啡。,名下持有一套旧两居，置换回款 65% + 个人理财储蓄补充 + 公积金商业贷,重性价比，不盲信大牌，但要求物业管理有序、绿化修剪及时、人防技防规范。,常年本地稳定居住，工作日职住通勤动线规则单一。
上_2003_01076,上海,2003,本地改善,58,男,0.5,4.2,0.45,6.9,3,2,否,B,agent,0.53,0.57,0.7,0.41,0.51,0.78,0.65,0.78,0.59,自住-改善,两室两厅,80,512,邮政局局长秘书,二胎黄金期中大户型,上海中环品质两居，车位及空间极其拥挤,小区无地下车库且人车不分流，小孩在楼下玩耍或者推婴儿车极为不安全。,要求有超大面宽南向双阳台（观景家政分离），主卧大飘窗能270度直面自然景观。,主要在陆家嘴/徐家汇CBD上班，首选地铁2/9号线沿线，通勤半小时内。,倡导轻户外，周末常带家人自驾野营或山系徒步，注重生活情调与手作咖啡。,名下持有一套旧两居，置换回款 65% + 个人理财储蓄补充 + 公积金商业贷,重性价比，不盲信大牌，但要求物业管理有序、绿化修剪及时、人防技防规范。,常年本地稳定居住，工作日职住通勤动线规则单一。
上_2003_01077,上海,2003,本地改善,47,女,0.9,8.8,0.45,14.6,4,3,否,B,agent,0.46,0.52,0.65,0.57,0.53,0.8,0.68,0.76,0.58,自住-改善,两室一厅,58,2028,区财政局科员,二胎黄金期中大户型,上海中环品质两居，车位及空间极其拥挤,小区无地下车库且人车不分流，小孩在楼下玩耍或者推婴儿车极为不安全。,讲究超高得房率（超85%），主卧套房必须配备独立步入式衣帽间与干湿分离双卫。,主要在陆家嘴/徐家汇CBD上班，首选地铁2/9号线沿线，通勤半小时内。,倡导轻户外，周末常带家人自驾野营或山系徒步，注重生活情调与手作咖啡。,名下持有一套旧两居，置换回款 65% + 个人理财储蓄补充 + 公积金商业贷,重性价比，不盲信大牌，但要求物业管理有序、绿化修剪及时、人防技防规范。,常年本地稳定居住，工作日职住通勤动线规则单一。
上_2003_01078,上海,2003,教育型买房,46,男,0.6,6.4,0.4,12.1,4,1,否,B,social,1,0.58,0.6,0.45,0.55,0.7,0.66,1,0.6,学区房,两室一厅,61,1363,市第二中学地理教师,三口之家(学龄段),上海中环品质两居，车位及空间极其拥挤,小区无地下车库且人车不分流，小孩在楼下玩耍或者推婴儿车极为不安全。,讲究超高得房率（超85%），主卧套房必须配备独立步入式衣帽间与干湿分离双卫。,主要在陆家嘴/徐家汇CBD上班，首选地铁2/9号线沿线，通勤半小时内。,倡导轻户外，周末常带家人自驾野营或山系徒步，注重生活情调与手作咖啡。,名下持有一套旧两居，置换回款 65% + 个人理财储蓄补充 + 公积金商业贷,重性价比，不盲信大牌，但要求物业管理有序、绿化修剪及时、人防技防规范。,常年本地稳定居住，工作日职住通勤动线规则单一。
上_2003_01079,上海,2003,金融精英,45,女,2.1,18.8,0.4,35.3,4,0,否,A,research,0.77,0.41,0.72,0.54,0.65,0.75,0.61,0.75,0.69,自住-首套,两室两厅,74,2996,商业银行支行信贷科长,成熟期核心家庭,陆家嘴核心区江景大平层,无高端私密会所及管家式物业配套，圈层鱼龙混杂，高净值居住体验差。,要求有超大面宽南向双阳台（观景家政分离），主卧大飘窗能270度直面自然景观。,主要在陆家嘴/徐家汇CBD上班，首选地铁2/9号线沿线，通勤半小时内。,周末常去高端商圈消费，热衷打网球和马术，重度手冲咖啡及黑胶唱片发烧友。,夫妻双方积蓄 + 双方父母出资赞助首付 + 公积金商业组合贷款,重性价比，不盲信大牌，但要求物业管理有序、绿化修剪及时、人防技防规范。,常年本地稳定居住，工作日职住通勤动线规则单一。
上_2003_01080,上海,2003,教育型买房,48,女,1.9,13.2,0.4,24.8,3,1,否,B,social,1,0.46,0.51,0.35,0.61,0.73,0.46,0.95,0.65,学区房,两室一厅,72,2822,区财政局科员,三口之家(学龄段),上海中环品质两居，车位及空间极其拥挤,小区无地下车库且人车不分流，小孩在楼下玩耍或者推婴儿车极为不安全。,讲究超高得房率（超85%），主卧套房必须配备独立步入式衣帽间与干湿分离双卫。,主要在陆家嘴/徐家汇CBD上班，首选地铁2/9号线沿线，通勤半小时内。,倡导轻户外，周末常带家人自驾野营或山系徒步，注重生活情调与手作咖啡。,名下持有一套旧两居，置换回款 65% + 个人理财储蓄补充 + 公积金商业贷,重性价比，不盲信大牌，但要求物业管理有序、绿化修剪及时、人防技防规范。,常年本地稳定居住，工作日职住通勤动线规则单一。
上_2003_01081,上海,2003,本地改善,51,男,0.7,5.9,0.45,9.8,5,3,否,B,agent,0.86,0.37,0.48,0.56,0.53,0.8,0.57,0.86,0.47,自住-改善,两室一厅,50,1477,邮政局局长秘书,二胎黄金期中大户型,上海中环品质两居，车位及空间极其拥挤,小区无地下车库且人车不分流，小孩在楼下玩耍或者推婴儿车极为不安全。,讲究超高得房率（超85%），主卧套房必须配备独立步入式衣帽间与干湿分离双卫。,主要在陆家嘴/徐家汇CBD上班，首选地铁2/9号线沿线，通勤半小时内。,倡导轻户外，周末常带家人自驾野营或山系徒步，注重生活情调与手作咖啡。,名下持有一套旧两居，置换回款 65% + 个人理财储蓄补充 + 公积金商业贷,重性价比，不盲信大牌，但要求物业管理有序、绿化修剪及时、人防技防规范。,常年本地稳定居住，工作日职住通勤动线规则单一。
上_2003_01082,上海,2003,教育型买房,41,女,1.6,12.7,0.4,23.9,3,2,否,B,social,0.87,0.41,0.38,0.43,0.55,0.77,0.5,0.96,0.57,学区房,一室一厅,81,1629,邮政局局长秘书,二胎黄金期中大户型,上海中环品质两居，车位及空间极其拥挤,小区无地下车库且人车不分流，小孩在楼下玩耍或者推婴儿车极为不安全。,讲究超高得房率（超85%），主卧套房必须配备独立步入式衣帽间与干湿分离双卫。,主要在陆家嘴/徐家汇CBD上班，首选地铁2/9号线沿线，通勤半小时内。,倡导轻户外，周末常带家人自驾野营或山系徒步，注重生活情调与手作咖啡。,名下持有一套旧两居，置换回款 65% + 个人理财储蓄补充 + 公积金商业贷,重性价比，不盲信大牌，但要求物业管理有序、绿化修剪及时、人防技防规范。,常年本地稳定居住，工作日职住通勤动线规则单一。
上_2003_01083,上海,2003,本地改善,51,女,0.5,5.8,0.45,9.7,4,2,否,B,agent,0.81,0.48,0.58,0.59,0.59,0.92,0.75,0.65,0.57,自住-改善,一室一厅,61,1324,国企车间技术主任,二胎黄金期中大户型,上海中环品质两居，车位及空间极其拥挤,小区无地下车库且人车不分流，小孩在楼下玩耍或者推婴儿车极为不安全。,讲究超高得房率（超85%），主卧套房必须配备独立步入式衣帽间与干湿分离双卫。,主要在陆家嘴/徐家汇CBD上班，首选地铁2/9号线沿线，通勤半小时内。,倡导轻户外，周末常带家人自驾野营或山系徒步，注重生活情调与手作咖啡。,名下持有一套旧两居，置换回款 65% + 个人理财储蓄补充 + 公积金商业贷,重性价比，不盲信大牌，但要求物业管理有序、绿化修剪及时、人防技防规范。,常年本地稳定居住，工作日职住通勤动线规则单一。
上_2003_01084,上海,2003,本地改善,56,男,0.5,5.5,0.45,9.2,4,3,否,B,agent,0.79,0.58,0.57,0.41,0.56,0.95,0.62,0.78,0.57,自住-改善,一室一厅,95,694,邮政局局长秘书,二胎黄金期中大户型,上海中环品质两居，车位及空间极其拥挤,小区无地下车库且人车不分流，小孩在楼下玩耍或者推婴儿车极为不安全。,讲究超高得房率（超85%），主卧套房必须配备独立步入式衣帽间与干湿分离双卫。,主要在陆家嘴/徐家汇CBD上班，首选地铁2/9号线沿线，通勤半小时内。,倡导轻户外，周末常带家人自驾野营或山系徒步，注重生活情调与手作咖啡。,名下持有一套旧两居，置换回款 65% + 个人理财储蓄补充 + 公积金商业贷,重性价比，不盲信大牌，但要求物业管理有序、绿化修剪及时、人防技防规范。,常年本地稳定居住，工作日职住通勤动线规则单一。
上_2003_01085,上海,2003,教育型买房,48,男,1.7,10.5,0.4,19.6,3,1,否,B,social,0.9,0.44,0.39,0.4,0.64,0.66,0.57,1,0.65,学区房,两室两厅,55,3137,区财政局科员,三口之家(学龄段),上海中环品质两居，车位及空间极其拥挤,小区无地下车库且人车不分流，小孩在楼下玩耍或者推婴儿车极为不安全。,核心要求地块属于第一梯队名校学区，且周边500米内解决幼小衔接教育配套。,主要在陆家嘴/徐家汇CBD上班，首选地铁2/9号线沿线，通勤半小时内。,倡导轻户外，周末常带家人自驾野营或山系徒步，注重生活情调与手作咖啡。,名下持有一套旧两居，置换回款 65% + 个人理财储蓄补充 + 公积金商业贷,重性价比，不盲信大牌，但要求物业管理有序、绿化修剪及时、人防技防规范。,常年本地稳定居住，工作日职住通勤动线规则单一。
上_2003_01086,上海,2003,长三角家庭,42,男,1.6,12.0,0.45,20.1,4,2,否,B,agent,0.88,0.47,0.61,0.56,0.5,0.7,0.54,0.64,0.63,自住-首套,两室一厅,52,2176,区财政局科员,二胎黄金期中大户型,上海中环品质两居，车位及空间极其拥挤,小区无地下车库且人车不分流，小孩在楼下玩耍或者推婴儿车极为不安全。,讲究超高得房率（超85%），主卧套房必须配备独立步入式衣帽间与干湿分离双卫。,主要在陆家嘴/徐家汇CBD上班，首选地铁2/9号线沿线，通勤半小时内。,倡导轻户外，周末常带家人自驾野营或山系徒步，注重生活情调与手作咖啡。,夫妻双方积蓄 + 双方父母出资赞助首付 + 公积金商业组合贷款,重性价比，不盲信大牌，但要求物业管理有序、绿化修剪及时、人防技防规范。,常年本地稳定居住，工作日职住通勤动线规则单一。
上_2003_01087,上海,2003,本地改善,48,男,1.2,11.1,0.45,18.5,4,3,是,B,agent,0.89,0.48,0.55,0.42,0.48,0.76,0.43,0.59,0.62,自住-改善,两室两厅,73,2239,市第二中学地理教师,二胎黄金期中大户型,上海中环品质两居，车位及空间极其拥挤,小区无地下车库且人车不分流，小孩在楼下玩耍或者推婴儿车极为不安全。,讲究超高得房率（超85%），主卧套房必须配备独立步入式衣帽间与干湿分离双卫。,主要在陆家嘴/徐家汇CBD上班，首选地铁2/9号线沿线，通勤半小时内。,倡导轻户外，周末常带家人自驾野营或山系徒步，注重生活情调与手作咖啡。,名下持有一套旧两居，置换回款 65% + 个人理财储蓄补充 + 公积金商业贷,重性价比，不盲信大牌，但要求物业管理有序、绿化修剪及时、人防技防规范。,常年本地稳定居住，工作日职住通勤动线规则单一。
上_2003_01088,上海,2003,金融精英,50,男,1.9,16.2,0.4,30.3,2,1,否,A,research,0.84,0.41,0.67,0.66,0.66,0.78,0.74,0.82,0.71,自住-改善,两室一厅,87,3089,申银万国证券分析员,三口之家(学龄段),陆家嘴核心区江景大平层,无高端私密会所及管家式物业配套，圈层鱼龙混杂，高净值居住体验差。,讲究超高得房率（超85%），主卧套房必须配备独立步入式衣帽间与干湿分离双卫。,主要在陆家嘴/徐家汇CBD上班，首选地铁2/9号线沿线，通勤半小时内。,周末常去高端商圈消费，热衷打网球和马术，重度手冲咖啡及黑胶唱片发烧友。,名下已有企业股权套现或分红现金，一次性全款付清，基本不加杠杆,非仁恒、绿城、万科等金牌开发商不买，极度看重高端精装质量与顶级物业的增值口碑。,常年本地稳定居住，工作日职住通勤动线规则单一。
上_2003_01089,上海,2003,本地改善,44,男,1.9,21.9,0.45,36.5,4,2,否,B,agent,0.79,0.47,0.61,0.43,0.6,0.83,0.58,0.74,0.68,自住-改善,两室两厅,91,3530,市第二中学地理教师,二胎黄金期中大户型,上海中环品质两居，车位及空间极其拥挤,小区无地下车库且人车不分流，小孩在楼下玩耍或者推婴儿车极为不安全。,讲究超高得房率（超85%），主卧套房必须配备独立步入式衣帽间与干湿分离双卫。,主要在陆家嘴/徐家汇CBD上班，首选地铁2/9号线沿线，通勤半小时内。,倡导轻户外，周末常带家人自驾野营或山系徒步，注重生活情调与手作咖啡。,名下持有一套旧两居，置换回款 65% + 个人理财储蓄补充 + 公积金商业贷,重性价比，不盲信大牌，但要求物业管理有序、绿化修剪及时、人防技防规范。,常年本地稳定居住，工作日职住通勤动线规则单一。
上_2003_01090,上海,2003,外籍海归,41,男,1.8,14.4,0.4,27.0,3,0,否,A,social,0.77,0.55,0.62,0.54,0.8,0.57,0.55,1,0.79,自住-改善,两室一厅,99,2324,外企驻沪办事处代表,成熟期核心家庭,市中心私密洋房住宅,无高端私密会所及管家式物业配套，圈层鱼龙混杂，高净值居住体验差。,核心要求地块属于第一梯队名校学区，且周边500米内解决幼小衔接教育配套。,主要在陆家嘴/徐家汇CBD上班，首选地铁2/9号线沿线，通勤半小时内。,周末常去高端商圈消费，热衷打网球和马术，重度手冲咖啡及黑胶唱片发烧友。,名下已有企业股权套现或分红现金，一次性全款付清，基本不加杠杆,非仁恒、绿城、万科等金牌开发商不买，极度看重高端精装质量与顶级物业的增值口碑。,常年本地稳定居住，工作日职住通勤动线规则单一。
上_2003_01091,上海,2003,本地改善,40,男,1.4,14.7,0.45,24.5,5,2,是,B,agent,0.9,0.43,0.53,0.44,0.65,0.94,0.58,0.8,0.38,自住-改善,两室两厅,53,3290,市第二中学地理教师,二胎黄金期中大户型,上海中环品质两居，车位及空间极其拥挤,小区无地下车库且人车不分流，小孩在楼下玩耍或者推婴儿车极为不安全。,讲究超高得房率（超85%），主卧套房必须配备独立步入式衣帽间与干湿分离双卫。,主要在陆家嘴/徐家汇CBD上班，首选地铁2/9号线沿线，通勤半小时内。,倡导轻户外，周末常带家人自驾野营或山系徒步，注重生活情调与手作咖啡。,名下持有一套旧两居，置换回款 65% + 个人理财储蓄补充 + 公积金商业贷,重性价比，不盲信大牌，但要求物业管理有序、绿化修剪及时、人防技防规范。,常年本地稳定居住，工作日职住通勤动线规则单一。
上_2003_01092,上海,2003,金融精英,50,男,2.6,21.2,0.4,39.7,3,1,是,A,research,0.53,0.51,0.65,0.55,0.86,0.81,0.77,0.93,0.8,自住-首套,两室一厅,97,3583,申银万国证券分析员,三口之家(学龄段),西湖边高精平层,当前房屋属于旧多层无电梯房，父母年纪渐高每天爬楼梯极为吃力。,讲究超高得房率（超85%），主卧套房必须配备独立步入式衣帽间与干湿分离双卫。,主要在陆家嘴/徐家汇CBD上班，首选地铁2/9号线沿线，通勤半小时内。,周末常去高端商圈消费，热衷打网球和马术，重度手冲咖啡及黑胶唱片发烧友。,夫妻双方积蓄 + 双方父母出资赞助首付 + 公积金商业组合贷款,非仁恒、绿城、万科等金牌开发商不买，极度看重高端精装质量与顶级物业的增值口碑。,常年本地稳定居住，工作日职住通勤动线规则单一。
上_2003_01093,上海,2003,教育型买房,35,女,1.8,13.4,0.4,25.2,3,1,是,B,social,0.61,0.48,0.38,0.39,0.65,0.63,0.44,1,0.8,学区房,两室一厅,68,2445,邮政局局长秘书,三口之家(幼龄段),上海中环品质两居，车位及空间极其拥挤,小区无地下车库且人车不分流，小孩在楼下玩耍或者推婴儿车极为不安全。,核心要求地块属于第一梯队名校学区，且周边500米内解决幼小衔接教育配套。,主要在陆家嘴/徐家汇CBD上班，首选地铁2/9号线沿线，通勤半小时内。,倡导轻户外，周末常带家人自驾野营或山系徒步，注重生活情调与手作咖啡。,名下持有一套旧两居，置换回款 65% + 个人理财储蓄补充 + 公积金商业贷,非仁恒、绿城、万科等金牌开发商不买，极度看重高端精装质量与顶级物业的增值口碑。,常年本地稳定居住，工作日职住通勤动线规则单一。
上_2003_01094,上海,2003,本地改善,58,男,1.1,8.7,0.45,14.5,4,2,是,B,agent,0.78,0.41,0.49,0.37,0.57,0.85,0.67,0.82,0.57,自住-改善,两室两厅,80,1303,区财政局科员,二胎黄金期中大户型,上海中环品质两居，车位及空间极其拥挤,小区无地下车库且人车不分流，小孩在楼下玩耍或者推婴儿车极为不安全。,讲究超高得房率（超85%），主卧套房必须配备独立步入式衣帽间与干湿分离双卫。,主要在陆家嘴/徐家汇CBD上班，首选地铁2/9号线沿线，通勤半小时内。,倡导轻户外，周末常带家人自驾野营或山系徒步，注重生活情调与手作咖啡。,名下持有一套旧两居，置换回款 65% + 个人理财储蓄补充 + 公积金商业贷,重性价比，不盲信大牌，但要求物业管理有序、绿化修剪及时、人防技防规范。,常年本地稳定居住，工作日职住通勤动线规则单一。
上_2003_01095,上海,2003,教育型买房,37,女,3.3,32.0,0.4,60.0,3,2,否,B,social,0.99,0.45,0.53,0.32,0.51,0.78,0.64,0.95,0.62,学区房,两室两厅,92,5410,国企车间技术主任,二胎黄金期中大户型,上海中环品质两居，车位及空间极其拥挤,小区无地下车库且人车不分流，小孩在楼下玩耍或者推婴儿车极为不安全。,讲究超高得房率（超85%），主卧套房必须配备独立步入式衣帽间与干湿分离双卫。,主要在陆家嘴/徐家汇CBD上班，首选地铁2/9号线沿线，通勤半小时内。,倡导轻户外，周末常带家人自驾野营或山系徒步，注重生活情调与手作咖啡。,名下持有一套旧两居，置换回款 65% + 个人理财储蓄补充 + 公积金商业贷,重性价比，不盲信大牌，但要求物业管理有序、绿化修剪及时、人防技防规范。,常年本地稳定居住，工作日职住通勤动线规则单一。
上_2003_01096,上海,2003,本地改善,47,男,1.1,12.1,0.45,20.2,4,2,否,B,agent,0.9,0.64,0.68,0.49,0.48,0.88,0.56,0.66,0.65,自住-改善,两室一厅,86,1684,邮政局局长秘书,二胎黄金期中大户型,上海中环品质两居，车位及空间极其拥挤,小区无地下车库且人车不分流，小孩在楼下玩耍或者推婴儿车极为不安全。,讲究超高得房率（超85%），主卧套房必须配备独立步入式衣帽间与干湿分离双卫。,主要在陆家嘴/徐家汇CBD上班，首选地铁2/9号线沿线，通勤半小时内。,倡导轻户外，周末常带家人自驾野营或山系徒步，注重生活情调与手作咖啡。,名下持有一套旧两居，置换回款 65% + 个人理财储蓄补充 + 公积金商业贷,重性价比，不盲信大牌，但要求物业管理有序、绿化修剪及时、人防技防规范。,常年本地稳定居住，工作日职住通勤动线规则单一。
上_2003_01097,上海,2003,本地改善,42,男,1.0,11.0,0.45,18.3,4,2,是,B,agent,0.93,0.37,0.46,0.55,0.53,0.8,0.59,0.73,0.63,自住-改善,两室两厅,77,1524,国企车间技术主任,二胎黄金期中大户型,上海中环品质两居，车位及空间极其拥挤,小区无地下车库且人车不分流，小孩在楼下玩耍或者推婴儿车极为不安全。,讲究超高得房率（超85%），主卧套房必须配备独立步入式衣帽间与干湿分离双卫。,主要在陆家嘴/徐家汇CBD上班，首选地铁2/9号线沿线，通勤半小时内。,倡导轻户外，周末常带家人自驾野营或山系徒步，注重生活情调与手作咖啡。,名下持有一套旧两居，置换回款 65% + 个人理财储蓄补充 + 公积金商业贷,重性价比，不盲信大牌，但要求物业管理有序、绿化修剪及时、人防技防规范。,常年本地稳定居住，工作日职住通勤动线规则单一。
上_2003_01098,上海,2003,金融精英,40,女,1.3,12.2,0.4,22.9,4,1,否,A,research,0.62,0.49,0.64,0.54,0.75,0.92,0.66,0.74,0.82,自住-改善,两室两厅,62,2222,商业银行支行信贷科长,三口之家(学龄段),陆家嘴核心区江景大平层,无高端私密会所及管家式物业配套，圈层鱼龙混杂，高净值居住体验差。,讲究超高得房率（超85%），主卧套房必须配备独立步入式衣帽间与干湿分离双卫。,主要在陆家嘴/徐家汇CBD上班，首选地铁2/9号线沿线，通勤半小时内。,周末常去高端商圈消费，热衷打网球和马术，重度手冲咖啡及黑胶唱片发烧友。,名下已有企业股权套现或分红现金，一次性全款付清，基本不加杠杆,非仁恒、绿城、万科等金牌开发商不买，极度看重高端精装质量与顶级物业的增值口碑。,常年本地稳定居住，工作日职住通勤动线规则单一。
上_2003_01099,上海,2003,外籍海归,40,男,2.0,15.6,0.4,29.2,3,1,否,A,social,0.58,0.42,0.62,0.52,0.74,0.56,0.72,0.98,0.65,自住-改善,两室一厅,100,2476,合资日化企业技术主管,三口之家(学龄段),陆家嘴核心区江景大平层,无高端私密会所及管家式物业配套，圈层鱼龙混杂，高净值居住体验差。,核心要求地块属于第一梯队名校学区，且周边500米内解决幼小衔接教育配套。,主要在陆家嘴/徐家汇CBD上班，首选地铁2/9号线沿线，通勤半小时内。,周末常去高端商圈消费，热衷打网球和马术，重度手冲咖啡及黑胶唱片发烧友。,名下已有企业股权套现或分红现金，一次性全款付清，基本不加杠杆,重性价比，不盲信大牌，但要求物业管理有序、绿化修剪及时、人防技防规范。,常年本地稳定居住，工作日职住通勤动线规则单一。
上_2003_01100,上海,2003,金融精英,32,女,1.0,6.2,0.4,11.6,3,2,否,A,research,0.59,0.37,0.76,0.63,0.79,0.86,0.75,0.78,0.91,自住-首套,两室两厅,94,879,商业银行支行信贷科长,二胎黄金期中大户型,西湖边高精平层,无高端私密会所及管家式物业配套，圈层鱼龙混杂，高净值居住体验差。,要求有超大面宽南向双阳台（观景家政分离），主卧大飘窗能270度直面自然景观。,主要在陆家嘴/徐家汇CBD上班，首选地铁2/9号线沿线，通勤半小时内。,周末常去高端商圈消费，热衷打网球和马术，重度手冲咖啡及黑胶唱片发烧友。,夫妻双方积蓄 + 双方父母出资赞助首付 + 公积金商业组合贷款,非仁恒、绿城、万科等金牌开发商不买，极度看重高端精装质量与顶级物业的增值口碑。,常年本地稳定居住，工作日职住通勤动线规则单一。
上_2003_01101,上海,2003,本地改善,57,男,1.3,15.3,0.45,25.4,4,2,是,B,agent,0.61,0.45,0.45,0.41,0.43,0.85,0.68,0.76,0.55,自住-改善,一室一厅,84,1629,邮政局局长秘书,二胎黄金期中大户型,上海中环品质两居，车位及空间极其拥挤,小区无地下车库且人车不分流，小孩在楼下玩耍或者推婴儿车极为不安全。,讲究超高得房率（超85%），主卧套房必须配备独立步入式衣帽间与干湿分离双卫。,主要在陆家嘴/徐家汇CBD上班，首选地铁2/9号线沿线，通勤半小时内。,倡导轻户外，周末常带家人自驾野营或山系徒步，注重生活情调与手作咖啡。,名下持有一套旧两居，置换回款 65% + 个人理财储蓄补充 + 公积金商业贷,重性价比，不盲信大牌，但要求物业管理有序、绿化修剪及时、人防技防规范。,常年本地稳定居住，工作日职住通勤动线规则单一。
上_2003_01102,上海,2003,本地改善,41,男,1.1,8.7,0.45,14.4,4,3,是,B,agent,0.6,0.46,0.61,0.53,0.53,0.82,0.61,0.65,0.63,自住-改善,两室一厅,94,1106,区财政局科员,二胎黄金期中大户型,上海中环品质两居，车位及空间极其拥挤,小区无地下车库且人车不分流，小孩在楼下玩耍或者推婴儿车极为不安全。,讲究超高得房率（超85%），主卧套房必须配备独立步入式衣帽间与干湿分离双卫。,主要在陆家嘴/徐家汇CBD上班，首选地铁2/9号线沿线，通勤半小时内。,倡导轻户外，周末常带家人自驾野营或山系徒步，注重生活情调与手作咖啡。,名下持有一套旧两居，置换回款 65% + 个人理财储蓄补充 + 公积金商业贷,重性价比，不盲信大牌，但要求物业管理有序、绿化修剪及时、人防技防规范。,常年本地稳定居住，工作日职住通勤动线规则单一。
上_2003_01103,上海,2003,金融精英,49,男,2.6,25.6,0.4,48.1,3,0,是,A,research,0.78,0.47,0.61,0.63,0.87,0.63,0.43,0.64,0.72,自住-改善,两室两厅,77,3926,商业银行支行信贷科长,成熟期核心家庭,市中心私密洋房住宅,当前房屋属于旧多层无电梯房，父母年纪渐高每天爬楼梯极为吃力。,要求采光通透，全明户型，带多功能嵌入式收纳墙以最大化空间利用。,主要在陆家嘴/徐家汇CBD上班，首选地铁2/9号线沿线，通勤半小时内。,周末常去高端商圈消费，热衷打网球和马术，重度手冲咖啡及黑胶唱片发烧友。,名下已有企业股权套现或分红现金，一次性全款付清，基本不加杠杆,非仁恒、绿城、万科等金牌开发商不买，极度看重高端精装质量与顶级物业的增值口碑。,常年本地稳定居住，工作日职住通勤动线规则单一。
上_2003_01104,上海,2003,长三角家庭,38,女,1.0,5.8,0.45,9.6,4,2,否,B,agent,0.65,0.54,0.54,0.47,0.51,0.75,0.4,0.7,0.59,自住-首套,一室一厅,54,890,区财政局科员,二胎黄金期中大户型,上海中环品质两居，车位及空间极其拥挤,小区无地下车库且人车不分流，小孩在楼下玩耍或者推婴儿车极为不安全。,讲究超高得房率（超85%），主卧套房必须配备独立步入式衣帽间与干湿分离双卫。,主要在陆家嘴/徐家汇CBD上班，首选地铁2/9号线沿线，通勤半小时内。,倡导轻户外，周末常带家人自驾野营或山系徒步，注重生活情调与手作咖啡。,夫妻双方积蓄 + 双方父母出资赞助首付 + 公积金商业组合贷款,重性价比，不盲信大牌，但要求物业管理有序、绿化修剪及时、人防技防规范。,常年本地稳定居住，工作日职住通勤动线规则单一。
上_2003_01105,上海,2003,本地改善,46,男,1.1,13.6,0.45,22.7,3,2,是,B,agent,0.7,0.44,0.57,0.48,0.5,0.83,0.58,0.69,0.53,自住-改善,一室一厅,75,2667,邮政局局长秘书,二胎黄金期中大户型,上海中环品质两居，车位及空间极其拥挤,小区无地下车库且人车不分流，小孩在楼下玩耍或者推婴儿车极为不安全。,讲究超高得房率（超85%），主卧套房必须配备独立步入式衣帽间与干湿分离双卫。,主要在陆家嘴/徐家汇CBD上班，首选地铁2/9号线沿线，通勤半小时内。,倡导轻户外，周末常带家人自驾野营或山系徒步，注重生活情调与手作咖啡。,名下持有一套旧两居，置换回款 65% + 个人理财储蓄补充 + 公积金商业贷,重性价比，不盲信大牌，但要求物业管理有序、绿化修剪及时、人防技防规范。,常年本地稳定居住，工作日职住通勤动线规则单一。
上_2003_01106,上海,2003,长三角家庭,52,男,1.1,7.2,0.45,12.0,4,2,是,B,agent,0.57,0.7,0.58,0.44,0.49,0.78,0.43,0.67,0.74,自住-改善,两室两厅,65,1545,邮政局局长秘书,二胎黄金期中大户型,上海中环品质两居，车位及空间极其拥挤,小区无地下车库且人车不分流，小孩在楼下玩耍或者推婴儿车极为不安全。,讲究超高得房率（超85%），主卧套房必须配备独立步入式衣帽间与干湿分离双卫。,主要在陆家嘴/徐家汇CBD上班，首选地铁2/9号线沿线，通勤半小时内。,倡导轻户外，周末常带家人自驾野营或山系徒步，注重生活情调与手作咖啡。,名下持有一套旧两居，置换回款 65% + 个人理财储蓄补充 + 公积金商业贷,非仁恒、绿城、万科等金牌开发商不买，极度看重高端精装质量与顶级物业的增值口碑。,常年本地稳定居住，工作日职住通勤动线规则单一。
上_2003_01107,上海,2003,教育型买房,34,男,0.8,5.5,0.4,10.3,2,1,是,B,social,0.94,0.69,0.43,0.51,0.6,0.77,0.43,1,0.49,学区房,两室一厅,55,1169,区财政局科员,三口之家(幼龄段),上海中环品质两居，车位及空间极其拥挤,小区无地下车库且人车不分流，小孩在楼下玩耍或者推婴儿车极为不安全。,讲究超高得房率（超85%），主卧套房必须配备独立步入式衣帽间与干湿分离双卫。,主要在陆家嘴/徐家汇CBD上班，首选地铁2/9号线沿线，通勤半小时内。,倡导轻户外，周末常带家人自驾野营或山系徒步，注重生活情调与手作咖啡。,名下持有一套旧两居，置换回款 65% + 个人理财储蓄补充 + 公积金商业贷,重性价比，不盲信大牌，但要求物业管理有序、绿化修剪及时、人防技防规范。,常年本地稳定居住，工作日职住通勤动线规则单一。
上_2003_01108,上海,2003,长三角家庭,55,男,1.0,5.8,0.45,9.7,4,1,否,B,agent,0.85,0.63,0.56,0.51,0.48,0.93,0.35,0.86,0.67,自住-改善,两室两厅,100,631,市第二中学地理教师,三口之家(学龄段),上海中环品质两居，车位及空间极其拥挤,小区无地下车库且人车不分流，小孩在楼下玩耍或者推婴儿车极为不安全。,讲究超高得房率（超85%），主卧套房必须配备独立步入式衣帽间与干湿分离双卫。,主要在陆家嘴/徐家汇CBD上班，首选地铁2/9号线沿线，通勤半小时内。,倡导轻户外，周末常带家人自驾野营或山系徒步，注重生活情调与手作咖啡。,名下持有一套旧两居，置换回款 65% + 个人理财储蓄补充 + 公积金商业贷,重性价比，不盲信大牌，但要求物业管理有序、绿化修剪及时、人防技防规范。,常年本地稳定居住，工作日职住通勤动线规则单一。
上_2003_01109,上海,2003,外籍海归,36,女,1.7,13.8,0.4,25.9,3,2,否,A,social,0.9,0.53,0.49,0.49,0.81,0.93,0.66,0.66,0.66,自住-首套,两室两厅,66,3046,外企驻沪办事处代表,二胎黄金期中大户型,陆家嘴核心区江景大平层,无高端私密会所及管家式物业配套，圈层鱼龙混杂，高净值居住体验差。,讲究超高得房率（超85%），主卧套房必须配备独立步入式衣帽间与干湿分离双卫。,主要在陆家嘴/徐家汇CBD上班，首选地铁2/9号线沿线，通勤半小时内。,周末常去高端商圈消费，热衷打网球和马术，重度手冲咖啡及黑胶唱片发烧友。,夫妻双方积蓄 + 双方父母出资赞助首付 + 公积金商业组合贷款,重性价比，不盲信大牌，但要求物业管理有序、绿化修剪及时、人防技防规范。,常年本地稳定居住，工作日职住通勤动线规则单一。
上_2003_01110,上海,2003,金融精英,34,女,2.5,18.0,0.4,33.7,2,2,否,A,research,0.9,0.46,0.63,0.56,0.6,0.8,0.57,0.82,0.74,自住-首套,一室一厅,93,2674,商业银行支行信贷科长,二胎黄金期中大户型,西湖边高精平层,无高端私密会所及管家式物业配套，圈层鱼龙混杂，高净值居住体验差。,讲究超高得房率（超85%），主卧套房必须配备独立步入式衣帽间与干湿分离双卫。,主要在陆家嘴/徐家汇CBD上班，首选地铁2/9号线沿线，通勤半小时内。,周末常去高端商圈消费，热衷打网球和马术，重度手冲咖啡及黑胶唱片发烧友。,夫妻双方积蓄 + 双方父母出资赞助首付 + 公积金商业组合贷款,非仁恒、绿城、万科等金牌开发商不买，极度看重高端精装质量与顶级物业的增值口碑。,常年本地稳定居住，工作日职住通勤动线规则单一。
上_2003_01111,上海,2003,教育型买房,34,女,0.6,3.5,0.4,6.5,3,2,否,B,social,0.78,0.58,0.45,0.52,0.57,0.63,0.32,1,0.66,学区房,两室一厅,61,829,市第二中学地理教师,二胎黄金期中大户型,上海中环品质两居，车位及空间极其拥挤,小区无地下车库且人车不分流，小孩在楼下玩耍或者推婴儿车极为不安全。,核心要求地块属于第一梯队名校学区，且周边500米内解决幼小衔接教育配套。,主要在陆家嘴/徐家汇CBD上班，首选地铁2/9号线沿线，通勤半小时内。,倡导轻户外，周末常带家人自驾野营或山系徒步，注重生活情调与手作咖啡。,名下持有一套旧两居，置换回款 65% + 个人理财储蓄补充 + 公积金商业贷,重性价比，不盲信大牌，但要求物业管理有序、绿化修剪及时、人防技防规范。,常年本地稳定居住，工作日职住通勤动线规则单一。
上_2003_01112,上海,2003,金融精英,44,男,2.4,14.3,0.4,26.8,2,1,否,A,research,0.82,0.48,0.75,0.57,0.63,0.85,0.6,1,0.74,自住-首套,两室两厅,65,3194,老牌证券公司营业部经理,三口之家(学龄段),市中心私密洋房住宅,无高端私密会所及管家式物业配套，圈层鱼龙混杂，高净值居住体验差。,要求有超大面宽南向双阳台（观景家政分离），主卧大飘窗能270度直面自然景观。,主要在陆家嘴/徐家汇CBD上班，首选地铁2/9号线沿线，通勤半小时内。,周末常去高端商圈消费，热衷打网球和马术，重度手冲咖啡及黑胶唱片发烧友。,夫妻双方积蓄 + 双方父母出资赞助首付 + 公积金商业组合贷款,非仁恒、绿城、万科等金牌开发商不买，极度看重高端精装质量与顶级物业的增值口碑。,常年本地稳定居住，工作日职住通勤动线规则单一。
上_2003_01113,上海,2003,教育型买房,37,女,2.0,18.1,0.4,33.9,3,0,否,B,social,1,0.46,0.38,0.42,0.47,0.73,0.57,1.0,0.57,学区房,两室一厅,76,3806,国企车间技术主任,成熟期核心家庭,上海中环品质两居，车位及空间极其拥挤,老小区隔音差，邻里滋扰严重，且车位严重匮乏，每晚加班回来抢车位像打仗。,讲究超高得房率（超85%），主卧套房必须配备独立步入式衣帽间与干湿分离双卫。,主要在陆家嘴/徐家汇CBD上班，首选地铁2/9号线沿线，通勤半小时内。,倡导轻户外，周末常带家人自驾野营或山系徒步，注重生活情调与手作咖啡。,名下持有一套旧两居，置换回款 65% + 个人理财储蓄补充 + 公积金商业贷,重性价比，不盲信大牌，但要求物业管理有序、绿化修剪及时、人防技防规范。,常年本地稳定居住，工作日职住通勤动线规则单一。
上_2003_01114,上海,2003,金融精英,45,男,3.4,35.1,0.4,65.8,3,1,是,A,research,0.72,0.41,0.69,0.64,0.7,0.83,0.64,0.71,0.83,自住-改善,一室一厅,57,5988,商业银行支行信贷科长,三口之家(学龄段),陆家嘴核心区江景大平层,当前房屋属于旧多层无电梯房，父母年纪渐高每天爬楼梯极为吃力。,讲究超高得房率（超85%），主卧套房必须配备独立步入式衣帽间与干湿分离双卫。,主要在陆家嘴/徐家汇CBD上班，首选地铁2/9号线沿线，通勤半小时内。,周末常去高端商圈消费，热衷打网球和马术，重度手冲咖啡及黑胶唱片发烧友。,名下已有企业股权套现或分红现金，一次性全款付清，基本不加杠杆,非仁恒、绿城、万科等金牌开发商不买，极度看重高端精装质量与顶级物业的增值口碑。,常年本地稳定居住，工作日职住通勤动线规则单一。
上_2003_01115,上海,2003,本地改善,58,女,1.3,13.3,0.45,22.2,4,2,否,B,agent,0.82,0.45,0.69,0.49,0.54,0.8,0.58,0.69,0.58,自住-改善,两室两厅,94,1402,国企车间技术主任,二胎黄金期中大户型,上海中环品质两居，车位及空间极其拥挤,小区无地下车库且人车不分流，小孩在楼下玩耍或者推婴儿车极为不安全。,讲究超高得房率（超85%），主卧套房必须配备独立步入式衣帽间与干湿分离双卫。,主要在陆家嘴/徐家汇CBD上班，首选地铁2/9号线沿线，通勤半小时内。,倡导轻户外，周末常带家人自驾野营或山系徒步，注重生活情调与手作咖啡。,名下持有一套旧两居，置换回款 65% + 个人理财储蓄补充 + 公积金商业贷,重性价比，不盲信大牌，但要求物业管理有序、绿化修剪及时、人防技防规范。,常年本地稳定居住，工作日职住通勤动线规则单一。
上_2003_01116,上海,2003,本地改善,42,女,1.4,14.5,0.45,24.2,4,3,否,B,agent,0.68,0.57,0.57,0.71,0.47,0.91,0.54,0.74,0.59,自住-改善,两室两厅,91,1623,邮政局局长秘书,二胎黄金期中大户型,上海中环品质两居，车位及空间极其拥挤,小区无地下车库且人车不分流，小孩在楼下玩耍或者推婴儿车极为不安全。,要求独立电梯入户，主次卧动线分明，配备独立保姆房和私密后院。,主要在陆家嘴/徐家汇CBD上班，首选地铁2/9号线沿线，通勤半小时内。,倡导轻户外，周末常带家人自驾野营或山系徒步，注重生活情调与手作咖啡。,名下持有一套旧两居，置换回款 65% + 个人理财储蓄补充 + 公积金商业贷,重性价比，不盲信大牌，但要求物业管理有序、绿化修剪及时、人防技防规范。,常年本地稳定居住，工作日职住通勤动线规则单一。
上_2003_01117,上海,2003,本地改善,45,男,0.7,8.5,0.45,14.1,5,2,否,B,agent,0.67,0.48,0.5,0.55,0.58,0.72,0.66,0.64,0.64,自住-改善,两室一厅,90,791,区财政局科员,二胎黄金期中大户型,上海中环品质两居，车位及空间极其拥挤,小区无地下车库且人车不分流，小孩在楼下玩耍或者推婴儿车极为不安全。,讲究超高得房率（超85%），主卧套房必须配备独立步入式衣帽间与干湿分离双卫。,主要在陆家嘴/徐家汇CBD上班，首选地铁2/9号线沿线，通勤半小时内。,倡导轻户外，周末常带家人自驾野营或山系徒步，注重生活情调与手作咖啡。,名下持有一套旧两居，置换回款 65% + 个人理财储蓄补充 + 公积金商业贷,重性价比，不盲信大牌，但要求物业管理有序、绿化修剪及时、人防技防规范。,常年本地稳定居住，工作日职住通勤动线规则单一。
上_2003_01118,上海,2003,本地改善,42,男,1.1,11.0,0.45,18.4,4,2,是,B,agent,0.82,0.56,0.59,0.63,0.63,0.88,0.7,0.67,0.68,自住-改善,两室一厅,75,1293,区财政局科员,二胎黄金期中大户型,上海中环品质两居，车位及空间极其拥挤,小区无地下车库且人车不分流，小孩在楼下玩耍或者推婴儿车极为不安全。,讲究超高得房率（超85%），主卧套房必须配备独立步入式衣帽间与干湿分离双卫。,主要在陆家嘴/徐家汇CBD上班，首选地铁2/9号线沿线，通勤半小时内。,倡导轻户外，周末常带家人自驾野营或山系徒步，注重生活情调与手作咖啡。,名下持有一套旧两居，置换回款 65% + 个人理财储蓄补充 + 公积金商业贷,重性价比，不盲信大牌，但要求物业管理有序、绿化修剪及时、人防技防规范。,常年本地稳定居住，工作日职住通勤动线规则单一。
上_2003_01119,上海,2003,本地改善,46,女,1.0,12.5,0.45,20.9,5,2,否,B,agent,0.98,0.57,0.57,0.47,0.65,0.91,0.65,0.63,0.57,自住-改善,两室一厅,63,2261,市第二中学地理教师,二胎黄金期中大户型,上海中环品质两居，车位及空间极其拥挤,小区无地下车库且人车不分流，小孩在楼下玩耍或者推婴儿车极为不安全。,讲究超高得房率（超85%），主卧套房必须配备独立步入式衣帽间与干湿分离双卫。,主要在陆家嘴/徐家汇CBD上班，首选地铁2/9号线沿线，通勤半小时内。,倡导轻户外，周末常带家人自驾野营或山系徒步，注重生活情调与手作咖啡。,名下持有一套旧两居，置换回款 65% + 个人理财储蓄补充 + 公积金商业贷,重性价比，不盲信大牌，但要求物业管理有序、绿化修剪及时、人防技防规范。,常年本地稳定居住，工作日职住通勤动线规则单一。
上_2003_01120,上海,2003,本地改善,53,女,1.1,11.8,0.45,19.6,3,2,否,B,agent,0.51,0.43,0.67,0.47,0.45,0.8,0.61,0.7,0.75,自住-改善,两室一厅,59,2461,区财政局科员,二胎黄金期中大户型,上海中环品质两居，车位及空间极其拥挤,小区无地下车库且人车不分流，小孩在楼下玩耍或者推婴儿车极为不安全。,讲究超高得房率（超85%），主卧套房必须配备独立步入式衣帽间与干湿分离双卫。,主要在陆家嘴/徐家汇CBD上班，首选地铁2/9号线沿线，通勤半小时内。,倡导轻户外，周末常带家人自驾野营或山系徒步，注重生活情调与手作咖啡。,名下持有一套旧两居，置换回款 65% + 个人理财储蓄补充 + 公积金商业贷,非仁恒、绿城、万科等金牌开发商不买，极度看重高端精装质量与顶级物业的增值口碑。,常年本地稳定居住，工作日职住通勤动线规则单一。
上_2003_01121,上海,2003,金融精英,38,男,1.2,10.8,0.4,20.2,2,1,否,A,research,0.98,0.4,0.59,0.52,0.74,0.82,0.69,0.88,0.94,自住-改善,两室一厅,61,1876,申银万国证券分析员,三口之家(学龄段),陆家嘴核心区江景大平层,无高端私密会所及管家式物业配套，圈层鱼龙混杂，高净值居住体验差。,讲究超高得房率（超85%），主卧套房必须配备独立步入式衣帽间与干湿分离双卫。,主要在陆家嘴/徐家汇CBD上班，首选地铁2/9号线沿线，通勤半小时内。,周末常去高端商圈消费，热衷打网球和马术，重度手冲咖啡及黑胶唱片发烧友。,名下已有企业股权套现或分红现金，一次性全款付清，基本不加杠杆,非仁恒、绿城、万科等金牌开发商不买，极度看重高端精装质量与顶级物业的增值口碑。,常年本地稳定居住，工作日职住通勤动线规则单一。
上_2003_01122,上海,2003,教育型买房,36,女,2.0,17.2,0.4,32.2,2,1,是,B,social,1,0.44,0.44,0.44,0.45,0.8,0.52,0.87,0.58,学区房,一室一厅,85,2782,国企车间技术主任,三口之家(幼龄段),上海中环品质两居，车位及空间极其拥挤,小区无地下车库且人车不分流，小孩在楼下玩耍或者推婴儿车极为不安全。,讲究超高得房率（超85%），主卧套房必须配备独立步入式衣帽间与干湿分离双卫。,主要在陆家嘴/徐家汇CBD上班，首选地铁2/9号线沿线，通勤半小时内。,倡导轻户外，周末常带家人自驾野营或山系徒步，注重生活情调与手作咖啡。,名下持有一套旧两居，置换回款 65% + 个人理财储蓄补充 + 公积金商业贷,重性价比，不盲信大牌，但要求物业管理有序、绿化修剪及时、人防技防规范。,常年本地稳定居住，工作日职住通勤动线规则单一。
上_2003_01123,上海,2003,本地改善,48,男,0.9,9.7,0.45,16.2,5,1,是,B,agent,0.78,0.44,0.57,0.48,0.55,1,0.61,0.72,0.71,自住-改善,两室两厅,85,1332,国企车间技术主任,三口之家(学龄段),上海中环品质两居，车位及空间极其拥挤,小区无地下车库且人车不分流，小孩在楼下玩耍或者推婴儿车极为不安全。,讲究超高得房率（超85%），主卧套房必须配备独立步入式衣帽间与干湿分离双卫。,主要在陆家嘴/徐家汇CBD上班，首选地铁2/9号线沿线，通勤半小时内。,倡导轻户外，周末常带家人自驾野营或山系徒步，注重生活情调与手作咖啡。,名下持有一套旧两居，置换回款 65% + 个人理财储蓄补充 + 公积金商业贷,非仁恒、绿城、万科等金牌开发商不买，极度看重高端精装质量与顶级物业的增值口碑。,常年本地稳定居住，工作日职住通勤动线规则单一。
上_2003_01124,上海,2003,金融精英,48,女,1.7,17.0,0.4,31.9,3,0,否,A,research,1,0.54,0.68,0.67,0.7,0.73,0.82,0.86,0.83,自住-首套,一室一厅,72,2897,老牌证券公司营业部经理,成熟期核心家庭,市中心私密洋房住宅,无高端私密会所及管家式物业配套，圈层鱼龙混杂，高净值居住体验差。,讲究超高得房率（超85%），主卧套房必须配备独立步入式衣帽间与干湿分离双卫。,主要在陆家嘴/徐家汇CBD上班，首选地铁2/9号线沿线，通勤半小时内。,周末常去高端商圈消费，热衷打网球和马术，重度手冲咖啡及黑胶唱片发烧友。,夫妻双方积蓄 + 双方父母出资赞助首付 + 公积金商业组合贷款,非仁恒、绿城、万科等金牌开发商不买，极度看重高端精装质量与顶级物业的增值口碑。,常年本地稳定居住，工作日职住通勤动线规则单一。
上_2003_01125,上海,2003,教育型买房,43,男,1.2,7.6,0.4,14.3,3,0,否,B,social,0.94,0.4,0.4,0.31,0.57,0.72,0.41,1,0.6,学区房,一室一厅,97,1202,国企车间技术主任,成熟期核心家庭,上海中环品质两居，车位及空间极其拥挤,老小区隔音差，邻里滋扰严重，且车位严重匮乏，每晚加班回来抢车位像打仗。,讲究超高得房率（超85%），主卧套房必须配备独立步入式衣帽间与干湿分离双卫。,主要在陆家嘴/徐家汇CBD上班，首选地铁2/9号线沿线，通勤半小时内。,倡导轻户外，周末常带家人自驾野营或山系徒步，注重生活情调与手作咖啡。,名下持有一套旧两居，置换回款 65% + 个人理财储蓄补充 + 公积金商业贷,重性价比，不盲信大牌，但要求物业管理有序、绿化修剪及时、人防技防规范。,常年本地稳定居住，工作日职住通勤动线规则单一。
上_2003_01126,上海,2003,本地改善,40,男,1.2,12.2,0.45,20.3,5,2,是,B,agent,0.76,0.5,0.67,0.45,0.45,0.88,0.6,0.9,0.53,自住-改善,两室两厅,76,2016,邮政局局长秘书,二胎黄金期中大户型,上海中环品质两居，车位及空间极其拥挤,小区无地下车库且人车不分流，小孩在楼下玩耍或者推婴儿车极为不安全。,讲究超高得房率（超85%），主卧套房必须配备独立步入式衣帽间与干湿分离双卫。,主要在陆家嘴/徐家汇CBD上班，首选地铁2/9号线沿线，通勤半小时内。,倡导轻户外，周末常带家人自驾野营或山系徒步，注重生活情调与手作咖啡。,名下持有一套旧两居，置换回款 65% + 个人理财储蓄补充 + 公积金商业贷,重性价比，不盲信大牌，但要求物业管理有序、绿化修剪及时、人防技防规范。,常年本地稳定居住，工作日职住通勤动线规则单一。
上_2003_01127,上海,2003,金融精英,50,女,2.2,20.3,0.4,38.0,4,0,是,A,research,0.81,0.47,0.52,0.57,0.62,0.96,0.74,0.79,0.67,自住-首套,两室两厅,77,4210,老牌证券公司营业部经理,成熟期核心家庭,陆家嘴核心区江景大平层,当前房屋属于旧多层无电梯房，父母年纪渐高每天爬楼梯极为吃力。,讲究超高得房率（超85%），主卧套房必须配备独立步入式衣帽间与干湿分离双卫。,主要在陆家嘴/徐家汇CBD上班，首选地铁2/9号线沿线，通勤半小时内。,周末常去高端商圈消费，热衷打网球和马术，重度手冲咖啡及黑胶唱片发烧友。,夫妻双方积蓄 + 双方父母出资赞助首付 + 公积金商业组合贷款,重性价比，不盲信大牌，但要求物业管理有序、绿化修剪及时、人防技防规范。,常年本地稳定居住，工作日职住通勤动线规则单一。
上_2003_01128,上海,2003,本地改善,55,男,0.8,8.9,0.45,14.8,3,2,是,B,agent,0.45,0.66,0.47,0.53,0.76,0.91,0.59,0.57,0.5,自住-改善,一室一厅,93,1267,市第二中学地理教师,二胎黄金期中大户型,上海中环品质两居，车位及空间极其拥挤,小区无地下车库且人车不分流，小孩在楼下玩耍或者推婴儿车极为不安全。,讲究超高得房率（超85%），主卧套房必须配备独立步入式衣帽间与干湿分离双卫。,主要在陆家嘴/徐家汇CBD上班，首选地铁2/9号线沿线，通勤半小时内。,倡导轻户外，周末常带家人自驾野营或山系徒步，注重生活情调与手作咖啡。,名下持有一套旧两居，置换回款 65% + 个人理财储蓄补充 + 公积金商业贷,重性价比，不盲信大牌，但要求物业管理有序、绿化修剪及时、人防技防规范。,常年本地稳定居住，工作日职住通勤动线规则单一。
上_2003_01129,上海,2003,教育型买房,36,女,2.5,23.5,0.4,44.1,2,1,否,B,social,0.58,0.5,0.53,0.35,0.49,0.82,0.6,1,0.64,学区房,一室一厅,68,4627,邮政局局长秘书,三口之家(幼龄段),上海中环品质两居，车位及空间极其拥挤,小区无地下车库且人车不分流，小孩在楼下玩耍或者推婴儿车极为不安全。,讲究超高得房率（超85%），主卧套房必须配备独立步入式衣帽间与干湿分离双卫。,主要在陆家嘴/徐家汇CBD上班，首选地铁2/9号线沿线，通勤半小时内。,倡导轻户外，周末常带家人自驾野营或山系徒步，注重生活情调与手作咖啡。,名下持有一套旧两居，置换回款 65% + 个人理财储蓄补充 + 公积金商业贷,重性价比，不盲信大牌，但要求物业管理有序、绿化修剪及时、人防技防规范。,常年本地稳定居住，工作日职住通勤动线规则单一。
上_2003_01130,上海,2003,本地改善,50,女,1.0,11.5,0.45,19.1,3,2,否,B,agent,0.82,0.63,0.5,0.5,0.54,0.98,0.62,0.73,0.69,自住-改善,两室一厅,51,3358,市第二中学地理教师,二胎黄金期中大户型,上海中环品质两居，车位及空间极其拥挤,小区无地下车库且人车不分流，小孩在楼下玩耍或者推婴儿车极为不安全。,讲究超高得房率（超85%），主卧套房必须配备独立步入式衣帽间与干湿分离双卫。,主要在陆家嘴/徐家汇CBD上班，首选地铁2/9号线沿线，通勤半小时内。,倡导轻户外，周末常带家人自驾野营或山系徒步，注重生活情调与手作咖啡。,名下持有一套旧两居，置换回款 65% + 个人理财储蓄补充 + 公积金商业贷,重性价比，不盲信大牌，但要求物业管理有序、绿化修剪及时、人防技防规范。,常年本地稳定居住，工作日职住通勤动线规则单一。
上_2003_01131,上海,2003,本地改善,48,女,1.4,14.6,0.45,24.3,4,2,是,B,agent,0.76,0.52,0.44,0.47,0.45,0.72,0.6,0.68,0.64,自住-改善,两室一厅,58,2189,邮政局局长秘书,二胎黄金期中大户型,上海中环品质两居，车位及空间极其拥挤,小区无地下车库且人车不分流，小孩在楼下玩耍或者推婴儿车极为不安全。,讲究超高得房率（超85%），主卧套房必须配备独立步入式衣帽间与干湿分离双卫。,主要在陆家嘴/徐家汇CBD上班，首选地铁2/9号线沿线，通勤半小时内。,倡导轻户外，周末常带家人自驾野营或山系徒步，注重生活情调与手作咖啡。,名下持有一套旧两居，置换回款 65% + 个人理财储蓄补充 + 公积金商业贷,重性价比，不盲信大牌，但要求物业管理有序、绿化修剪及时、人防技防规范。,常年本地稳定居住，工作日职住通勤动线规则单一。
上_2003_01132,上海,2003,本地改善,47,女,1.1,12.7,0.45,21.2,4,2,否,B,agent,0.57,0.61,0.77,0.35,0.6,0.79,0.64,0.63,0.66,自住-改善,两室两厅,60,3142,区财政局科员,二胎黄金期中大户型,上海中环品质两居，车位及空间极其拥挤,小区无地下车库且人车不分流，小孩在楼下玩耍或者推婴儿车极为不安全。,要求有超大面宽南向双阳台（观景家政分离），主卧大飘窗能270度直面自然景观。,主要在陆家嘴/徐家汇CBD上班，首选地铁2/9号线沿线，通勤半小时内。,倡导轻户外，周末常带家人自驾野营或山系徒步，注重生活情调与手作咖啡。,名下持有一套旧两居，置换回款 65% + 个人理财储蓄补充 + 公积金商业贷,重性价比，不盲信大牌，但要求物业管理有序、绿化修剪及时、人防技防规范。,常年本地稳定居住，工作日职住通勤动线规则单一。
上_2003_01133,上海,2003,金融精英,49,男,2.3,20.7,0.4,38.9,4,2,否,A,research,0.85,0.47,0.59,0.61,0.76,0.8,0.79,0.78,0.93,自住-首套,两室两厅,85,3869,申银万国证券分析员,二胎黄金期中大户型,西湖边高精平层,无高端私密会所及管家式物业配套，圈层鱼龙混杂，高净值居住体验差。,讲究超高得房率（超85%），主卧套房必须配备独立步入式衣帽间与干湿分离双卫。,主要在陆家嘴/徐家汇CBD上班，首选地铁2/9号线沿线，通勤半小时内。,周末常去高端商圈消费，热衷打网球和马术，重度手冲咖啡及黑胶唱片发烧友。,夫妻双方积蓄 + 双方父母出资赞助首付 + 公积金商业组合贷款,非仁恒、绿城、万科等金牌开发商不买，极度看重高端精装质量与顶级物业的增值口碑。,常年本地稳定居住，工作日职住通勤动线规则单一。
上_2003_01134,上海,2003,长三角家庭,41,男,1.7,12.3,0.45,20.5,5,2,否,B,agent,0.77,0.61,0.57,0.55,0.55,0.87,0.45,0.79,0.71,自住-改善,两室两厅,91,1654,区财政局科员,二胎黄金期中大户型,上海中环品质两居，车位及空间极其拥挤,小区无地下车库且人车不分流，小孩在楼下玩耍或者推婴儿车极为不安全。,讲究超高得房率（超85%），主卧套房必须配备独立步入式衣帽间与干湿分离双卫。,主要在陆家嘴/徐家汇CBD上班，首选地铁2/9号线沿线，通勤半小时内。,倡导轻户外，周末常带家人自驾野营或山系徒步，注重生活情调与手作咖啡。,名下持有一套旧两居，置换回款 65% + 个人理财储蓄补充 + 公积金商业贷,非仁恒、绿城、万科等金牌开发商不买，极度看重高端精装质量与顶级物业的增值口碑。,常年本地稳定居住，工作日职住通勤动线规则单一。
上_2003_01135,上海,2003,本地改善,43,男,1.2,14.4,0.45,24.0,4,1,否,B,agent,0.6,0.38,0.56,0.42,0.5,0.76,0.66,0.76,0.66,自住-改善,一室一厅,87,1482,邮政局局长秘书,三口之家(学龄段),上海中环品质两居，车位及空间极其拥挤,小区无地下车库且人车不分流，小孩在楼下玩耍或者推婴儿车极为不安全。,讲究超高得房率（超85%），主卧套房必须配备独立步入式衣帽间与干湿分离双卫。,主要在陆家嘴/徐家汇CBD上班，首选地铁2/9号线沿线，通勤半小时内。,倡导轻户外，周末常带家人自驾野营或山系徒步，注重生活情调与手作咖啡。,名下持有一套旧两居，置换回款 65% + 个人理财储蓄补充 + 公积金商业贷,重性价比，不盲信大牌，但要求物业管理有序、绿化修剪及时、人防技防规范。,常年本地稳定居住，工作日职住通勤动线规则单一。
上_2003_01136,上海,2003,金融精英,44,男,0.9,6.8,0.4,12.8,3,0,否,A,research,0.7,0.26,0.47,0.63,0.84,0.87,0.74,0.87,0.81,自住-首套,两室两厅,83,992,申银万国证券分析员,成熟期核心家庭,西湖边高精平层,无高端私密会所及管家式物业配套，圈层鱼龙混杂，高净值居住体验差。,讲究超高得房率（超85%），主卧套房必须配备独立步入式衣帽间与干湿分离双卫。,主要在陆家嘴/徐家汇CBD上班，首选地铁2/9号线沿线，通勤半小时内。,周末常去高端商圈消费，热衷打网球和马术，重度手冲咖啡及黑胶唱片发烧友。,夫妻双方积蓄 + 双方父母出资赞助首付 + 公积金商业组合贷款,非仁恒、绿城、万科等金牌开发商不买，极度看重高端精装质量与顶级物业的增值口碑。,常年本地稳定居住，工作日职住通勤动线规则单一。
上_2003_01137,上海,2003,本地改善,49,男,0.7,7.2,0.45,12.0,4,2,是,B,agent,0.64,0.48,0.6,0.44,0.43,0.92,0.66,0.61,0.62,自住-改善,两室一厅,66,1486,市第二中学地理教师,二胎黄金期中大户型,上海中环品质两居，车位及空间极其拥挤,小区无地下车库且人车不分流，小孩在楼下玩耍或者推婴儿车极为不安全。,讲究超高得房率（超85%），主卧套房必须配备独立步入式衣帽间与干湿分离双卫。,主要在陆家嘴/徐家汇CBD上班，首选地铁2/9号线沿线，通勤半小时内。,倡导轻户外，周末常带家人自驾野营或山系徒步，注重生活情调与手作咖啡。,名下持有一套旧两居，置换回款 65% + 个人理财储蓄补充 + 公积金商业贷,重性价比，不盲信大牌，但要求物业管理有序、绿化修剪及时、人防技防规范。,常年本地稳定居住，工作日职住通勤动线规则单一。
上_2003_01138,上海,2003,本地改善,56,女,1.0,12.9,0.45,21.5,5,1,否,B,agent,0.79,0.49,0.5,0.53,0.62,0.76,0.82,0.64,0.64,自住-改善,一室一厅,68,1752,市第二中学地理教师,三口之家(学龄段),上海中环品质两居，车位及空间极其拥挤,小区无地下车库且人车不分流，小孩在楼下玩耍或者推婴儿车极为不安全。,讲究超高得房率（超85%），主卧套房必须配备独立步入式衣帽间与干湿分离双卫。,主要在陆家嘴/徐家汇CBD上班，首选地铁2/9号线沿线，通勤半小时内。,倡导轻户外，周末常带家人自驾野营或山系徒步，注重生活情调与手作咖啡。,名下持有一套旧两居，置换回款 65% + 个人理财储蓄补充 + 公积金商业贷,重性价比，不盲信大牌，但要求物业管理有序、绿化修剪及时、人防技防规范。,常年本地稳定居住，工作日职住通勤动线规则单一。
上_2003_01139,上海,2003,本地改善,47,男,0.9,7.1,0.45,11.8,5,2,是,B,agent,0.71,0.41,0.58,0.57,0.63,0.79,0.53,0.61,0.58,自住-改善,一室一厅,87,807,区财政局科员,二胎黄金期中大户型,上海中环品质两居，车位及空间极其拥挤,小区无地下车库且人车不分流，小孩在楼下玩耍或者推婴儿车极为不安全。,讲究超高得房率（超85%），主卧套房必须配备独立步入式衣帽间与干湿分离双卫。,主要在陆家嘴/徐家汇CBD上班，首选地铁2/9号线沿线，通勤半小时内。,倡导轻户外，周末常带家人自驾野营或山系徒步，注重生活情调与手作咖啡。,名下持有一套旧两居，置换回款 65% + 个人理财储蓄补充 + 公积金商业贷,重性价比，不盲信大牌，但要求物业管理有序、绿化修剪及时、人防技防规范。,常年本地稳定居住，工作日职住通勤动线规则单一。
上_2003_01140,上海,2003,长三角家庭,38,女,1.0,8.3,0.45,13.8,4,2,否,B,agent,0.82,0.5,0.59,0.54,0.51,0.7,0.4,0.81,0.67,自住-首套,一室一厅,77,1504,邮政局局长秘书,二胎黄金期中大户型,上海中环品质两居，车位及空间极其拥挤,小区无地下车库且人车不分流，小孩在楼下玩耍或者推婴儿车极为不安全。,讲究超高得房率（超85%），主卧套房必须配备独立步入式衣帽间与干湿分离双卫。,主要在陆家嘴/徐家汇CBD上班，首选地铁2/9号线沿线，通勤半小时内。,倡导轻户外，周末常带家人自驾野营或山系徒步，注重生活情调与手作咖啡。,夫妻双方积蓄 + 双方父母出资赞助首付 + 公积金商业组合贷款,重性价比，不盲信大牌，但要求物业管理有序、绿化修剪及时、人防技防规范。,常年本地稳定居住，工作日职住通勤动线规则单一。
上_2003_01141,上海,2003,教育型买房,42,男,1.4,8.8,0.4,16.6,4,1,是,B,social,0.98,0.58,0.31,0.37,0.62,0.78,0.47,0.89,0.6,学区房,两室一厅,94,1397,区财政局科员,三口之家(学龄段),上海中环品质两居，车位及空间极其拥挤,小区无地下车库且人车不分流，小孩在楼下玩耍或者推婴儿车极为不安全。,讲究超高得房率（超85%），主卧套房必须配备独立步入式衣帽间与干湿分离双卫。,主要在陆家嘴/徐家汇CBD上班，首选地铁2/9号线沿线，通勤半小时内。,倡导轻户外，周末常带家人自驾野营或山系徒步，注重生活情调与手作咖啡。,名下持有一套旧两居，置换回款 65% + 个人理财储蓄补充 + 公积金商业贷,重性价比，不盲信大牌，但要求物业管理有序、绿化修剪及时、人防技防规范。,常年本地稳定居住，工作日职住通勤动线规则单一。
上_2003_01142,上海,2003,金融精英,40,男,1.4,10.9,0.4,20.5,3,1,否,A,research,0.54,0.42,0.68,0.47,0.83,0.76,0.75,0.86,0.79,自住-改善,一室一厅,97,1588,商业银行支行信贷科长,三口之家(学龄段),陆家嘴核心区江景大平层,无高端私密会所及管家式物业配套，圈层鱼龙混杂，高净值居住体验差。,讲究超高得房率（超85%），主卧套房必须配备独立步入式衣帽间与干湿分离双卫。,主要在陆家嘴/徐家汇CBD上班，首选地铁2/9号线沿线，通勤半小时内。,周末常去高端商圈消费，热衷打网球和马术，重度手冲咖啡及黑胶唱片发烧友。,名下已有企业股权套现或分红现金，一次性全款付清，基本不加杠杆,非仁恒、绿城、万科等金牌开发商不买，极度看重高端精装质量与顶级物业的增值口碑。,常年本地稳定居住，工作日职住通勤动线规则单一。
上_2003_01143,上海,2003,本地改善,52,男,1.3,13.4,0.45,22.3,3,2,是,B,agent,1,0.54,0.49,0.45,0.56,0.99,0.53,0.79,0.57,自住-改善,两室一厅,53,2393,国企车间技术主任,二胎黄金期中大户型,上海中环品质两居，车位及空间极其拥挤,小区无地下车库且人车不分流，小孩在楼下玩耍或者推婴儿车极为不安全。,讲究超高得房率（超85%），主卧套房必须配备独立步入式衣帽间与干湿分离双卫。,主要在陆家嘴/徐家汇CBD上班，首选地铁2/9号线沿线，通勤半小时内。,倡导轻户外，周末常带家人自驾野营或山系徒步，注重生活情调与手作咖啡。,名下持有一套旧两居，置换回款 65% + 个人理财储蓄补充 + 公积金商业贷,重性价比，不盲信大牌，但要求物业管理有序、绿化修剪及时、人防技防规范。,常年本地稳定居住，工作日职住通勤动线规则单一。
上_2003_01144,上海,2003,金融精英,40,女,1.1,9.0,0.4,16.8,4,1,否,A,research,0.88,0.46,0.7,0.58,0.64,0.97,0.66,0.83,0.76,自住-首套,一室一厅,94,928,老牌证券公司营业部经理,三口之家(学龄段),西湖边高精平层,无高端私密会所及管家式物业配套，圈层鱼龙混杂，高净值居住体验差。,要求有超大面宽南向双阳台（观景家政分离），主卧大飘窗能270度直面自然景观。,主要在陆家嘴/徐家汇CBD上班，首选地铁2/9号线沿线，通勤半小时内。,周末常去高端商圈消费，热衷打网球和马术，重度手冲咖啡及黑胶唱片发烧友。,夫妻双方积蓄 + 双方父母出资赞助首付 + 公积金商业组合贷款,非仁恒、绿城、万科等金牌开发商不买，极度看重高端精装质量与顶级物业的增值口碑。,常年本地稳定居住，工作日职住通勤动线规则单一。
上_2003_01145,上海,2003,本地改善,47,男,0.6,5.6,0.45,9.4,5,2,否,B,agent,0.8,0.49,0.48,0.47,0.6,1,0.68,0.57,0.6,自住-改善,两室一厅,81,848,市第二中学地理教师,二胎黄金期中大户型,上海中环品质两居，车位及空间极其拥挤,小区无地下车库且人车不分流，小孩在楼下玩耍或者推婴儿车极为不安全。,讲究超高得房率（超85%），主卧套房必须配备独立步入式衣帽间与干湿分离双卫。,主要在陆家嘴/徐家汇CBD上班，首选地铁2/9号线沿线，通勤半小时内。,倡导轻户外，周末常带家人自驾野营或山系徒步，注重生活情调与手作咖啡。,名下持有一套旧两居，置换回款 65% + 个人理财储蓄补充 + 公积金商业贷,重性价比，不盲信大牌，但要求物业管理有序、绿化修剪及时、人防技防规范。,常年本地稳定居住，工作日职住通勤动线规则单一。
上_2003_01146,上海,2003,本地改善,52,男,0.9,10.2,0.45,17.0,5,2,是,B,agent,0.86,0.55,0.53,0.49,0.65,0.88,0.65,0.77,0.56,自住-改善,一室一厅,73,1412,区财政局科员,二胎黄金期中大户型,上海中环品质两居，车位及空间极其拥挤,小区无地下车库且人车不分流，小孩在楼下玩耍或者推婴儿车极为不安全。,讲究超高得房率（超85%），主卧套房必须配备独立步入式衣帽间与干湿分离双卫。,主要在陆家嘴/徐家汇CBD上班，首选地铁2/9号线沿线，通勤半小时内。,倡导轻户外，周末常带家人自驾野营或山系徒步，注重生活情调与手作咖啡。,名下持有一套旧两居，置换回款 65% + 个人理财储蓄补充 + 公积金商业贷,重性价比，不盲信大牌，但要求物业管理有序、绿化修剪及时、人防技防规范。,常年本地稳定居住，工作日职住通勤动线规则单一。
上_2003_01147,上海,2003,本地改善,42,男,1.2,9.0,0.45,14.9,4,2,是,B,agent,0.67,0.63,0.56,0.43,0.59,0.91,0.53,0.56,0.6,自住-改善,一室一厅,82,1403,国企车间技术主任,二胎黄金期中大户型,上海中环品质两居，车位及空间极其拥挤,小区无地下车库且人车不分流，小孩在楼下玩耍或者推婴儿车极为不安全。,讲究超高得房率（超85%），主卧套房必须配备独立步入式衣帽间与干湿分离双卫。,主要在陆家嘴/徐家汇CBD上班，首选地铁2/9号线沿线，通勤半小时内。,倡导轻户外，周末常带家人自驾野营或山系徒步，注重生活情调与手作咖啡。,名下持有一套旧两居，置换回款 65% + 个人理财储蓄补充 + 公积金商业贷,重性价比，不盲信大牌，但要求物业管理有序、绿化修剪及时、人防技防规范。,常年本地稳定居住，工作日职住通勤动线规则单一。
上_2003_01148,上海,2003,外籍海归,34,男,0.7,4.0,0.4,7.4,2,1,否,A,social,0.74,0.55,0.5,0.51,0.85,0.66,0.61,0.92,0.68,婚房,两室一厅,80,784,外企驻沪办事处代表,三口之家(幼龄段),陆家嘴核心区江景大平层,无高端私密会所及管家式物业配套，圈层鱼龙混杂，高净值居住体验差。,核心要求地块属于第一梯队名校学区，且周边500米内解决幼小衔接教育配套。,主要在陆家嘴/徐家汇CBD上班，首选地铁2/9号线沿线，通勤半小时内。,周末常去高端商圈消费，热衷打网球和马术，重度手冲咖啡及黑胶唱片发烧友。,夫妻双方积蓄 + 双方父母出资赞助首付 + 公积金商业组合贷款,重性价比，不盲信大牌，但要求物业管理有序、绿化修剪及时、人防技防规范。,常年本地稳定居住，工作日职住通勤动线规则单一。
上_2003_01149,上海,2003,本地改善,42,男,1.0,10.6,0.45,17.7,5,1,是,B,agent,1,0.42,0.58,0.71,0.5,0.87,0.5,0.65,0.63,自住-改善,两室一厅,62,1597,国企车间技术主任,三口之家(学龄段),上海中环品质两居，车位及空间极其拥挤,小区无地下车库且人车不分流，小孩在楼下玩耍或者推婴儿车极为不安全。,要求独立电梯入户，主次卧动线分明，配备独立保姆房和私密后院。,主要在陆家嘴/徐家汇CBD上班，首选地铁2/9号线沿线，通勤半小时内。,倡导轻户外，周末常带家人自驾野营或山系徒步，注重生活情调与手作咖啡。,名下持有一套旧两居，置换回款 65% + 个人理财储蓄补充 + 公积金商业贷,重性价比，不盲信大牌，但要求物业管理有序、绿化修剪及时、人防技防规范。,常年本地稳定居住，工作日职住通勤动线规则单一。
上_2003_01150,上海,2003,本地改善,44,男,0.9,12.0,0.45,19.9,4,2,是,B,agent,1,0.57,0.57,0.4,0.57,0.95,0.58,0.73,0.76,自住-改善,一室一厅,56,2437,区财政局科员,二胎黄金期中大户型,上海中环品质两居，车位及空间极其拥挤,小区无地下车库且人车不分流，小孩在楼下玩耍或者推婴儿车极为不安全。,讲究超高得房率（超85%），主卧套房必须配备独立步入式衣帽间与干湿分离双卫。,主要在陆家嘴/徐家汇CBD上班，首选地铁2/9号线沿线，通勤半小时内。,倡导轻户外，周末常带家人自驾野营或山系徒步，注重生活情调与手作咖啡。,名下持有一套旧两居，置换回款 65% + 个人理财储蓄补充 + 公积金商业贷,非仁恒、绿城、万科等金牌开发商不买，极度看重高端精装质量与顶级物业的增值口碑。,常年本地稳定居住，工作日职住通勤动线规则单一。
上_2003_01151,上海,2003,金融精英,44,女,2.4,16.6,0.4,31.1,3,1,否,A,research,0.87,0.43,0.61,0.55,0.73,0.7,0.7,0.79,0.81,自住-首套,两室两厅,63,3826,商业银行支行信贷科长,三口之家(学龄段),市中心私密洋房住宅,无高端私密会所及管家式物业配套，圈层鱼龙混杂，高净值居住体验差。,核心要求地块属于第一梯队名校学区，且周边500米内解决幼小衔接教育配套。,主要在陆家嘴/徐家汇CBD上班，首选地铁2/9号线沿线，通勤半小时内。,周末常去高端商圈消费，热衷打网球和马术，重度手冲咖啡及黑胶唱片发烧友。,夫妻双方积蓄 + 双方父母出资赞助首付 + 公积金商业组合贷款,非仁恒、绿城、万科等金牌开发商不买，极度看重高端精装质量与顶级物业的增值口碑。,常年本地稳定居住，工作日职住通勤动线规则单一。
上_2003_01152,上海,2003,金融精英,47,男,2.5,21.0,0.4,39.5,4,1,是,A,research,0.62,0.44,0.66,0.7,0.75,0.69,0.56,0.83,0.81,自住-改善,一室一厅,52,4662,商业银行支行信贷科长,三口之家(学龄段),市中心私密洋房住宅,当前房屋属于旧多层无电梯房，父母年纪渐高每天爬楼梯极为吃力。,核心要求地块属于第一梯队名校学区，且周边500米内解决幼小衔接教育配套。,主要在陆家嘴/徐家汇CBD上班，首选地铁2/9号线沿线，通勤半小时内。,周末常去高端商圈消费，热衷打网球和马术，重度手冲咖啡及黑胶唱片发烧友。,名下已有企业股权套现或分红现金，一次性全款付清，基本不加杠杆,非仁恒、绿城、万科等金牌开发商不买，极度看重高端精装质量与顶级物业的增值口碑。,常年本地稳定居住，工作日职住通勤动线规则单一。
上_2003_01153,上海,2003,本地改善,39,女,1.0,10.1,0.45,16.8,4,2,是,B,agent,0.67,0.43,0.55,0.48,0.53,0.86,0.57,0.62,0.54,自住-改善,两室两厅,94,1574,区财政局科员,二胎黄金期中大户型,上海中环品质两居，车位及空间极其拥挤,小区无地下车库且人车不分流，小孩在楼下玩耍或者推婴儿车极为不安全。,讲究超高得房率（超85%），主卧套房必须配备独立步入式衣帽间与干湿分离双卫。,主要在陆家嘴/徐家汇CBD上班，首选地铁2/9号线沿线，通勤半小时内。,倡导轻户外，周末常带家人自驾野营或山系徒步，注重生活情调与手作咖啡。,名下持有一套旧两居，置换回款 65% + 个人理财储蓄补充 + 公积金商业贷,重性价比，不盲信大牌，但要求物业管理有序、绿化修剪及时、人防技防规范。,常年本地稳定居住，工作日职住通勤动线规则单一。
上_2003_01154,上海,2003,金融精英,42,女,3.2,29.3,0.4,55.0,3,1,否,A,research,0.86,0.5,0.65,0.6,0.81,0.75,0.7,0.79,0.76,自住-首套,一室一厅,52,7100,申银万国证券分析员,三口之家(学龄段),市中心私密洋房住宅,无高端私密会所及管家式物业配套，圈层鱼龙混杂，高净值居住体验差。,讲究超高得房率（超85%），主卧套房必须配备独立步入式衣帽间与干湿分离双卫。,主要在陆家嘴/徐家汇CBD上班，首选地铁2/9号线沿线，通勤半小时内。,周末常去高端商圈消费，热衷打网球和马术，重度手冲咖啡及黑胶唱片发烧友。,夫妻双方积蓄 + 双方父母出资赞助首付 + 公积金商业组合贷款,非仁恒、绿城、万科等金牌开发商不买，极度看重高端精装质量与顶级物业的增值口碑。,常年本地稳定居住，工作日职住通勤动线规则单一。
上_2003_01155,上海,2003,金融精英,34,女,2.5,15.4,0.4,28.9,3,1,否,A,research,0.75,0.51,0.66,0.53,0.76,0.63,0.56,0.68,0.7,婚房,两室一厅,66,3113,老牌证券公司营业部经理,三口之家(幼龄段),陆家嘴核心区江景大平层,无高端私密会所及管家式物业配套，圈层鱼龙混杂，高净值居住体验差。,要求采光通透，全明户型，带多功能嵌入式收纳墙以最大化空间利用。,主要在陆家嘴/徐家汇CBD上班，首选地铁2/9号线沿线，通勤半小时内。,周末常去高端商圈消费，热衷打网球和马术，重度手冲咖啡及黑胶唱片发烧友。,夫妻双方积蓄 + 双方父母出资赞助首付 + 公积金商业组合贷款,重性价比，不盲信大牌，但要求物业管理有序、绿化修剪及时、人防技防规范。,常年本地稳定居住，工作日职住通勤动线规则单一。
上_2003_01156,上海,2003,长三角家庭,37,男,0.7,5.5,0.45,9.1,4,1,否,B,agent,0.8,0.5,0.55,0.55,0.43,0.82,0.5,0.69,0.62,自住-首套,两室一厅,78,873,市第二中学地理教师,三口之家(幼龄段),上海中环品质两居，车位及空间极其拥挤,小区无地下车库且人车不分流，小孩在楼下玩耍或者推婴儿车极为不安全。,讲究超高得房率（超85%），主卧套房必须配备独立步入式衣帽间与干湿分离双卫。,主要在陆家嘴/徐家汇CBD上班，首选地铁2/9号线沿线，通勤半小时内。,倡导轻户外，周末常带家人自驾野营或山系徒步，注重生活情调与手作咖啡。,夫妻双方积蓄 + 双方父母出资赞助首付 + 公积金商业组合贷款,重性价比，不盲信大牌，但要求物业管理有序、绿化修剪及时、人防技防规范。,常年本地稳定居住，工作日职住通勤动线规则单一。
上_2003_01157,上海,2003,金融精英,35,男,3.1,18.0,0.4,33.8,2,1,否,A,research,0.76,0.33,0.74,0.73,0.8,0.62,0.63,0.67,0.75,自住-改善,一室一厅,51,3988,老牌证券公司营业部经理,三口之家(幼龄段),陆家嘴核心区江景大平层,无高端私密会所及管家式物业配套，圈层鱼龙混杂，高净值居住体验差。,要求独立电梯入户，主次卧动线分明，配备独立保姆房和私密后院。,主要在陆家嘴/徐家汇CBD上班，首选地铁2/9号线沿线，通勤半小时内。,周末常去高端商圈消费，热衷打网球和马术，重度手冲咖啡及黑胶唱片发烧友。,名下已有企业股权套现或分红现金，一次性全款付清，基本不加杠杆,非仁恒、绿城、万科等金牌开发商不买，极度看重高端精装质量与顶级物业的增值口碑。,常年本地稳定居住，工作日职住通勤动线规则单一。
上_2003_01158,上海,2003,本地改善,38,男,0.9,7.1,0.45,11.8,5,1,否,B,agent,0.75,0.6,0.52,0.46,0.54,0.77,0.57,0.77,0.59,自住-改善,两室两厅,81,1081,国企车间技术主任,三口之家(学龄段),上海中环品质两居，车位及空间极其拥挤,小区无地下车库且人车不分流，小孩在楼下玩耍或者推婴儿车极为不安全。,讲究超高得房率（超85%），主卧套房必须配备独立步入式衣帽间与干湿分离双卫。,主要在陆家嘴/徐家汇CBD上班，首选地铁2/9号线沿线，通勤半小时内。,倡导轻户外，周末常带家人自驾野营或山系徒步，注重生活情调与手作咖啡。,名下持有一套旧两居，置换回款 65% + 个人理财储蓄补充 + 公积金商业贷,重性价比，不盲信大牌，但要求物业管理有序、绿化修剪及时、人防技防规范。,常年本地稳定居住，工作日职住通勤动线规则单一。
上_2003_01159,上海,2003,教育型买房,36,女,0.6,5.0,0.4,9.3,2,1,是,B,social,1,0.47,0.38,0.35,0.54,0.7,0.33,1,0.52,学区房,两室两厅,74,1066,市第二中学地理教师,三口之家(幼龄段),上海中环品质两居，车位及空间极其拥挤,小区无地下车库且人车不分流，小孩在楼下玩耍或者推婴儿车极为不安全。,核心要求地块属于第一梯队名校学区，且周边500米内解决幼小衔接教育配套。,主要在陆家嘴/徐家汇CBD上班，首选地铁2/9号线沿线，通勤半小时内。,倡导轻户外，周末常带家人自驾野营或山系徒步，注重生活情调与手作咖啡。,名下持有一套旧两居，置换回款 65% + 个人理财储蓄补充 + 公积金商业贷,重性价比，不盲信大牌，但要求物业管理有序、绿化修剪及时、人防技防规范。,常年本地稳定居住，工作日职住通勤动线规则单一。
上_2003_01160,上海,2003,本地改善,47,男,0.7,7.5,0.45,12.6,4,2,否,B,agent,0.61,0.47,0.49,0.55,0.46,0.96,0.69,0.74,0.72,自住-改善,两室一厅,86,1223,邮政局局长秘书,二胎黄金期中大户型,上海中环品质两居，车位及空间极其拥挤,小区无地下车库且人车不分流，小孩在楼下玩耍或者推婴儿车极为不安全。,讲究超高得房率（超85%），主卧套房必须配备独立步入式衣帽间与干湿分离双卫。,主要在陆家嘴/徐家汇CBD上班，首选地铁2/9号线沿线，通勤半小时内。,倡导轻户外，周末常带家人自驾野营或山系徒步，注重生活情调与手作咖啡。,名下持有一套旧两居，置换回款 65% + 个人理财储蓄补充 + 公积金商业贷,非仁恒、绿城、万科等金牌开发商不买，极度看重高端精装质量与顶级物业的增值口碑。,常年本地稳定居住，工作日职住通勤动线规则单一。
上_2003_01161,上海,2003,长三角家庭,37,男,1.4,11.3,0.45,18.9,4,1,是,B,agent,0.6,0.52,0.41,0.43,0.55,0.88,0.44,0.77,0.79,自住-首套,一室一厅,99,1318,区财政局科员,三口之家(幼龄段),上海中环品质两居，车位及空间极其拥挤,小区无地下车库且人车不分流，小孩在楼下玩耍或者推婴儿车极为不安全。,讲究超高得房率（超85%），主卧套房必须配备独立步入式衣帽间与干湿分离双卫。,主要在陆家嘴/徐家汇CBD上班，首选地铁2/9号线沿线，通勤半小时内。,倡导轻户外，周末常带家人自驾野营或山系徒步，注重生活情调与手作咖啡。,夫妻双方积蓄 + 双方父母出资赞助首付 + 公积金商业组合贷款,非仁恒、绿城、万科等金牌开发商不买，极度看重高端精装质量与顶级物业的增值口碑。,常年本地稳定居住，工作日职住通勤动线规则单一。
上_2003_01162,上海,2003,本地改善,39,男,1.2,8.7,0.45,14.5,5,3,否,B,agent,0.58,0.63,0.62,0.48,0.54,0.88,0.67,0.62,0.56,自住-改善,一室一厅,87,1063,邮政局局长秘书,二胎黄金期中大户型,上海中环品质两居，车位及空间极其拥挤,小区无地下车库且人车不分流，小孩在楼下玩耍或者推婴儿车极为不安全。,讲究超高得房率（超85%），主卧套房必须配备独立步入式衣帽间与干湿分离双卫。,主要在陆家嘴/徐家汇CBD上班，首选地铁2/9号线沿线，通勤半小时内。,倡导轻户外，周末常带家人自驾野营或山系徒步，注重生活情调与手作咖啡。,名下持有一套旧两居，置换回款 65% + 个人理财储蓄补充 + 公积金商业贷,重性价比，不盲信大牌，但要求物业管理有序、绿化修剪及时、人防技防规范。,常年本地稳定居住，工作日职住通勤动线规则单一。
上_2003_01163,上海,2003,教育型买房,41,男,0.7,7.2,0.4,13.4,3,1,是,B,social,0.8,0.53,0.45,0.58,0.51,0.74,0.56,0.94,0.46,学区房,两室一厅,81,1077,区财政局科员,三口之家(学龄段),上海中环品质两居，车位及空间极其拥挤,小区无地下车库且人车不分流，小孩在楼下玩耍或者推婴儿车极为不安全。,讲究超高得房率（超85%），主卧套房必须配备独立步入式衣帽间与干湿分离双卫。,主要在陆家嘴/徐家汇CBD上班，首选地铁2/9号线沿线，通勤半小时内。,倡导轻户外，周末常带家人自驾野营或山系徒步，注重生活情调与手作咖啡。,名下持有一套旧两居，置换回款 65% + 个人理财储蓄补充 + 公积金商业贷,重性价比，不盲信大牌，但要求物业管理有序、绿化修剪及时、人防技防规范。,常年本地稳定居住，工作日职住通勤动线规则单一。
上_2003_01164,上海,2003,本地改善,47,男,1.0,11.5,0.45,19.2,4,2,是,B,agent,0.7,0.59,0.45,0.48,0.56,0.8,0.65,0.87,0.61,自住-改善,一室一厅,52,2259,区财政局科员,二胎黄金期中大户型,上海中环品质两居，车位及空间极其拥挤,小区无地下车库且人车不分流，小孩在楼下玩耍或者推婴儿车极为不安全。,讲究超高得房率（超85%），主卧套房必须配备独立步入式衣帽间与干湿分离双卫。,主要在陆家嘴/徐家汇CBD上班，首选地铁2/9号线沿线，通勤半小时内。,倡导轻户外，周末常带家人自驾野营或山系徒步，注重生活情调与手作咖啡。,名下持有一套旧两居，置换回款 65% + 个人理财储蓄补充 + 公积金商业贷,重性价比，不盲信大牌，但要求物业管理有序、绿化修剪及时、人防技防规范。,常年本地稳定居住，工作日职住通勤动线规则单一。
上_2003_01165,上海,2003,金融精英,49,男,2.5,14.6,0.4,27.3,3,2,是,A,research,1,0.55,0.53,0.69,0.76,0.78,0.59,0.81,0.86,自住-改善,两室一厅,68,2890,老牌证券公司营业部经理,二胎黄金期中大户型,西湖边高精平层,当前房屋属于旧多层无电梯房，父母年纪渐高每天爬楼梯极为吃力。,讲究超高得房率（超85%），主卧套房必须配备独立步入式衣帽间与干湿分离双卫。,主要在陆家嘴/徐家汇CBD上班，首选地铁2/9号线沿线，通勤半小时内。,周末常去高端商圈消费，热衷打网球和马术，重度手冲咖啡及黑胶唱片发烧友。,名下已有企业股权套现或分红现金，一次性全款付清，基本不加杠杆,非仁恒、绿城、万科等金牌开发商不买，极度看重高端精装质量与顶级物业的增值口碑。,常年本地稳定居住，工作日职住通勤动线规则单一。
上_2003_01166,上海,2003,本地改善,39,男,1.2,15.4,0.45,25.7,4,3,否,B,agent,0.71,0.51,0.55,0.47,0.82,0.87,0.69,0.84,0.53,自住-改善,两室两厅,50,3181,市第二中学地理教师,二胎黄金期中大户型,上海中环品质两居，车位及空间极其拥挤,小区无地下车库且人车不分流，小孩在楼下玩耍或者推婴儿车极为不安全。,讲究超高得房率（超85%），主卧套房必须配备独立步入式衣帽间与干湿分离双卫。,主要在陆家嘴/徐家汇CBD上班，首选地铁2/9号线沿线，通勤半小时内。,倡导轻户外，周末常带家人自驾野营或山系徒步，注重生活情调与手作咖啡。,名下持有一套旧两居，置换回款 65% + 个人理财储蓄补充 + 公积金商业贷,重性价比，不盲信大牌，但要求物业管理有序、绿化修剪及时、人防技防规范。,常年本地稳定居住，工作日职住通勤动线规则单一。
上_2003_01167,上海,2003,本地改善,50,男,1.7,15.4,0.45,25.7,5,2,是,B,agent,1,0.5,0.71,0.66,0.61,0.97,0.5,0.67,0.6,自住-改善,两室一厅,62,3420,区财政局科员,二胎黄金期中大户型,上海中环品质两居，车位及空间极其拥挤,小区无地下车库且人车不分流，小孩在楼下玩耍或者推婴儿车极为不安全。,要求有超大面宽南向双阳台（观景家政分离），主卧大飘窗能270度直面自然景观。,主要在陆家嘴/徐家汇CBD上班，首选地铁2/9号线沿线，通勤半小时内。,倡导轻户外，周末常带家人自驾野营或山系徒步，注重生活情调与手作咖啡。,名下持有一套旧两居，置换回款 65% + 个人理财储蓄补充 + 公积金商业贷,重性价比，不盲信大牌，但要求物业管理有序、绿化修剪及时、人防技防规范。,常年本地稳定居住，工作日职住通勤动线规则单一。
上_2003_01168,上海,2003,金融精英,32,男,2.2,19.5,0.4,36.5,4,1,否,A,research,0.64,0.5,0.69,0.55,0.66,0.71,0.63,0.96,0.82,自住-首套,两室两厅,54,3788,商业银行支行信贷科长,三口之家(幼龄段),市中心私密洋房住宅,无高端私密会所及管家式物业配套，圈层鱼龙混杂，高净值居住体验差。,讲究超高得房率（超85%），主卧套房必须配备独立步入式衣帽间与干湿分离双卫。,主要在陆家嘴/徐家汇CBD上班，首选地铁2/9号线沿线，通勤半小时内。,周末常去高端商圈消费，热衷打网球和马术，重度手冲咖啡及黑胶唱片发烧友。,夫妻双方积蓄 + 双方父母出资赞助首付 + 公积金商业组合贷款,非仁恒、绿城、万科等金牌开发商不买，极度看重高端精装质量与顶级物业的增值口碑。,常年本地稳定居住，工作日职住通勤动线规则单一。
上_2003_01169,上海,2003,本地改善,57,女,1.3,15.5,0.45,25.8,4,2,是,B,agent,0.99,0.53,0.44,0.48,0.56,0.88,0.53,0.76,0.71,自住-改善,两室两厅,71,2313,市第二中学地理教师,二胎黄金期中大户型,上海中环品质两居，车位及空间极其拥挤,小区无地下车库且人车不分流，小孩在楼下玩耍或者推婴儿车极为不安全。,讲究超高得房率（超85%），主卧套房必须配备独立步入式衣帽间与干湿分离双卫。,主要在陆家嘴/徐家汇CBD上班，首选地铁2/9号线沿线，通勤半小时内。,倡导轻户外，周末常带家人自驾野营或山系徒步，注重生活情调与手作咖啡。,名下持有一套旧两居，置换回款 65% + 个人理财储蓄补充 + 公积金商业贷,非仁恒、绿城、万科等金牌开发商不买，极度看重高端精装质量与顶级物业的增值口碑。,常年本地稳定居住，工作日职住通勤动线规则单一。
上_2003_01170,上海,2003,教育型买房,38,男,1.1,10.6,0.4,19.8,2,1,是,B,social,1,0.61,0.24,0.46,0.69,0.66,0.65,1,0.54,学区房,两室两厅,94,1309,邮政局局长秘书,三口之家(学龄段),上海中环品质两居，车位及空间极其拥挤,小区无地下车库且人车不分流，小孩在楼下玩耍或者推婴儿车极为不安全。,核心要求地块属于第一梯队名校学区，且周边500米内解决幼小衔接教育配套。,主要在陆家嘴/徐家汇CBD上班，首选地铁2/9号线沿线，通勤半小时内。,倡导轻户外，周末常带家人自驾野营或山系徒步，注重生活情调与手作咖啡。,名下持有一套旧两居，置换回款 65% + 个人理财储蓄补充 + 公积金商业贷,重性价比，不盲信大牌，但要求物业管理有序、绿化修剪及时、人防技防规范。,常年本地稳定居住，工作日职住通勤动线规则单一。
上_2003_01171,上海,2003,本地改善,41,男,0.7,8.7,0.45,14.5,4,2,否,B,agent,0.61,0.59,0.58,0.47,0.51,0.83,0.54,0.7,0.56,自住-改善,两室一厅,66,1546,市第二中学地理教师,二胎黄金期中大户型,上海中环品质两居，车位及空间极其拥挤,小区无地下车库且人车不分流，小孩在楼下玩耍或者推婴儿车极为不安全。,讲究超高得房率（超85%），主卧套房必须配备独立步入式衣帽间与干湿分离双卫。,主要在陆家嘴/徐家汇CBD上班，首选地铁2/9号线沿线，通勤半小时内。,倡导轻户外，周末常带家人自驾野营或山系徒步，注重生活情调与手作咖啡。,名下持有一套旧两居，置换回款 65% + 个人理财储蓄补充 + 公积金商业贷,重性价比，不盲信大牌，但要求物业管理有序、绿化修剪及时、人防技防规范。,常年本地稳定居住，工作日职住通勤动线规则单一。
上_2003_01172,上海,2003,金融精英,50,男,2.4,14.2,0.4,26.7,3,1,否,A,research,0.51,0.55,0.68,0.63,0.79,0.74,0.74,0.83,0.75,自住-改善,一室一厅,64,2213,商业银行支行信贷科长,三口之家(学龄段),市中心私密洋房住宅,无高端私密会所及管家式物业配套，圈层鱼龙混杂，高净值居住体验差。,讲究超高得房率（超85%），主卧套房必须配备独立步入式衣帽间与干湿分离双卫。,主要在陆家嘴/徐家汇CBD上班，首选地铁2/9号线沿线，通勤半小时内。,周末常去高端商圈消费，热衷打网球和马术，重度手冲咖啡及黑胶唱片发烧友。,名下已有企业股权套现或分红现金，一次性全款付清，基本不加杠杆,非仁恒、绿城、万科等金牌开发商不买，极度看重高端精装质量与顶级物业的增值口碑。,常年本地稳定居住，工作日职住通勤动线规则单一。
上_2003_01173,上海,2003,长三角家庭,35,男,1.5,8.6,0.45,14.4,3,2,否,B,agent,0.73,0.64,0.62,0.49,0.62,0.94,0.4,0.69,0.63,自住-改善,两室两厅,52,1680,市第二中学地理教师,二胎黄金期中大户型,上海中环品质两居，车位及空间极其拥挤,小区无地下车库且人车不分流，小孩在楼下玩耍或者推婴儿车极为不安全。,讲究超高得房率（超85%），主卧套房必须配备独立步入式衣帽间与干湿分离双卫。,主要在陆家嘴/徐家汇CBD上班，首选地铁2/9号线沿线，通勤半小时内。,倡导轻户外，周末常带家人自驾野营或山系徒步，注重生活情调与手作咖啡。,名下持有一套旧两居，置换回款 65% + 个人理财储蓄补充 + 公积金商业贷,重性价比，不盲信大牌，但要求物业管理有序、绿化修剪及时、人防技防规范。,常年本地稳定居住，工作日职住通勤动线规则单一。
上_2003_01174,上海,2003,长三角家庭,53,女,1.0,6.6,0.45,11.0,4,2,是,B,agent,0.77,0.53,0.58,0.47,0.24,0.82,0.57,0.7,0.71,自住-首套,两室两厅,67,1341,邮政局局长秘书,二胎黄金期中大户型,上海中环品质两居，车位及空间极其拥挤,小区无地下车库且人车不分流，小孩在楼下玩耍或者推婴儿车极为不安全。,讲究超高得房率（超85%），主卧套房必须配备独立步入式衣帽间与干湿分离双卫。,主要在陆家嘴/徐家汇CBD上班，首选地铁2/9号线沿线，通勤半小时内。,倡导轻户外，周末常带家人自驾野营或山系徒步，注重生活情调与手作咖啡。,夫妻双方积蓄 + 双方父母出资赞助首付 + 公积金商业组合贷款,非仁恒、绿城、万科等金牌开发商不买，极度看重高端精装质量与顶级物业的增值口碑。,常年本地稳定居住，工作日职住通勤动线规则单一。
上_2003_01175,上海,2003,本地改善,43,女,0.9,7.3,0.45,12.2,4,1,是,B,agent,0.66,0.35,0.53,0.44,0.58,0.82,0.56,0.69,0.56,自住-改善,两室一厅,79,973,邮政局局长秘书,三口之家(学龄段),上海中环品质两居，车位及空间极其拥挤,小区无地下车库且人车不分流，小孩在楼下玩耍或者推婴儿车极为不安全。,讲究超高得房率（超85%），主卧套房必须配备独立步入式衣帽间与干湿分离双卫。,主要在陆家嘴/徐家汇CBD上班，首选地铁2/9号线沿线，通勤半小时内。,倡导轻户外，周末常带家人自驾野营或山系徒步，注重生活情调与手作咖啡。,名下持有一套旧两居，置换回款 65% + 个人理财储蓄补充 + 公积金商业贷,重性价比，不盲信大牌，但要求物业管理有序、绿化修剪及时、人防技防规范。,常年本地稳定居住，工作日职住通勤动线规则单一。
上_2003_01176,上海,2003,教育型买房,41,女,0.6,3.3,0.4,6.2,3,2,否,B,social,0.94,0.46,0.37,0.31,0.62,0.59,0.49,0.87,0.64,学区房,一室一厅,92,535,国企车间技术主任,二胎黄金期中大户型,上海中环品质两居，车位及空间极其拥挤,小区无地下车库且人车不分流，小孩在楼下玩耍或者推婴儿车极为不安全。,核心要求地块属于第一梯队名校学区，且周边500米内解决幼小衔接教育配套。,主要在陆家嘴/徐家汇CBD上班，首选地铁2/9号线沿线，通勤半小时内。,倡导轻户外，周末常带家人自驾野营或山系徒步，注重生活情调与手作咖啡。,名下持有一套旧两居，置换回款 65% + 个人理财储蓄补充 + 公积金商业贷,重性价比，不盲信大牌，但要求物业管理有序、绿化修剪及时、人防技防规范。,常年本地稳定居住，工作日职住通勤动线规则单一。
上_2003_01177,上海,2003,本地改善,56,女,1.1,12.9,0.45,21.5,4,2,是,B,agent,0.62,0.39,0.68,0.38,0.61,0.81,0.46,0.67,0.72,自住-改善,两室两厅,86,1901,国企车间技术主任,二胎黄金期中大户型,上海中环品质两居，车位及空间极其拥挤,小区无地下车库且人车不分流，小孩在楼下玩耍或者推婴儿车极为不安全。,讲究超高得房率（超85%），主卧套房必须配备独立步入式衣帽间与干湿分离双卫。,主要在陆家嘴/徐家汇CBD上班，首选地铁2/9号线沿线，通勤半小时内。,倡导轻户外，周末常带家人自驾野营或山系徒步，注重生活情调与手作咖啡。,名下持有一套旧两居，置换回款 65% + 个人理财储蓄补充 + 公积金商业贷,非仁恒、绿城、万科等金牌开发商不买，极度看重高端精装质量与顶级物业的增值口碑。,常年本地稳定居住，工作日职住通勤动线规则单一。
上_2003_01178,上海,2003,金融精英,35,男,2.9,28.0,0.4,52.6,4,1,否,A,research,1,0.31,0.77,0.65,0.72,0.79,0.88,0.91,0.89,自住-改善,两室两厅,61,5156,商业银行支行信贷科长,三口之家(幼龄段),市中心私密洋房住宅,无高端私密会所及管家式物业配套，圈层鱼龙混杂，高净值居住体验差。,要求有超大面宽南向双阳台（观景家政分离），主卧大飘窗能270度直面自然景观。,主要在陆家嘴/徐家汇CBD上班，首选地铁2/9号线沿线，通勤半小时内。,周末常去高端商圈消费，热衷打网球和马术，重度手冲咖啡及黑胶唱片发烧友。,名下已有企业股权套现或分红现金，一次性全款付清，基本不加杠杆,非仁恒、绿城、万科等金牌开发商不买，极度看重高端精装质量与顶级物业的增值口碑。,常年本地稳定居住，工作日职住通勤动线规则单一。
上_2003_01179,上海,2003,教育型买房,38,女,1.5,11.4,0.4,21.4,2,0,否,B,social,1,0.55,0.43,0.4,0.58,0.71,0.45,1,0.63,学区房,两室两厅,85,2121,市第二中学地理教师,成熟期核心家庭,上海中环品质两居，车位及空间极其拥挤,老小区隔音差，邻里滋扰严重，且车位严重匮乏，每晚加班回来抢车位像打仗。,讲究超高得房率（超85%），主卧套房必须配备独立步入式衣帽间与干湿分离双卫。,主要在陆家嘴/徐家汇CBD上班，首选地铁2/9号线沿线，通勤半小时内。,倡导轻户外，周末常带家人自驾野营或山系徒步，注重生活情调与手作咖啡。,名下持有一套旧两居，置换回款 65% + 个人理财储蓄补充 + 公积金商业贷,重性价比，不盲信大牌，但要求物业管理有序、绿化修剪及时、人防技防规范。,常年本地稳定居住，工作日职住通勤动线规则单一。
上_2003_01180,上海,2003,外籍海归,38,男,1.0,5.9,0.4,11.0,4,1,否,A,social,0.69,0.48,0.59,0.46,0.77,0.7,0.59,0.88,0.77,自住-改善,两室一厅,94,823,合资日化企业技术主管,三口之家(学龄段),陆家嘴核心区江景大平层,无高端私密会所及管家式物业配套，圈层鱼龙混杂，高净值居住体验差。,讲究超高得房率（超85%），主卧套房必须配备独立步入式衣帽间与干湿分离双卫。,主要在陆家嘴/徐家汇CBD上班，首选地铁2/9号线沿线，通勤半小时内。,周末常去高端商圈消费，热衷打网球和马术，重度手冲咖啡及黑胶唱片发烧友。,名下已有企业股权套现或分红现金，一次性全款付清，基本不加杠杆,非仁恒、绿城、万科等金牌开发商不买，极度看重高端精装质量与顶级物业的增值口碑。,常年本地稳定居住，工作日职住通勤动线规则单一。
上_2003_01181,上海,2003,金融精英,38,女,2.1,14.6,0.4,27.4,3,1,是,A,research,0.78,0.43,0.53,0.69,0.86,0.64,0.87,0.69,0.8,自住-首套,两室两厅,65,2868,商业银行支行信贷科长,三口之家(学龄段),陆家嘴核心区江景大平层,当前房屋属于旧多层无电梯房，父母年纪渐高每天爬楼梯极为吃力。,要求采光通透，全明户型，带多功能嵌入式收纳墙以最大化空间利用。,主要在陆家嘴/徐家汇CBD上班，首选地铁2/9号线沿线，通勤半小时内。,周末常去高端商圈消费，热衷打网球和马术，重度手冲咖啡及黑胶唱片发烧友。,夫妻双方积蓄 + 双方父母出资赞助首付 + 公积金商业组合贷款,非仁恒、绿城、万科等金牌开发商不买，极度看重高端精装质量与顶级物业的增值口碑。,常年本地稳定居住，工作日职住通勤动线规则单一。
上_2003_01182,上海,2003,金融精英,39,男,3.2,23.6,0.4,44.3,4,1,否,A,research,0.72,0.43,0.66,0.66,0.67,0.68,0.73,0.79,0.79,自住-首套,一室一厅,96,3033,老牌证券公司营业部经理,三口之家(学龄段),陆家嘴核心区江景大平层,无高端私密会所及管家式物业配套，圈层鱼龙混杂，高净值居住体验差。,核心要求地块属于第一梯队名校学区，且周边500米内解决幼小衔接教育配套。,主要在陆家嘴/徐家汇CBD上班，首选地铁2/9号线沿线，通勤半小时内。,周末常去高端商圈消费，热衷打网球和马术，重度手冲咖啡及黑胶唱片发烧友。,夫妻双方积蓄 + 双方父母出资赞助首付 + 公积金商业组合贷款,非仁恒、绿城、万科等金牌开发商不买，极度看重高端精装质量与顶级物业的增值口碑。,常年本地稳定居住，工作日职住通勤动线规则单一。
上_2003_01183,上海,2003,本地改善,49,男,0.7,8.0,0.45,13.4,3,2,否,B,agent,0.71,0.52,0.54,0.37,0.55,0.88,0.7,0.73,0.65,自住-改善,两室两厅,74,1451,市第二中学地理教师,二胎黄金期中大户型,上海中环品质两居，车位及空间极其拥挤,小区无地下车库且人车不分流，小孩在楼下玩耍或者推婴儿车极为不安全。,讲究超高得房率（超85%），主卧套房必须配备独立步入式衣帽间与干湿分离双卫。,主要在陆家嘴/徐家汇CBD上班，首选地铁2/9号线沿线，通勤半小时内。,倡导轻户外，周末常带家人自驾野营或山系徒步，注重生活情调与手作咖啡。,名下持有一套旧两居，置换回款 65% + 个人理财储蓄补充 + 公积金商业贷,重性价比，不盲信大牌，但要求物业管理有序、绿化修剪及时、人防技防规范。,常年本地稳定居住，工作日职住通勤动线规则单一。
上_2003_01184,上海,2003,金融精英,35,女,1.5,14.4,0.4,27.1,3,0,是,A,research,0.6,0.46,0.61,0.63,0.92,0.82,0.68,0.88,0.68,自住-首套,两室两厅,57,3932,申银万国证券分析员,新婚过渡两居,市中心私密洋房住宅,当前房屋属于旧多层无电梯房，父母年纪渐高每天爬楼梯极为吃力。,讲究超高得房率（超85%），主卧套房必须配备独立步入式衣帽间与干湿分离双卫。,主要在陆家嘴/徐家汇CBD上班，首选地铁2/9号线沿线，通勤半小时内。,周末常去高端商圈消费，热衷打网球和马术，重度手冲咖啡及黑胶唱片发烧友。,夫妻双方积蓄 + 双方父母出资赞助首付 + 公积金商业组合贷款,重性价比，不盲信大牌，但要求物业管理有序、绿化修剪及时、人防技防规范。,常年本地稳定居住，工作日职住通勤动线规则单一。
上_2003_01185,上海,2003,教育型买房,38,男,1.5,11.3,0.4,21.3,4,2,否,B,social,0.67,0.54,0.3,0.48,0.56,0.72,0.64,0.98,0.67,学区房,一室一厅,91,2038,区财政局科员,二胎黄金期中大户型,上海中环品质两居，车位及空间极其拥挤,小区无地下车库且人车不分流，小孩在楼下玩耍或者推婴儿车极为不安全。,讲究超高得房率（超85%），主卧套房必须配备独立步入式衣帽间与干湿分离双卫。,主要在陆家嘴/徐家汇CBD上班，首选地铁2/9号线沿线，通勤半小时内。,倡导轻户外，周末常带家人自驾野营或山系徒步，注重生活情调与手作咖啡。,名下持有一套旧两居，置换回款 65% + 个人理财储蓄补充 + 公积金商业贷,重性价比，不盲信大牌，但要求物业管理有序、绿化修剪及时、人防技防规范。,常年本地稳定居住，工作日职住通勤动线规则单一。
上_2003_01186,上海,2003,教育型买房,45,男,1.7,15.5,0.4,29.0,3,1,是,B,social,0.91,0.47,0.39,0.39,0.55,0.86,0.52,0.97,0.6,学区房,两室一厅,89,1795,区财政局科员,三口之家(学龄段),上海中环品质两居，车位及空间极其拥挤,小区无地下车库且人车不分流，小孩在楼下玩耍或者推婴儿车极为不安全。,讲究超高得房率（超85%），主卧套房必须配备独立步入式衣帽间与干湿分离双卫。,主要在陆家嘴/徐家汇CBD上班，首选地铁2/9号线沿线，通勤半小时内。,倡导轻户外，周末常带家人自驾野营或山系徒步，注重生活情调与手作咖啡。,名下持有一套旧两居，置换回款 65% + 个人理财储蓄补充 + 公积金商业贷,重性价比，不盲信大牌，但要求物业管理有序、绿化修剪及时、人防技防规范。,常年本地稳定居住，工作日职住通勤动线规则单一。
上_2003_01187,上海,2003,本地改善,56,女,0.7,6.6,0.45,11.0,5,1,是,B,agent,0.76,0.46,0.62,0.54,0.42,0.78,0.63,0.72,0.62,自住-改善,一室一厅,95,890,市第二中学地理教师,三口之家(学龄段),上海中环品质两居，车位及空间极其拥挤,小区无地下车库且人车不分流，小孩在楼下玩耍或者推婴儿车极为不安全。,讲究超高得房率（超85%），主卧套房必须配备独立步入式衣帽间与干湿分离双卫。,主要在陆家嘴/徐家汇CBD上班，首选地铁2/9号线沿线，通勤半小时内。,倡导轻户外，周末常带家人自驾野营或山系徒步，注重生活情调与手作咖啡。,名下持有一套旧两居，置换回款 65% + 个人理财储蓄补充 + 公积金商业贷,重性价比，不盲信大牌，但要求物业管理有序、绿化修剪及时、人防技防规范。,常年本地稳定居住，工作日职住通勤动线规则单一。
上_2003_01188,上海,2003,金融精英,43,女,1.9,14.2,0.4,26.6,4,1,否,A,research,0.77,0.49,0.51,0.58,0.79,0.89,0.65,0.75,0.83,自住-改善,两室两厅,96,2119,老牌证券公司营业部经理,三口之家(学龄段),陆家嘴核心区江景大平层,无高端私密会所及管家式物业配套，圈层鱼龙混杂，高净值居住体验差。,讲究超高得房率（超85%），主卧套房必须配备独立步入式衣帽间与干湿分离双卫。,主要在陆家嘴/徐家汇CBD上班，首选地铁2/9号线沿线，通勤半小时内。,周末常去高端商圈消费，热衷打网球和马术，重度手冲咖啡及黑胶唱片发烧友。,名下已有企业股权套现或分红现金，一次性全款付清，基本不加杠杆,非仁恒、绿城、万科等金牌开发商不买，极度看重高端精装质量与顶级物业的增值口碑。,常年本地稳定居住，工作日职住通勤动线规则单一。
上_2003_01189,上海,2003,教育型买房,47,男,0.9,7.7,0.4,14.4,3,0,是,B,social,1,0.38,0.33,0.28,0.6,0.61,0.57,0.9,0.53,学区房,两室两厅,86,1203,邮政局局长秘书,成熟期核心家庭,上海中环品质两居，车位及空间极其拥挤,当前房屋属于旧多层无电梯房，父母年纪渐高每天爬楼梯极为吃力。,核心要求地块属于第一梯队名校学区，且周边500米内解决幼小衔接教育配套。,主要在陆家嘴/徐家汇CBD上班，首选地铁2/9号线沿线，通勤半小时内。,倡导轻户外，周末常带家人自驾野营或山系徒步，注重生活情调与手作咖啡。,名下持有一套旧两居，置换回款 65% + 个人理财储蓄补充 + 公积金商业贷,重性价比，不盲信大牌，但要求物业管理有序、绿化修剪及时、人防技防规范。,常年本地稳定居住，工作日职住通勤动线规则单一。
上_2003_01190,上海,2003,本地改善,52,女,0.6,7.6,0.45,12.7,4,2,是,B,agent,0.69,0.63,0.56,0.47,0.5,0.84,0.6,0.69,0.64,自住-改善,两室两厅,70,1541,市第二中学地理教师,二胎黄金期中大户型,上海中环品质两居，车位及空间极其拥挤,小区无地下车库且人车不分流，小孩在楼下玩耍或者推婴儿车极为不安全。,讲究超高得房率（超85%），主卧套房必须配备独立步入式衣帽间与干湿分离双卫。,主要在陆家嘴/徐家汇CBD上班，首选地铁2/9号线沿线，通勤半小时内。,倡导轻户外，周末常带家人自驾野营或山系徒步，注重生活情调与手作咖啡。,名下持有一套旧两居，置换回款 65% + 个人理财储蓄补充 + 公积金商业贷,重性价比，不盲信大牌，但要求物业管理有序、绿化修剪及时、人防技防规范。,常年本地稳定居住，工作日职住通勤动线规则单一。
上_2003_01191,上海,2003,金融精英,45,男,1.5,14.1,0.4,26.4,3,0,否,A,research,0.58,0.49,0.47,0.54,0.85,0.7,0.7,0.86,0.83,自住-首套,两室一厅,65,3279,老牌证券公司营业部经理,成熟期核心家庭,陆家嘴核心区江景大平层,无高端私密会所及管家式物业配套，圈层鱼龙混杂，高净值居住体验差。,讲究超高得房率（超85%），主卧套房必须配备独立步入式衣帽间与干湿分离双卫。,主要在陆家嘴/徐家汇CBD上班，首选地铁2/9号线沿线，通勤半小时内。,周末常去高端商圈消费，热衷打网球和马术，重度手冲咖啡及黑胶唱片发烧友。,夫妻双方积蓄 + 双方父母出资赞助首付 + 公积金商业组合贷款,非仁恒、绿城、万科等金牌开发商不买，极度看重高端精装质量与顶级物业的增值口碑。,常年本地稳定居住，工作日职住通勤动线规则单一。
上_2003_01192,上海,2003,本地改善,38,男,0.5,6.4,0.45,10.7,4,2,否,B,agent,0.68,0.43,0.4,0.48,0.5,0.74,0.6,0.71,0.72,自住-改善,一室一厅,81,1064,国企车间技术主任,二胎黄金期中大户型,上海中环品质两居，车位及空间极其拥挤,小区无地下车库且人车不分流，小孩在楼下玩耍或者推婴儿车极为不安全。,讲究超高得房率（超85%），主卧套房必须配备独立步入式衣帽间与干湿分离双卫。,主要在陆家嘴/徐家汇CBD上班，首选地铁2/9号线沿线，通勤半小时内。,倡导轻户外，周末常带家人自驾野营或山系徒步，注重生活情调与手作咖啡。,名下持有一套旧两居，置换回款 65% + 个人理财储蓄补充 + 公积金商业贷,非仁恒、绿城、万科等金牌开发商不买，极度看重高端精装质量与顶级物业的增值口碑。,常年本地稳定居住，工作日职住通勤动线规则单一。
上_2003_01193,上海,2003,本地改善,53,女,0.9,7.6,0.45,12.7,3,2,是,B,agent,0.74,0.55,0.59,0.49,0.67,0.72,0.59,0.76,0.58,自住-改善,两室一厅,78,1078,区财政局科员,二胎黄金期中大户型,上海中环品质两居，车位及空间极其拥挤,小区无地下车库且人车不分流，小孩在楼下玩耍或者推婴儿车极为不安全。,讲究超高得房率（超85%），主卧套房必须配备独立步入式衣帽间与干湿分离双卫。,主要在陆家嘴/徐家汇CBD上班，首选地铁2/9号线沿线，通勤半小时内。,倡导轻户外，周末常带家人自驾野营或山系徒步，注重生活情调与手作咖啡。,名下持有一套旧两居，置换回款 65% + 个人理财储蓄补充 + 公积金商业贷,重性价比，不盲信大牌，但要求物业管理有序、绿化修剪及时、人防技防规范。,常年本地稳定居住，工作日职住通勤动线规则单一。
上_2003_01194,上海,2003,本地改善,51,男,0.6,5.5,0.45,9.1,4,2,否,B,agent,0.82,0.54,0.75,0.6,0.62,0.9,0.54,0.69,0.52,自住-改善,两室一厅,99,702,邮政局局长秘书,二胎黄金期中大户型,上海中环品质两居，车位及空间极其拥挤,小区无地下车库且人车不分流，小孩在楼下玩耍或者推婴儿车极为不安全。,要求有超大面宽南向双阳台（观景家政分离），主卧大飘窗能270度直面自然景观。,主要在陆家嘴/徐家汇CBD上班，首选地铁2/9号线沿线，通勤半小时内。,倡导轻户外，周末常带家人自驾野营或山系徒步，注重生活情调与手作咖啡。,名下持有一套旧两居，置换回款 65% + 个人理财储蓄补充 + 公积金商业贷,重性价比，不盲信大牌，但要求物业管理有序、绿化修剪及时、人防技防规范。,常年本地稳定居住，工作日职住通勤动线规则单一。
上_2003_01195,上海,2003,本地改善,42,男,1.7,15.2,0.45,25.3,4,1,否,B,agent,0.73,0.52,0.59,0.55,0.5,0.79,0.51,0.76,0.74,自住-改善,两室一厅,93,2250,市第二中学地理教师,三口之家(学龄段),上海中环品质两居，车位及空间极其拥挤,小区无地下车库且人车不分流，小孩在楼下玩耍或者推婴儿车极为不安全。,讲究超高得房率（超85%），主卧套房必须配备独立步入式衣帽间与干湿分离双卫。,主要在陆家嘴/徐家汇CBD上班，首选地铁2/9号线沿线，通勤半小时内。,倡导轻户外，周末常带家人自驾野营或山系徒步，注重生活情调与手作咖啡。,名下持有一套旧两居，置换回款 65% + 个人理财储蓄补充 + 公积金商业贷,非仁恒、绿城、万科等金牌开发商不买，极度看重高端精装质量与顶级物业的增值口碑。,常年本地稳定居住，工作日职住通勤动线规则单一。
上_2003_01196,上海,2003,金融精英,34,女,1.0,5.9,0.4,11.1,4,0,否,A,research,1,0.48,0.58,0.6,0.66,0.66,0.66,0.85,0.88,婚房,一室一厅,97,878,老牌证券公司营业部经理,新婚过渡两居,陆家嘴核心区江景大平层,无高端私密会所及管家式物业配套，圈层鱼龙混杂，高净值居住体验差。,核心要求地块属于第一梯队名校学区，且周边500米内解决幼小衔接教育配套。,主要在陆家嘴/徐家汇CBD上班，首选地铁2/9号线沿线，通勤半小时内。,周末常去高端商圈消费，热衷打网球和马术，重度手冲咖啡及黑胶唱片发烧友。,夫妻双方积蓄 + 双方父母出资赞助首付 + 公积金商业组合贷款,非仁恒、绿城、万科等金牌开发商不买，极度看重高端精装质量与顶级物业的增值口碑。,常年本地稳定居住，工作日职住通勤动线规则单一。
上_2003_01197,上海,2003,教育型买房,47,女,2.2,16.5,0.4,30.9,4,0,否,B,social,0.82,0.57,0.3,0.49,0.56,0.85,0.58,1,0.58,学区房,两室一厅,93,2222,市第二中学地理教师,成熟期核心家庭,上海中环品质两居，车位及空间极其拥挤,老小区隔音差，邻里滋扰严重，且车位严重匮乏，每晚加班回来抢车位像打仗。,讲究超高得房率（超85%），主卧套房必须配备独立步入式衣帽间与干湿分离双卫。,主要在陆家嘴/徐家汇CBD上班，首选地铁2/9号线沿线，通勤半小时内。,倡导轻户外，周末常带家人自驾野营或山系徒步，注重生活情调与手作咖啡。,名下持有一套旧两居，置换回款 65% + 个人理财储蓄补充 + 公积金商业贷,重性价比，不盲信大牌，但要求物业管理有序、绿化修剪及时、人防技防规范。,常年本地稳定居住，工作日职住通勤动线规则单一。
上_2003_01198,上海,2003,教育型买房,41,女,1.6,9.4,0.4,17.6,3,1,否,B,social,0.83,0.58,0.3,0.43,0.55,0.68,0.51,1,0.69,学区房,两室一厅,87,1694,市第二中学地理教师,三口之家(学龄段),上海中环品质两居，车位及空间极其拥挤,小区无地下车库且人车不分流，小孩在楼下玩耍或者推婴儿车极为不安全。,核心要求地块属于第一梯队名校学区，且周边500米内解决幼小衔接教育配套。,主要在陆家嘴/徐家汇CBD上班，首选地铁2/9号线沿线，通勤半小时内。,倡导轻户外，周末常带家人自驾野营或山系徒步，注重生活情调与手作咖啡。,名下持有一套旧两居，置换回款 65% + 个人理财储蓄补充 + 公积金商业贷,重性价比，不盲信大牌，但要求物业管理有序、绿化修剪及时、人防技防规范。,常年本地稳定居住，工作日职住通勤动线规则单一。
上_2003_01199,上海,2003,金融精英,33,女,1.5,14.0,0.4,26.2,4,1,否,A,research,0.59,0.44,0.65,0.57,0.64,0.6,0.53,0.72,0.84,婚房,一室一厅,82,1988,商业银行支行信贷科长,三口之家(幼龄段),陆家嘴核心区江景大平层,无高端私密会所及管家式物业配套，圈层鱼龙混杂，高净值居住体验差。,核心要求地块属于第一梯队名校学区，且周边500米内解决幼小衔接教育配套。,主要在陆家嘴/徐家汇CBD上班，首选地铁2/9号线沿线，通勤半小时内。,周末常去高端商圈消费，热衷打网球和马术，重度手冲咖啡及黑胶唱片发烧友。,夫妻双方积蓄 + 双方父母出资赞助首付 + 公积金商业组合贷款,非仁恒、绿城、万科等金牌开发商不买，极度看重高端精装质量与顶级物业的增值口碑。,常年本地稳定居住，工作日职住通勤动线规则单一。
上_2003_01200,上海,2003,金融精英,34,女,0.7,4.2,0.4,7.8,4,1,否,A,research,0.83,0.49,0.61,0.72,0.84,0.77,0.8,0.84,0.77,婚房,两室两厅,61,925,申银万国证券分析员,三口之家(幼龄段),陆家嘴核心区江景大平层,无高端私密会所及管家式物业配套，圈层鱼龙混杂，高净值居住体验差。,要求独立电梯入户，主次卧动线分明，配备独立保姆房和私密后院。,主要在陆家嘴/徐家汇CBD上班，首选地铁2/9号线沿线，通勤半小时内。,周末常去高端商圈消费，热衷打网球和马术，重度手冲咖啡及黑胶唱片发烧友。,夫妻双方积蓄 + 双方父母出资赞助首付 + 公积金商业组合贷款,非仁恒、绿城、万科等金牌开发商不买，极度看重高端精装质量与顶级物业的增值口碑。,常年本地稳定居住，工作日职住通勤动线规则单一。
上_2003_01201,上海,2003,本地改善,56,男,0.6,6.6,0.45,11.0,4,2,否,B,agent,0.77,0.41,0.5,0.49,0.54,0.9,0.64,0.85,0.67,自住-改善,两室两厅,98,860,市第二中学地理教师,二胎黄金期中大户型,上海中环品质两居，车位及空间极其拥挤,小区无地下车库且人车不分流，小孩在楼下玩耍或者推婴儿车极为不安全。,讲究超高得房率（超85%），主卧套房必须配备独立步入式衣帽间与干湿分离双卫。,主要在陆家嘴/徐家汇CBD上班，首选地铁2/9号线沿线，通勤半小时内。,倡导轻户外，周末常带家人自驾野营或山系徒步，注重生活情调与手作咖啡。,名下持有一套旧两居，置换回款 65% + 个人理财储蓄补充 + 公积金商业贷,重性价比，不盲信大牌，但要求物业管理有序、绿化修剪及时、人防技防规范。,常年本地稳定居住，工作日职住通勤动线规则单一。
上_2003_01202,上海,2003,本地改善,49,女,0.6,4.5,0.45,7.5,4,2,是,B,agent,0.71,0.56,0.53,0.52,0.53,0.82,0.47,0.77,0.56,自住-改善,一室一厅,92,612,国企车间技术主任,二胎黄金期中大户型,上海中环品质两居，车位及空间极其拥挤,小区无地下车库且人车不分流，小孩在楼下玩耍或者推婴儿车极为不安全。,讲究超高得房率（超85%），主卧套房必须配备独立步入式衣帽间与干湿分离双卫。,主要在陆家嘴/徐家汇CBD上班，首选地铁2/9号线沿线，通勤半小时内。,倡导轻户外，周末常带家人自驾野营或山系徒步，注重生活情调与手作咖啡。,名下持有一套旧两居，置换回款 65% + 个人理财储蓄补充 + 公积金商业贷,重性价比，不盲信大牌，但要求物业管理有序、绿化修剪及时、人防技防规范。,常年本地稳定居住，工作日职住通勤动线规则单一。
上_2003_01203,上海,2003,教育型买房,47,男,2.0,16.2,0.4,30.4,3,1,否,B,social,0.76,0.45,0.39,0.4,0.59,0.56,0.59,1,0.58,学区房,一室一厅,58,3569,邮政局局长秘书,三口之家(学龄段),上海中环品质两居，车位及空间极其拥挤,小区无地下车库且人车不分流，小孩在楼下玩耍或者推婴儿车极为不安全。,核心要求地块属于第一梯队名校学区，且周边500米内解决幼小衔接教育配套。,主要在陆家嘴/徐家汇CBD上班，首选地铁2/9号线沿线，通勤半小时内。,倡导轻户外，周末常带家人自驾野营或山系徒步，注重生活情调与手作咖啡。,名下持有一套旧两居，置换回款 65% + 个人理财储蓄补充 + 公积金商业贷,重性价比，不盲信大牌，但要求物业管理有序、绿化修剪及时、人防技防规范。,常年本地稳定居住，工作日职住通勤动线规则单一。
上_2003_01204,上海,2003,长三角家庭,43,女,1.3,8.9,0.45,14.8,5,3,是,B,agent,0.74,0.72,0.55,0.48,0.53,0.73,0.45,0.69,0.71,自住-改善,两室一厅,86,1076,市第二中学地理教师,二胎黄金期中大户型,上海中环品质两居，车位及空间极其拥挤,小区无地下车库且人车不分流，小孩在楼下玩耍或者推婴儿车极为不安全。,讲究超高得房率（超85%），主卧套房必须配备独立步入式衣帽间与干湿分离双卫。,主要在陆家嘴/徐家汇CBD上班，首选地铁2/9号线沿线，通勤半小时内。,倡导轻户外，周末常带家人自驾野营或山系徒步，注重生活情调与手作咖啡。,名下持有一套旧两居，置换回款 65% + 个人理财储蓄补充 + 公积金商业贷,非仁恒、绿城、万科等金牌开发商不买，极度看重高端精装质量与顶级物业的增值口碑。,常年本地稳定居住，工作日职住通勤动线规则单一。
上_2003_01205,上海,2003,教育型买房,37,男,1.2,9.0,0.4,16.9,3,0,是,B,social,0.76,0.51,0.53,0.23,0.57,0.77,0.55,0.94,0.56,学区房,两室一厅,68,1536,邮政局局长秘书,成熟期核心家庭,上海中环品质两居，车位及空间极其拥挤,当前房屋属于旧多层无电梯房，父母年纪渐高每天爬楼梯极为吃力。,讲究超高得房率（超85%），主卧套房必须配备独立步入式衣帽间与干湿分离双卫。,主要在陆家嘴/徐家汇CBD上班，首选地铁2/9号线沿线，通勤半小时内。,倡导轻户外，周末常带家人自驾野营或山系徒步，注重生活情调与手作咖啡。,名下持有一套旧两居，置换回款 65% + 个人理财储蓄补充 + 公积金商业贷,重性价比，不盲信大牌，但要求物业管理有序、绿化修剪及时、人防技防规范。,常年本地稳定居住，工作日职住通勤动线规则单一。
上_2003_01206,上海,2003,本地改善,54,男,1.4,17.3,0.45,28.8,4,3,是,B,agent,0.58,0.57,0.52,0.55,0.62,0.86,0.7,0.73,0.51,自住-改善,两室两厅,72,3288,市第二中学地理教师,二胎黄金期中大户型,上海中环品质两居，车位及空间极其拥挤,小区无地下车库且人车不分流，小孩在楼下玩耍或者推婴儿车极为不安全。,讲究超高得房率（超85%），主卧套房必须配备独立步入式衣帽间与干湿分离双卫。,主要在陆家嘴/徐家汇CBD上班，首选地铁2/9号线沿线，通勤半小时内。,倡导轻户外，周末常带家人自驾野营或山系徒步，注重生活情调与手作咖啡。,名下持有一套旧两居，置换回款 65% + 个人理财储蓄补充 + 公积金商业贷,重性价比，不盲信大牌，但要求物业管理有序、绿化修剪及时、人防技防规范。,常年本地稳定居住，工作日职住通勤动线规则单一。
上_2003_01207,上海,2003,教育型买房,42,男,1.3,11.6,0.4,21.7,1,1,否,B,social,1,0.41,0.57,0.47,0.59,0.58,0.55,0.81,0.51,学区房,两室两厅,83,1471,市第二中学地理教师,三口之家(学龄段),上海中环品质两居，车位及空间极其拥挤,小区无地下车库且人车不分流，小孩在楼下玩耍或者推婴儿车极为不安全。,核心要求地块属于第一梯队名校学区，且周边500米内解决幼小衔接教育配套。,主要在陆家嘴/徐家汇CBD上班，首选地铁2/9号线沿线，通勤半小时内。,倡导轻户外，周末常带家人自驾野营或山系徒步，注重生活情调与手作咖啡。,名下持有一套旧两居，置换回款 65% + 个人理财储蓄补充 + 公积金商业贷,重性价比，不盲信大牌，但要求物业管理有序、绿化修剪及时、人防技防规范。,常年本地稳定居住，工作日职住通勤动线规则单一。
上_2003_01208,上海,2003,教育型买房,45,男,0.7,3.8,0.4,7.1,3,1,否,B,social,0.97,0.47,0.39,0.46,0.61,0.75,0.53,0.86,0.58,学区房,两室两厅,82,514,区财政局科员,三口之家(学龄段),上海中环品质两居，车位及空间极其拥挤,小区无地下车库且人车不分流，小孩在楼下玩耍或者推婴儿车极为不安全。,讲究超高得房率（超85%），主卧套房必须配备独立步入式衣帽间与干湿分离双卫。,主要在陆家嘴/徐家汇CBD上班，首选地铁2/9号线沿线，通勤半小时内。,倡导轻户外，周末常带家人自驾野营或山系徒步，注重生活情调与手作咖啡。,名下持有一套旧两居，置换回款 65% + 个人理财储蓄补充 + 公积金商业贷,重性价比，不盲信大牌，但要求物业管理有序、绿化修剪及时、人防技防规范。,常年本地稳定居住，工作日职住通勤动线规则单一。
上_2003_01209,上海,2003,长三角家庭,55,女,0.5,3.3,0.45,5.5,4,2,否,B,agent,0.78,0.63,0.61,0.37,0.38,0.84,0.39,0.72,0.6,自住-首套,一室一厅,80,468,区财政局科员,二胎黄金期中大户型,上海中环品质两居，车位及空间极其拥挤,小区无地下车库且人车不分流，小孩在楼下玩耍或者推婴儿车极为不安全。,讲究超高得房率（超85%），主卧套房必须配备独立步入式衣帽间与干湿分离双卫。,主要在陆家嘴/徐家汇CBD上班，首选地铁2/9号线沿线，通勤半小时内。,倡导轻户外，周末常带家人自驾野营或山系徒步，注重生活情调与手作咖啡。,夫妻双方积蓄 + 双方父母出资赞助首付 + 公积金商业组合贷款,重性价比，不盲信大牌，但要求物业管理有序、绿化修剪及时、人防技防规范。,常年本地稳定居住，工作日职住通勤动线规则单一。
上_2003_01210,上海,2003,本地改善,38,男,0.6,4.9,0.45,8.2,4,2,否,B,agent,0.84,0.51,0.58,0.57,0.56,0.86,0.58,0.53,0.59,自住-改善,两室两厅,100,597,区财政局科员,二胎黄金期中大户型,上海中环品质两居，车位及空间极其拥挤,小区无地下车库且人车不分流，小孩在楼下玩耍或者推婴儿车极为不安全。,讲究超高得房率（超85%），主卧套房必须配备独立步入式衣帽间与干湿分离双卫。,主要在陆家嘴/徐家汇CBD上班，首选地铁2/9号线沿线，通勤半小时内。,倡导轻户外，周末常带家人自驾野营或山系徒步，注重生活情调与手作咖啡。,名下持有一套旧两居，置换回款 65% + 个人理财储蓄补充 + 公积金商业贷,重性价比，不盲信大牌，但要求物业管理有序、绿化修剪及时、人防技防规范。,常年本地稳定居住，工作日职住通勤动线规则单一。
上_2003_01211,上海,2003,本地改善,56,男,1.7,22.1,0.45,36.8,5,2,否,B,agent,0.67,0.61,0.54,0.5,0.65,0.79,0.73,0.59,0.8,自住-改善,两室两厅,87,2177,国企车间技术主任,二胎黄金期中大户型,上海中环品质两居，车位及空间极其拥挤,小区无地下车库且人车不分流，小孩在楼下玩耍或者推婴儿车极为不安全。,讲究超高得房率（超85%），主卧套房必须配备独立步入式衣帽间与干湿分离双卫。,主要在陆家嘴/徐家汇CBD上班，首选地铁2/9号线沿线，通勤半小时内。,倡导轻户外，周末常带家人自驾野营或山系徒步，注重生活情调与手作咖啡。,名下持有一套旧两居，置换回款 65% + 个人理财储蓄补充 + 公积金商业贷,非仁恒、绿城、万科等金牌开发商不买，极度看重高端精装质量与顶级物业的增值口碑。,常年本地稳定居住，工作日职住通勤动线规则单一。
上_2003_01212,上海,2003,长三角家庭,37,男,0.9,6.2,0.45,10.3,4,1,否,B,agent,0.97,0.64,0.53,0.48,0.67,0.82,0.14,0.78,0.74,自住-首套,两室一厅,51,1012,市第二中学地理教师,三口之家(幼龄段),上海中环品质两居，车位及空间极其拥挤,小区无地下车库且人车不分流，小孩在楼下玩耍或者推婴儿车极为不安全。,讲究超高得房率（超85%），主卧套房必须配备独立步入式衣帽间与干湿分离双卫。,主要在陆家嘴/徐家汇CBD上班，首选地铁2/9号线沿线，通勤半小时内。,倡导轻户外，周末常带家人自驾野营或山系徒步，注重生活情调与手作咖啡。,夫妻双方积蓄 + 双方父母出资赞助首付 + 公积金商业组合贷款,非仁恒、绿城、万科等金牌开发商不买，极度看重高端精装质量与顶级物业的增值口碑。,常年本地稳定居住，工作日职住通勤动线规则单一。
上_2003_01213,上海,2003,本地改善,40,男,1.0,12.2,0.45,20.3,3,2,是,B,agent,0.98,0.3,0.6,0.51,0.5,0.81,0.51,0.67,0.73,自住-改善,两室一厅,56,2153,国企车间技术主任,二胎黄金期中大户型,上海中环品质两居，车位及空间极其拥挤,小区无地下车库且人车不分流，小孩在楼下玩耍或者推婴儿车极为不安全。,讲究超高得房率（超85%），主卧套房必须配备独立步入式衣帽间与干湿分离双卫。,主要在陆家嘴/徐家汇CBD上班，首选地铁2/9号线沿线，通勤半小时内。,倡导轻户外，周末常带家人自驾野营或山系徒步，注重生活情调与手作咖啡。,名下持有一套旧两居，置换回款 65% + 个人理财储蓄补充 + 公积金商业贷,非仁恒、绿城、万科等金牌开发商不买，极度看重高端精装质量与顶级物业的增值口碑。,常年本地稳定居住，工作日职住通勤动线规则单一。
上_2003_01214,上海,2003,本地改善,50,女,0.9,9.2,0.45,15.3,4,2,否,B,agent,0.89,0.66,0.58,0.48,0.49,0.82,0.6,0.64,0.64,自住-改善,两室两厅,93,1040,市第二中学地理教师,二胎黄金期中大户型,上海中环品质两居，车位及空间极其拥挤,小区无地下车库且人车不分流，小孩在楼下玩耍或者推婴儿车极为不安全。,讲究超高得房率（超85%），主卧套房必须配备独立步入式衣帽间与干湿分离双卫。,主要在陆家嘴/徐家汇CBD上班，首选地铁2/9号线沿线，通勤半小时内。,倡导轻户外，周末常带家人自驾野营或山系徒步，注重生活情调与手作咖啡。,名下持有一套旧两居，置换回款 65% + 个人理财储蓄补充 + 公积金商业贷,重性价比，不盲信大牌，但要求物业管理有序、绿化修剪及时、人防技防规范。,常年本地稳定居住，工作日职住通勤动线规则单一。
上_2003_01215,上海,2003,教育型买房,47,女,1.1,11.2,0.4,21.0,3,1,是,B,social,0.92,0.48,0.35,0.46,0.5,0.72,0.54,1,0.6,学区房,一室一厅,75,1817,区财政局科员,三口之家(学龄段),上海中环品质两居，车位及空间极其拥挤,小区无地下车库且人车不分流，小孩在楼下玩耍或者推婴儿车极为不安全。,讲究超高得房率（超85%），主卧套房必须配备独立步入式衣帽间与干湿分离双卫。,主要在陆家嘴/徐家汇CBD上班，首选地铁2/9号线沿线，通勤半小时内。,倡导轻户外，周末常带家人自驾野营或山系徒步，注重生活情调与手作咖啡。,名下持有一套旧两居，置换回款 65% + 个人理财储蓄补充 + 公积金商业贷,重性价比，不盲信大牌，但要求物业管理有序、绿化修剪及时、人防技防规范。,常年本地稳定居住，工作日职住通勤动线规则单一。
上_2003_01216,上海,2003,金融精英,34,男,3.0,25.5,0.4,47.8,2,1,否,A,research,0.75,0.38,0.66,0.63,0.77,0.71,0.67,0.66,0.76,婚房,两室两厅,61,5874,商业银行支行信贷科长,三口之家(幼龄段),西湖边高精平层,无高端私密会所及管家式物业配套，圈层鱼龙混杂，高净值居住体验差。,讲究超高得房率（超85%），主卧套房必须配备独立步入式衣帽间与干湿分离双卫。,主要在陆家嘴/徐家汇CBD上班，首选地铁2/9号线沿线，通勤半小时内。,周末常去高端商圈消费，热衷打网球和马术，重度手冲咖啡及黑胶唱片发烧友。,夫妻双方积蓄 + 双方父母出资赞助首付 + 公积金商业组合贷款,非仁恒、绿城、万科等金牌开发商不买，极度看重高端精装质量与顶级物业的增值口碑。,常年本地稳定居住，工作日职住通勤动线规则单一。
上_2003_01217,上海,2003,金融精英,44,女,0.7,5.0,0.4,9.4,4,1,否,A,research,0.84,0.36,0.64,0.49,0.72,0.74,0.76,0.78,0.79,自住-改善,两室两厅,53,1436,申银万国证券分析员,三口之家(学龄段),市中心私密洋房住宅,无高端私密会所及管家式物业配套，圈层鱼龙混杂，高净值居住体验差。,讲究超高得房率（超85%），主卧套房必须配备独立步入式衣帽间与干湿分离双卫。,主要在陆家嘴/徐家汇CBD上班，首选地铁2/9号线沿线，通勤半小时内。,周末常去高端商圈消费，热衷打网球和马术，重度手冲咖啡及黑胶唱片发烧友。,名下已有企业股权套现或分红现金，一次性全款付清，基本不加杠杆,非仁恒、绿城、万科等金牌开发商不买，极度看重高端精装质量与顶级物业的增值口碑。,常年本地稳定居住，工作日职住通勤动线规则单一。
上_2003_01218,上海,2003,金融精英,40,男,2.0,18.5,0.4,34.6,3,1,否,A,research,0.77,0.57,0.59,0.46,0.86,0.83,0.61,0.8,0.65,自住-改善,一室一厅,91,3381,商业银行支行信贷科长,三口之家(学龄段),陆家嘴核心区江景大平层,无高端私密会所及管家式物业配套，圈层鱼龙混杂，高净值居住体验差。,讲究超高得房率（超85%），主卧套房必须配备独立步入式衣帽间与干湿分离双卫。,主要在陆家嘴/徐家汇CBD上班，首选地铁2/9号线沿线，通勤半小时内。,周末常去高端商圈消费，热衷打网球和马术，重度手冲咖啡及黑胶唱片发烧友。,名下已有企业股权套现或分红现金，一次性全款付清，基本不加杠杆,重性价比，不盲信大牌，但要求物业管理有序、绿化修剪及时、人防技防规范。,常年本地稳定居住，工作日职住通勤动线规则单一。
上_2003_01219,上海,2003,本地改善,57,女,1.1,9.4,0.45,15.6,4,2,是,B,agent,0.91,0.54,0.63,0.54,0.55,0.89,0.66,0.74,0.7,自住-改善,一室一厅,73,1805,国企车间技术主任,二胎黄金期中大户型,上海中环品质两居，车位及空间极其拥挤,小区无地下车库且人车不分流，小孩在楼下玩耍或者推婴儿车极为不安全。,讲究超高得房率（超85%），主卧套房必须配备独立步入式衣帽间与干湿分离双卫。,主要在陆家嘴/徐家汇CBD上班，首选地铁2/9号线沿线，通勤半小时内。,倡导轻户外，周末常带家人自驾野营或山系徒步，注重生活情调与手作咖啡。,名下持有一套旧两居，置换回款 65% + 个人理财储蓄补充 + 公积金商业贷,非仁恒、绿城、万科等金牌开发商不买，极度看重高端精装质量与顶级物业的增值口碑。,常年本地稳定居住，工作日职住通勤动线规则单一。
上_2003_01220,上海,2003,本地改善,43,女,1.0,12.8,0.45,21.4,5,1,是,B,agent,0.59,0.5,0.43,0.53,0.78,0.75,0.78,0.62,0.55,自住-改善,两室一厅,96,1886,区财政局科员,三口之家(学龄段),上海中环品质两居，车位及空间极其拥挤,小区无地下车库且人车不分流，小孩在楼下玩耍或者推婴儿车极为不安全。,讲究超高得房率（超85%），主卧套房必须配备独立步入式衣帽间与干湿分离双卫。,主要在陆家嘴/徐家汇CBD上班，首选地铁2/9号线沿线，通勤半小时内。,倡导轻户外，周末常带家人自驾野营或山系徒步，注重生活情调与手作咖啡。,名下持有一套旧两居，置换回款 65% + 个人理财储蓄补充 + 公积金商业贷,重性价比，不盲信大牌，但要求物业管理有序、绿化修剪及时、人防技防规范。,常年本地稳定居住，工作日职住通勤动线规则单一。
上_2003_01221,上海,2003,本地改善,46,男,1.3,15.1,0.45,25.1,5,2,否,B,agent,0.68,0.54,0.59,0.48,0.62,0.88,0.71,0.7,0.64,自住-改善,两室一厅,70,2542,邮政局局长秘书,二胎黄金期中大户型,上海中环品质两居，车位及空间极其拥挤,小区无地下车库且人车不分流，小孩在楼下玩耍或者推婴儿车极为不安全。,讲究超高得房率（超85%），主卧套房必须配备独立步入式衣帽间与干湿分离双卫。,主要在陆家嘴/徐家汇CBD上班，首选地铁2/9号线沿线，通勤半小时内。,倡导轻户外，周末常带家人自驾野营或山系徒步，注重生活情调与手作咖啡。,名下持有一套旧两居，置换回款 65% + 个人理财储蓄补充 + 公积金商业贷,重性价比，不盲信大牌，但要求物业管理有序、绿化修剪及时、人防技防规范。,常年本地稳定居住，工作日职住通勤动线规则单一。
上_2003_01222,上海,2003,长三角家庭,46,女,0.8,4.4,0.45,7.3,5,2,否,B,agent,0.68,0.48,0.64,0.52,0.44,0.75,0.42,0.82,0.67,自住-首套,两室两厅,52,1014,国企车间技术主任,二胎黄金期中大户型,上海中环品质两居，车位及空间极其拥挤,小区无地下车库且人车不分流，小孩在楼下玩耍或者推婴儿车极为不安全。,讲究超高得房率（超85%），主卧套房必须配备独立步入式衣帽间与干湿分离双卫。,主要在陆家嘴/徐家汇CBD上班，首选地铁2/9号线沿线，通勤半小时内。,倡导轻户外，周末常带家人自驾野营或山系徒步，注重生活情调与手作咖啡。,夫妻双方积蓄 + 双方父母出资赞助首付 + 公积金商业组合贷款,重性价比，不盲信大牌，但要求物业管理有序、绿化修剪及时、人防技防规范。,常年本地稳定居住，工作日职住通勤动线规则单一。
上_2003_01223,上海,2003,金融精英,40,女,1.7,16.0,0.4,30.0,4,1,否,A,research,0.62,0.39,0.66,0.5,0.64,0.8,0.63,0.72,0.75,自住-改善,两室两厅,52,4096,老牌证券公司营业部经理,三口之家(学龄段),市中心私密洋房住宅,无高端私密会所及管家式物业配套，圈层鱼龙混杂，高净值居住体验差。,讲究超高得房率（超85%），主卧套房必须配备独立步入式衣帽间与干湿分离双卫。,主要在陆家嘴/徐家汇CBD上班，首选地铁2/9号线沿线，通勤半小时内。,周末常去高端商圈消费，热衷打网球和马术，重度手冲咖啡及黑胶唱片发烧友。,名下已有企业股权套现或分红现金，一次性全款付清，基本不加杠杆,非仁恒、绿城、万科等金牌开发商不买，极度看重高端精装质量与顶级物业的增值口碑。,常年本地稳定居住，工作日职住通勤动线规则单一。
上_2003_01224,上海,2003,本地改善,53,女,0.8,9.5,0.45,15.9,5,2,否,B,agent,0.53,0.47,0.43,0.69,0.57,0.75,0.58,0.67,0.56,自住-改善,两室两厅,81,1368,国企车间技术主任,二胎黄金期中大户型,上海中环品质两居，车位及空间极其拥挤,小区无地下车库且人车不分流，小孩在楼下玩耍或者推婴儿车极为不安全。,讲究超高得房率（超85%），主卧套房必须配备独立步入式衣帽间与干湿分离双卫。,主要在陆家嘴/徐家汇CBD上班，首选地铁2/9号线沿线，通勤半小时内。,倡导轻户外，周末常带家人自驾野营或山系徒步，注重生活情调与手作咖啡。,名下持有一套旧两居，置换回款 65% + 个人理财储蓄补充 + 公积金商业贷,重性价比，不盲信大牌，但要求物业管理有序、绿化修剪及时、人防技防规范。,常年本地稳定居住，工作日职住通勤动线规则单一。
上_2003_01225,上海,2003,金融精英,42,男,2.5,24.3,0.4,45.7,4,1,否,A,research,0.95,0.47,0.64,0.62,0.88,0.65,0.75,1,0.76,自住-改善,两室两厅,73,4280,申银万国证券分析员,三口之家(学龄段),市中心私密洋房住宅,无高端私密会所及管家式物业配套，圈层鱼龙混杂，高净值居住体验差。,核心要求地块属于第一梯队名校学区，且周边500米内解决幼小衔接教育配套。,主要在陆家嘴/徐家汇CBD上班，首选地铁2/9号线沿线，通勤半小时内。,周末常去高端商圈消费，热衷打网球和马术，重度手冲咖啡及黑胶唱片发烧友。,名下已有企业股权套现或分红现金，一次性全款付清，基本不加杠杆,非仁恒、绿城、万科等金牌开发商不买，极度看重高端精装质量与顶级物业的增值口碑。,常年本地稳定居住，工作日职住通勤动线规则单一。
上_2003_01226,上海,2003,本地改善,53,女,0.5,3.4,0.45,5.6,4,2,是,B,agent,0.81,0.31,0.62,0.56,0.48,0.94,0.69,0.73,0.61,自住-改善,一室一厅,69,715,国企车间技术主任,二胎黄金期中大户型,上海中环品质两居，车位及空间极其拥挤,小区无地下车库且人车不分流，小孩在楼下玩耍或者推婴儿车极为不安全。,讲究超高得房率（超85%），主卧套房必须配备独立步入式衣帽间与干湿分离双卫。,主要在陆家嘴/徐家汇CBD上班，首选地铁2/9号线沿线，通勤半小时内。,倡导轻户外，周末常带家人自驾野营或山系徒步，注重生活情调与手作咖啡。,名下持有一套旧两居，置换回款 65% + 个人理财储蓄补充 + 公积金商业贷,重性价比，不盲信大牌，但要求物业管理有序、绿化修剪及时、人防技防规范。,常年本地稳定居住，工作日职住通勤动线规则单一。
上_2003_01227,上海,2003,教育型买房,42,男,2.1,14.6,0.4,27.3,4,1,是,B,social,1,0.57,0.32,0.39,0.52,0.71,0.6,1,0.72,学区房,一室一厅,93,1720,邮政局局长秘书,三口之家(学龄段),上海中环品质两居，车位及空间极其拥挤,小区无地下车库且人车不分流，小孩在楼下玩耍或者推婴儿车极为不安全。,讲究超高得房率（超85%），主卧套房必须配备独立步入式衣帽间与干湿分离双卫。,主要在陆家嘴/徐家汇CBD上班，首选地铁2/9号线沿线，通勤半小时内。,倡导轻户外，周末常带家人自驾野营或山系徒步，注重生活情调与手作咖啡。,名下持有一套旧两居，置换回款 65% + 个人理财储蓄补充 + 公积金商业贷,非仁恒、绿城、万科等金牌开发商不买，极度看重高端精装质量与顶级物业的增值口碑。,常年本地稳定居住，工作日职住通勤动线规则单一。
上_2003_01228,上海,2003,本地改善,57,女,0.7,7.0,0.45,11.7,5,2,是,B,agent,0.5,0.52,0.58,0.44,0.39,0.72,0.61,0.67,0.73,自住-改善,两室两厅,64,1246,国企车间技术主任,二胎黄金期中大户型,上海中环品质两居，车位及空间极其拥挤,小区无地下车库且人车不分流，小孩在楼下玩耍或者推婴儿车极为不安全。,讲究超高得房率（超85%），主卧套房必须配备独立步入式衣帽间与干湿分离双卫。,主要在陆家嘴/徐家汇CBD上班，首选地铁2/9号线沿线，通勤半小时内。,倡导轻户外，周末常带家人自驾野营或山系徒步，注重生活情调与手作咖啡。,名下持有一套旧两居，置换回款 65% + 个人理财储蓄补充 + 公积金商业贷,非仁恒、绿城、万科等金牌开发商不买，极度看重高端精装质量与顶级物业的增值口碑。,常年本地稳定居住，工作日职住通勤动线规则单一。
上_2003_01229,上海,2003,教育型买房,47,女,1.3,12.3,0.4,23.0,2,1,否,B,social,0.86,0.52,0.34,0.45,0.49,0.67,0.5,0.83,0.58,学区房,两室一厅,84,2030,邮政局局长秘书,三口之家(学龄段),上海中环品质两居，车位及空间极其拥挤,小区无地下车库且人车不分流，小孩在楼下玩耍或者推婴儿车极为不安全。,核心要求地块属于第一梯队名校学区，且周边500米内解决幼小衔接教育配套。,主要在陆家嘴/徐家汇CBD上班，首选地铁2/9号线沿线，通勤半小时内。,倡导轻户外，周末常带家人自驾野营或山系徒步，注重生活情调与手作咖啡。,名下持有一套旧两居，置换回款 65% + 个人理财储蓄补充 + 公积金商业贷,重性价比，不盲信大牌，但要求物业管理有序、绿化修剪及时、人防技防规范。,常年本地稳定居住，工作日职住通勤动线规则单一。
上_2003_01230,上海,2003,本地改善,38,男,1.1,9.5,0.45,15.8,4,2,是,B,agent,0.56,0.31,0.47,0.5,0.55,0.76,0.63,0.61,0.51,自住-改善,一室一厅,82,983,邮政局局长秘书,二胎黄金期中大户型,上海中环品质两居，车位及空间极其拥挤,小区无地下车库且人车不分流，小孩在楼下玩耍或者推婴儿车极为不安全。,讲究超高得房率（超85%），主卧套房必须配备独立步入式衣帽间与干湿分离双卫。,主要在陆家嘴/徐家汇CBD上班，首选地铁2/9号线沿线，通勤半小时内。,倡导轻户外，周末常带家人自驾野营或山系徒步，注重生活情调与手作咖啡。,名下持有一套旧两居，置换回款 65% + 个人理财储蓄补充 + 公积金商业贷,重性价比，不盲信大牌，但要求物业管理有序、绿化修剪及时、人防技防规范。,常年本地稳定居住，工作日职住通勤动线规则单一。
上_2003_01231,上海,2003,金融精英,43,女,1.8,11.8,0.4,22.2,4,2,否,A,research,0.38,0.48,0.7,0.49,0.69,0.65,0.72,0.85,0.73,自住-改善,两室两厅,73,2097,申银万国证券分析员,二胎黄金期中大户型,西湖边高精平层,无高端私密会所及管家式物业配套，圈层鱼龙混杂，高净值居住体验差。,要求有超大面宽南向双阳台（观景家政分离），主卧大飘窗能270度直面自然景观。,主要在陆家嘴/徐家汇CBD上班，首选地铁2/9号线沿线，通勤半小时内。,周末常去高端商圈消费，热衷打网球和马术，重度手冲咖啡及黑胶唱片发烧友。,名下已有企业股权套现或分红现金，一次性全款付清，基本不加杠杆,非仁恒、绿城、万科等金牌开发商不买，极度看重高端精装质量与顶级物业的增值口碑。,常年本地稳定居住，工作日职住通勤动线规则单一。
上_2003_01232,上海,2003,本地改善,50,女,1.5,16.0,0.45,26.7,4,3,是,B,agent,0.48,0.64,0.55,0.52,0.53,0.93,0.45,0.83,0.56,自住-改善,两室一厅,63,2722,区财政局科员,二胎黄金期中大户型,上海中环品质两居，车位及空间极其拥挤,小区无地下车库且人车不分流，小孩在楼下玩耍或者推婴儿车极为不安全。,讲究超高得房率（超85%），主卧套房必须配备独立步入式衣帽间与干湿分离双卫。,主要在陆家嘴/徐家汇CBD上班，首选地铁2/9号线沿线，通勤半小时内。,倡导轻户外，周末常带家人自驾野营或山系徒步，注重生活情调与手作咖啡。,名下持有一套旧两居，置换回款 65% + 个人理财储蓄补充 + 公积金商业贷,重性价比，不盲信大牌，但要求物业管理有序、绿化修剪及时、人防技防规范。,常年本地稳定居住，工作日职住通勤动线规则单一。
上_2003_01233,上海,2003,长三角家庭,43,男,1.6,13.5,0.45,22.5,4,2,否,B,agent,0.88,0.65,0.43,0.56,0.48,0.68,0.53,0.77,0.75,自住-改善,一室一厅,57,2316,市第二中学地理教师,二胎黄金期中大户型,上海中环品质两居，车位及空间极其拥挤,小区无地下车库且人车不分流，小孩在楼下玩耍或者推婴儿车极为不安全。,核心要求地块属于第一梯队名校学区，且周边500米内解决幼小衔接教育配套。,主要在陆家嘴/徐家汇CBD上班，首选地铁2/9号线沿线，通勤半小时内。,倡导轻户外，周末常带家人自驾野营或山系徒步，注重生活情调与手作咖啡。,名下持有一套旧两居，置换回款 65% + 个人理财储蓄补充 + 公积金商业贷,非仁恒、绿城、万科等金牌开发商不买，极度看重高端精装质量与顶级物业的增值口碑。,常年本地稳定居住，工作日职住通勤动线规则单一。
上_2003_01234,上海,2003,本地改善,57,女,1.7,14.9,0.45,24.8,3,3,否,B,agent,0.88,0.51,0.56,0.44,0.61,0.81,0.57,0.69,0.6,自住-改善,一室一厅,85,1700,市第二中学地理教师,二胎黄金期中大户型,上海中环品质两居，车位及空间极其拥挤,小区无地下车库且人车不分流，小孩在楼下玩耍或者推婴儿车极为不安全。,讲究超高得房率（超85%），主卧套房必须配备独立步入式衣帽间与干湿分离双卫。,主要在陆家嘴/徐家汇CBD上班，首选地铁2/9号线沿线，通勤半小时内。,倡导轻户外，周末常带家人自驾野营或山系徒步，注重生活情调与手作咖啡。,名下持有一套旧两居，置换回款 65% + 个人理财储蓄补充 + 公积金商业贷,重性价比，不盲信大牌，但要求物业管理有序、绿化修剪及时、人防技防规范。,常年本地稳定居住，工作日职住通勤动线规则单一。
上_2003_01235,上海,2003,本地改善,38,女,1.4,17.1,0.45,28.5,4,2,否,B,agent,0.84,0.38,0.52,0.43,0.38,0.66,0.51,0.62,0.59,自住-改善,两室一厅,89,2116,市第二中学地理教师,二胎黄金期中大户型,上海中环品质两居，车位及空间极其拥挤,小区无地下车库且人车不分流，小孩在楼下玩耍或者推婴儿车极为不安全。,要求采光通透，全明户型，带多功能嵌入式收纳墙以最大化空间利用。,主要在陆家嘴/徐家汇CBD上班，首选地铁2/9号线沿线，通勤半小时内。,倡导轻户外，周末常带家人自驾野营或山系徒步，注重生活情调与手作咖啡。,名下持有一套旧两居，置换回款 65% + 个人理财储蓄补充 + 公积金商业贷,重性价比，不盲信大牌，但要求物业管理有序、绿化修剪及时、人防技防规范。,常年本地稳定居住，工作日职住通勤动线规则单一。
上_2003_01236,上海,2003,本地改善,51,女,1.1,13.3,0.45,22.2,4,2,是,B,agent,0.73,0.42,0.53,0.43,0.63,0.76,0.58,0.7,0.74,自住-改善,一室一厅,55,2856,国企车间技术主任,二胎黄金期中大户型,上海中环品质两居，车位及空间极其拥挤,小区无地下车库且人车不分流，小孩在楼下玩耍或者推婴儿车极为不安全。,讲究超高得房率（超85%），主卧套房必须配备独立步入式衣帽间与干湿分离双卫。,主要在陆家嘴/徐家汇CBD上班，首选地铁2/9号线沿线，通勤半小时内。,倡导轻户外，周末常带家人自驾野营或山系徒步，注重生活情调与手作咖啡。,名下持有一套旧两居，置换回款 65% + 个人理财储蓄补充 + 公积金商业贷,非仁恒、绿城、万科等金牌开发商不买，极度看重高端精装质量与顶级物业的增值口碑。,常年本地稳定居住，工作日职住通勤动线规则单一。
上_2003_01237,上海,2003,本地改善,51,男,1.6,11.7,0.45,19.4,4,2,是,B,agent,0.74,0.54,0.47,0.46,0.57,0.79,0.63,0.69,0.64,自住-改善,两室一厅,53,2730,市第二中学地理教师,二胎黄金期中大户型,上海中环品质两居，车位及空间极其拥挤,小区无地下车库且人车不分流，小孩在楼下玩耍或者推婴儿车极为不安全。,讲究超高得房率（超85%），主卧套房必须配备独立步入式衣帽间与干湿分离双卫。,主要在陆家嘴/徐家汇CBD上班，首选地铁2/9号线沿线，通勤半小时内。,倡导轻户外，周末常带家人自驾野营或山系徒步，注重生活情调与手作咖啡。,名下持有一套旧两居，置换回款 65% + 个人理财储蓄补充 + 公积金商业贷,重性价比，不盲信大牌，但要求物业管理有序、绿化修剪及时、人防技防规范。,常年本地稳定居住，工作日职住通勤动线规则单一。
上_2003_01238,上海,2003,金融精英,43,女,1.4,10.7,0.4,20.0,3,1,否,A,research,0.58,0.53,0.7,0.67,0.74,0.72,0.82,0.93,0.72,自住-首套,两室一厅,98,1733,老牌证券公司营业部经理,三口之家(学龄段),陆家嘴核心区江景大平层,无高端私密会所及管家式物业配套，圈层鱼龙混杂，高净值居住体验差。,讲究超高得房率（超85%），主卧套房必须配备独立步入式衣帽间与干湿分离双卫。,主要在陆家嘴/徐家汇CBD上班，首选地铁2/9号线沿线，通勤半小时内。,周末常去高端商圈消费，热衷打网球和马术，重度手冲咖啡及黑胶唱片发烧友。,夫妻双方积蓄 + 双方父母出资赞助首付 + 公积金商业组合贷款,非仁恒、绿城、万科等金牌开发商不买，极度看重高端精装质量与顶级物业的增值口碑。,常年本地稳定居住，工作日职住通勤动线规则单一。
上_2003_01239,上海,2003,教育型买房,43,男,1.6,12.4,0.4,23.2,3,2,否,B,social,1,0.48,0.35,0.52,0.59,0.78,0.56,0.9,0.6,学区房,两室两厅,93,1333,区财政局科员,二胎黄金期中大户型,上海中环品质两居，车位及空间极其拥挤,小区无地下车库且人车不分流，小孩在楼下玩耍或者推婴儿车极为不安全。,讲究超高得房率（超85%），主卧套房必须配备独立步入式衣帽间与干湿分离双卫。,主要在陆家嘴/徐家汇CBD上班，首选地铁2/9号线沿线，通勤半小时内。,倡导轻户外，周末常带家人自驾野营或山系徒步，注重生活情调与手作咖啡。,名下持有一套旧两居，置换回款 65% + 个人理财储蓄补充 + 公积金商业贷,重性价比，不盲信大牌，但要求物业管理有序、绿化修剪及时、人防技防规范。,常年本地稳定居住，工作日职住通勤动线规则单一。
上_2003_01240,上海,2003,金融精英,48,男,2.4,23.8,0.4,44.7,4,1,否,A,research,0.79,0.45,0.64,0.57,0.83,0.81,0.89,0.86,0.85,自住-首套,两室两厅,94,3623,商业银行支行信贷科长,三口之家(学龄段),西湖边高精平层,无高端私密会所及管家式物业配套，圈层鱼龙混杂，高净值居住体验差。,讲究超高得房率（超85%），主卧套房必须配备独立步入式衣帽间与干湿分离双卫。,主要在陆家嘴/徐家汇CBD上班，首选地铁2/9号线沿线，通勤半小时内。,周末常去高端商圈消费，热衷打网球和马术，重度手冲咖啡及黑胶唱片发烧友。,夫妻双方积蓄 + 双方父母出资赞助首付 + 公积金商业组合贷款,非仁恒、绿城、万科等金牌开发商不买，极度看重高端精装质量与顶级物业的增值口碑。,常年本地稳定居住，工作日职住通勤动线规则单一。
上_2003_01241,上海,2003,金融精英,32,男,3.8,36.4,0.4,68.2,3,1,否,A,research,0.84,0.57,0.55,0.54,0.84,0.52,0.72,0.77,0.77,自住-首套,两室一厅,74,5893,老牌证券公司营业部经理,三口之家(幼龄段),西湖边高精平层,无高端私密会所及管家式物业配套，圈层鱼龙混杂，高净值居住体验差。,核心要求地块属于第一梯队名校学区，且周边500米内解决幼小衔接教育配套。,主要在陆家嘴/徐家汇CBD上班，首选地铁2/9号线沿线，通勤半小时内。,周末常去高端商圈消费，热衷打网球和马术，重度手冲咖啡及黑胶唱片发烧友。,夫妻双方积蓄 + 双方父母出资赞助首付 + 公积金商业组合贷款,非仁恒、绿城、万科等金牌开发商不买，极度看重高端精装质量与顶级物业的增值口碑。,常年本地稳定居住，工作日职住通勤动线规则单一。
上_2003_01242,上海,2003,本地改善,51,女,1.0,8.8,0.45,14.7,4,2,否,B,agent,0.6,0.62,0.63,0.63,0.53,0.84,0.52,0.71,0.61,自住-改善,两室两厅,57,2307,市第二中学地理教师,二胎黄金期中大户型,上海中环品质两居，车位及空间极其拥挤,小区无地下车库且人车不分流，小孩在楼下玩耍或者推婴儿车极为不安全。,讲究超高得房率（超85%），主卧套房必须配备独立步入式衣帽间与干湿分离双卫。,主要在陆家嘴/徐家汇CBD上班，首选地铁2/9号线沿线，通勤半小时内。,倡导轻户外，周末常带家人自驾野营或山系徒步，注重生活情调与手作咖啡。,名下持有一套旧两居，置换回款 65% + 个人理财储蓄补充 + 公积金商业贷,重性价比，不盲信大牌，但要求物业管理有序、绿化修剪及时、人防技防规范。,常年本地稳定居住，工作日职住通勤动线规则单一。
上_2003_01243,上海,2003,教育型买房,44,男,1.1,10.9,0.4,20.4,2,0,否,B,social,0.97,0.55,0.28,0.42,0.58,0.67,0.66,1,0.46,学区房,一室一厅,55,2060,邮政局局长秘书,成熟期核心家庭,上海中环品质两居，车位及空间极其拥挤,老小区隔音差，邻里滋扰严重，且车位严重匮乏，每晚加班回来抢车位像打仗。,核心要求地块属于第一梯队名校学区，且周边500米内解决幼小衔接教育配套。,主要在陆家嘴/徐家汇CBD上班，首选地铁2/9号线沿线，通勤半小时内。,倡导轻户外，周末常带家人自驾野营或山系徒步，注重生活情调与手作咖啡。,名下持有一套旧两居，置换回款 65% + 个人理财储蓄补充 + 公积金商业贷,重性价比，不盲信大牌，但要求物业管理有序、绿化修剪及时、人防技防规范。,常年本地稳定居住，工作日职住通勤动线规则单一。
上_2003_01244,上海,2003,长三角家庭,48,男,0.7,4.5,0.45,7.5,4,1,否,B,agent,0.79,0.67,0.62,0.45,0.5,0.85,0.4,0.87,0.6,自住-首套,一室一厅,71,598,区财政局科员,三口之家(学龄段),上海中环品质两居，车位及空间极其拥挤,小区无地下车库且人车不分流，小孩在楼下玩耍或者推婴儿车极为不安全。,讲究超高得房率（超85%），主卧套房必须配备独立步入式衣帽间与干湿分离双卫。,主要在陆家嘴/徐家汇CBD上班，首选地铁2/9号线沿线，通勤半小时内。,倡导轻户外，周末常带家人自驾野营或山系徒步，注重生活情调与手作咖啡。,夫妻双方积蓄 + 双方父母出资赞助首付 + 公积金商业组合贷款,重性价比，不盲信大牌，但要求物业管理有序、绿化修剪及时、人防技防规范。,常年本地稳定居住，工作日职住通勤动线规则单一。
上_2003_01245,上海,2003,长三角家庭,47,男,0.6,3.4,0.45,5.6,4,2,是,B,agent,0.41,0.44,0.46,0.58,0.47,0.87,0.36,0.76,0.58,自住-改善,两室一厅,52,828,区财政局科员,二胎黄金期中大户型,上海中环品质两居，车位及空间极其拥挤,小区无地下车库且人车不分流，小孩在楼下玩耍或者推婴儿车极为不安全。,讲究超高得房率（超85%），主卧套房必须配备独立步入式衣帽间与干湿分离双卫。,主要在陆家嘴/徐家汇CBD上班，首选地铁2/9号线沿线，通勤半小时内。,倡导轻户外，周末常带家人自驾野营或山系徒步，注重生活情调与手作咖啡。,名下持有一套旧两居，置换回款 65% + 个人理财储蓄补充 + 公积金商业贷,重性价比，不盲信大牌，但要求物业管理有序、绿化修剪及时、人防技防规范。,常年本地稳定居住，工作日职住通勤动线规则单一。
上_2003_01246,上海,2003,本地改善,51,女,1.2,15.4,0.45,25.6,4,3,是,B,agent,0.67,0.58,0.56,0.47,0.49,0.71,0.6,0.6,0.53,自住-改善,两室一厅,68,2445,国企车间技术主任,二胎黄金期中大户型,上海中环品质两居，车位及空间极其拥挤,小区无地下车库且人车不分流，小孩在楼下玩耍或者推婴儿车极为不安全。,讲究超高得房率（超85%），主卧套房必须配备独立步入式衣帽间与干湿分离双卫。,主要在陆家嘴/徐家汇CBD上班，首选地铁2/9号线沿线，通勤半小时内。,倡导轻户外，周末常带家人自驾野营或山系徒步，注重生活情调与手作咖啡。,名下持有一套旧两居，置换回款 65% + 个人理财储蓄补充 + 公积金商业贷,重性价比，不盲信大牌，但要求物业管理有序、绿化修剪及时、人防技防规范。,常年本地稳定居住，工作日职住通勤动线规则单一。
上_2003_01247,上海,2003,本地改善,52,女,0.5,4.8,0.45,8.1,3,3,否,B,agent,0.69,0.49,0.54,0.45,0.46,0.84,0.45,0.64,0.53,自住-改善,两室两厅,58,953,市第二中学地理教师,二胎黄金期中大户型,上海中环品质两居，车位及空间极其拥挤,小区无地下车库且人车不分流，小孩在楼下玩耍或者推婴儿车极为不安全。,讲究超高得房率（超85%），主卧套房必须配备独立步入式衣帽间与干湿分离双卫。,主要在陆家嘴/徐家汇CBD上班，首选地铁2/9号线沿线，通勤半小时内。,倡导轻户外，周末常带家人自驾野营或山系徒步，注重生活情调与手作咖啡。,名下持有一套旧两居，置换回款 65% + 个人理财储蓄补充 + 公积金商业贷,重性价比，不盲信大牌，但要求物业管理有序、绿化修剪及时、人防技防规范。,常年本地稳定居住，工作日职住通勤动线规则单一。
上_2003_01248,上海,2003,本地改善,51,男,1.1,12.0,0.45,19.9,4,2,是,B,agent,0.54,0.51,0.64,0.6,0.55,0.76,0.55,0.75,0.64,自住-改善,两室一厅,87,1577,邮政局局长秘书,二胎黄金期中大户型,上海中环品质两居，车位及空间极其拥挤,小区无地下车库且人车不分流，小孩在楼下玩耍或者推婴儿车极为不安全。,讲究超高得房率（超85%），主卧套房必须配备独立步入式衣帽间与干湿分离双卫。,主要在陆家嘴/徐家汇CBD上班，首选地铁2/9号线沿线，通勤半小时内。,倡导轻户外，周末常带家人自驾野营或山系徒步，注重生活情调与手作咖啡。,名下持有一套旧两居，置换回款 65% + 个人理财储蓄补充 + 公积金商业贷,重性价比，不盲信大牌，但要求物业管理有序、绿化修剪及时、人防技防规范。,常年本地稳定居住，工作日职住通勤动线规则单一。
上_2003_01249,上海,2003,本地改善,49,女,0.8,7.0,0.45,11.6,3,2,否,B,agent,0.64,0.49,0.5,0.52,0.55,0.85,0.59,0.66,0.63,自住-改善,一室一厅,83,831,国企车间技术主任,二胎黄金期中大户型,上海中环品质两居，车位及空间极其拥挤,小区无地下车库且人车不分流，小孩在楼下玩耍或者推婴儿车极为不安全。,讲究超高得房率（超85%），主卧套房必须配备独立步入式衣帽间与干湿分离双卫。,主要在陆家嘴/徐家汇CBD上班，首选地铁2/9号线沿线，通勤半小时内。,倡导轻户外，周末常带家人自驾野营或山系徒步，注重生活情调与手作咖啡。,名下持有一套旧两居，置换回款 65% + 个人理财储蓄补充 + 公积金商业贷,重性价比，不盲信大牌，但要求物业管理有序、绿化修剪及时、人防技防规范。,常年本地稳定居住，工作日职住通勤动线规则单一。
上_2003_01250,上海,2003,金融精英,35,男,2.5,23.4,0.4,43.8,2,1,否,A,research,0.67,0.29,0.72,0.53,0.62,0.86,0.64,0.87,0.86,自住-改善,两室两厅,76,3170,申银万国证券分析员,三口之家(幼龄段),陆家嘴核心区江景大平层,无高端私密会所及管家式物业配套，圈层鱼龙混杂，高净值居住体验差。,要求有超大面宽南向双阳台（观景家政分离），主卧大飘窗能270度直面自然景观。,主要在陆家嘴/徐家汇CBD上班，首选地铁2/9号线沿线，通勤半小时内。,周末常去高端商圈消费，热衷打网球和马术，重度手冲咖啡及黑胶唱片发烧友。,名下已有企业股权套现或分红现金，一次性全款付清，基本不加杠杆,非仁恒、绿城、万科等金牌开发商不买，极度看重高端精装质量与顶级物业的增值口碑。,常年本地稳定居住，工作日职住通勤动线规则单一。
上_2003_01251,上海,2003,本地改善,50,女,1.0,8.6,0.45,14.3,5,2,否,B,agent,0.65,0.46,0.47,0.56,0.66,0.97,0.47,0.66,0.7,自住-改善,两室一厅,89,1053,市第二中学地理教师,二胎黄金期中大户型,上海中环品质两居，车位及空间极其拥挤,小区无地下车库且人车不分流，小孩在楼下玩耍或者推婴儿车极为不安全。,讲究超高得房率（超85%），主卧套房必须配备独立步入式衣帽间与干湿分离双卫。,主要在陆家嘴/徐家汇CBD上班，首选地铁2/9号线沿线，通勤半小时内。,倡导轻户外，周末常带家人自驾野营或山系徒步，注重生活情调与手作咖啡。,名下持有一套旧两居，置换回款 65% + 个人理财储蓄补充 + 公积金商业贷,重性价比，不盲信大牌，但要求物业管理有序、绿化修剪及时、人防技防规范。,常年本地稳定居住，工作日职住通勤动线规则单一。
上_2003_01252,上海,2003,本地改善,43,女,0.9,9.1,0.45,15.2,4,2,否,B,agent,0.99,0.43,0.67,0.41,0.49,0.82,0.69,0.78,0.66,自住-改善,两室一厅,100,803,区财政局科员,二胎黄金期中大户型,上海中环品质两居，车位及空间极其拥挤,小区无地下车库且人车不分流，小孩在楼下玩耍或者推婴儿车极为不安全。,讲究超高得房率（超85%），主卧套房必须配备独立步入式衣帽间与干湿分离双卫。,主要在陆家嘴/徐家汇CBD上班，首选地铁2/9号线沿线，通勤半小时内。,倡导轻户外，周末常带家人自驾野营或山系徒步，注重生活情调与手作咖啡。,名下持有一套旧两居，置换回款 65% + 个人理财储蓄补充 + 公积金商业贷,重性价比，不盲信大牌，但要求物业管理有序、绿化修剪及时、人防技防规范。,常年本地稳定居住，工作日职住通勤动线规则单一。
上_2003_01253,上海,2003,外籍海归,39,女,0.5,4.8,0.4,9.0,4,1,否,A,social,0.7,0.53,0.47,0.62,0.74,0.74,0.69,0.92,0.84,自住-改善,两室两厅,94,827,合资日化企业技术主管,三口之家(学龄段),西湖边高精平层,无高端私密会所及管家式物业配套，圈层鱼龙混杂，高净值居住体验差。,讲究超高得房率（超85%），主卧套房必须配备独立步入式衣帽间与干湿分离双卫。,主要在陆家嘴/徐家汇CBD上班，首选地铁2/9号线沿线，通勤半小时内。,周末常去高端商圈消费，热衷打网球和马术，重度手冲咖啡及黑胶唱片发烧友。,名下已有企业股权套现或分红现金，一次性全款付清，基本不加杠杆,非仁恒、绿城、万科等金牌开发商不买，极度看重高端精装质量与顶级物业的增值口碑。,常年本地稳定居住，工作日职住通勤动线规则单一。
上_2003_01254,上海,2003,本地改善,47,男,1.1,8.8,0.45,14.6,3,2,否,B,agent,0.78,0.46,0.49,0.55,0.47,0.95,0.68,0.58,0.58,自住-改善,两室两厅,55,1977,国企车间技术主任,二胎黄金期中大户型,上海中环品质两居，车位及空间极其拥挤,小区无地下车库且人车不分流，小孩在楼下玩耍或者推婴儿车极为不安全。,讲究超高得房率（超85%），主卧套房必须配备独立步入式衣帽间与干湿分离双卫。,主要在陆家嘴/徐家汇CBD上班，首选地铁2/9号线沿线，通勤半小时内。,倡导轻户外，周末常带家人自驾野营或山系徒步，注重生活情调与手作咖啡。,名下持有一套旧两居，置换回款 65% + 个人理财储蓄补充 + 公积金商业贷,重性价比，不盲信大牌，但要求物业管理有序、绿化修剪及时、人防技防规范。,常年本地稳定居住，工作日职住通勤动线规则单一。
上_2003_01255,上海,2003,本地改善,40,男,0.7,8.4,0.45,14.0,4,2,是,B,agent,0.68,0.63,0.52,0.44,0.59,0.91,0.69,0.62,0.74,自住-改善,两室两厅,66,1299,邮政局局长秘书,二胎黄金期中大户型,上海中环品质两居，车位及空间极其拥挤,小区无地下车库且人车不分流，小孩在楼下玩耍或者推婴儿车极为不安全。,讲究超高得房率（超85%），主卧套房必须配备独立步入式衣帽间与干湿分离双卫。,主要在陆家嘴/徐家汇CBD上班，首选地铁2/9号线沿线，通勤半小时内。,倡导轻户外，周末常带家人自驾野营或山系徒步，注重生活情调与手作咖啡。,名下持有一套旧两居，置换回款 65% + 个人理财储蓄补充 + 公积金商业贷,非仁恒、绿城、万科等金牌开发商不买，极度看重高端精装质量与顶级物业的增值口碑。,常年本地稳定居住，工作日职住通勤动线规则单一。
上_2003_01256,上海,2003,金融精英,50,男,2.0,19.3,0.4,36.2,4,0,否,A,research,0.69,0.62,0.7,0.53,0.73,0.72,0.69,0.97,0.8,自住-改善,两室一厅,64,3820,老牌证券公司营业部经理,成熟期核心家庭,陆家嘴核心区江景大平层,无高端私密会所及管家式物业配套，圈层鱼龙混杂，高净值居住体验差。,要求有超大面宽南向双阳台（观景家政分离），主卧大飘窗能270度直面自然景观。,主要在陆家嘴/徐家汇CBD上班，首选地铁2/9号线沿线，通勤半小时内。,周末常去高端商圈消费，热衷打网球和马术，重度手冲咖啡及黑胶唱片发烧友。,名下已有企业股权套现或分红现金，一次性全款付清，基本不加杠杆,非仁恒、绿城、万科等金牌开发商不买，极度看重高端精装质量与顶级物业的增值口碑。,常年本地稳定居住，工作日职住通勤动线规则单一。
上_2003_01257,上海,2003,本地改善,55,男,1.1,9.0,0.45,15.1,4,3,否,B,agent,0.9,0.5,0.62,0.57,0.51,0.83,0.55,0.77,0.63,自住-改善,两室两厅,74,1468,市第二中学地理教师,二胎黄金期中大户型,上海中环品质两居，车位及空间极其拥挤,小区无地下车库且人车不分流，小孩在楼下玩耍或者推婴儿车极为不安全。,讲究超高得房率（超85%），主卧套房必须配备独立步入式衣帽间与干湿分离双卫。,主要在陆家嘴/徐家汇CBD上班，首选地铁2/9号线沿线，通勤半小时内。,倡导轻户外，周末常带家人自驾野营或山系徒步，注重生活情调与手作咖啡。,名下持有一套旧两居，置换回款 65% + 个人理财储蓄补充 + 公积金商业贷,重性价比，不盲信大牌，但要求物业管理有序、绿化修剪及时、人防技防规范。,常年本地稳定居住，工作日职住通勤动线规则单一。
上_2003_01258,上海,2003,本地改善,44,女,1.2,12.9,0.45,21.4,4,1,是,B,agent,0.55,0.36,0.46,0.48,0.48,0.96,0.54,0.65,0.73,自住-改善,一室一厅,63,1937,市第二中学地理教师,三口之家(学龄段),上海中环品质两居，车位及空间极其拥挤,小区无地下车库且人车不分流，小孩在楼下玩耍或者推婴儿车极为不安全。,讲究超高得房率（超85%），主卧套房必须配备独立步入式衣帽间与干湿分离双卫。,主要在陆家嘴/徐家汇CBD上班，首选地铁2/9号线沿线，通勤半小时内。,倡导轻户外，周末常带家人自驾野营或山系徒步，注重生活情调与手作咖啡。,名下持有一套旧两居，置换回款 65% + 个人理财储蓄补充 + 公积金商业贷,非仁恒、绿城、万科等金牌开发商不买，极度看重高端精装质量与顶级物业的增值口碑。,常年本地稳定居住，工作日职住通勤动线规则单一。
上_2003_01259,上海,2003,本地改善,52,男,1.2,12.4,0.45,20.7,4,1,否,B,agent,0.94,0.44,0.64,0.55,0.45,0.83,0.47,0.71,0.53,自住-改善,两室两厅,56,2454,市第二中学地理教师,三口之家(学龄段),上海中环品质两居，车位及空间极其拥挤,小区无地下车库且人车不分流，小孩在楼下玩耍或者推婴儿车极为不安全。,讲究超高得房率（超85%），主卧套房必须配备独立步入式衣帽间与干湿分离双卫。,主要在陆家嘴/徐家汇CBD上班，首选地铁2/9号线沿线，通勤半小时内。,倡导轻户外，周末常带家人自驾野营或山系徒步，注重生活情调与手作咖啡。,名下持有一套旧两居，置换回款 65% + 个人理财储蓄补充 + 公积金商业贷,重性价比，不盲信大牌，但要求物业管理有序、绿化修剪及时、人防技防规范。,常年本地稳定居住，工作日职住通勤动线规则单一。
上_2003_01260,上海,2003,教育型买房,48,男,0.7,6.4,0.4,12.1,2,1,是,B,social,0.81,0.49,0.28,0.36,0.48,0.65,0.56,0.87,0.65,学区房,两室一厅,78,1011,区财政局科员,三口之家(学龄段),上海中环品质两居，车位及空间极其拥挤,小区无地下车库且人车不分流，小孩在楼下玩耍或者推婴儿车极为不安全。,核心要求地块属于第一梯队名校学区，且周边500米内解决幼小衔接教育配套。,主要在陆家嘴/徐家汇CBD上班，首选地铁2/9号线沿线，通勤半小时内。,倡导轻户外，周末常带家人自驾野营或山系徒步，注重生活情调与手作咖啡。,名下持有一套旧两居，置换回款 65% + 个人理财储蓄补充 + 公积金商业贷,重性价比，不盲信大牌，但要求物业管理有序、绿化修剪及时、人防技防规范。,常年本地稳定居住，工作日职住通勤动线规则单一。
上_2003_01261,上海,2003,本地改善,44,男,0.7,5.2,0.45,8.7,4,2,否,B,agent,0.63,0.62,0.49,0.61,0.5,0.7,0.7,0.7,0.3,自住-改善,两室一厅,91,788,国企车间技术主任,二胎黄金期中大户型,上海中环品质两居，车位及空间极其拥挤,小区无地下车库且人车不分流，小孩在楼下玩耍或者推婴儿车极为不安全。,核心要求地块属于第一梯队名校学区，且周边500米内解决幼小衔接教育配套。,主要在陆家嘴/徐家汇CBD上班，首选地铁2/9号线沿线，通勤半小时内。,倡导轻户外，周末常带家人自驾野营或山系徒步，注重生活情调与手作咖啡。,名下持有一套旧两居，置换回款 65% + 个人理财储蓄补充 + 公积金商业贷,重性价比，不盲信大牌，但要求物业管理有序、绿化修剪及时、人防技防规范。,常年本地稳定居住，工作日职住通勤动线规则单一。
上_2003_01262,上海,2003,金融精英,41,男,1.1,7.9,0.4,14.9,2,1,是,A,research,0.58,0.54,0.59,0.62,0.77,0.76,0.68,0.75,0.67,自住-首套,一室一厅,77,1568,商业银行支行信贷科长,三口之家(学龄段),市中心私密洋房住宅,当前房屋属于旧多层无电梯房，父母年纪渐高每天爬楼梯极为吃力。,讲究超高得房率（超85%），主卧套房必须配备独立步入式衣帽间与干湿分离双卫。,主要在陆家嘴/徐家汇CBD上班，首选地铁2/9号线沿线，通勤半小时内。,周末常去高端商圈消费，热衷打网球和马术，重度手冲咖啡及黑胶唱片发烧友。,夫妻双方积蓄 + 双方父母出资赞助首付 + 公积金商业组合贷款,重性价比，不盲信大牌，但要求物业管理有序、绿化修剪及时、人防技防规范。,常年本地稳定居住，工作日职住通勤动线规则单一。
上_2003_01263,上海,2003,本地改善,38,女,0.6,6.5,0.45,10.9,4,2,否,B,agent,0.76,0.49,0.41,0.56,0.54,0.7,0.67,0.78,0.65,自住-改善,一室一厅,51,1138,国企车间技术主任,二胎黄金期中大户型,上海中环品质两居，车位及空间极其拥挤,小区无地下车库且人车不分流，小孩在楼下玩耍或者推婴儿车极为不安全。,核心要求地块属于第一梯队名校学区，且周边500米内解决幼小衔接教育配套。,主要在陆家嘴/徐家汇CBD上班，首选地铁2/9号线沿线，通勤半小时内。,倡导轻户外，周末常带家人自驾野营或山系徒步，注重生活情调与手作咖啡。,名下持有一套旧两居，置换回款 65% + 个人理财储蓄补充 + 公积金商业贷,重性价比，不盲信大牌，但要求物业管理有序、绿化修剪及时、人防技防规范。,常年本地稳定居住，工作日职住通勤动线规则单一。
上_2003_01264,上海,2003,教育型买房,39,男,0.6,3.4,0.4,6.4,2,1,是,B,social,1,0.53,0.47,0.42,0.55,0.76,0.75,0.93,0.66,学区房,两室两厅,62,610,国企车间技术主任,三口之家(学龄段),上海中环品质两居，车位及空间极其拥挤,小区无地下车库且人车不分流，小孩在楼下玩耍或者推婴儿车极为不安全。,讲究超高得房率（超85%），主卧套房必须配备独立步入式衣帽间与干湿分离双卫。,主要在陆家嘴/徐家汇CBD上班，首选地铁2/9号线沿线，通勤半小时内。,倡导轻户外，周末常带家人自驾野营或山系徒步，注重生活情调与手作咖啡。,名下持有一套旧两居，置换回款 65% + 个人理财储蓄补充 + 公积金商业贷,重性价比，不盲信大牌，但要求物业管理有序、绿化修剪及时、人防技防规范。,常年本地稳定居住，工作日职住通勤动线规则单一。
上_2003_01265,上海,2003,教育型买房,33,女,1.5,11.2,0.4,20.9,3,2,是,B,social,0.93,0.52,0.41,0.4,0.65,0.83,0.61,1,0.76,学区房,两室两厅,100,1159,区财政局科员,二胎黄金期中大户型,上海中环品质两居，车位及空间极其拥挤,小区无地下车库且人车不分流，小孩在楼下玩耍或者推婴儿车极为不安全。,讲究超高得房率（超85%），主卧套房必须配备独立步入式衣帽间与干湿分离双卫。,主要在陆家嘴/徐家汇CBD上班，首选地铁2/9号线沿线，通勤半小时内。,倡导轻户外，周末常带家人自驾野营或山系徒步，注重生活情调与手作咖啡。,名下持有一套旧两居，置换回款 65% + 个人理财储蓄补充 + 公积金商业贷,非仁恒、绿城、万科等金牌开发商不买，极度看重高端精装质量与顶级物业的增值口碑。,常年本地稳定居住，工作日职住通勤动线规则单一。
上_2003_01266,上海,2003,长三角家庭,50,女,1.2,9.0,0.45,15.1,4,2,是,B,agent,0.83,0.49,0.5,0.51,0.35,0.81,0.29,0.78,0.64,自住-改善,两室一厅,87,1179,国企车间技术主任,二胎黄金期中大户型,上海中环品质两居，车位及空间极其拥挤,小区无地下车库且人车不分流，小孩在楼下玩耍或者推婴儿车极为不安全。,讲究超高得房率（超85%），主卧套房必须配备独立步入式衣帽间与干湿分离双卫。,主要在陆家嘴/徐家汇CBD上班，首选地铁2/9号线沿线，通勤半小时内。,倡导轻户外，周末常带家人自驾野营或山系徒步，注重生活情调与手作咖啡。,名下持有一套旧两居，置换回款 65% + 个人理财储蓄补充 + 公积金商业贷,重性价比，不盲信大牌，但要求物业管理有序、绿化修剪及时、人防技防规范。,常年本地稳定居住，工作日职住通勤动线规则单一。
上_2003_01267,上海,2003,本地改善,40,男,1.1,11.2,0.45,18.6,4,1,是,B,agent,0.52,0.26,0.52,0.53,0.53,0.83,0.68,0.85,0.53,自住-改善,两室两厅,73,1477,邮政局局长秘书,三口之家(学龄段),上海中环品质两居，车位及空间极其拥挤,小区无地下车库且人车不分流，小孩在楼下玩耍或者推婴儿车极为不安全。,讲究超高得房率（超85%），主卧套房必须配备独立步入式衣帽间与干湿分离双卫。,主要在陆家嘴/徐家汇CBD上班，首选地铁2/9号线沿线，通勤半小时内。,倡导轻户外，周末常带家人自驾野营或山系徒步，注重生活情调与手作咖啡。,名下持有一套旧两居，置换回款 65% + 个人理财储蓄补充 + 公积金商业贷,重性价比，不盲信大牌，但要求物业管理有序、绿化修剪及时、人防技防规范。,常年本地稳定居住，工作日职住通勤动线规则单一。
上_2003_01268,上海,2003,长三角家庭,37,女,1.3,8.9,0.45,14.9,4,1,否,B,agent,0.67,0.5,0.54,0.51,0.55,0.91,0.42,0.56,0.73,自住-首套,两室一厅,55,1369,邮政局局长秘书,三口之家(幼龄段),上海中环品质两居，车位及空间极其拥挤,小区无地下车库且人车不分流，小孩在楼下玩耍或者推婴儿车极为不安全。,讲究超高得房率（超85%），主卧套房必须配备独立步入式衣帽间与干湿分离双卫。,主要在陆家嘴/徐家汇CBD上班，首选地铁2/9号线沿线，通勤半小时内。,倡导轻户外，周末常带家人自驾野营或山系徒步，注重生活情调与手作咖啡。,夫妻双方积蓄 + 双方父母出资赞助首付 + 公积金商业组合贷款,非仁恒、绿城、万科等金牌开发商不买，极度看重高端精装质量与顶级物业的增值口碑。,常年本地稳定居住，工作日职住通勤动线规则单一。
上_2003_01269,上海,2003,金融精英,37,女,2.3,15.4,0.4,28.9,3,2,否,A,research,0.83,0.46,0.59,0.73,0.8,0.71,0.71,0.81,0.75,自住-首套,两室两厅,61,3431,申银万国证券分析员,二胎黄金期中大户型,市中心私密洋房住宅,无高端私密会所及管家式物业配套，圈层鱼龙混杂，高净值居住体验差。,要求独立电梯入户，主次卧动线分明，配备独立保姆房和私密后院。,主要在陆家嘴/徐家汇CBD上班，首选地铁2/9号线沿线，通勤半小时内。,周末常去高端商圈消费，热衷打网球和马术，重度手冲咖啡及黑胶唱片发烧友。,夫妻双方积蓄 + 双方父母出资赞助首付 + 公积金商业组合贷款,非仁恒、绿城、万科等金牌开发商不买，极度看重高端精装质量与顶级物业的增值口碑。,常年本地稳定居住，工作日职住通勤动线规则单一。
上_2003_01270,上海,2003,金融精英,40,女,1.7,13.9,0.4,26.2,3,1,否,A,research,0.91,0.48,0.62,0.57,0.81,0.73,0.76,0.83,1,自住-改善,一室一厅,79,2441,老牌证券公司营业部经理,三口之家(学龄段),市中心私密洋房住宅,无高端私密会所及管家式物业配套，圈层鱼龙混杂，高净值居住体验差。,讲究超高得房率（超85%），主卧套房必须配备独立步入式衣帽间与干湿分离双卫。,主要在陆家嘴/徐家汇CBD上班，首选地铁2/9号线沿线，通勤半小时内。,周末常去高端商圈消费，热衷打网球和马术，重度手冲咖啡及黑胶唱片发烧友。,名下已有企业股权套现或分红现金，一次性全款付清，基本不加杠杆,非仁恒、绿城、万科等金牌开发商不买，极度看重高端精装质量与顶级物业的增值口碑。,常年本地稳定居住，工作日职住通勤动线规则单一。
上_2003_01271,上海,2003,本地改善,49,女,1.1,9.7,0.45,16.1,4,2,是,B,agent,0.8,0.65,0.6,0.55,0.48,0.93,0.6,0.54,0.6,自住-改善,一室一厅,53,1821,邮政局局长秘书,二胎黄金期中大户型,上海中环品质两居，车位及空间极其拥挤,小区无地下车库且人车不分流，小孩在楼下玩耍或者推婴儿车极为不安全。,讲究超高得房率（超85%），主卧套房必须配备独立步入式衣帽间与干湿分离双卫。,主要在陆家嘴/徐家汇CBD上班，首选地铁2/9号线沿线，通勤半小时内。,倡导轻户外，周末常带家人自驾野营或山系徒步，注重生活情调与手作咖啡。,名下持有一套旧两居，置换回款 65% + 个人理财储蓄补充 + 公积金商业贷,重性价比，不盲信大牌，但要求物业管理有序、绿化修剪及时、人防技防规范。,常年本地稳定居住，工作日职住通勤动线规则单一。
上_2003_01272,上海,2003,本地改善,54,男,0.7,8.2,0.45,13.6,3,2,否,B,agent,0.62,0.6,0.45,0.54,0.61,0.79,0.56,0.61,0.62,自住-改善,两室一厅,78,900,邮政局局长秘书,二胎黄金期中大户型,上海中环品质两居，车位及空间极其拥挤,小区无地下车库且人车不分流，小孩在楼下玩耍或者推婴儿车极为不安全。,讲究超高得房率（超85%），主卧套房必须配备独立步入式衣帽间与干湿分离双卫。,主要在陆家嘴/徐家汇CBD上班，首选地铁2/9号线沿线，通勤半小时内。,倡导轻户外，周末常带家人自驾野营或山系徒步，注重生活情调与手作咖啡。,名下持有一套旧两居，置换回款 65% + 个人理财储蓄补充 + 公积金商业贷,重性价比，不盲信大牌，但要求物业管理有序、绿化修剪及时、人防技防规范。,常年本地稳定居住，工作日职住通勤动线规则单一。
上_2003_01273,上海,2003,教育型买房,45,男,0.5,3.9,0.4,7.3,4,1,是,B,social,0.88,0.53,0.23,0.28,0.58,0.78,0.52,0.82,0.6,学区房,两室一厅,68,947,市第二中学地理教师,三口之家(学龄段),上海中环品质两居，车位及空间极其拥挤,小区无地下车库且人车不分流，小孩在楼下玩耍或者推婴儿车极为不安全。,讲究超高得房率（超85%），主卧套房必须配备独立步入式衣帽间与干湿分离双卫。,主要在陆家嘴/徐家汇CBD上班，首选地铁2/9号线沿线，通勤半小时内。,倡导轻户外，周末常带家人自驾野营或山系徒步，注重生活情调与手作咖啡。,名下持有一套旧两居，置换回款 65% + 个人理财储蓄补充 + 公积金商业贷,重性价比，不盲信大牌，但要求物业管理有序、绿化修剪及时、人防技防规范。,常年本地稳定居住，工作日职住通勤动线规则单一。
上_2003_01274,上海,2003,本地改善,44,女,0.6,6.3,0.45,10.5,3,3,是,B,agent,0.65,0.46,0.53,0.51,0.51,0.86,0.48,0.67,0.63,自住-改善,两室一厅,100,918,邮政局局长秘书,二胎黄金期中大户型,上海中环品质两居，车位及空间极其拥挤,小区无地下车库且人车不分流，小孩在楼下玩耍或者推婴儿车极为不安全。,讲究超高得房率（超85%），主卧套房必须配备独立步入式衣帽间与干湿分离双卫。,主要在陆家嘴/徐家汇CBD上班，首选地铁2/9号线沿线，通勤半小时内。,倡导轻户外，周末常带家人自驾野营或山系徒步，注重生活情调与手作咖啡。,名下持有一套旧两居，置换回款 65% + 个人理财储蓄补充 + 公积金商业贷,重性价比，不盲信大牌，但要求物业管理有序、绿化修剪及时、人防技防规范。,常年本地稳定居住，工作日职住通勤动线规则单一。
上_2003_01275,上海,2003,本地改善,44,女,0.8,7.9,0.45,13.2,4,1,是,B,agent,0.5,0.49,0.51,0.43,0.5,0.84,0.58,0.63,0.57,自住-改善,两室一厅,98,1008,邮政局局长秘书,三口之家(学龄段),上海中环品质两居，车位及空间极其拥挤,小区无地下车库且人车不分流，小孩在楼下玩耍或者推婴儿车极为不安全。,讲究超高得房率（超85%），主卧套房必须配备独立步入式衣帽间与干湿分离双卫。,主要在陆家嘴/徐家汇CBD上班，首选地铁2/9号线沿线，通勤半小时内。,倡导轻户外，周末常带家人自驾野营或山系徒步，注重生活情调与手作咖啡。,名下持有一套旧两居，置换回款 65% + 个人理财储蓄补充 + 公积金商业贷,重性价比，不盲信大牌，但要求物业管理有序、绿化修剪及时、人防技防规范。,常年本地稳定居住，工作日职住通勤动线规则单一。
上_2003_01276,上海,2003,外籍海归,43,女,2.5,18.9,0.4,35.5,3,1,否,A,social,0.61,0.39,0.53,0.64,0.92,0.67,0.64,0.69,0.78,自住-改善,两室两厅,96,1858,合资日化企业技术主管,三口之家(学龄段),西湖边高精平层,无高端私密会所及管家式物业配套，圈层鱼龙混杂，高净值居住体验差。,要求采光通透，全明户型，带多功能嵌入式收纳墙以最大化空间利用。,主要在陆家嘴/徐家汇CBD上班，首选地铁2/9号线沿线，通勤半小时内。,周末常去高端商圈消费，热衷打网球和马术，重度手冲咖啡及黑胶唱片发烧友。,名下已有企业股权套现或分红现金，一次性全款付清，基本不加杠杆,非仁恒、绿城、万科等金牌开发商不买，极度看重高端精装质量与顶级物业的增值口碑。,常年本地稳定居住，工作日职住通勤动线规则单一。
上_2003_01277,上海,2003,本地改善,41,女,1.1,14.3,0.45,23.8,3,2,是,B,agent,0.97,0.36,0.67,0.42,0.51,0.9,0.55,0.7,0.62,自住-改善,两室两厅,52,3051,区财政局科员,二胎黄金期中大户型,上海中环品质两居，车位及空间极其拥挤,小区无地下车库且人车不分流，小孩在楼下玩耍或者推婴儿车极为不安全。,讲究超高得房率（超85%），主卧套房必须配备独立步入式衣帽间与干湿分离双卫。,主要在陆家嘴/徐家汇CBD上班，首选地铁2/9号线沿线，通勤半小时内。,倡导轻户外，周末常带家人自驾野营或山系徒步，注重生活情调与手作咖啡。,名下持有一套旧两居，置换回款 65% + 个人理财储蓄补充 + 公积金商业贷,重性价比，不盲信大牌，但要求物业管理有序、绿化修剪及时、人防技防规范。,常年本地稳定居住，工作日职住通勤动线规则单一。
上_2003_01278,上海,2003,本地改善,48,女,1.3,11.6,0.45,19.4,4,2,是,B,agent,0.79,0.48,0.62,0.48,0.56,0.84,0.57,0.68,0.76,自住-改善,两室两厅,50,2504,市第二中学地理教师,二胎黄金期中大户型,上海中环品质两居，车位及空间极其拥挤,小区无地下车库且人车不分流，小孩在楼下玩耍或者推婴儿车极为不安全。,讲究超高得房率（超85%），主卧套房必须配备独立步入式衣帽间与干湿分离双卫。,主要在陆家嘴/徐家汇CBD上班，首选地铁2/9号线沿线，通勤半小时内。,倡导轻户外，周末常带家人自驾野营或山系徒步，注重生活情调与手作咖啡。,名下持有一套旧两居，置换回款 65% + 个人理财储蓄补充 + 公积金商业贷,非仁恒、绿城、万科等金牌开发商不买，极度看重高端精装质量与顶级物业的增值口碑。,常年本地稳定居住，工作日职住通勤动线规则单一。
上_2003_01279,上海,2003,本地改善,39,女,1.0,10.6,0.45,17.7,4,2,否,B,agent,0.69,0.55,0.64,0.66,0.59,0.92,0.65,0.78,0.73,自住-改善,两室一厅,99,1054,区财政局科员,二胎黄金期中大户型,上海中环品质两居，车位及空间极其拥挤,小区无地下车库且人车不分流，小孩在楼下玩耍或者推婴儿车极为不安全。,讲究超高得房率（超85%），主卧套房必须配备独立步入式衣帽间与干湿分离双卫。,主要在陆家嘴/徐家汇CBD上班，首选地铁2/9号线沿线，通勤半小时内。,倡导轻户外，周末常带家人自驾野营或山系徒步，注重生活情调与手作咖啡。,名下持有一套旧两居，置换回款 65% + 个人理财储蓄补充 + 公积金商业贷,非仁恒、绿城、万科等金牌开发商不买，极度看重高端精装质量与顶级物业的增值口碑。,常年本地稳定居住，工作日职住通勤动线规则单一。
上_2003_01280,上海,2003,本地改善,41,男,0.7,5.8,0.45,9.7,4,2,否,B,agent,1,0.34,0.47,0.45,0.55,0.89,0.67,0.7,0.65,自住-改善,两室一厅,77,677,邮政局局长秘书,二胎黄金期中大户型,上海中环品质两居，车位及空间极其拥挤,小区无地下车库且人车不分流，小孩在楼下玩耍或者推婴儿车极为不安全。,讲究超高得房率（超85%），主卧套房必须配备独立步入式衣帽间与干湿分离双卫。,主要在陆家嘴/徐家汇CBD上班，首选地铁2/9号线沿线，通勤半小时内。,倡导轻户外，周末常带家人自驾野营或山系徒步，注重生活情调与手作咖啡。,名下持有一套旧两居，置换回款 65% + 个人理财储蓄补充 + 公积金商业贷,重性价比，不盲信大牌，但要求物业管理有序、绿化修剪及时、人防技防规范。,常年本地稳定居住，工作日职住通勤动线规则单一。
上_2003_01281,上海,2003,本地改善,42,男,1.4,12.1,0.45,20.2,4,2,是,B,agent,0.87,0.6,0.59,0.53,0.49,0.87,0.47,0.73,0.68,自住-改善,一室一厅,90,1943,区财政局科员,二胎黄金期中大户型,上海中环品质两居，车位及空间极其拥挤,小区无地下车库且人车不分流，小孩在楼下玩耍或者推婴儿车极为不安全。,讲究超高得房率（超85%），主卧套房必须配备独立步入式衣帽间与干湿分离双卫。,主要在陆家嘴/徐家汇CBD上班，首选地铁2/9号线沿线，通勤半小时内。,倡导轻户外，周末常带家人自驾野营或山系徒步，注重生活情调与手作咖啡。,名下持有一套旧两居，置换回款 65% + 个人理财储蓄补充 + 公积金商业贷,重性价比，不盲信大牌，但要求物业管理有序、绿化修剪及时、人防技防规范。,常年本地稳定居住，工作日职住通勤动线规则单一。
上_2003_01282,上海,2003,教育型买房,38,男,0.7,6.5,0.4,12.3,3,2,否,B,social,0.7,0.29,0.29,0.36,0.58,0.98,0.58,0.91,0.7,学区房,一室一厅,79,802,国企车间技术主任,二胎黄金期中大户型,上海中环品质两居，车位及空间极其拥挤,小区无地下车库且人车不分流，小孩在楼下玩耍或者推婴儿车极为不安全。,讲究超高得房率（超85%），主卧套房必须配备独立步入式衣帽间与干湿分离双卫。,主要在陆家嘴/徐家汇CBD上班，首选地铁2/9号线沿线，通勤半小时内。,倡导轻户外，周末常带家人自驾野营或山系徒步，注重生活情调与手作咖啡。,名下持有一套旧两居，置换回款 65% + 个人理财储蓄补充 + 公积金商业贷,非仁恒、绿城、万科等金牌开发商不买，极度看重高端精装质量与顶级物业的增值口碑。,常年本地稳定居住，工作日职住通勤动线规则单一。
上_2003_01283,上海,2003,本地改善,50,女,0.7,7.6,0.45,12.6,5,2,是,B,agent,1,0.47,0.56,0.46,0.58,0.93,0.67,0.85,0.64,自住-改善,两室一厅,60,1813,国企车间技术主任,二胎黄金期中大户型,上海中环品质两居，车位及空间极其拥挤,小区无地下车库且人车不分流，小孩在楼下玩耍或者推婴儿车极为不安全。,讲究超高得房率（超85%），主卧套房必须配备独立步入式衣帽间与干湿分离双卫。,主要在陆家嘴/徐家汇CBD上班，首选地铁2/9号线沿线，通勤半小时内。,倡导轻户外，周末常带家人自驾野营或山系徒步，注重生活情调与手作咖啡。,名下持有一套旧两居，置换回款 65% + 个人理财储蓄补充 + 公积金商业贷,重性价比，不盲信大牌，但要求物业管理有序、绿化修剪及时、人防技防规范。,常年本地稳定居住，工作日职住通勤动线规则单一。
上_2003_01284,上海,2003,金融精英,36,男,2.3,20.9,0.4,39.2,4,1,是,A,research,0.62,0.47,0.72,0.46,0.77,0.73,0.7,0.85,0.7,自住-首套,两室一厅,53,4451,老牌证券公司营业部经理,三口之家(幼龄段),市中心私密洋房住宅,当前房屋属于旧多层无电梯房，父母年纪渐高每天爬楼梯极为吃力。,要求有超大面宽南向双阳台（观景家政分离），主卧大飘窗能270度直面自然景观。,主要在陆家嘴/徐家汇CBD上班，首选地铁2/9号线沿线，通勤半小时内。,周末常去高端商圈消费，热衷打网球和马术，重度手冲咖啡及黑胶唱片发烧友。,夫妻双方积蓄 + 双方父母出资赞助首付 + 公积金商业组合贷款,重性价比，不盲信大牌，但要求物业管理有序、绿化修剪及时、人防技防规范。,常年本地稳定居住，工作日职住通勤动线规则单一。
上_2003_01285,上海,2003,本地改善,47,男,1.0,8.0,0.45,13.4,4,1,是,B,agent,0.95,0.52,0.52,0.64,0.52,0.86,0.55,0.81,0.61,自住-改善,两室两厅,61,1521,邮政局局长秘书,三口之家(学龄段),上海中环品质两居，车位及空间极其拥挤,小区无地下车库且人车不分流，小孩在楼下玩耍或者推婴儿车极为不安全。,讲究超高得房率（超85%），主卧套房必须配备独立步入式衣帽间与干湿分离双卫。,主要在陆家嘴/徐家汇CBD上班，首选地铁2/9号线沿线，通勤半小时内。,倡导轻户外，周末常带家人自驾野营或山系徒步，注重生活情调与手作咖啡。,名下持有一套旧两居，置换回款 65% + 个人理财储蓄补充 + 公积金商业贷,重性价比，不盲信大牌，但要求物业管理有序、绿化修剪及时、人防技防规范。,常年本地稳定居住，工作日职住通勤动线规则单一。
上_2003_01286,上海,2003,本地改善,43,女,1.7,13.4,0.45,22.3,3,2,是,B,agent,0.75,0.29,0.47,0.63,0.46,0.93,0.58,0.64,0.58,自住-改善,两室两厅,100,1628,邮政局局长秘书,二胎黄金期中大户型,上海中环品质两居，车位及空间极其拥挤,小区无地下车库且人车不分流，小孩在楼下玩耍或者推婴儿车极为不安全。,讲究超高得房率（超85%），主卧套房必须配备独立步入式衣帽间与干湿分离双卫。,主要在陆家嘴/徐家汇CBD上班，首选地铁2/9号线沿线，通勤半小时内。,倡导轻户外，周末常带家人自驾野营或山系徒步，注重生活情调与手作咖啡。,名下持有一套旧两居，置换回款 65% + 个人理财储蓄补充 + 公积金商业贷,重性价比，不盲信大牌，但要求物业管理有序、绿化修剪及时、人防技防规范。,常年本地稳定居住，工作日职住通勤动线规则单一。
上_2003_01287,上海,2003,长三角家庭,49,男,0.7,3.7,0.45,6.1,3,2,是,B,agent,0.7,0.57,0.5,0.43,0.56,0.87,0.38,0.7,0.61,自住-改善,两室一厅,86,552,国企车间技术主任,二胎黄金期中大户型,上海中环品质两居，车位及空间极其拥挤,小区无地下车库且人车不分流，小孩在楼下玩耍或者推婴儿车极为不安全。,讲究超高得房率（超85%），主卧套房必须配备独立步入式衣帽间与干湿分离双卫。,主要在陆家嘴/徐家汇CBD上班，首选地铁2/9号线沿线，通勤半小时内。,倡导轻户外，周末常带家人自驾野营或山系徒步，注重生活情调与手作咖啡。,名下持有一套旧两居，置换回款 65% + 个人理财储蓄补充 + 公积金商业贷,重性价比，不盲信大牌，但要求物业管理有序、绿化修剪及时、人防技防规范。,常年本地稳定居住，工作日职住通勤动线规则单一。
上_2003_01288,上海,2003,本地改善,48,男,1.2,9.7,0.45,16.1,5,1,是,B,agent,0.89,0.51,0.55,0.58,0.53,0.9,0.62,0.71,0.46,自住-改善,两室两厅,67,1944,国企车间技术主任,三口之家(学龄段),上海中环品质两居，车位及空间极其拥挤,小区无地下车库且人车不分流，小孩在楼下玩耍或者推婴儿车极为不安全。,讲究超高得房率（超85%），主卧套房必须配备独立步入式衣帽间与干湿分离双卫。,主要在陆家嘴/徐家汇CBD上班，首选地铁2/9号线沿线，通勤半小时内。,倡导轻户外，周末常带家人自驾野营或山系徒步，注重生活情调与手作咖啡。,名下持有一套旧两居，置换回款 65% + 个人理财储蓄补充 + 公积金商业贷,重性价比，不盲信大牌，但要求物业管理有序、绿化修剪及时、人防技防规范。,常年本地稳定居住，工作日职住通勤动线规则单一。
上_2003_01289,上海,2003,本地改善,47,男,0.8,10.1,0.45,16.9,3,2,是,B,agent,0.82,0.59,0.69,0.42,0.65,0.79,0.65,0.8,0.53,自住-改善,一室一厅,92,1582,市第二中学地理教师,二胎黄金期中大户型,上海中环品质两居，车位及空间极其拥挤,小区无地下车库且人车不分流，小孩在楼下玩耍或者推婴儿车极为不安全。,讲究超高得房率（超85%），主卧套房必须配备独立步入式衣帽间与干湿分离双卫。,主要在陆家嘴/徐家汇CBD上班，首选地铁2/9号线沿线，通勤半小时内。,倡导轻户外，周末常带家人自驾野营或山系徒步，注重生活情调与手作咖啡。,名下持有一套旧两居，置换回款 65% + 个人理财储蓄补充 + 公积金商业贷,重性价比，不盲信大牌，但要求物业管理有序、绿化修剪及时、人防技防规范。,常年本地稳定居住，工作日职住通勤动线规则单一。
上_2003_01290,上海,2003,教育型买房,46,女,1.1,10.8,0.4,20.2,3,0,否,B,social,0.99,0.44,0.44,0.31,0.68,0.67,0.49,0.95,0.62,学区房,两室两厅,100,1023,国企车间技术主任,成熟期核心家庭,上海中环品质两居，车位及空间极其拥挤,老小区隔音差，邻里滋扰严重，且车位严重匮乏，每晚加班回来抢车位像打仗。,核心要求地块属于第一梯队名校学区，且周边500米内解决幼小衔接教育配套。,主要在陆家嘴/徐家汇CBD上班，首选地铁2/9号线沿线，通勤半小时内。,倡导轻户外，周末常带家人自驾野营或山系徒步，注重生活情调与手作咖啡。,名下持有一套旧两居，置换回款 65% + 个人理财储蓄补充 + 公积金商业贷,重性价比，不盲信大牌，但要求物业管理有序、绿化修剪及时、人防技防规范。,常年本地稳定居住，工作日职住通勤动线规则单一。
上_2003_01291,上海,2003,本地改善,43,女,1.0,8.5,0.45,14.2,3,3,是,B,agent,0.93,0.38,0.57,0.47,0.54,0.76,0.72,0.72,0.63,自住-改善,两室两厅,95,927,市第二中学地理教师,二胎黄金期中大户型,上海中环品质两居，车位及空间极其拥挤,小区无地下车库且人车不分流，小孩在楼下玩耍或者推婴儿车极为不安全。,讲究超高得房率（超85%），主卧套房必须配备独立步入式衣帽间与干湿分离双卫。,主要在陆家嘴/徐家汇CBD上班，首选地铁2/9号线沿线，通勤半小时内。,倡导轻户外，周末常带家人自驾野营或山系徒步，注重生活情调与手作咖啡。,名下持有一套旧两居，置换回款 65% + 个人理财储蓄补充 + 公积金商业贷,重性价比，不盲信大牌，但要求物业管理有序、绿化修剪及时、人防技防规范。,常年本地稳定居住，工作日职住通勤动线规则单一。
上_2003_01292,上海,2003,长三角家庭,51,男,0.6,5.0,0.45,8.3,3,2,否,B,agent,0.69,0.56,0.56,0.46,0.6,0.83,0.47,0.58,0.66,自住-改善,一室一厅,96,605,区财政局科员,二胎黄金期中大户型,上海中环品质两居，车位及空间极其拥挤,小区无地下车库且人车不分流，小孩在楼下玩耍或者推婴儿车极为不安全。,讲究超高得房率（超85%），主卧套房必须配备独立步入式衣帽间与干湿分离双卫。,主要在陆家嘴/徐家汇CBD上班，首选地铁2/9号线沿线，通勤半小时内。,倡导轻户外，周末常带家人自驾野营或山系徒步，注重生活情调与手作咖啡。,名下持有一套旧两居，置换回款 65% + 个人理财储蓄补充 + 公积金商业贷,重性价比，不盲信大牌，但要求物业管理有序、绿化修剪及时、人防技防规范。,常年本地稳定居住，工作日职住通勤动线规则单一。
上_2003_01293,上海,2003,本地改善,47,男,1.3,9.8,0.45,16.3,4,2,是,B,agent,0.57,0.35,0.66,0.54,0.56,0.91,0.47,0.75,0.45,自住-改善,两室一厅,91,913,国企车间技术主任,二胎黄金期中大户型,上海中环品质两居，车位及空间极其拥挤,小区无地下车库且人车不分流，小孩在楼下玩耍或者推婴儿车极为不安全。,讲究超高得房率（超85%），主卧套房必须配备独立步入式衣帽间与干湿分离双卫。,主要在陆家嘴/徐家汇CBD上班，首选地铁2/9号线沿线，通勤半小时内。,倡导轻户外，周末常带家人自驾野营或山系徒步，注重生活情调与手作咖啡。,名下持有一套旧两居，置换回款 65% + 个人理财储蓄补充 + 公积金商业贷,重性价比，不盲信大牌，但要求物业管理有序、绿化修剪及时、人防技防规范。,常年本地稳定居住，工作日职住通勤动线规则单一。
上_2003_01294,上海,2003,教育型买房,38,女,1.8,10.2,0.4,19.1,3,1,否,B,social,1.0,0.52,0.39,0.51,0.63,0.66,0.49,0.91,0.62,学区房,两室两厅,62,2344,邮政局局长秘书,三口之家(学龄段),上海中环品质两居，车位及空间极其拥挤,小区无地下车库且人车不分流，小孩在楼下玩耍或者推婴儿车极为不安全。,核心要求地块属于第一梯队名校学区，且周边500米内解决幼小衔接教育配套。,主要在陆家嘴/徐家汇CBD上班，首选地铁2/9号线沿线，通勤半小时内。,倡导轻户外，周末常带家人自驾野营或山系徒步，注重生活情调与手作咖啡。,名下持有一套旧两居，置换回款 65% + 个人理财储蓄补充 + 公积金商业贷,重性价比，不盲信大牌，但要求物业管理有序、绿化修剪及时、人防技防规范。,常年本地稳定居住，工作日职住通勤动线规则单一。
上_2003_01295,上海,2003,长三角家庭,44,男,1.1,7.4,0.45,12.4,4,1,是,B,agent,0.72,0.55,0.68,0.54,0.36,0.67,0.31,0.85,0.66,自住-改善,一室一厅,65,1568,市第二中学地理教师,三口之家(学龄段),上海中环品质两居，车位及空间极其拥挤,小区无地下车库且人车不分流，小孩在楼下玩耍或者推婴儿车极为不安全。,核心要求地块属于第一梯队名校学区，且周边500米内解决幼小衔接教育配套。,主要在陆家嘴/徐家汇CBD上班，首选地铁2/9号线沿线，通勤半小时内。,倡导轻户外，周末常带家人自驾野营或山系徒步，注重生活情调与手作咖啡。,名下持有一套旧两居，置换回款 65% + 个人理财储蓄补充 + 公积金商业贷,重性价比，不盲信大牌，但要求物业管理有序、绿化修剪及时、人防技防规范。,常年本地稳定居住，工作日职住通勤动线规则单一。
上_2003_01296,上海,2003,本地改善,55,男,0.8,8.5,0.45,14.2,4,2,是,B,agent,0.69,0.54,0.55,0.56,0.53,0.87,0.62,0.8,0.69,自住-改善,两室一厅,84,871,区财政局科员,二胎黄金期中大户型,上海中环品质两居，车位及空间极其拥挤,小区无地下车库且人车不分流，小孩在楼下玩耍或者推婴儿车极为不安全。,讲究超高得房率（超85%），主卧套房必须配备独立步入式衣帽间与干湿分离双卫。,主要在陆家嘴/徐家汇CBD上班，首选地铁2/9号线沿线，通勤半小时内。,倡导轻户外，周末常带家人自驾野营或山系徒步，注重生活情调与手作咖啡。,名下持有一套旧两居，置换回款 65% + 个人理财储蓄补充 + 公积金商业贷,重性价比，不盲信大牌，但要求物业管理有序、绿化修剪及时、人防技防规范。,常年本地稳定居住，工作日职住通勤动线规则单一。
上_2003_01297,上海,2003,教育型买房,42,女,1.4,9.9,0.4,18.5,2,2,否,B,social,0.98,0.64,0.32,0.34,0.58,0.8,0.38,0.85,0.65,学区房,两室两厅,84,1461,区财政局科员,二胎黄金期中大户型,上海中环品质两居，车位及空间极其拥挤,小区无地下车库且人车不分流，小孩在楼下玩耍或者推婴儿车极为不安全。,讲究超高得房率（超85%），主卧套房必须配备独立步入式衣帽间与干湿分离双卫。,主要在陆家嘴/徐家汇CBD上班，首选地铁2/9号线沿线，通勤半小时内。,倡导轻户外，周末常带家人自驾野营或山系徒步，注重生活情调与手作咖啡。,名下持有一套旧两居，置换回款 65% + 个人理财储蓄补充 + 公积金商业贷,重性价比，不盲信大牌，但要求物业管理有序、绿化修剪及时、人防技防规范。,常年本地稳定居住，工作日职住通勤动线规则单一。
上_2003_01298,上海,2003,教育型买房,33,男,1.1,7.8,0.4,14.6,2,1,否,B,social,0.79,0.38,0.35,0.43,0.63,0.65,0.61,0.98,0.66,学区房,两室两厅,92,959,区财政局科员,三口之家(幼龄段),上海中环品质两居，车位及空间极其拥挤,小区无地下车库且人车不分流，小孩在楼下玩耍或者推婴儿车极为不安全。,核心要求地块属于第一梯队名校学区，且周边500米内解决幼小衔接教育配套。,主要在陆家嘴/徐家汇CBD上班，首选地铁2/9号线沿线，通勤半小时内。,倡导轻户外，周末常带家人自驾野营或山系徒步，注重生活情调与手作咖啡。,名下持有一套旧两居，置换回款 65% + 个人理财储蓄补充 + 公积金商业贷,重性价比，不盲信大牌，但要求物业管理有序、绿化修剪及时、人防技防规范。,常年本地稳定居住，工作日职住通勤动线规则单一。
上_2003_01299,上海,2003,金融精英,44,男,1.2,12.4,0.4,23.2,2,1,是,A,research,0.56,0.36,0.67,0.57,0.8,0.69,0.65,0.79,0.9,自住-改善,两室两厅,55,2432,商业银行支行信贷科长,三口之家(学龄段),陆家嘴核心区江景大平层,当前房屋属于旧多层无电梯房，父母年纪渐高每天爬楼梯极为吃力。,核心要求地块属于第一梯队名校学区，且周边500米内解决幼小衔接教育配套。,主要在陆家嘴/徐家汇CBD上班，首选地铁2/9号线沿线，通勤半小时内。,周末常去高端商圈消费，热衷打网球和马术，重度手冲咖啡及黑胶唱片发烧友。,名下已有企业股权套现或分红现金，一次性全款付清，基本不加杠杆,非仁恒、绿城、万科等金牌开发商不买，极度看重高端精装质量与顶级物业的增值口碑。,常年本地稳定居住，工作日职住通勤动线规则单一。
上_2003_01300,上海,2003,金融精英,40,女,2.4,16.6,0.4,31.2,2,2,否,A,research,0.45,0.61,0.6,0.62,0.73,0.82,0.76,0.99,0.78,自住-改善,两室两厅,84,2231,申银万国证券分析员,二胎黄金期中大户型,陆家嘴核心区江景大平层,无高端私密会所及管家式物业配套，圈层鱼龙混杂，高净值居住体验差。,讲究超高得房率（超85%），主卧套房必须配备独立步入式衣帽间与干湿分离双卫。,主要在陆家嘴/徐家汇CBD上班，首选地铁2/9号线沿线，通勤半小时内。,周末常去高端商圈消费，热衷打网球和马术，重度手冲咖啡及黑胶唱片发烧友。,名下已有企业股权套现或分红现金，一次性全款付清，基本不加杠杆,非仁恒、绿城、万科等金牌开发商不买，极度看重高端精装质量与顶级物业的增值口碑。,常年本地稳定居住，工作日职住通勤动线规则单一。
上_2003_01301,上海,2003,本地改善,48,男,1.2,12.8,0.45,21.3,3,2,否,B,agent,0.84,0.4,0.64,0.4,0.69,0.93,0.55,0.78,0.64,自住-改善,两室两厅,54,2657,国企车间技术主任,二胎黄金期中大户型,上海中环品质两居，车位及空间极其拥挤,小区无地下车库且人车不分流，小孩在楼下玩耍或者推婴儿车极为不安全。,讲究超高得房率（超85%），主卧套房必须配备独立步入式衣帽间与干湿分离双卫。,主要在陆家嘴/徐家汇CBD上班，首选地铁2/9号线沿线，通勤半小时内。,倡导轻户外，周末常带家人自驾野营或山系徒步，注重生活情调与手作咖啡。,名下持有一套旧两居，置换回款 65% + 个人理财储蓄补充 + 公积金商业贷,重性价比，不盲信大牌，但要求物业管理有序、绿化修剪及时、人防技防规范。,常年本地稳定居住，工作日职住通勤动线规则单一。
上_2003_01302,上海,2003,长三角家庭,35,男,1.9,13.4,0.45,22.4,5,2,是,B,agent,0.79,0.59,0.47,0.52,0.58,0.74,0.42,0.77,0.61,自住-改善,一室一厅,52,2304,国企车间技术主任,二胎黄金期中大户型,上海中环品质两居，车位及空间极其拥挤,小区无地下车库且人车不分流，小孩在楼下玩耍或者推婴儿车极为不安全。,讲究超高得房率（超85%），主卧套房必须配备独立步入式衣帽间与干湿分离双卫。,主要在陆家嘴/徐家汇CBD上班，首选地铁2/9号线沿线，通勤半小时内。,倡导轻户外，周末常带家人自驾野营或山系徒步，注重生活情调与手作咖啡。,名下持有一套旧两居，置换回款 65% + 个人理财储蓄补充 + 公积金商业贷,重性价比，不盲信大牌，但要求物业管理有序、绿化修剪及时、人防技防规范。,常年本地稳定居住，工作日职住通勤动线规则单一。
上_2003_01303,上海,2003,教育型买房,43,女,1.1,9.0,0.4,16.8,3,1,否,B,social,1,0.41,0.46,0.45,0.72,0.73,0.76,1,0.61,学区房,两室两厅,57,1509,区财政局科员,三口之家(学龄段),上海中环品质两居，车位及空间极其拥挤,小区无地下车库且人车不分流，小孩在楼下玩耍或者推婴儿车极为不安全。,讲究超高得房率（超85%），主卧套房必须配备独立步入式衣帽间与干湿分离双卫。,主要在陆家嘴/徐家汇CBD上班，首选地铁2/9号线沿线，通勤半小时内。,倡导轻户外，周末常带家人自驾野营或山系徒步，注重生活情调与手作咖啡。,名下持有一套旧两居，置换回款 65% + 个人理财储蓄补充 + 公积金商业贷,重性价比，不盲信大牌，但要求物业管理有序、绿化修剪及时、人防技防规范。,常年本地稳定居住，工作日职住通勤动线规则单一。
上_2003_01304,上海,2003,教育型买房,48,女,1.8,14.4,0.4,27.1,2,1,否,B,social,0.75,0.41,0.47,0.43,0.57,0.69,0.62,0.92,0.6,学区房,两室两厅,88,2762,区财政局科员,三口之家(学龄段),上海中环品质两居，车位及空间极其拥挤,小区无地下车库且人车不分流，小孩在楼下玩耍或者推婴儿车极为不安全。,核心要求地块属于第一梯队名校学区，且周边500米内解决幼小衔接教育配套。,主要在陆家嘴/徐家汇CBD上班，首选地铁2/9号线沿线，通勤半小时内。,倡导轻户外，周末常带家人自驾野营或山系徒步，注重生活情调与手作咖啡。,名下持有一套旧两居，置换回款 65% + 个人理财储蓄补充 + 公积金商业贷,重性价比，不盲信大牌，但要求物业管理有序、绿化修剪及时、人防技防规范。,常年本地稳定居住，工作日职住通勤动线规则单一。
上_2003_01305,上海,2003,本地改善,39,男,1.4,15.8,0.45,26.4,5,2,是,B,agent,0.65,0.47,0.58,0.41,0.52,0.98,0.64,0.68,0.67,自住-改善,两室一厅,61,3849,区财政局科员,二胎黄金期中大户型,上海中环品质两居，车位及空间极其拥挤,小区无地下车库且人车不分流，小孩在楼下玩耍或者推婴儿车极为不安全。,讲究超高得房率（超85%），主卧套房必须配备独立步入式衣帽间与干湿分离双卫。,主要在陆家嘴/徐家汇CBD上班，首选地铁2/9号线沿线，通勤半小时内。,倡导轻户外，周末常带家人自驾野营或山系徒步，注重生活情调与手作咖啡。,名下持有一套旧两居，置换回款 65% + 个人理财储蓄补充 + 公积金商业贷,重性价比，不盲信大牌，但要求物业管理有序、绿化修剪及时、人防技防规范。,常年本地稳定居住，工作日职住通勤动线规则单一。
上_2003_01306,上海,2003,本地改善,54,女,0.7,7.6,0.45,12.7,4,2,否,B,agent,0.8,0.46,0.58,0.66,0.53,0.82,0.74,0.78,0.66,自住-改善,一室一厅,60,1104,市第二中学地理教师,二胎黄金期中大户型,上海中环品质两居，车位及空间极其拥挤,小区无地下车库且人车不分流，小孩在楼下玩耍或者推婴儿车极为不安全。,讲究超高得房率（超85%），主卧套房必须配备独立步入式衣帽间与干湿分离双卫。,主要在陆家嘴/徐家汇CBD上班，首选地铁2/9号线沿线，通勤半小时内。,倡导轻户外，周末常带家人自驾野营或山系徒步，注重生活情调与手作咖啡。,名下持有一套旧两居，置换回款 65% + 个人理财储蓄补充 + 公积金商业贷,重性价比，不盲信大牌，但要求物业管理有序、绿化修剪及时、人防技防规范。,常年本地稳定居住，工作日职住通勤动线规则单一。
上_2003_01307,上海,2003,本地改善,58,女,1.0,10.2,0.45,17.0,4,2,否,B,agent,0.84,0.51,0.53,0.54,0.58,0.73,0.68,0.7,0.62,自住-改善,两室一厅,78,1264,邮政局局长秘书,二胎黄金期中大户型,上海中环品质两居，车位及空间极其拥挤,小区无地下车库且人车不分流，小孩在楼下玩耍或者推婴儿车极为不安全。,讲究超高得房率（超85%），主卧套房必须配备独立步入式衣帽间与干湿分离双卫。,主要在陆家嘴/徐家汇CBD上班，首选地铁2/9号线沿线，通勤半小时内。,倡导轻户外，周末常带家人自驾野营或山系徒步，注重生活情调与手作咖啡。,名下持有一套旧两居，置换回款 65% + 个人理财储蓄补充 + 公积金商业贷,重性价比，不盲信大牌，但要求物业管理有序、绿化修剪及时、人防技防规范。,常年本地稳定居住，工作日职住通勤动线规则单一。
上_2003_01308,上海,2003,金融精英,47,女,1.9,17.9,0.4,33.6,3,1,否,A,research,0.83,0.48,0.57,0.61,0.81,0.82,0.77,0.86,0.78,自住-改善,一室一厅,54,4238,申银万国证券分析员,三口之家(学龄段),陆家嘴核心区江景大平层,无高端私密会所及管家式物业配套，圈层鱼龙混杂，高净值居住体验差。,讲究超高得房率（超85%），主卧套房必须配备独立步入式衣帽间与干湿分离双卫。,主要在陆家嘴/徐家汇CBD上班，首选地铁2/9号线沿线，通勤半小时内。,周末常去高端商圈消费，热衷打网球和马术，重度手冲咖啡及黑胶唱片发烧友。,名下已有企业股权套现或分红现金，一次性全款付清，基本不加杠杆,非仁恒、绿城、万科等金牌开发商不买，极度看重高端精装质量与顶级物业的增值口碑。,常年本地稳定居住，工作日职住通勤动线规则单一。
上_2003_01309,上海,2003,金融精英,38,男,2.5,21.8,0.4,40.9,3,0,是,A,research,0.68,0.31,0.6,0.5,0.79,0.89,0.75,0.9,0.65,自住-首套,两室两厅,63,3343,申银万国证券分析员,成熟期核心家庭,市中心私密洋房住宅,当前房屋属于旧多层无电梯房，父母年纪渐高每天爬楼梯极为吃力。,讲究超高得房率（超85%），主卧套房必须配备独立步入式衣帽间与干湿分离双卫。,主要在陆家嘴/徐家汇CBD上班，首选地铁2/9号线沿线，通勤半小时内。,周末常去高端商圈消费，热衷打网球和马术，重度手冲咖啡及黑胶唱片发烧友。,夫妻双方积蓄 + 双方父母出资赞助首付 + 公积金商业组合贷款,重性价比，不盲信大牌，但要求物业管理有序、绿化修剪及时、人防技防规范。,常年本地稳定居住，工作日职住通勤动线规则单一。
上_2003_01310,上海,2003,本地改善,53,男,1.5,12.4,0.45,20.6,3,2,否,B,agent,0.77,0.53,0.52,0.53,0.64,0.84,0.4,0.6,0.63,自住-改善,两室两厅,100,1606,国企车间技术主任,二胎黄金期中大户型,上海中环品质两居，车位及空间极其拥挤,小区无地下车库且人车不分流，小孩在楼下玩耍或者推婴儿车极为不安全。,讲究超高得房率（超85%），主卧套房必须配备独立步入式衣帽间与干湿分离双卫。,主要在陆家嘴/徐家汇CBD上班，首选地铁2/9号线沿线，通勤半小时内。,倡导轻户外，周末常带家人自驾野营或山系徒步，注重生活情调与手作咖啡。,名下持有一套旧两居，置换回款 65% + 个人理财储蓄补充 + 公积金商业贷,重性价比，不盲信大牌，但要求物业管理有序、绿化修剪及时、人防技防规范。,常年本地稳定居住，工作日职住通勤动线规则单一。
上_2003_01311,上海,2003,本地改善,51,男,0.6,5.3,0.45,8.9,4,1,是,B,agent,0.84,0.46,0.37,0.47,0.52,0.87,0.56,0.74,0.61,自住-改善,一室一厅,87,901,市第二中学地理教师,三口之家(学龄段),上海中环品质两居，车位及空间极其拥挤,小区无地下车库且人车不分流，小孩在楼下玩耍或者推婴儿车极为不安全。,讲究超高得房率（超85%），主卧套房必须配备独立步入式衣帽间与干湿分离双卫。,主要在陆家嘴/徐家汇CBD上班，首选地铁2/9号线沿线，通勤半小时内。,倡导轻户外，周末常带家人自驾野营或山系徒步，注重生活情调与手作咖啡。,名下持有一套旧两居，置换回款 65% + 个人理财储蓄补充 + 公积金商业贷,重性价比，不盲信大牌，但要求物业管理有序、绿化修剪及时、人防技防规范。,常年本地稳定居住，工作日职住通勤动线规则单一。
上_2003_01312,上海,2003,本地改善,55,男,1.4,15.9,0.45,26.5,4,2,否,B,agent,0.53,0.39,0.53,0.42,0.46,0.87,0.65,0.52,0.68,自住-改善,两室两厅,74,2189,市第二中学地理教师,二胎黄金期中大户型,上海中环品质两居，车位及空间极其拥挤,小区无地下车库且人车不分流，小孩在楼下玩耍或者推婴儿车极为不安全。,讲究超高得房率（超85%），主卧套房必须配备独立步入式衣帽间与干湿分离双卫。,主要在陆家嘴/徐家汇CBD上班，首选地铁2/9号线沿线，通勤半小时内。,倡导轻户外，周末常带家人自驾野营或山系徒步，注重生活情调与手作咖啡。,名下持有一套旧两居，置换回款 65% + 个人理财储蓄补充 + 公积金商业贷,重性价比，不盲信大牌，但要求物业管理有序、绿化修剪及时、人防技防规范。,常年本地稳定居住，工作日职住通勤动线规则单一。
上_2003_01313,上海,2003,教育型买房,40,女,2.1,17.8,0.4,33.4,3,0,否,B,social,1,0.45,0.39,0.42,0.64,0.81,0.62,1,0.58,学区房,一室一厅,58,4908,区财政局科员,成熟期核心家庭,上海中环品质两居，车位及空间极其拥挤,老小区隔音差，邻里滋扰严重，且车位严重匮乏，每晚加班回来抢车位像打仗。,讲究超高得房率（超85%），主卧套房必须配备独立步入式衣帽间与干湿分离双卫。,主要在陆家嘴/徐家汇CBD上班，首选地铁2/9号线沿线，通勤半小时内。,倡导轻户外，周末常带家人自驾野营或山系徒步，注重生活情调与手作咖啡。,名下持有一套旧两居，置换回款 65% + 个人理财储蓄补充 + 公积金商业贷,重性价比，不盲信大牌，但要求物业管理有序、绿化修剪及时、人防技防规范。,常年本地稳定居住，工作日职住通勤动线规则单一。
上_2003_01314,上海,2003,金融精英,46,女,2.6,24.9,0.4,46.7,3,1,是,A,research,0.73,0.37,0.62,0.42,0.7,0.72,0.73,0.64,0.61,自住-首套,一室一厅,98,4091,老牌证券公司营业部经理,三口之家(学龄段),陆家嘴核心区江景大平层,当前房屋属于旧多层无电梯房，父母年纪渐高每天爬楼梯极为吃力。,讲究超高得房率（超85%），主卧套房必须配备独立步入式衣帽间与干湿分离双卫。,主要在陆家嘴/徐家汇CBD上班，首选地铁2/9号线沿线，通勤半小时内。,周末常去高端商圈消费，热衷打网球和马术，重度手冲咖啡及黑胶唱片发烧友。,夫妻双方积蓄 + 双方父母出资赞助首付 + 公积金商业组合贷款,重性价比，不盲信大牌，但要求物业管理有序、绿化修剪及时、人防技防规范。,常年本地稳定居住，工作日职住通勤动线规则单一。
上_2003_01315,上海,2003,本地改善,46,男,0.5,4.8,0.45,7.9,4,2,是,B,agent,0.72,0.49,0.59,0.55,0.36,0.86,0.58,0.7,0.72,自住-改善,一室一厅,95,679,市第二中学地理教师,二胎黄金期中大户型,上海中环品质两居，车位及空间极其拥挤,小区无地下车库且人车不分流，小孩在楼下玩耍或者推婴儿车极为不安全。,讲究超高得房率（超85%），主卧套房必须配备独立步入式衣帽间与干湿分离双卫。,主要在陆家嘴/徐家汇CBD上班，首选地铁2/9号线沿线，通勤半小时内。,倡导轻户外，周末常带家人自驾野营或山系徒步，注重生活情调与手作咖啡。,名下持有一套旧两居，置换回款 65% + 个人理财储蓄补充 + 公积金商业贷,非仁恒、绿城、万科等金牌开发商不买，极度看重高端精装质量与顶级物业的增值口碑。,常年本地稳定居住，工作日职住通勤动线规则单一。
上_2003_01316,上海,2003,教育型买房,32,男,1.2,9.9,0.4,18.6,2,1,否,B,social,1,0.31,0.38,0.36,0.53,0.81,0.42,0.9,0.56,学区房,一室一厅,85,1666,市第二中学地理教师,三口之家(幼龄段),上海中环品质两居，车位及空间极其拥挤,小区无地下车库且人车不分流，小孩在楼下玩耍或者推婴儿车极为不安全。,讲究超高得房率（超85%），主卧套房必须配备独立步入式衣帽间与干湿分离双卫。,主要在陆家嘴/徐家汇CBD上班，首选地铁2/9号线沿线，通勤半小时内。,倡导轻户外，周末常带家人自驾野营或山系徒步，注重生活情调与手作咖啡。,名下持有一套旧两居，置换回款 65% + 个人理财储蓄补充 + 公积金商业贷,重性价比，不盲信大牌，但要求物业管理有序、绿化修剪及时、人防技防规范。,常年本地稳定居住，工作日职住通勤动线规则单一。
上_2003_01317,上海,2003,教育型买房,39,男,1.3,11.4,0.4,21.5,2,1,否,B,social,0.89,0.73,0.49,0.29,0.62,0.7,0.64,0.97,0.54,学区房,两室两厅,73,2540,市第二中学地理教师,三口之家(学龄段),上海中环品质两居，车位及空间极其拥挤,小区无地下车库且人车不分流，小孩在楼下玩耍或者推婴儿车极为不安全。,核心要求地块属于第一梯队名校学区，且周边500米内解决幼小衔接教育配套。,主要在陆家嘴/徐家汇CBD上班，首选地铁2/9号线沿线，通勤半小时内。,倡导轻户外，周末常带家人自驾野营或山系徒步，注重生活情调与手作咖啡。,名下持有一套旧两居，置换回款 65% + 个人理财储蓄补充 + 公积金商业贷,重性价比，不盲信大牌，但要求物业管理有序、绿化修剪及时、人防技防规范。,常年本地稳定居住，工作日职住通勤动线规则单一。
上_2003_01318,上海,2003,本地改善,39,女,1.6,12.2,0.45,20.3,3,2,是,B,agent,0.75,0.48,0.62,0.66,0.66,0.79,0.69,0.78,0.71,自住-改善,两室两厅,66,1634,市第二中学地理教师,二胎黄金期中大户型,上海中环品质两居，车位及空间极其拥挤,小区无地下车库且人车不分流，小孩在楼下玩耍或者推婴儿车极为不安全。,讲究超高得房率（超85%），主卧套房必须配备独立步入式衣帽间与干湿分离双卫。,主要在陆家嘴/徐家汇CBD上班，首选地铁2/9号线沿线，通勤半小时内。,倡导轻户外，周末常带家人自驾野营或山系徒步，注重生活情调与手作咖啡。,名下持有一套旧两居，置换回款 65% + 个人理财储蓄补充 + 公积金商业贷,非仁恒、绿城、万科等金牌开发商不买，极度看重高端精装质量与顶级物业的增值口碑。,常年本地稳定居住，工作日职住通勤动线规则单一。
上_2003_01319,上海,2003,本地改善,41,女,1.1,13.4,0.45,22.3,5,2,否,B,agent,0.71,0.43,0.59,0.45,0.55,0.74,0.54,0.71,0.59,自住-改善,两室两厅,56,3288,邮政局局长秘书,二胎黄金期中大户型,上海中环品质两居，车位及空间极其拥挤,小区无地下车库且人车不分流，小孩在楼下玩耍或者推婴儿车极为不安全。,讲究超高得房率（超85%），主卧套房必须配备独立步入式衣帽间与干湿分离双卫。,主要在陆家嘴/徐家汇CBD上班，首选地铁2/9号线沿线，通勤半小时内。,倡导轻户外，周末常带家人自驾野营或山系徒步，注重生活情调与手作咖啡。,名下持有一套旧两居，置换回款 65% + 个人理财储蓄补充 + 公积金商业贷,重性价比，不盲信大牌，但要求物业管理有序、绿化修剪及时、人防技防规范。,常年本地稳定居住，工作日职住通勤动线规则单一。
上_2003_01320,上海,2003,本地改善,57,女,1.6,12.6,0.45,21.0,4,1,否,B,agent,0.7,0.45,0.41,0.46,0.56,1,0.64,0.61,0.56,自住-改善,两室一厅,50,2831,国企车间技术主任,三口之家(学龄段),上海中环品质两居，车位及空间极其拥挤,小区无地下车库且人车不分流，小孩在楼下玩耍或者推婴儿车极为不安全。,讲究超高得房率（超85%），主卧套房必须配备独立步入式衣帽间与干湿分离双卫。,主要在陆家嘴/徐家汇CBD上班，首选地铁2/9号线沿线，通勤半小时内。,倡导轻户外，周末常带家人自驾野营或山系徒步，注重生活情调与手作咖啡。,名下持有一套旧两居，置换回款 65% + 个人理财储蓄补充 + 公积金商业贷,重性价比，不盲信大牌，但要求物业管理有序、绿化修剪及时、人防技防规范。,常年本地稳定居住，工作日职住通勤动线规则单一。
上_2003_01321,上海,2003,本地改善,46,男,1.3,14.0,0.45,23.3,4,2,否,B,agent,0.52,0.56,0.64,0.54,0.55,0.91,0.58,0.71,0.76,自住-改善,一室一厅,97,1401,区财政局科员,二胎黄金期中大户型,上海中环品质两居，车位及空间极其拥挤,小区无地下车库且人车不分流，小孩在楼下玩耍或者推婴儿车极为不安全。,讲究超高得房率（超85%），主卧套房必须配备独立步入式衣帽间与干湿分离双卫。,主要在陆家嘴/徐家汇CBD上班，首选地铁2/9号线沿线，通勤半小时内。,倡导轻户外，周末常带家人自驾野营或山系徒步，注重生活情调与手作咖啡。,名下持有一套旧两居，置换回款 65% + 个人理财储蓄补充 + 公积金商业贷,非仁恒、绿城、万科等金牌开发商不买，极度看重高端精装质量与顶级物业的增值口碑。,常年本地稳定居住，工作日职住通勤动线规则单一。
上_2003_01322,上海,2003,本地改善,40,男,1.0,7.7,0.45,12.8,3,2,否,B,agent,0.83,0.46,0.58,0.4,0.63,0.79,0.53,0.62,0.71,自住-改善,两室一厅,65,1682,市第二中学地理教师,二胎黄金期中大户型,上海中环品质两居，车位及空间极其拥挤,小区无地下车库且人车不分流，小孩在楼下玩耍或者推婴儿车极为不安全。,讲究超高得房率（超85%），主卧套房必须配备独立步入式衣帽间与干湿分离双卫。,主要在陆家嘴/徐家汇CBD上班，首选地铁2/9号线沿线，通勤半小时内。,倡导轻户外，周末常带家人自驾野营或山系徒步，注重生活情调与手作咖啡。,名下持有一套旧两居，置换回款 65% + 个人理财储蓄补充 + 公积金商业贷,非仁恒、绿城、万科等金牌开发商不买，极度看重高端精装质量与顶级物业的增值口碑。,常年本地稳定居住，工作日职住通勤动线规则单一。
上_2003_01323,上海,2003,教育型买房,44,男,1.0,9.7,0.4,18.1,3,0,否,B,social,0.81,0.41,0.4,0.39,0.72,0.63,0.56,0.99,0.52,学区房,一室一厅,95,1067,区财政局科员,成熟期核心家庭,上海中环品质两居，车位及空间极其拥挤,老小区隔音差，邻里滋扰严重，且车位严重匮乏，每晚加班回来抢车位像打仗。,核心要求地块属于第一梯队名校学区，且周边500米内解决幼小衔接教育配套。,主要在陆家嘴/徐家汇CBD上班，首选地铁2/9号线沿线，通勤半小时内。,倡导轻户外，周末常带家人自驾野营或山系徒步，注重生活情调与手作咖啡。,名下持有一套旧两居，置换回款 65% + 个人理财储蓄补充 + 公积金商业贷,重性价比，不盲信大牌，但要求物业管理有序、绿化修剪及时、人防技防规范。,常年本地稳定居住，工作日职住通勤动线规则单一。
上_2003_01324,上海,2003,本地改善,53,男,0.6,6.5,0.45,10.9,3,2,否,B,agent,0.85,0.46,0.41,0.54,0.68,0.84,0.65,0.9,0.61,自住-改善,一室一厅,87,767,区财政局科员,二胎黄金期中大户型,上海中环品质两居，车位及空间极其拥挤,小区无地下车库且人车不分流，小孩在楼下玩耍或者推婴儿车极为不安全。,讲究超高得房率（超85%），主卧套房必须配备独立步入式衣帽间与干湿分离双卫。,主要在陆家嘴/徐家汇CBD上班，首选地铁2/9号线沿线，通勤半小时内。,倡导轻户外，周末常带家人自驾野营或山系徒步，注重生活情调与手作咖啡。,名下持有一套旧两居，置换回款 65% + 个人理财储蓄补充 + 公积金商业贷,重性价比，不盲信大牌，但要求物业管理有序、绿化修剪及时、人防技防规范。,常年本地稳定居住，工作日职住通勤动线规则单一。
上_2003_01325,上海,2003,金融精英,41,男,1.5,11.2,0.4,21.0,3,2,否,A,research,0.82,0.42,0.65,0.58,0.84,0.78,0.75,0.75,0.78,自住-首套,一室一厅,76,2310,商业银行支行信贷科长,二胎黄金期中大户型,陆家嘴核心区江景大平层,无高端私密会所及管家式物业配套，圈层鱼龙混杂，高净值居住体验差。,讲究超高得房率（超85%），主卧套房必须配备独立步入式衣帽间与干湿分离双卫。,主要在陆家嘴/徐家汇CBD上班，首选地铁2/9号线沿线，通勤半小时内。,周末常去高端商圈消费，热衷打网球和马术，重度手冲咖啡及黑胶唱片发烧友。,夫妻双方积蓄 + 双方父母出资赞助首付 + 公积金商业组合贷款,非仁恒、绿城、万科等金牌开发商不买，极度看重高端精装质量与顶级物业的增值口碑。,常年本地稳定居住，工作日职住通勤动线规则单一。
上_2003_01326,上海,2003,金融精英,33,男,2.5,14.5,0.4,27.2,3,2,否,A,research,0.76,0.42,0.61,0.7,0.73,0.77,0.74,0.84,0.88,婚房,两室一厅,71,2464,申银万国证券分析员,二胎黄金期中大户型,西湖边高精平层,无高端私密会所及管家式物业配套，圈层鱼龙混杂，高净值居住体验差。,讲究超高得房率（超85%），主卧套房必须配备独立步入式衣帽间与干湿分离双卫。,主要在陆家嘴/徐家汇CBD上班，首选地铁2/9号线沿线，通勤半小时内。,周末常去高端商圈消费，热衷打网球和马术，重度手冲咖啡及黑胶唱片发烧友。,夫妻双方积蓄 + 双方父母出资赞助首付 + 公积金商业组合贷款,非仁恒、绿城、万科等金牌开发商不买，极度看重高端精装质量与顶级物业的增值口碑。,常年本地稳定居住，工作日职住通勤动线规则单一。
上_2003_01327,上海,2003,长三角家庭,43,女,1.8,11.2,0.45,18.6,3,2,是,B,agent,1,0.51,0.53,0.47,0.58,0.81,0.46,0.61,0.67,自住-首套,两室两厅,92,1370,市第二中学地理教师,二胎黄金期中大户型,上海中环品质两居，车位及空间极其拥挤,小区无地下车库且人车不分流，小孩在楼下玩耍或者推婴儿车极为不安全。,讲究超高得房率（超85%），主卧套房必须配备独立步入式衣帽间与干湿分离双卫。,主要在陆家嘴/徐家汇CBD上班，首选地铁2/9号线沿线，通勤半小时内。,倡导轻户外，周末常带家人自驾野营或山系徒步，注重生活情调与手作咖啡。,夫妻双方积蓄 + 双方父母出资赞助首付 + 公积金商业组合贷款,重性价比，不盲信大牌，但要求物业管理有序、绿化修剪及时、人防技防规范。,常年本地稳定居住，工作日职住通勤动线规则单一。
上_2003_01328,上海,2003,本地改善,45,女,1.0,12.3,0.45,20.5,3,2,否,B,agent,0.62,0.54,0.49,0.57,0.5,1.0,0.62,0.84,0.75,自住-改善,两室一厅,93,1818,国企车间技术主任,二胎黄金期中大户型,上海中环品质两居，车位及空间极其拥挤,小区无地下车库且人车不分流，小孩在楼下玩耍或者推婴儿车极为不安全。,讲究超高得房率（超85%），主卧套房必须配备独立步入式衣帽间与干湿分离双卫。,主要在陆家嘴/徐家汇CBD上班，首选地铁2/9号线沿线，通勤半小时内。,倡导轻户外，周末常带家人自驾野营或山系徒步，注重生活情调与手作咖啡。,名下持有一套旧两居，置换回款 65% + 个人理财储蓄补充 + 公积金商业贷,非仁恒、绿城、万科等金牌开发商不买，极度看重高端精装质量与顶级物业的增值口碑。,常年本地稳定居住，工作日职住通勤动线规则单一。
上_2003_01329,上海,2003,金融精英,37,男,1.8,14.9,0.4,27.9,3,1,否,A,research,0.6,0.38,0.56,0.55,0.68,0.59,0.65,0.85,0.86,自住-改善,两室一厅,85,2797,申银万国证券分析员,三口之家(幼龄段),西湖边高精平层,无高端私密会所及管家式物业配套，圈层鱼龙混杂，高净值居住体验差。,核心要求地块属于第一梯队名校学区，且周边500米内解决幼小衔接教育配套。,主要在陆家嘴/徐家汇CBD上班，首选地铁2/9号线沿线，通勤半小时内。,周末常去高端商圈消费，热衷打网球和马术，重度手冲咖啡及黑胶唱片发烧友。,名下已有企业股权套现或分红现金，一次性全款付清，基本不加杠杆,非仁恒、绿城、万科等金牌开发商不买，极度看重高端精装质量与顶级物业的增值口碑。,常年本地稳定居住，工作日职住通勤动线规则单一。
上_2003_01330,上海,2003,本地改善,38,男,0.7,6.5,0.45,10.8,5,3,否,B,agent,0.74,0.44,0.61,0.42,0.51,0.82,0.66,0.61,0.53,自住-改善,两室一厅,95,892,市第二中学地理教师,二胎黄金期中大户型,上海中环品质两居，车位及空间极其拥挤,小区无地下车库且人车不分流，小孩在楼下玩耍或者推婴儿车极为不安全。,讲究超高得房率（超85%），主卧套房必须配备独立步入式衣帽间与干湿分离双卫。,主要在陆家嘴/徐家汇CBD上班，首选地铁2/9号线沿线，通勤半小时内。,倡导轻户外，周末常带家人自驾野营或山系徒步，注重生活情调与手作咖啡。,名下持有一套旧两居，置换回款 65% + 个人理财储蓄补充 + 公积金商业贷,重性价比，不盲信大牌，但要求物业管理有序、绿化修剪及时、人防技防规范。,常年本地稳定居住，工作日职住通勤动线规则单一。
上_2003_01331,上海,2003,外籍海归,30,男,1.7,11.0,0.4,20.6,2,2,是,A,social,0.93,0.55,0.71,0.62,0.91,0.67,0.5,0.85,0.79,自住-首套,两室一厅,77,1873,合资日化企业技术主管,二胎黄金期中大户型,陆家嘴核心区江景大平层,当前房屋属于旧多层无电梯房，父母年纪渐高每天爬楼梯极为吃力。,要求有超大面宽南向双阳台（观景家政分离），主卧大飘窗能270度直面自然景观。,主要在陆家嘴/徐家汇CBD上班，首选地铁2/9号线沿线，通勤半小时内。,周末常去高端商圈消费，热衷打网球和马术，重度手冲咖啡及黑胶唱片发烧友。,夫妻双方积蓄 + 双方父母出资赞助首付 + 公积金商业组合贷款,非仁恒、绿城、万科等金牌开发商不买，极度看重高端精装质量与顶级物业的增值口碑。,常年本地稳定居住，工作日职住通勤动线规则单一。
上_2003_01332,上海,2003,教育型买房,43,男,1.2,12.1,0.4,22.8,3,0,是,B,social,0.9,0.43,0.39,0.3,0.54,0.55,0.52,1,0.64,学区房,一室一厅,74,2338,区财政局科员,成熟期核心家庭,上海中环品质两居，车位及空间极其拥挤,当前房屋属于旧多层无电梯房，父母年纪渐高每天爬楼梯极为吃力。,核心要求地块属于第一梯队名校学区，且周边500米内解决幼小衔接教育配套。,主要在陆家嘴/徐家汇CBD上班，首选地铁2/9号线沿线，通勤半小时内。,倡导轻户外，周末常带家人自驾野营或山系徒步，注重生活情调与手作咖啡。,名下持有一套旧两居，置换回款 65% + 个人理财储蓄补充 + 公积金商业贷,重性价比，不盲信大牌，但要求物业管理有序、绿化修剪及时、人防技防规范。,常年本地稳定居住，工作日职住通勤动线规则单一。
上_2003_01333,上海,2003,外籍海归,45,男,0.7,5.0,0.4,9.3,3,1,否,A,social,0.71,0.47,0.54,0.56,0.85,0.74,0.62,0.84,0.74,自住-首套,两室两厅,66,788,外企驻沪办事处代表,三口之家(学龄段),西湖边高精平层,无高端私密会所及管家式物业配套，圈层鱼龙混杂，高净值居住体验差。,讲究超高得房率（超85%），主卧套房必须配备独立步入式衣帽间与干湿分离双卫。,主要在陆家嘴/徐家汇CBD上班，首选地铁2/9号线沿线，通勤半小时内。,周末常去高端商圈消费，热衷打网球和马术，重度手冲咖啡及黑胶唱片发烧友。,夫妻双方积蓄 + 双方父母出资赞助首付 + 公积金商业组合贷款,非仁恒、绿城、万科等金牌开发商不买，极度看重高端精装质量与顶级物业的增值口碑。,常年本地稳定居住，工作日职住通勤动线规则单一。
上_2003_01334,上海,2003,长三角家庭,38,男,1.0,5.8,0.45,9.6,3,2,否,B,agent,0.72,0.48,0.51,0.51,0.44,0.81,0.38,0.7,0.72,自住-首套,两室一厅,90,962,市第二中学地理教师,二胎黄金期中大户型,上海中环品质两居，车位及空间极其拥挤,小区无地下车库且人车不分流，小孩在楼下玩耍或者推婴儿车极为不安全。,讲究超高得房率（超85%），主卧套房必须配备独立步入式衣帽间与干湿分离双卫。,主要在陆家嘴/徐家汇CBD上班，首选地铁2/9号线沿线，通勤半小时内。,倡导轻户外，周末常带家人自驾野营或山系徒步，注重生活情调与手作咖啡。,夫妻双方积蓄 + 双方父母出资赞助首付 + 公积金商业组合贷款,非仁恒、绿城、万科等金牌开发商不买，极度看重高端精装质量与顶级物业的增值口碑。,常年本地稳定居住，工作日职住通勤动线规则单一。
上_2003_01335,上海,2003,金融精英,32,男,3.7,30.6,0.4,57.3,3,2,是,A,research,0.75,0.56,0.74,0.56,0.67,0.8,0.74,0.99,0.69,自住-首套,两室一厅,97,4129,商业银行支行信贷科长,二胎黄金期中大户型,陆家嘴核心区江景大平层,当前房屋属于旧多层无电梯房，父母年纪渐高每天爬楼梯极为吃力。,要求有超大面宽南向双阳台（观景家政分离），主卧大飘窗能270度直面自然景观。,主要在陆家嘴/徐家汇CBD上班，首选地铁2/9号线沿线，通勤半小时内。,周末常去高端商圈消费，热衷打网球和马术，重度手冲咖啡及黑胶唱片发烧友。,夫妻双方积蓄 + 双方父母出资赞助首付 + 公积金商业组合贷款,重性价比，不盲信大牌，但要求物业管理有序、绿化修剪及时、人防技防规范。,常年本地稳定居住，工作日职住通勤动线规则单一。
上_2003_01336,上海,2003,金融精英,45,女,2.5,25.3,0.4,47.5,2,1,否,A,research,0.82,0.4,0.65,0.66,0.68,0.71,0.69,0.69,0.86,自住-首套,一室一厅,61,5808,老牌证券公司营业部经理,三口之家(学龄段),西湖边高精平层,无高端私密会所及管家式物业配套，圈层鱼龙混杂，高净值居住体验差。,讲究超高得房率（超85%），主卧套房必须配备独立步入式衣帽间与干湿分离双卫。,主要在陆家嘴/徐家汇CBD上班，首选地铁2/9号线沿线，通勤半小时内。,周末常去高端商圈消费，热衷打网球和马术，重度手冲咖啡及黑胶唱片发烧友。,夫妻双方积蓄 + 双方父母出资赞助首付 + 公积金商业组合贷款,非仁恒、绿城、万科等金牌开发商不买，极度看重高端精装质量与顶级物业的增值口碑。,常年本地稳定居住，工作日职住通勤动线规则单一。
上_2003_01337,上海,2003,本地改善,49,女,0.8,9.3,0.45,15.6,4,3,否,B,agent,0.93,0.45,0.45,0.53,0.6,0.83,0.66,0.67,0.72,自住-改善,一室一厅,70,1319,市第二中学地理教师,二胎黄金期中大户型,上海中环品质两居，车位及空间极其拥挤,小区无地下车库且人车不分流，小孩在楼下玩耍或者推婴儿车极为不安全。,讲究超高得房率（超85%），主卧套房必须配备独立步入式衣帽间与干湿分离双卫。,主要在陆家嘴/徐家汇CBD上班，首选地铁2/9号线沿线，通勤半小时内。,倡导轻户外，周末常带家人自驾野营或山系徒步，注重生活情调与手作咖啡。,名下持有一套旧两居，置换回款 65% + 个人理财储蓄补充 + 公积金商业贷,非仁恒、绿城、万科等金牌开发商不买，极度看重高端精装质量与顶级物业的增值口碑。,常年本地稳定居住，工作日职住通勤动线规则单一。
上_2003_01338,上海,2003,外籍海归,31,男,1.9,10.3,0.4,19.4,3,1,是,A,social,1,0.46,0.59,0.5,0.8,0.71,0.63,0.78,0.66,自住-首套,两室一厅,77,1291,外企驻沪办事处代表,三口之家(幼龄段),市中心私密洋房住宅,当前房屋属于旧多层无电梯房，父母年纪渐高每天爬楼梯极为吃力。,讲究超高得房率（超85%），主卧套房必须配备独立步入式衣帽间与干湿分离双卫。,主要在陆家嘴/徐家汇CBD上班，首选地铁2/9号线沿线，通勤半小时内。,周末常去高端商圈消费，热衷打网球和马术，重度手冲咖啡及黑胶唱片发烧友。,夫妻双方积蓄 + 双方父母出资赞助首付 + 公积金商业组合贷款,重性价比，不盲信大牌，但要求物业管理有序、绿化修剪及时、人防技防规范。,常年本地稳定居住，工作日职住通勤动线规则单一。
上_2003_01339,上海,2003,金融精英,41,男,3.0,20.3,0.4,38.1,3,2,否,A,research,0.69,0.48,0.62,0.47,0.66,0.81,0.72,0.79,0.9,自住-首套,两室一厅,58,5050,申银万国证券分析员,二胎黄金期中大户型,市中心私密洋房住宅,无高端私密会所及管家式物业配套，圈层鱼龙混杂，高净值居住体验差。,讲究超高得房率（超85%），主卧套房必须配备独立步入式衣帽间与干湿分离双卫。,主要在陆家嘴/徐家汇CBD上班，首选地铁2/9号线沿线，通勤半小时内。,周末常去高端商圈消费，热衷打网球和马术，重度手冲咖啡及黑胶唱片发烧友。,夫妻双方积蓄 + 双方父母出资赞助首付 + 公积金商业组合贷款,非仁恒、绿城、万科等金牌开发商不买，极度看重高端精装质量与顶级物业的增值口碑。,常年本地稳定居住，工作日职住通勤动线规则单一。
上_2003_01340,上海,2003,外籍海归,30,男,2.5,21.8,0.4,40.8,3,1,否,A,social,0.72,0.51,0.61,0.47,0.82,0.58,0.54,0.82,0.74,婚房,一室一厅,64,4658,外企驻沪办事处代表,三口之家(幼龄段),西湖边高精平层,无高端私密会所及管家式物业配套，圈层鱼龙混杂，高净值居住体验差。,核心要求地块属于第一梯队名校学区，且周边500米内解决幼小衔接教育配套。,主要在陆家嘴/徐家汇CBD上班，首选地铁2/9号线沿线，通勤半小时内。,周末常去高端商圈消费，热衷打网球和马术，重度手冲咖啡及黑胶唱片发烧友。,夫妻双方积蓄 + 双方父母出资赞助首付 + 公积金商业组合贷款,非仁恒、绿城、万科等金牌开发商不买，极度看重高端精装质量与顶级物业的增值口碑。,常年本地稳定居住，工作日职住通勤动线规则单一。
上_2003_01341,上海,2003,金融精英,44,女,0.7,4.3,0.4,8.1,4,1,否,A,research,0.84,0.36,0.58,0.6,0.67,0.73,0.62,0.78,0.63,自住-首套,两室一厅,74,979,商业银行支行信贷科长,三口之家(学龄段),市中心私密洋房住宅,无高端私密会所及管家式物业配套，圈层鱼龙混杂，高净值居住体验差。,讲究超高得房率（超85%），主卧套房必须配备独立步入式衣帽间与干湿分离双卫。,主要在陆家嘴/徐家汇CBD上班，首选地铁2/9号线沿线，通勤半小时内。,周末常去高端商圈消费，热衷打网球和马术，重度手冲咖啡及黑胶唱片发烧友。,夫妻双方积蓄 + 双方父母出资赞助首付 + 公积金商业组合贷款,重性价比，不盲信大牌，但要求物业管理有序、绿化修剪及时、人防技防规范。,常年本地稳定居住，工作日职住通勤动线规则单一。
上_2003_01342,上海,2003,教育型买房,33,女,0.8,5.8,0.4,11.0,2,1,否,B,social,1,0.54,0.45,0.41,0.61,0.86,0.59,0.94,0.61,学区房,两室两厅,82,790,区财政局科员,三口之家(幼龄段),上海中环品质两居，车位及空间极其拥挤,小区无地下车库且人车不分流，小孩在楼下玩耍或者推婴儿车极为不安全。,讲究超高得房率（超85%），主卧套房必须配备独立步入式衣帽间与干湿分离双卫。,主要在陆家嘴/徐家汇CBD上班，首选地铁2/9号线沿线，通勤半小时内。,倡导轻户外，周末常带家人自驾野营或山系徒步，注重生活情调与手作咖啡。,名下持有一套旧两居，置换回款 65% + 个人理财储蓄补充 + 公积金商业贷,重性价比，不盲信大牌，但要求物业管理有序、绿化修剪及时、人防技防规范。,常年本地稳定居住，工作日职住通勤动线规则单一。
上_2003_01343,上海,2003,教育型买房,47,女,1.1,10.3,0.4,19.2,2,1,否,B,social,1,0.5,0.42,0.24,0.46,0.62,0.61,0.94,0.65,学区房,一室一厅,99,1565,邮政局局长秘书,三口之家(学龄段),上海中环品质两居，车位及空间极其拥挤,小区无地下车库且人车不分流，小孩在楼下玩耍或者推婴儿车极为不安全。,核心要求地块属于第一梯队名校学区，且周边500米内解决幼小衔接教育配套。,主要在陆家嘴/徐家汇CBD上班，首选地铁2/9号线沿线，通勤半小时内。,倡导轻户外，周末常带家人自驾野营或山系徒步，注重生活情调与手作咖啡。,名下持有一套旧两居，置换回款 65% + 个人理财储蓄补充 + 公积金商业贷,重性价比，不盲信大牌，但要求物业管理有序、绿化修剪及时、人防技防规范。,常年本地稳定居住，工作日职住通勤动线规则单一。
上_2003_01344,上海,2003,教育型买房,32,男,2.0,18.3,0.4,34.3,2,1,否,B,social,0.76,0.49,0.45,0.32,0.58,0.68,0.42,0.85,0.67,学区房,两室两厅,65,3047,市第二中学地理教师,三口之家(幼龄段),上海中环品质两居，车位及空间极其拥挤,小区无地下车库且人车不分流，小孩在楼下玩耍或者推婴儿车极为不安全。,核心要求地块属于第一梯队名校学区，且周边500米内解决幼小衔接教育配套。,主要在陆家嘴/徐家汇CBD上班，首选地铁2/9号线沿线，通勤半小时内。,倡导轻户外，周末常带家人自驾野营或山系徒步，注重生活情调与手作咖啡。,名下持有一套旧两居，置换回款 65% + 个人理财储蓄补充 + 公积金商业贷,重性价比，不盲信大牌，但要求物业管理有序、绿化修剪及时、人防技防规范。,常年本地稳定居住，工作日职住通勤动线规则单一。
上_2003_01345,上海,2003,本地改善,45,男,0.7,7.9,0.45,13.1,4,1,否,B,agent,0.76,0.48,0.66,0.48,0.59,0.89,0.49,0.57,0.77,自住-改善,两室一厅,62,1721,区财政局科员,三口之家(学龄段),上海中环品质两居，车位及空间极其拥挤,小区无地下车库且人车不分流，小孩在楼下玩耍或者推婴儿车极为不安全。,讲究超高得房率（超85%），主卧套房必须配备独立步入式衣帽间与干湿分离双卫。,主要在陆家嘴/徐家汇CBD上班，首选地铁2/9号线沿线，通勤半小时内。,倡导轻户外，周末常带家人自驾野营或山系徒步，注重生活情调与手作咖啡。,名下持有一套旧两居，置换回款 65% + 个人理财储蓄补充 + 公积金商业贷,非仁恒、绿城、万科等金牌开发商不买，极度看重高端精装质量与顶级物业的增值口碑。,常年本地稳定居住，工作日职住通勤动线规则单一。
上_2003_01346,上海,2003,本地改善,53,男,0.6,6.6,0.45,11.1,4,2,否,B,agent,0.84,0.39,0.42,0.41,0.54,0.82,0.61,0.73,0.55,自住-改善,一室一厅,52,1307,区财政局科员,二胎黄金期中大户型,上海中环品质两居，车位及空间极其拥挤,小区无地下车库且人车不分流，小孩在楼下玩耍或者推婴儿车极为不安全。,讲究超高得房率（超85%），主卧套房必须配备独立步入式衣帽间与干湿分离双卫。,主要在陆家嘴/徐家汇CBD上班，首选地铁2/9号线沿线，通勤半小时内。,倡导轻户外，周末常带家人自驾野营或山系徒步，注重生活情调与手作咖啡。,名下持有一套旧两居，置换回款 65% + 个人理财储蓄补充 + 公积金商业贷,重性价比，不盲信大牌，但要求物业管理有序、绿化修剪及时、人防技防规范。,常年本地稳定居住，工作日职住通勤动线规则单一。
上_2003_01347,上海,2003,本地改善,56,女,1.7,19.9,0.45,33.1,4,2,否,B,agent,1,0.52,0.65,0.42,0.45,0.77,0.68,0.71,0.47,自住-改善,一室一厅,92,2621,市第二中学地理教师,二胎黄金期中大户型,上海中环品质两居，车位及空间极其拥挤,小区无地下车库且人车不分流，小孩在楼下玩耍或者推婴儿车极为不安全。,讲究超高得房率（超85%），主卧套房必须配备独立步入式衣帽间与干湿分离双卫。,主要在陆家嘴/徐家汇CBD上班，首选地铁2/9号线沿线，通勤半小时内。,倡导轻户外，周末常带家人自驾野营或山系徒步，注重生活情调与手作咖啡。,名下持有一套旧两居，置换回款 65% + 个人理财储蓄补充 + 公积金商业贷,重性价比，不盲信大牌，但要求物业管理有序、绿化修剪及时、人防技防规范。,常年本地稳定居住，工作日职住通勤动线规则单一。
上_2003_01348,上海,2003,本地改善,51,女,0.7,6.5,0.45,10.8,5,2,否,B,agent,0.66,0.56,0.59,0.43,0.49,1,0.61,0.65,0.67,自住-改善,两室一厅,52,1588,邮政局局长秘书,二胎黄金期中大户型,上海中环品质两居，车位及空间极其拥挤,小区无地下车库且人车不分流，小孩在楼下玩耍或者推婴儿车极为不安全。,讲究超高得房率（超85%），主卧套房必须配备独立步入式衣帽间与干湿分离双卫。,主要在陆家嘴/徐家汇CBD上班，首选地铁2/9号线沿线，通勤半小时内。,倡导轻户外，周末常带家人自驾野营或山系徒步，注重生活情调与手作咖啡。,名下持有一套旧两居，置换回款 65% + 个人理财储蓄补充 + 公积金商业贷,重性价比，不盲信大牌，但要求物业管理有序、绿化修剪及时、人防技防规范。,常年本地稳定居住，工作日职住通勤动线规则单一。
上_2003_01349,上海,2003,金融精英,38,男,0.9,5.9,0.4,11.1,3,1,否,A,research,0.81,0.59,0.64,0.71,0.65,0.73,0.77,0.91,0.86,自住-首套,一室一厅,82,1212,商业银行支行信贷科长,三口之家(学龄段),陆家嘴核心区江景大平层,无高端私密会所及管家式物业配套，圈层鱼龙混杂，高净值居住体验差。,要求独立电梯入户，主次卧动线分明，配备独立保姆房和私密后院。,主要在陆家嘴/徐家汇CBD上班，首选地铁2/9号线沿线，通勤半小时内。,周末常去高端商圈消费，热衷打网球和马术，重度手冲咖啡及黑胶唱片发烧友。,夫妻双方积蓄 + 双方父母出资赞助首付 + 公积金商业组合贷款,非仁恒、绿城、万科等金牌开发商不买，极度看重高端精装质量与顶级物业的增值口碑。,常年本地稳定居住，工作日职住通勤动线规则单一。
上_2003_01350,上海,2003,长三角家庭,37,男,1.3,11.7,0.45,19.6,4,2,否,B,agent,0.78,0.47,0.64,0.38,0.49,0.77,0.27,0.7,0.65,自住-改善,两室一厅,58,2395,区财政局科员,二胎黄金期中大户型,上海中环品质两居，车位及空间极其拥挤,小区无地下车库且人车不分流，小孩在楼下玩耍或者推婴儿车极为不安全。,讲究超高得房率（超85%），主卧套房必须配备独立步入式衣帽间与干湿分离双卫。,主要在陆家嘴/徐家汇CBD上班，首选地铁2/9号线沿线，通勤半小时内。,倡导轻户外，周末常带家人自驾野营或山系徒步，注重生活情调与手作咖啡。,名下持有一套旧两居，置换回款 65% + 个人理财储蓄补充 + 公积金商业贷,重性价比，不盲信大牌，但要求物业管理有序、绿化修剪及时、人防技防规范。,常年本地稳定居住，工作日职住通勤动线规则单一。
上_2003_01351,上海,2003,外籍海归,35,女,1.2,7.8,0.4,14.7,3,0,是,A,social,0.86,0.37,0.61,0.51,0.82,0.6,0.42,0.88,0.85,自住-首套,一室一厅,93,1369,合资日化企业技术主管,新婚过渡两居,陆家嘴核心区江景大平层,当前房屋属于旧多层无电梯房，父母年纪渐高每天爬楼梯极为吃力。,核心要求地块属于第一梯队名校学区，且周边500米内解决幼小衔接教育配套。,主要在陆家嘴/徐家汇CBD上班，首选地铁2/9号线沿线，通勤半小时内。,周末常去高端商圈消费，热衷打网球和马术，重度手冲咖啡及黑胶唱片发烧友。,夫妻双方积蓄 + 双方父母出资赞助首付 + 公积金商业组合贷款,非仁恒、绿城、万科等金牌开发商不买，极度看重高端精装质量与顶级物业的增值口碑。,常年本地稳定居住，工作日职住通勤动线规则单一。
上_2003_01352,上海,2003,本地改善,49,男,1.2,12.4,0.45,20.6,4,2,否,B,agent,0.87,0.47,0.6,0.58,0.49,0.82,0.66,0.69,0.54,自住-改善,两室一厅,98,1691,邮政局局长秘书,二胎黄金期中大户型,上海中环品质两居，车位及空间极其拥挤,小区无地下车库且人车不分流，小孩在楼下玩耍或者推婴儿车极为不安全。,讲究超高得房率（超85%），主卧套房必须配备独立步入式衣帽间与干湿分离双卫。,主要在陆家嘴/徐家汇CBD上班，首选地铁2/9号线沿线，通勤半小时内。,倡导轻户外，周末常带家人自驾野营或山系徒步，注重生活情调与手作咖啡。,名下持有一套旧两居，置换回款 65% + 个人理财储蓄补充 + 公积金商业贷,重性价比，不盲信大牌，但要求物业管理有序、绿化修剪及时、人防技防规范。,常年本地稳定居住，工作日职住通勤动线规则单一。
上_2003_01353,上海,2003,长三角家庭,51,女,0.6,4.1,0.45,6.9,5,1,否,B,agent,0.55,0.35,0.66,0.58,0.46,0.64,0.28,0.77,0.65,自住-改善,两室两厅,74,539,市第二中学地理教师,三口之家(学龄段),上海中环品质两居，车位及空间极其拥挤,小区无地下车库且人车不分流，小孩在楼下玩耍或者推婴儿车极为不安全。,核心要求地块属于第一梯队名校学区，且周边500米内解决幼小衔接教育配套。,主要在陆家嘴/徐家汇CBD上班，首选地铁2/9号线沿线，通勤半小时内。,倡导轻户外，周末常带家人自驾野营或山系徒步，注重生活情调与手作咖啡。,名下持有一套旧两居，置换回款 65% + 个人理财储蓄补充 + 公积金商业贷,重性价比，不盲信大牌，但要求物业管理有序、绿化修剪及时、人防技防规范。,常年本地稳定居住，工作日职住通勤动线规则单一。
上_2003_01354,上海,2003,外籍海归,30,男,1.8,10.6,0.4,19.9,3,1,是,A,social,0.73,0.34,0.54,0.64,0.71,0.68,0.64,0.81,0.91,婚房,两室两厅,91,1838,合资日化企业技术主管,三口之家(幼龄段),西湖边高精平层,当前房屋属于旧多层无电梯房，父母年纪渐高每天爬楼梯极为吃力。,核心要求地块属于第一梯队名校学区，且周边500米内解决幼小衔接教育配套。,主要在陆家嘴/徐家汇CBD上班，首选地铁2/9号线沿线，通勤半小时内。,周末常去高端商圈消费，热衷打网球和马术，重度手冲咖啡及黑胶唱片发烧友。,夫妻双方积蓄 + 双方父母出资赞助首付 + 公积金商业组合贷款,非仁恒、绿城、万科等金牌开发商不买，极度看重高端精装质量与顶级物业的增值口碑。,常年本地稳定居住，工作日职住通勤动线规则单一。
上_2003_01355,上海,2003,金融精英,37,男,2.8,22.5,0.4,42.2,2,1,否,A,research,0.7,0.58,0.72,0.53,0.68,0.68,0.69,0.79,0.78,自住-首套,一室一厅,63,3835,申银万国证券分析员,三口之家(幼龄段),西湖边高精平层,无高端私密会所及管家式物业配套，圈层鱼龙混杂，高净值居住体验差。,要求有超大面宽南向双阳台（观景家政分离），主卧大飘窗能270度直面自然景观。,主要在陆家嘴/徐家汇CBD上班，首选地铁2/9号线沿线，通勤半小时内。,周末常去高端商圈消费，热衷打网球和马术，重度手冲咖啡及黑胶唱片发烧友。,夫妻双方积蓄 + 双方父母出资赞助首付 + 公积金商业组合贷款,非仁恒、绿城、万科等金牌开发商不买，极度看重高端精装质量与顶级物业的增值口碑。,常年本地稳定居住，工作日职住通勤动线规则单一。
上_2003_01356,上海,2003,本地改善,43,女,1.5,14.0,0.45,23.3,4,1,是,B,agent,0.62,0.44,0.57,0.6,0.43,0.73,0.55,0.92,0.76,自住-改善,两室两厅,62,2111,区财政局科员,三口之家(学龄段),上海中环品质两居，车位及空间极其拥挤,小区无地下车库且人车不分流，小孩在楼下玩耍或者推婴儿车极为不安全。,讲究超高得房率（超85%），主卧套房必须配备独立步入式衣帽间与干湿分离双卫。,主要在陆家嘴/徐家汇CBD上班，首选地铁2/9号线沿线，通勤半小时内。,倡导轻户外，周末常带家人自驾野营或山系徒步，注重生活情调与手作咖啡。,名下持有一套旧两居，置换回款 65% + 个人理财储蓄补充 + 公积金商业贷,非仁恒、绿城、万科等金牌开发商不买，极度看重高端精装质量与顶级物业的增值口碑。,常年本地稳定居住，工作日职住通勤动线规则单一。
上_2003_01357,上海,2003,本地改善,49,女,0.5,5.0,0.45,8.3,4,2,是,B,agent,0.84,0.54,0.57,0.75,0.47,0.88,0.64,0.61,0.67,自住-改善,两室两厅,98,480,国企车间技术主任,二胎黄金期中大户型,上海中环品质两居，车位及空间极其拥挤,小区无地下车库且人车不分流，小孩在楼下玩耍或者推婴儿车极为不安全。,要求独立电梯入户，主次卧动线分明，配备独立保姆房和私密后院。,主要在陆家嘴/徐家汇CBD上班，首选地铁2/9号线沿线，通勤半小时内。,倡导轻户外，周末常带家人自驾野营或山系徒步，注重生活情调与手作咖啡。,名下持有一套旧两居，置换回款 65% + 个人理财储蓄补充 + 公积金商业贷,重性价比，不盲信大牌，但要求物业管理有序、绿化修剪及时、人防技防规范。,常年本地稳定居住，工作日职住通勤动线规则单一。
上_2003_01358,上海,2003,本地改善,55,男,1.2,14.7,0.45,24.5,3,2,是,B,agent,0.81,0.38,0.42,0.47,0.52,0.75,0.52,0.58,0.63,自住-改善,一室一厅,85,1951,邮政局局长秘书,二胎黄金期中大户型,上海中环品质两居，车位及空间极其拥挤,小区无地下车库且人车不分流，小孩在楼下玩耍或者推婴儿车极为不安全。,讲究超高得房率（超85%），主卧套房必须配备独立步入式衣帽间与干湿分离双卫。,主要在陆家嘴/徐家汇CBD上班，首选地铁2/9号线沿线，通勤半小时内。,倡导轻户外，周末常带家人自驾野营或山系徒步，注重生活情调与手作咖啡。,名下持有一套旧两居，置换回款 65% + 个人理财储蓄补充 + 公积金商业贷,重性价比，不盲信大牌，但要求物业管理有序、绿化修剪及时、人防技防规范。,常年本地稳定居住，工作日职住通勤动线规则单一。
上_2003_01359,上海,2003,教育型买房,44,女,0.9,5.2,0.4,9.8,3,0,否,B,social,1,0.42,0.37,0.31,0.6,0.8,0.64,0.97,0.68,学区房,一室一厅,56,1066,区财政局科员,成熟期核心家庭,上海中环品质两居，车位及空间极其拥挤,老小区隔音差，邻里滋扰严重，且车位严重匮乏，每晚加班回来抢车位像打仗。,讲究超高得房率（超85%），主卧套房必须配备独立步入式衣帽间与干湿分离双卫。,主要在陆家嘴/徐家汇CBD上班，首选地铁2/9号线沿线，通勤半小时内。,倡导轻户外，周末常带家人自驾野营或山系徒步，注重生活情调与手作咖啡。,名下持有一套旧两居，置换回款 65% + 个人理财储蓄补充 + 公积金商业贷,重性价比，不盲信大牌，但要求物业管理有序、绿化修剪及时、人防技防规范。,常年本地稳定居住，工作日职住通勤动线规则单一。
上_2003_01360,上海,2003,教育型买房,46,女,0.7,4.2,0.4,7.9,3,2,否,B,social,0.81,0.47,0.42,0.46,0.51,0.67,0.47,1,0.46,学区房,两室两厅,79,526,市第二中学地理教师,二胎黄金期中大户型,上海中环品质两居，车位及空间极其拥挤,小区无地下车库且人车不分流，小孩在楼下玩耍或者推婴儿车极为不安全。,核心要求地块属于第一梯队名校学区，且周边500米内解决幼小衔接教育配套。,主要在陆家嘴/徐家汇CBD上班，首选地铁2/9号线沿线，通勤半小时内。,倡导轻户外，周末常带家人自驾野营或山系徒步，注重生活情调与手作咖啡。,名下持有一套旧两居，置换回款 65% + 个人理财储蓄补充 + 公积金商业贷,重性价比，不盲信大牌，但要求物业管理有序、绿化修剪及时、人防技防规范。,常年本地稳定居住，工作日职住通勤动线规则单一。
上_2003_01361,上海,2003,本地改善,54,女,0.9,10.0,0.45,16.6,4,2,是,B,agent,0.81,0.58,0.45,0.41,0.66,0.84,0.59,0.72,0.6,自住-改善,一室一厅,71,1284,邮政局局长秘书,二胎黄金期中大户型,上海中环品质两居，车位及空间极其拥挤,小区无地下车库且人车不分流，小孩在楼下玩耍或者推婴儿车极为不安全。,讲究超高得房率（超85%），主卧套房必须配备独立步入式衣帽间与干湿分离双卫。,主要在陆家嘴/徐家汇CBD上班，首选地铁2/9号线沿线，通勤半小时内。,倡导轻户外，周末常带家人自驾野营或山系徒步，注重生活情调与手作咖啡。,名下持有一套旧两居，置换回款 65% + 个人理财储蓄补充 + 公积金商业贷,重性价比，不盲信大牌，但要求物业管理有序、绿化修剪及时、人防技防规范。,常年本地稳定居住，工作日职住通勤动线规则单一。
上_2003_01362,上海,2003,教育型买房,36,男,2.1,15.8,0.4,29.6,4,1,是,B,social,0.7,0.55,0.42,0.37,0.64,0.77,0.41,1,0.69,学区房,两室两厅,63,2751,邮政局局长秘书,三口之家(幼龄段),上海中环品质两居，车位及空间极其拥挤,小区无地下车库且人车不分流，小孩在楼下玩耍或者推婴儿车极为不安全。,讲究超高得房率（超85%），主卧套房必须配备独立步入式衣帽间与干湿分离双卫。,主要在陆家嘴/徐家汇CBD上班，首选地铁2/9号线沿线，通勤半小时内。,倡导轻户外，周末常带家人自驾野营或山系徒步，注重生活情调与手作咖啡。,名下持有一套旧两居，置换回款 65% + 个人理财储蓄补充 + 公积金商业贷,重性价比，不盲信大牌，但要求物业管理有序、绿化修剪及时、人防技防规范。,常年本地稳定居住，工作日职住通勤动线规则单一。
上_2003_01363,上海,2003,本地改善,53,男,1.1,11.9,0.45,19.9,4,2,否,B,agent,1,0.57,0.57,0.52,0.63,0.85,0.69,0.76,0.7,自住-改善,一室一厅,58,2501,国企车间技术主任,二胎黄金期中大户型,上海中环品质两居，车位及空间极其拥挤,小区无地下车库且人车不分流，小孩在楼下玩耍或者推婴儿车极为不安全。,讲究超高得房率（超85%），主卧套房必须配备独立步入式衣帽间与干湿分离双卫。,主要在陆家嘴/徐家汇CBD上班，首选地铁2/9号线沿线，通勤半小时内。,倡导轻户外，周末常带家人自驾野营或山系徒步，注重生活情调与手作咖啡。,名下持有一套旧两居，置换回款 65% + 个人理财储蓄补充 + 公积金商业贷,重性价比，不盲信大牌，但要求物业管理有序、绿化修剪及时、人防技防规范。,常年本地稳定居住，工作日职住通勤动线规则单一。
上_2003_01364,上海,2003,金融精英,47,男,3.0,18.0,0.4,33.8,3,0,否,A,research,0.58,0.42,0.56,0.65,0.73,0.81,0.75,0.94,0.81,自住-首套,两室一厅,79,2858,商业银行支行信贷科长,成熟期核心家庭,陆家嘴核心区江景大平层,无高端私密会所及管家式物业配套，圈层鱼龙混杂，高净值居住体验差。,讲究超高得房率（超85%），主卧套房必须配备独立步入式衣帽间与干湿分离双卫。,主要在陆家嘴/徐家汇CBD上班，首选地铁2/9号线沿线，通勤半小时内。,周末常去高端商圈消费，热衷打网球和马术，重度手冲咖啡及黑胶唱片发烧友。,夫妻双方积蓄 + 双方父母出资赞助首付 + 公积金商业组合贷款,非仁恒、绿城、万科等金牌开发商不买，极度看重高端精装质量与顶级物业的增值口碑。,常年本地稳定居住，工作日职住通勤动线规则单一。
上_2003_01365,上海,2003,金融精英,49,男,3.2,27.5,0.4,51.6,3,0,否,A,research,0.78,0.32,0.65,0.63,0.73,0.93,0.88,0.81,0.88,自住-改善,两室一厅,67,4603,商业银行支行信贷科长,成熟期核心家庭,市中心私密洋房住宅,无高端私密会所及管家式物业配套，圈层鱼龙混杂，高净值居住体验差。,讲究超高得房率（超85%），主卧套房必须配备独立步入式衣帽间与干湿分离双卫。,主要在陆家嘴/徐家汇CBD上班，首选地铁2/9号线沿线，通勤半小时内。,周末常去高端商圈消费，热衷打网球和马术，重度手冲咖啡及黑胶唱片发烧友。,名下已有企业股权套现或分红现金，一次性全款付清，基本不加杠杆,非仁恒、绿城、万科等金牌开发商不买，极度看重高端精装质量与顶级物业的增值口碑。,常年本地稳定居住，工作日职住通勤动线规则单一。
上_2003_01366,上海,2003,金融精英,40,男,0.8,7.0,0.4,13.1,3,0,否,A,research,0.72,0.64,0.69,0.55,0.74,0.81,0.73,0.84,0.78,自住-改善,一室一厅,74,1096,老牌证券公司营业部经理,成熟期核心家庭,西湖边高精平层,无高端私密会所及管家式物业配套，圈层鱼龙混杂，高净值居住体验差。,讲究超高得房率（超85%），主卧套房必须配备独立步入式衣帽间与干湿分离双卫。,主要在陆家嘴/徐家汇CBD上班，首选地铁2/9号线沿线，通勤半小时内。,周末常去高端商圈消费，热衷打网球和马术，重度手冲咖啡及黑胶唱片发烧友。,名下已有企业股权套现或分红现金，一次性全款付清，基本不加杠杆,非仁恒、绿城、万科等金牌开发商不买，极度看重高端精装质量与顶级物业的增值口碑。,常年本地稳定居住，工作日职住通勤动线规则单一。
上_2003_01367,上海,2003,金融精英,46,男,3.5,23.7,0.4,44.4,4,1,否,A,research,0.66,0.38,0.67,0.49,0.62,0.81,0.55,0.82,0.82,自住-改善,一室一厅,73,4022,老牌证券公司营业部经理,三口之家(学龄段),市中心私密洋房住宅,无高端私密会所及管家式物业配套，圈层鱼龙混杂，高净值居住体验差。,讲究超高得房率（超85%），主卧套房必须配备独立步入式衣帽间与干湿分离双卫。,主要在陆家嘴/徐家汇CBD上班，首选地铁2/9号线沿线，通勤半小时内。,周末常去高端商圈消费，热衷打网球和马术，重度手冲咖啡及黑胶唱片发烧友。,名下已有企业股权套现或分红现金，一次性全款付清，基本不加杠杆,非仁恒、绿城、万科等金牌开发商不买，极度看重高端精装质量与顶级物业的增值口碑。,常年本地稳定居住，工作日职住通勤动线规则单一。
上_2003_01368,上海,2003,本地改善,48,男,1.4,18.5,0.45,30.9,5,2,是,B,agent,0.78,0.5,0.44,0.45,0.61,0.88,0.75,0.71,0.47,自住-改善,两室两厅,59,2932,邮政局局长秘书,二胎黄金期中大户型,上海中环品质两居，车位及空间极其拥挤,小区无地下车库且人车不分流，小孩在楼下玩耍或者推婴儿车极为不安全。,讲究超高得房率（超85%），主卧套房必须配备独立步入式衣帽间与干湿分离双卫。,主要在陆家嘴/徐家汇CBD上班，首选地铁2/9号线沿线，通勤半小时内。,倡导轻户外，周末常带家人自驾野营或山系徒步，注重生活情调与手作咖啡。,名下持有一套旧两居，置换回款 65% + 个人理财储蓄补充 + 公积金商业贷,重性价比，不盲信大牌，但要求物业管理有序、绿化修剪及时、人防技防规范。,常年本地稳定居住，工作日职住通勤动线规则单一。
上_2003_01369,上海,2003,长三角家庭,35,男,1.2,8.8,0.45,14.7,4,1,否,B,agent,0.92,0.61,0.64,0.52,0.62,0.81,0.44,0.72,0.53,自住-改善,两室一厅,61,1880,区财政局科员,三口之家(幼龄段),上海中环品质两居，车位及空间极其拥挤,小区无地下车库且人车不分流，小孩在楼下玩耍或者推婴儿车极为不安全。,讲究超高得房率（超85%），主卧套房必须配备独立步入式衣帽间与干湿分离双卫。,主要在陆家嘴/徐家汇CBD上班，首选地铁2/9号线沿线，通勤半小时内。,倡导轻户外，周末常带家人自驾野营或山系徒步，注重生活情调与手作咖啡。,名下持有一套旧两居，置换回款 65% + 个人理财储蓄补充 + 公积金商业贷,重性价比，不盲信大牌，但要求物业管理有序、绿化修剪及时、人防技防规范。,常年本地稳定居住，工作日职住通勤动线规则单一。
上_2003_01370,上海,2003,本地改善,56,男,0.8,6.0,0.45,10.0,4,2,否,B,agent,0.71,0.52,0.53,0.44,0.49,0.72,0.7,0.73,0.67,自住-改善,一室一厅,78,1108,邮政局局长秘书,二胎黄金期中大户型,上海中环品质两居，车位及空间极其拥挤,小区无地下车库且人车不分流，小孩在楼下玩耍或者推婴儿车极为不安全。,讲究超高得房率（超85%），主卧套房必须配备独立步入式衣帽间与干湿分离双卫。,主要在陆家嘴/徐家汇CBD上班，首选地铁2/9号线沿线，通勤半小时内。,倡导轻户外，周末常带家人自驾野营或山系徒步，注重生活情调与手作咖啡。,名下持有一套旧两居，置换回款 65% + 个人理财储蓄补充 + 公积金商业贷,重性价比，不盲信大牌，但要求物业管理有序、绿化修剪及时、人防技防规范。,常年本地稳定居住，工作日职住通勤动线规则单一。
上_2003_01371,上海,2003,长三角家庭,49,女,2.1,17.8,0.45,29.6,5,2,否,B,agent,0.8,0.55,0.65,0.54,0.52,0.83,0.37,0.82,0.63,自住-改善,一室一厅,76,2191,区财政局科员,二胎黄金期中大户型,上海中环品质两居，车位及空间极其拥挤,小区无地下车库且人车不分流，小孩在楼下玩耍或者推婴儿车极为不安全。,讲究超高得房率（超85%），主卧套房必须配备独立步入式衣帽间与干湿分离双卫。,主要在陆家嘴/徐家汇CBD上班，首选地铁2/9号线沿线，通勤半小时内。,倡导轻户外，周末常带家人自驾野营或山系徒步，注重生活情调与手作咖啡。,名下持有一套旧两居，置换回款 65% + 个人理财储蓄补充 + 公积金商业贷,重性价比，不盲信大牌，但要求物业管理有序、绿化修剪及时、人防技防规范。,常年本地稳定居住，工作日职住通勤动线规则单一。
上_2003_01372,上海,2003,本地改善,43,男,0.8,10.2,0.45,17.0,4,3,否,B,agent,0.83,0.52,0.47,0.36,0.67,0.83,0.7,0.82,0.61,自住-改善,两室两厅,99,1469,市第二中学地理教师,二胎黄金期中大户型,上海中环品质两居，车位及空间极其拥挤,小区无地下车库且人车不分流，小孩在楼下玩耍或者推婴儿车极为不安全。,讲究超高得房率（超85%），主卧套房必须配备独立步入式衣帽间与干湿分离双卫。,主要在陆家嘴/徐家汇CBD上班，首选地铁2/9号线沿线，通勤半小时内。,倡导轻户外，周末常带家人自驾野营或山系徒步，注重生活情调与手作咖啡。,名下持有一套旧两居，置换回款 65% + 个人理财储蓄补充 + 公积金商业贷,重性价比，不盲信大牌，但要求物业管理有序、绿化修剪及时、人防技防规范。,常年本地稳定居住，工作日职住通勤动线规则单一。
上_2003_01373,上海,2003,金融精英,39,女,3.5,31.4,0.4,58.9,2,1,否,A,research,0.65,0.56,0.59,0.43,0.7,0.86,0.64,0.92,0.93,自住-首套,两室一厅,69,6315,商业银行支行信贷科长,三口之家(学龄段),西湖边高精平层,无高端私密会所及管家式物业配套，圈层鱼龙混杂，高净值居住体验差。,讲究超高得房率（超85%），主卧套房必须配备独立步入式衣帽间与干湿分离双卫。,主要在陆家嘴/徐家汇CBD上班，首选地铁2/9号线沿线，通勤半小时内。,周末常去高端商圈消费，热衷打网球和马术，重度手冲咖啡及黑胶唱片发烧友。,夫妻双方积蓄 + 双方父母出资赞助首付 + 公积金商业组合贷款,非仁恒、绿城、万科等金牌开发商不买，极度看重高端精装质量与顶级物业的增值口碑。,常年本地稳定居住，工作日职住通勤动线规则单一。
上_2003_01374,上海,2003,金融精英,45,女,2.1,13.5,0.4,25.2,5,1,否,A,research,0.72,0.39,0.79,0.53,0.69,0.75,0.67,0.92,0.78,自住-首套,一室一厅,90,1912,商业银行支行信贷科长,三口之家(学龄段),西湖边高精平层,无高端私密会所及管家式物业配套，圈层鱼龙混杂，高净值居住体验差。,要求有超大面宽南向双阳台（观景家政分离），主卧大飘窗能270度直面自然景观。,主要在陆家嘴/徐家汇CBD上班，首选地铁2/9号线沿线，通勤半小时内。,周末常去高端商圈消费，热衷打网球和马术，重度手冲咖啡及黑胶唱片发烧友。,夫妻双方积蓄 + 双方父母出资赞助首付 + 公积金商业组合贷款,非仁恒、绿城、万科等金牌开发商不买，极度看重高端精装质量与顶级物业的增值口碑。,常年本地稳定居住，工作日职住通勤动线规则单一。
上_2003_01375,上海,2003,教育型买房,41,女,1.9,12.8,0.4,23.9,2,1,是,B,social,0.92,0.54,0.44,0.6,0.69,0.72,0.52,0.94,0.71,学区房,两室两厅,78,2374,市第二中学地理教师,三口之家(学龄段),上海中环品质两居，车位及空间极其拥挤,小区无地下车库且人车不分流，小孩在楼下玩耍或者推婴儿车极为不安全。,讲究超高得房率（超85%），主卧套房必须配备独立步入式衣帽间与干湿分离双卫。,主要在陆家嘴/徐家汇CBD上班，首选地铁2/9号线沿线，通勤半小时内。,倡导轻户外，周末常带家人自驾野营或山系徒步，注重生活情调与手作咖啡。,名下持有一套旧两居，置换回款 65% + 个人理财储蓄补充 + 公积金商业贷,非仁恒、绿城、万科等金牌开发商不买，极度看重高端精装质量与顶级物业的增值口碑。,常年本地稳定居住，工作日职住通勤动线规则单一。
上_2003_01376,上海,2003,本地改善,41,男,0.9,10.8,0.45,18.0,4,1,是,B,agent,0.66,0.42,0.73,0.44,0.51,0.96,0.68,0.76,0.7,自住-改善,两室两厅,60,1813,区财政局科员,三口之家(学龄段),上海中环品质两居，车位及空间极其拥挤,小区无地下车库且人车不分流，小孩在楼下玩耍或者推婴儿车极为不安全。,要求有超大面宽南向双阳台（观景家政分离），主卧大飘窗能270度直面自然景观。,主要在陆家嘴/徐家汇CBD上班，首选地铁2/9号线沿线，通勤半小时内。,倡导轻户外，周末常带家人自驾野营或山系徒步，注重生活情调与手作咖啡。,名下持有一套旧两居，置换回款 65% + 个人理财储蓄补充 + 公积金商业贷,非仁恒、绿城、万科等金牌开发商不买，极度看重高端精装质量与顶级物业的增值口碑。,常年本地稳定居住，工作日职住通勤动线规则单一。
上_2003_01377,上海,2003,本地改善,44,男,1.5,18.7,0.45,31.2,4,1,否,B,agent,0.71,0.51,0.55,0.47,0.56,0.79,0.5,0.73,0.73,自住-改善,两室一厅,71,3262,市第二中学地理教师,三口之家(学龄段),上海中环品质两居，车位及空间极其拥挤,小区无地下车库且人车不分流，小孩在楼下玩耍或者推婴儿车极为不安全。,讲究超高得房率（超85%），主卧套房必须配备独立步入式衣帽间与干湿分离双卫。,主要在陆家嘴/徐家汇CBD上班，首选地铁2/9号线沿线，通勤半小时内。,倡导轻户外，周末常带家人自驾野营或山系徒步，注重生活情调与手作咖啡。,名下持有一套旧两居，置换回款 65% + 个人理财储蓄补充 + 公积金商业贷,非仁恒、绿城、万科等金牌开发商不买，极度看重高端精装质量与顶级物业的增值口碑。,常年本地稳定居住，工作日职住通勤动线规则单一。
上_2003_01378,上海,2003,教育型买房,41,女,0.7,5.6,0.4,10.6,4,1,否,B,social,0.94,0.48,0.34,0.46,0.59,0.83,0.6,1,0.59,学区房,一室一厅,51,1272,邮政局局长秘书,三口之家(学龄段),上海中环品质两居，车位及空间极其拥挤,小区无地下车库且人车不分流，小孩在楼下玩耍或者推婴儿车极为不安全。,讲究超高得房率（超85%），主卧套房必须配备独立步入式衣帽间与干湿分离双卫。,主要在陆家嘴/徐家汇CBD上班，首选地铁2/9号线沿线，通勤半小时内。,倡导轻户外，周末常带家人自驾野营或山系徒步，注重生活情调与手作咖啡。,名下持有一套旧两居，置换回款 65% + 个人理财储蓄补充 + 公积金商业贷,重性价比，不盲信大牌，但要求物业管理有序、绿化修剪及时、人防技防规范。,常年本地稳定居住，工作日职住通勤动线规则单一。
上_2003_01379,上海,2003,教育型买房,33,男,0.5,3.2,0.4,5.9,2,1,是,B,social,0.78,0.48,0.35,0.4,0.7,0.68,0.56,0.88,0.63,学区房,两室一厅,74,614,国企车间技术主任,三口之家(幼龄段),上海中环品质两居，车位及空间极其拥挤,小区无地下车库且人车不分流，小孩在楼下玩耍或者推婴儿车极为不安全。,核心要求地块属于第一梯队名校学区，且周边500米内解决幼小衔接教育配套。,主要在陆家嘴/徐家汇CBD上班，首选地铁2/9号线沿线，通勤半小时内。,倡导轻户外，周末常带家人自驾野营或山系徒步，注重生活情调与手作咖啡。,名下持有一套旧两居，置换回款 65% + 个人理财储蓄补充 + 公积金商业贷,重性价比，不盲信大牌，但要求物业管理有序、绿化修剪及时、人防技防规范。,常年本地稳定居住，工作日职住通勤动线规则单一。
上_2003_01380,上海,2003,教育型买房,40,女,0.5,4.1,0.4,7.7,3,2,否,B,social,1,0.64,0.36,0.33,0.64,0.75,0.49,0.93,0.55,学区房,两室两厅,53,961,国企车间技术主任,二胎黄金期中大户型,上海中环品质两居，车位及空间极其拥挤,小区无地下车库且人车不分流，小孩在楼下玩耍或者推婴儿车极为不安全。,讲究超高得房率（超85%），主卧套房必须配备独立步入式衣帽间与干湿分离双卫。,主要在陆家嘴/徐家汇CBD上班，首选地铁2/9号线沿线，通勤半小时内。,倡导轻户外，周末常带家人自驾野营或山系徒步，注重生活情调与手作咖啡。,名下持有一套旧两居，置换回款 65% + 个人理财储蓄补充 + 公积金商业贷,重性价比，不盲信大牌，但要求物业管理有序、绿化修剪及时、人防技防规范。,常年本地稳定居住，工作日职住通勤动线规则单一。
上_2003_01381,上海,2003,教育型买房,33,男,0.8,6.0,0.4,11.3,3,2,否,B,social,0.78,0.62,0.39,0.36,0.63,0.55,0.55,1,0.67,学区房,两室一厅,84,958,国企车间技术主任,二胎黄金期中大户型,上海中环品质两居，车位及空间极其拥挤,小区无地下车库且人车不分流，小孩在楼下玩耍或者推婴儿车极为不安全。,核心要求地块属于第一梯队名校学区，且周边500米内解决幼小衔接教育配套。,主要在陆家嘴/徐家汇CBD上班，首选地铁2/9号线沿线，通勤半小时内。,倡导轻户外，周末常带家人自驾野营或山系徒步，注重生活情调与手作咖啡。,名下持有一套旧两居，置换回款 65% + 个人理财储蓄补充 + 公积金商业贷,重性价比，不盲信大牌，但要求物业管理有序、绿化修剪及时、人防技防规范。,常年本地稳定居住，工作日职住通勤动线规则单一。
上_2003_01382,上海,2003,外籍海归,33,女,2.4,19.5,0.4,36.5,2,0,是,A,social,0.82,0.43,0.49,0.5,0.76,0.54,0.6,0.81,0.76,自住-首套,两室一厅,88,2157,合资日化企业技术主管,新婚过渡两居,市中心私密洋房住宅,当前房屋属于旧多层无电梯房，父母年纪渐高每天爬楼梯极为吃力。,核心要求地块属于第一梯队名校学区，且周边500米内解决幼小衔接教育配套。,主要在陆家嘴/徐家汇CBD上班，首选地铁2/9号线沿线，通勤半小时内。,周末常去高端商圈消费，热衷打网球和马术，重度手冲咖啡及黑胶唱片发烧友。,夫妻双方积蓄 + 双方父母出资赞助首付 + 公积金商业组合贷款,非仁恒、绿城、万科等金牌开发商不买，极度看重高端精装质量与顶级物业的增值口碑。,常年本地稳定居住，工作日职住通勤动线规则单一。
上_2003_01383,上海,2003,金融精英,35,男,2.5,14.1,0.4,26.5,2,1,否,A,research,0.58,0.59,0.72,0.59,0.83,0.7,0.51,0.83,0.72,自住-改善,一室一厅,94,1907,申银万国证券分析员,三口之家(幼龄段),陆家嘴核心区江景大平层,无高端私密会所及管家式物业配套，圈层鱼龙混杂，高净值居住体验差。,要求有超大面宽南向双阳台（观景家政分离），主卧大飘窗能270度直面自然景观。,主要在陆家嘴/徐家汇CBD上班，首选地铁2/9号线沿线，通勤半小时内。,周末常去高端商圈消费，热衷打网球和马术，重度手冲咖啡及黑胶唱片发烧友。,名下已有企业股权套现或分红现金，一次性全款付清，基本不加杠杆,非仁恒、绿城、万科等金牌开发商不买，极度看重高端精装质量与顶级物业的增值口碑。,常年本地稳定居住，工作日职住通勤动线规则单一。
上_2003_01384,上海,2003,本地改善,57,男,0.9,9.2,0.45,15.3,3,2,是,B,agent,0.76,0.54,0.62,0.72,0.51,0.79,0.65,0.7,0.58,自住-改善,两室一厅,65,1421,国企车间技术主任,二胎黄金期中大户型,上海中环品质两居，车位及空间极其拥挤,小区无地下车库且人车不分流，小孩在楼下玩耍或者推婴儿车极为不安全。,要求独立电梯入户，主次卧动线分明，配备独立保姆房和私密后院。,主要在陆家嘴/徐家汇CBD上班，首选地铁2/9号线沿线，通勤半小时内。,倡导轻户外，周末常带家人自驾野营或山系徒步，注重生活情调与手作咖啡。,名下持有一套旧两居，置换回款 65% + 个人理财储蓄补充 + 公积金商业贷,重性价比，不盲信大牌，但要求物业管理有序、绿化修剪及时、人防技防规范。,常年本地稳定居住，工作日职住通勤动线规则单一。
上_2003_01385,上海,2003,教育型买房,35,男,1.4,11.5,0.4,21.6,3,1,否,B,social,0.86,0.45,0.38,0.41,0.58,0.64,0.5,1,0.52,学区房,两室两厅,83,1619,邮政局局长秘书,三口之家(幼龄段),上海中环品质两居，车位及空间极其拥挤,小区无地下车库且人车不分流，小孩在楼下玩耍或者推婴儿车极为不安全。,核心要求地块属于第一梯队名校学区，且周边500米内解决幼小衔接教育配套。,主要在陆家嘴/徐家汇CBD上班，首选地铁2/9号线沿线，通勤半小时内。,倡导轻户外，周末常带家人自驾野营或山系徒步，注重生活情调与手作咖啡。,名下持有一套旧两居，置换回款 65% + 个人理财储蓄补充 + 公积金商业贷,重性价比，不盲信大牌，但要求物业管理有序、绿化修剪及时、人防技防规范。,常年本地稳定居住，工作日职住通勤动线规则单一。
上_2003_01386,上海,2003,本地改善,52,男,0.9,11.0,0.45,18.3,3,2,否,B,agent,0.66,0.46,0.49,0.37,0.58,0.76,0.61,0.69,0.56,自住-改善,两室一厅,77,1799,邮政局局长秘书,二胎黄金期中大户型,上海中环品质两居，车位及空间极其拥挤,小区无地下车库且人车不分流，小孩在楼下玩耍或者推婴儿车极为不安全。,讲究超高得房率（超85%），主卧套房必须配备独立步入式衣帽间与干湿分离双卫。,主要在陆家嘴/徐家汇CBD上班，首选地铁2/9号线沿线，通勤半小时内。,倡导轻户外，周末常带家人自驾野营或山系徒步，注重生活情调与手作咖啡。,名下持有一套旧两居，置换回款 65% + 个人理财储蓄补充 + 公积金商业贷,重性价比，不盲信大牌，但要求物业管理有序、绿化修剪及时、人防技防规范。,常年本地稳定居住，工作日职住通勤动线规则单一。
上_2003_01387,上海,2003,长三角家庭,37,男,1.2,8.0,0.45,13.3,3,2,是,B,agent,0.64,0.5,0.59,0.54,0.55,0.67,0.5,0.67,0.63,自住-首套,两室两厅,92,835,市第二中学地理教师,二胎黄金期中大户型,上海中环品质两居，车位及空间极其拥挤,小区无地下车库且人车不分流，小孩在楼下玩耍或者推婴儿车极为不安全。,要求采光通透，全明户型，带多功能嵌入式收纳墙以最大化空间利用。,主要在陆家嘴/徐家汇CBD上班，首选地铁2/9号线沿线，通勤半小时内。,倡导轻户外，周末常带家人自驾野营或山系徒步，注重生活情调与手作咖啡。,夫妻双方积蓄 + 双方父母出资赞助首付 + 公积金商业组合贷款,重性价比，不盲信大牌，但要求物业管理有序、绿化修剪及时、人防技防规范。,常年本地稳定居住，工作日职住通勤动线规则单一。
上_2003_01388,上海,2003,金融精英,35,男,2.7,16.2,0.4,30.5,3,1,是,A,research,0.41,0.51,0.66,0.55,0.58,0.66,0.66,0.89,0.8,自住-改善,两室一厅,74,2472,申银万国证券分析员,三口之家(幼龄段),陆家嘴核心区江景大平层,当前房屋属于旧多层无电梯房，父母年纪渐高每天爬楼梯极为吃力。,核心要求地块属于第一梯队名校学区，且周边500米内解决幼小衔接教育配套。,主要在陆家嘴/徐家汇CBD上班，首选地铁2/9号线沿线，通勤半小时内。,周末常去高端商圈消费，热衷打网球和马术，重度手冲咖啡及黑胶唱片发烧友。,名下已有企业股权套现或分红现金，一次性全款付清，基本不加杠杆,非仁恒、绿城、万科等金牌开发商不买，极度看重高端精装质量与顶级物业的增值口碑。,常年本地稳定居住，工作日职住通勤动线规则单一。
上_2003_01389,上海,2003,金融精英,35,男,2.3,16.7,0.4,31.3,3,1,否,A,research,0.83,0.46,0.59,0.67,0.69,0.77,0.75,0.98,0.7,自住-首套,两室一厅,97,2392,老牌证券公司营业部经理,三口之家(幼龄段),西湖边高精平层,无高端私密会所及管家式物业配套，圈层鱼龙混杂，高净值居住体验差。,讲究超高得房率（超85%），主卧套房必须配备独立步入式衣帽间与干湿分离双卫。,主要在陆家嘴/徐家汇CBD上班，首选地铁2/9号线沿线，通勤半小时内。,周末常去高端商圈消费，热衷打网球和马术，重度手冲咖啡及黑胶唱片发烧友。,夫妻双方积蓄 + 双方父母出资赞助首付 + 公积金商业组合贷款,重性价比，不盲信大牌，但要求物业管理有序、绿化修剪及时、人防技防规范。,常年本地稳定居住，工作日职住通勤动线规则单一。
上_2003_01390,上海,2003,金融精英,45,男,1.9,15.8,0.4,29.6,3,2,否,A,research,0.8,0.41,0.8,0.55,0.76,0.69,0.58,0.85,0.75,自住-改善,两室两厅,81,3002,老牌证券公司营业部经理,二胎黄金期中大户型,市中心私密洋房住宅,无高端私密会所及管家式物业配套，圈层鱼龙混杂，高净值居住体验差。,要求有超大面宽南向双阳台（观景家政分离），主卧大飘窗能270度直面自然景观。,主要在陆家嘴/徐家汇CBD上班，首选地铁2/9号线沿线，通勤半小时内。,周末常去高端商圈消费，热衷打网球和马术，重度手冲咖啡及黑胶唱片发烧友。,名下已有企业股权套现或分红现金，一次性全款付清，基本不加杠杆,非仁恒、绿城、万科等金牌开发商不买，极度看重高端精装质量与顶级物业的增值口碑。,常年本地稳定居住，工作日职住通勤动线规则单一。
上_2003_01391,上海,2003,本地改善,51,女,0.8,7.0,0.45,11.7,3,2,是,B,agent,0.87,0.36,0.55,0.43,0.51,0.85,0.52,0.69,0.72,自住-改善,两室一厅,82,1231,区财政局科员,二胎黄金期中大户型,上海中环品质两居，车位及空间极其拥挤,小区无地下车库且人车不分流，小孩在楼下玩耍或者推婴儿车极为不安全。,讲究超高得房率（超85%），主卧套房必须配备独立步入式衣帽间与干湿分离双卫。,主要在陆家嘴/徐家汇CBD上班，首选地铁2/9号线沿线，通勤半小时内。,倡导轻户外，周末常带家人自驾野营或山系徒步，注重生活情调与手作咖啡。,名下持有一套旧两居，置换回款 65% + 个人理财储蓄补充 + 公积金商业贷,非仁恒、绿城、万科等金牌开发商不买，极度看重高端精装质量与顶级物业的增值口碑。,常年本地稳定居住，工作日职住通勤动线规则单一。
上_2003_01392,上海,2003,长三角家庭,41,女,1.0,5.9,0.45,9.8,5,2,否,B,agent,0.98,0.6,0.74,0.58,0.41,0.72,0.35,0.71,0.67,自住-改善,一室一厅,90,684,国企车间技术主任,二胎黄金期中大户型,上海中环品质两居，车位及空间极其拥挤,小区无地下车库且人车不分流，小孩在楼下玩耍或者推婴儿车极为不安全。,要求有超大面宽南向双阳台（观景家政分离），主卧大飘窗能270度直面自然景观。,主要在陆家嘴/徐家汇CBD上班，首选地铁2/9号线沿线，通勤半小时内。,倡导轻户外，周末常带家人自驾野营或山系徒步，注重生活情调与手作咖啡。,名下持有一套旧两居，置换回款 65% + 个人理财储蓄补充 + 公积金商业贷,重性价比，不盲信大牌，但要求物业管理有序、绿化修剪及时、人防技防规范。,常年本地稳定居住，工作日职住通勤动线规则单一。
上_2003_01393,上海,2003,长三角家庭,48,男,1.5,12.9,0.45,21.6,4,3,是,B,agent,0.64,0.57,0.69,0.48,0.33,0.77,0.31,0.62,0.68,自住-首套,一室一厅,79,2170,市第二中学地理教师,二胎黄金期中大户型,上海中环品质两居，车位及空间极其拥挤,小区无地下车库且人车不分流，小孩在楼下玩耍或者推婴儿车极为不安全。,讲究超高得房率（超85%），主卧套房必须配备独立步入式衣帽间与干湿分离双卫。,主要在陆家嘴/徐家汇CBD上班，首选地铁2/9号线沿线，通勤半小时内。,倡导轻户外，周末常带家人自驾野营或山系徒步，注重生活情调与手作咖啡。,夫妻双方积蓄 + 双方父母出资赞助首付 + 公积金商业组合贷款,重性价比，不盲信大牌，但要求物业管理有序、绿化修剪及时、人防技防规范。,常年本地稳定居住，工作日职住通勤动线规则单一。
上_2003_01394,上海,2003,本地改善,45,女,0.7,6.3,0.45,10.4,3,1,否,B,agent,0.71,0.42,0.5,0.48,0.52,0.92,0.53,0.75,0.57,自住-改善,一室一厅,63,885,区财政局科员,三口之家(学龄段),上海中环品质两居，车位及空间极其拥挤,小区无地下车库且人车不分流，小孩在楼下玩耍或者推婴儿车极为不安全。,讲究超高得房率（超85%），主卧套房必须配备独立步入式衣帽间与干湿分离双卫。,主要在陆家嘴/徐家汇CBD上班，首选地铁2/9号线沿线，通勤半小时内。,倡导轻户外，周末常带家人自驾野营或山系徒步，注重生活情调与手作咖啡。,名下持有一套旧两居，置换回款 65% + 个人理财储蓄补充 + 公积金商业贷,重性价比，不盲信大牌，但要求物业管理有序、绿化修剪及时、人防技防规范。,常年本地稳定居住，工作日职住通勤动线规则单一。
上_2003_01395,上海,2003,教育型买房,48,女,0.6,5.6,0.4,10.4,3,1,否,B,social,1,0.44,0.47,0.42,0.65,0.64,0.65,1,0.39,学区房,两室一厅,93,604,区财政局科员,三口之家(学龄段),上海中环品质两居，车位及空间极其拥挤,小区无地下车库且人车不分流，小孩在楼下玩耍或者推婴儿车极为不安全。,核心要求地块属于第一梯队名校学区，且周边500米内解决幼小衔接教育配套。,主要在陆家嘴/徐家汇CBD上班，首选地铁2/9号线沿线，通勤半小时内。,倡导轻户外，周末常带家人自驾野营或山系徒步，注重生活情调与手作咖啡。,名下持有一套旧两居，置换回款 65% + 个人理财储蓄补充 + 公积金商业贷,重性价比，不盲信大牌，但要求物业管理有序、绿化修剪及时、人防技防规范。,常年本地稳定居住，工作日职住通勤动线规则单一。
上_2003_01396,上海,2003,教育型买房,40,女,1.6,9.8,0.4,18.3,3,1,否,B,social,0.82,0.53,0.41,0.45,0.58,0.59,0.56,1,0.36,学区房,两室两厅,85,1124,区财政局科员,三口之家(学龄段),上海中环品质两居，车位及空间极其拥挤,小区无地下车库且人车不分流，小孩在楼下玩耍或者推婴儿车极为不安全。,核心要求地块属于第一梯队名校学区，且周边500米内解决幼小衔接教育配套。,主要在陆家嘴/徐家汇CBD上班，首选地铁2/9号线沿线，通勤半小时内。,倡导轻户外，周末常带家人自驾野营或山系徒步，注重生活情调与手作咖啡。,名下持有一套旧两居，置换回款 65% + 个人理财储蓄补充 + 公积金商业贷,重性价比，不盲信大牌，但要求物业管理有序、绿化修剪及时、人防技防规范。,常年本地稳定居住，工作日职住通勤动线规则单一。
上_2003_01397,上海,2003,本地改善,43,男,0.9,9.1,0.45,15.2,4,1,是,B,agent,0.9,0.42,0.64,0.52,0.62,0.8,0.61,0.74,0.71,自住-改善,两室一厅,71,1861,国企车间技术主任,三口之家(学龄段),上海中环品质两居，车位及空间极其拥挤,小区无地下车库且人车不分流，小孩在楼下玩耍或者推婴儿车极为不安全。,讲究超高得房率（超85%），主卧套房必须配备独立步入式衣帽间与干湿分离双卫。,主要在陆家嘴/徐家汇CBD上班，首选地铁2/9号线沿线，通勤半小时内。,倡导轻户外，周末常带家人自驾野营或山系徒步，注重生活情调与手作咖啡。,名下持有一套旧两居，置换回款 65% + 个人理财储蓄补充 + 公积金商业贷,非仁恒、绿城、万科等金牌开发商不买，极度看重高端精装质量与顶级物业的增值口碑。,常年本地稳定居住，工作日职住通勤动线规则单一。
上_2003_01398,上海,2003,本地改善,39,男,0.7,7.2,0.45,12.0,5,2,否,B,agent,0.5,0.45,0.52,0.51,0.5,0.86,0.45,0.72,0.54,自住-改善,两室两厅,93,917,邮政局局长秘书,二胎黄金期中大户型,上海中环品质两居，车位及空间极其拥挤,小区无地下车库且人车不分流，小孩在楼下玩耍或者推婴儿车极为不安全。,讲究超高得房率（超85%），主卧套房必须配备独立步入式衣帽间与干湿分离双卫。,主要在陆家嘴/徐家汇CBD上班，首选地铁2/9号线沿线，通勤半小时内。,倡导轻户外，周末常带家人自驾野营或山系徒步，注重生活情调与手作咖啡。,名下持有一套旧两居，置换回款 65% + 个人理财储蓄补充 + 公积金商业贷,重性价比，不盲信大牌，但要求物业管理有序、绿化修剪及时、人防技防规范。,常年本地稳定居住，工作日职住通勤动线规则单一。
上_2003_01399,上海,2003,教育型买房,42,女,2.0,17.0,0.4,31.9,3,1,是,B,social,1,0.51,0.51,0.43,0.55,0.75,0.65,0.95,0.55,学区房,一室一厅,98,1662,邮政局局长秘书,三口之家(学龄段),上海中环品质两居，车位及空间极其拥挤,小区无地下车库且人车不分流，小孩在楼下玩耍或者推婴儿车极为不安全。,讲究超高得房率（超85%），主卧套房必须配备独立步入式衣帽间与干湿分离双卫。,主要在陆家嘴/徐家汇CBD上班，首选地铁2/9号线沿线，通勤半小时内。,倡导轻户外，周末常带家人自驾野营或山系徒步，注重生活情调与手作咖啡。,名下持有一套旧两居，置换回款 65% + 个人理财储蓄补充 + 公积金商业贷,重性价比，不盲信大牌，但要求物业管理有序、绿化修剪及时、人防技防规范。,常年本地稳定居住，工作日职住通勤动线规则单一。
上_2003_01400,上海,2003,本地改善,46,女,0.8,8.7,0.45,14.5,5,2,否,B,agent,0.74,0.6,0.62,0.55,0.53,0.83,0.56,0.8,0.51,自住-改善,两室两厅,67,1453,国企车间技术主任,二胎黄金期中大户型,上海中环品质两居，车位及空间极其拥挤,小区无地下车库且人车不分流，小孩在楼下玩耍或者推婴儿车极为不安全。,讲究超高得房率（超85%），主卧套房必须配备独立步入式衣帽间与干湿分离双卫。,主要在陆家嘴/徐家汇CBD上班，首选地铁2/9号线沿线，通勤半小时内。,倡导轻户外，周末常带家人自驾野营或山系徒步，注重生活情调与手作咖啡。,名下持有一套旧两居，置换回款 65% + 个人理财储蓄补充 + 公积金商业贷,重性价比，不盲信大牌，但要求物业管理有序、绿化修剪及时、人防技防规范。,常年本地稳定居住，工作日职住通勤动线规则单一。
上_2003_01401,上海,2003,金融精英,42,男,1.2,12.4,0.4,23.2,3,1,否,A,research,0.81,0.56,0.61,0.62,0.66,0.85,0.59,0.88,0.72,自住-首套,一室一厅,61,2675,老牌证券公司营业部经理,三口之家(学龄段),市中心私密洋房住宅,无高端私密会所及管家式物业配套，圈层鱼龙混杂，高净值居住体验差。,讲究超高得房率（超85%），主卧套房必须配备独立步入式衣帽间与干湿分离双卫。,主要在陆家嘴/徐家汇CBD上班，首选地铁2/9号线沿线，通勤半小时内。,周末常去高端商圈消费，热衷打网球和马术，重度手冲咖啡及黑胶唱片发烧友。,夫妻双方积蓄 + 双方父母出资赞助首付 + 公积金商业组合贷款,非仁恒、绿城、万科等金牌开发商不买，极度看重高端精装质量与顶级物业的增值口碑。,常年本地稳定居住，工作日职住通勤动线规则单一。
上_2003_01402,上海,2003,本地改善,43,女,1.1,7.7,0.45,12.8,4,2,是,B,agent,0.77,0.42,0.54,0.54,0.64,0.78,0.57,0.8,0.7,自住-改善,两室两厅,53,1498,国企车间技术主任,二胎黄金期中大户型,上海中环品质两居，车位及空间极其拥挤,小区无地下车库且人车不分流，小孩在楼下玩耍或者推婴儿车极为不安全。,讲究超高得房率（超85%），主卧套房必须配备独立步入式衣帽间与干湿分离双卫。,主要在陆家嘴/徐家汇CBD上班，首选地铁2/9号线沿线，通勤半小时内。,倡导轻户外，周末常带家人自驾野营或山系徒步，注重生活情调与手作咖啡。,名下持有一套旧两居，置换回款 65% + 个人理财储蓄补充 + 公积金商业贷,非仁恒、绿城、万科等金牌开发商不买，极度看重高端精装质量与顶级物业的增值口碑。,常年本地稳定居住，工作日职住通勤动线规则单一。
上_2003_01403,上海,2003,金融精英,33,女,2.7,23.4,0.4,44.0,4,1,否,A,research,0.74,0.33,0.61,0.41,0.73,0.75,0.77,0.84,0.77,婚房,两室一厅,97,3069,申银万国证券分析员,三口之家(幼龄段),市中心私密洋房住宅,无高端私密会所及管家式物业配套，圈层鱼龙混杂，高净值居住体验差。,讲究超高得房率（超85%），主卧套房必须配备独立步入式衣帽间与干湿分离双卫。,主要在陆家嘴/徐家汇CBD上班，首选地铁2/9号线沿线，通勤半小时内。,周末常去高端商圈消费，热衷打网球和马术，重度手冲咖啡及黑胶唱片发烧友。,夫妻双方积蓄 + 双方父母出资赞助首付 + 公积金商业组合贷款,非仁恒、绿城、万科等金牌开发商不买，极度看重高端精装质量与顶级物业的增值口碑。,常年本地稳定居住，工作日职住通勤动线规则单一。
上_2003_01404,上海,2003,本地改善,49,女,0.9,7.2,0.45,12.1,4,2,否,B,agent,0.86,0.57,0.5,0.52,0.57,0.83,0.59,0.67,0.58,自住-改善,两室两厅,60,1341,国企车间技术主任,二胎黄金期中大户型,上海中环品质两居，车位及空间极其拥挤,小区无地下车库且人车不分流，小孩在楼下玩耍或者推婴儿车极为不安全。,讲究超高得房率（超85%），主卧套房必须配备独立步入式衣帽间与干湿分离双卫。,主要在陆家嘴/徐家汇CBD上班，首选地铁2/9号线沿线，通勤半小时内。,倡导轻户外，周末常带家人自驾野营或山系徒步，注重生活情调与手作咖啡。,名下持有一套旧两居，置换回款 65% + 个人理财储蓄补充 + 公积金商业贷,重性价比，不盲信大牌，但要求物业管理有序、绿化修剪及时、人防技防规范。,常年本地稳定居住，工作日职住通勤动线规则单一。
上_2003_01405,上海,2003,金融精英,42,男,2.3,22.9,0.4,42.9,3,1,否,A,research,0.72,0.34,0.58,0.57,0.68,0.97,0.76,0.83,0.84,自住-首套,两室一厅,68,4867,申银万国证券分析员,三口之家(学龄段),西湖边高精平层,无高端私密会所及管家式物业配套，圈层鱼龙混杂，高净值居住体验差。,讲究超高得房率（超85%），主卧套房必须配备独立步入式衣帽间与干湿分离双卫。,主要在陆家嘴/徐家汇CBD上班，首选地铁2/9号线沿线，通勤半小时内。,周末常去高端商圈消费，热衷打网球和马术，重度手冲咖啡及黑胶唱片发烧友。,夫妻双方积蓄 + 双方父母出资赞助首付 + 公积金商业组合贷款,非仁恒、绿城、万科等金牌开发商不买，极度看重高端精装质量与顶级物业的增值口碑。,常年本地稳定居住，工作日职住通勤动线规则单一。
上_2003_01406,上海,2003,教育型买房,35,女,1.0,7.3,0.4,13.7,2,1,是,B,social,0.87,0.49,0.38,0.36,0.53,0.58,0.44,1,0.57,学区房,一室一厅,84,1272,市第二中学地理教师,三口之家(幼龄段),上海中环品质两居，车位及空间极其拥挤,小区无地下车库且人车不分流，小孩在楼下玩耍或者推婴儿车极为不安全。,核心要求地块属于第一梯队名校学区，且周边500米内解决幼小衔接教育配套。,主要在陆家嘴/徐家汇CBD上班，首选地铁2/9号线沿线，通勤半小时内。,倡导轻户外，周末常带家人自驾野营或山系徒步，注重生活情调与手作咖啡。,名下持有一套旧两居，置换回款 65% + 个人理财储蓄补充 + 公积金商业贷,重性价比，不盲信大牌，但要求物业管理有序、绿化修剪及时、人防技防规范。,常年本地稳定居住，工作日职住通勤动线规则单一。
上_2003_01407,上海,2003,本地改善,57,女,0.9,9.2,0.45,15.3,5,2,否,B,agent,0.66,0.46,0.45,0.57,0.5,0.83,0.49,0.53,0.73,自住-改善,两室两厅,60,1522,国企车间技术主任,二胎黄金期中大户型,上海中环品质两居，车位及空间极其拥挤,小区无地下车库且人车不分流，小孩在楼下玩耍或者推婴儿车极为不安全。,讲究超高得房率（超85%），主卧套房必须配备独立步入式衣帽间与干湿分离双卫。,主要在陆家嘴/徐家汇CBD上班，首选地铁2/9号线沿线，通勤半小时内。,倡导轻户外，周末常带家人自驾野营或山系徒步，注重生活情调与手作咖啡。,名下持有一套旧两居，置换回款 65% + 个人理财储蓄补充 + 公积金商业贷,非仁恒、绿城、万科等金牌开发商不买，极度看重高端精装质量与顶级物业的增值口碑。,常年本地稳定居住，工作日职住通勤动线规则单一。
上_2003_01408,上海,2003,金融精英,47,男,2.5,18.8,0.4,35.3,4,0,否,A,research,0.58,0.46,0.61,0.53,0.74,0.71,0.71,0.8,0.82,自住-改善,两室一厅,85,2631,老牌证券公司营业部经理,成熟期核心家庭,西湖边高精平层,无高端私密会所及管家式物业配套，圈层鱼龙混杂，高净值居住体验差。,讲究超高得房率（超85%），主卧套房必须配备独立步入式衣帽间与干湿分离双卫。,主要在陆家嘴/徐家汇CBD上班，首选地铁2/9号线沿线，通勤半小时内。,周末常去高端商圈消费，热衷打网球和马术，重度手冲咖啡及黑胶唱片发烧友。,名下已有企业股权套现或分红现金，一次性全款付清，基本不加杠杆,非仁恒、绿城、万科等金牌开发商不买，极度看重高端精装质量与顶级物业的增值口碑。,常年本地稳定居住，工作日职住通勤动线规则单一。
上_2003_01409,上海,2003,教育型买房,33,男,1.7,12.3,0.4,23.1,2,1,是,B,social,1,0.53,0.34,0.37,0.64,0.71,0.54,1,0.69,学区房,一室一厅,56,2817,国企车间技术主任,三口之家(幼龄段),上海中环品质两居，车位及空间极其拥挤,小区无地下车库且人车不分流，小孩在楼下玩耍或者推婴儿车极为不安全。,讲究超高得房率（超85%），主卧套房必须配备独立步入式衣帽间与干湿分离双卫。,主要在陆家嘴/徐家汇CBD上班，首选地铁2/9号线沿线，通勤半小时内。,倡导轻户外，周末常带家人自驾野营或山系徒步，注重生活情调与手作咖啡。,名下持有一套旧两居，置换回款 65% + 个人理财储蓄补充 + 公积金商业贷,重性价比，不盲信大牌，但要求物业管理有序、绿化修剪及时、人防技防规范。,常年本地稳定居住，工作日职住通勤动线规则单一。
上_2003_01410,上海,2003,外籍海归,37,女,2.0,12.7,0.4,23.9,3,1,否,A,social,0.85,0.45,0.55,0.61,0.83,0.7,0.61,0.78,0.87,自住-改善,两室两厅,88,1766,合资日化企业技术主管,三口之家(幼龄段),陆家嘴核心区江景大平层,无高端私密会所及管家式物业配套，圈层鱼龙混杂，高净值居住体验差。,核心要求地块属于第一梯队名校学区，且周边500米内解决幼小衔接教育配套。,主要在陆家嘴/徐家汇CBD上班，首选地铁2/9号线沿线，通勤半小时内。,周末常去高端商圈消费，热衷打网球和马术，重度手冲咖啡及黑胶唱片发烧友。,名下已有企业股权套现或分红现金，一次性全款付清，基本不加杠杆,非仁恒、绿城、万科等金牌开发商不买，极度看重高端精装质量与顶级物业的增值口碑。,常年本地稳定居住，工作日职住通勤动线规则单一。
上_2003_01411,上海,2003,本地改善,47,女,1.2,11.8,0.45,19.7,4,2,否,B,agent,0.77,0.63,0.51,0.6,0.51,0.9,0.66,0.61,0.75,自住-改善,两室一厅,51,2083,市第二中学地理教师,二胎黄金期中大户型,上海中环品质两居，车位及空间极其拥挤,小区无地下车库且人车不分流，小孩在楼下玩耍或者推婴儿车极为不安全。,讲究超高得房率（超85%），主卧套房必须配备独立步入式衣帽间与干湿分离双卫。,主要在陆家嘴/徐家汇CBD上班，首选地铁2/9号线沿线，通勤半小时内。,倡导轻户外，周末常带家人自驾野营或山系徒步，注重生活情调与手作咖啡。,名下持有一套旧两居，置换回款 65% + 个人理财储蓄补充 + 公积金商业贷,非仁恒、绿城、万科等金牌开发商不买，极度看重高端精装质量与顶级物业的增值口碑。,常年本地稳定居住，工作日职住通勤动线规则单一。
上_2003_01412,上海,2003,外籍海归,30,男,1.8,15.0,0.4,28.2,3,1,否,A,social,0.73,0.48,0.48,0.58,0.78,0.77,0.58,0.93,0.73,婚房,两室两厅,64,3192,合资日化企业技术主管,三口之家(幼龄段),陆家嘴核心区江景大平层,无高端私密会所及管家式物业配套，圈层鱼龙混杂，高净值居住体验差。,讲究超高得房率（超85%），主卧套房必须配备独立步入式衣帽间与干湿分离双卫。,主要在陆家嘴/徐家汇CBD上班，首选地铁2/9号线沿线，通勤半小时内。,周末常去高端商圈消费，热衷打网球和马术，重度手冲咖啡及黑胶唱片发烧友。,夫妻双方积蓄 + 双方父母出资赞助首付 + 公积金商业组合贷款,非仁恒、绿城、万科等金牌开发商不买，极度看重高端精装质量与顶级物业的增值口碑。,常年本地稳定居住，工作日职住通勤动线规则单一。
上_2003_01413,上海,2003,本地改善,52,男,1.2,12.7,0.45,21.1,4,2,是,B,agent,0.83,0.47,0.6,0.41,0.5,0.86,0.48,0.67,0.62,自住-改善,两室两厅,51,2757,市第二中学地理教师,二胎黄金期中大户型,上海中环品质两居，车位及空间极其拥挤,小区无地下车库且人车不分流，小孩在楼下玩耍或者推婴儿车极为不安全。,讲究超高得房率（超85%），主卧套房必须配备独立步入式衣帽间与干湿分离双卫。,主要在陆家嘴/徐家汇CBD上班，首选地铁2/9号线沿线，通勤半小时内。,倡导轻户外，周末常带家人自驾野营或山系徒步，注重生活情调与手作咖啡。,名下持有一套旧两居，置换回款 65% + 个人理财储蓄补充 + 公积金商业贷,重性价比，不盲信大牌，但要求物业管理有序、绿化修剪及时、人防技防规范。,常年本地稳定居住，工作日职住通勤动线规则单一。
上_2003_01414,上海,2003,本地改善,38,男,0.9,7.7,0.45,12.8,4,2,否,B,agent,0.93,0.44,0.56,0.64,0.62,0.94,0.75,0.68,0.68,自住-改善,两室一厅,82,999,邮政局局长秘书,二胎黄金期中大户型,上海中环品质两居，车位及空间极其拥挤,小区无地下车库且人车不分流，小孩在楼下玩耍或者推婴儿车极为不安全。,讲究超高得房率（超85%），主卧套房必须配备独立步入式衣帽间与干湿分离双卫。,主要在陆家嘴/徐家汇CBD上班，首选地铁2/9号线沿线，通勤半小时内。,倡导轻户外，周末常带家人自驾野营或山系徒步，注重生活情调与手作咖啡。,名下持有一套旧两居，置换回款 65% + 个人理财储蓄补充 + 公积金商业贷,重性价比，不盲信大牌，但要求物业管理有序、绿化修剪及时、人防技防规范。,常年本地稳定居住，工作日职住通勤动线规则单一。
上_2003_01415,上海,2003,金融精英,36,男,2.0,18.3,0.4,34.3,4,1,否,A,research,0.95,0.37,0.65,0.55,0.74,0.64,0.6,0.9,0.73,自住-首套,两室两厅,81,3339,商业银行支行信贷科长,三口之家(幼龄段),西湖边高精平层,无高端私密会所及管家式物业配套，圈层鱼龙混杂，高净值居住体验差。,核心要求地块属于第一梯队名校学区，且周边500米内解决幼小衔接教育配套。,主要在陆家嘴/徐家汇CBD上班，首选地铁2/9号线沿线，通勤半小时内。,周末常去高端商圈消费，热衷打网球和马术，重度手冲咖啡及黑胶唱片发烧友。,夫妻双方积蓄 + 双方父母出资赞助首付 + 公积金商业组合贷款,非仁恒、绿城、万科等金牌开发商不买，极度看重高端精装质量与顶级物业的增值口碑。,常年本地稳定居住，工作日职住通勤动线规则单一。
上_2003_01416,上海,2003,本地改善,45,女,1.4,15.6,0.45,26.0,3,1,是,B,agent,0.82,0.55,0.64,0.43,0.41,0.83,0.65,0.69,0.62,自住-改善,两室一厅,77,2316,市第二中学地理教师,三口之家(学龄段),上海中环品质两居，车位及空间极其拥挤,小区无地下车库且人车不分流，小孩在楼下玩耍或者推婴儿车极为不安全。,讲究超高得房率（超85%），主卧套房必须配备独立步入式衣帽间与干湿分离双卫。,主要在陆家嘴/徐家汇CBD上班，首选地铁2/9号线沿线，通勤半小时内。,倡导轻户外，周末常带家人自驾野营或山系徒步，注重生活情调与手作咖啡。,名下持有一套旧两居，置换回款 65% + 个人理财储蓄补充 + 公积金商业贷,重性价比，不盲信大牌，但要求物业管理有序、绿化修剪及时、人防技防规范。,常年本地稳定居住，工作日职住通勤动线规则单一。
上_2003_01417,上海,2003,金融精英,43,女,0.8,6.7,0.4,12.5,2,1,是,A,research,0.94,0.52,0.58,0.6,0.79,0.75,0.74,0.86,0.86,自住-改善,一室一厅,95,943,申银万国证券分析员,三口之家(学龄段),陆家嘴核心区江景大平层,当前房屋属于旧多层无电梯房，父母年纪渐高每天爬楼梯极为吃力。,讲究超高得房率（超85%），主卧套房必须配备独立步入式衣帽间与干湿分离双卫。,主要在陆家嘴/徐家汇CBD上班，首选地铁2/9号线沿线，通勤半小时内。,周末常去高端商圈消费，热衷打网球和马术，重度手冲咖啡及黑胶唱片发烧友。,名下已有企业股权套现或分红现金，一次性全款付清，基本不加杠杆,非仁恒、绿城、万科等金牌开发商不买，极度看重高端精装质量与顶级物业的增值口碑。,常年本地稳定居住，工作日职住通勤动线规则单一。
上_2003_01418,上海,2003,本地改善,47,女,1.4,17.6,0.45,29.3,4,2,是,B,agent,1,0.49,0.5,0.6,0.58,0.79,0.57,0.75,0.56,自住-改善,两室两厅,61,3495,市第二中学地理教师,二胎黄金期中大户型,上海中环品质两居，车位及空间极其拥挤,小区无地下车库且人车不分流，小孩在楼下玩耍或者推婴儿车极为不安全。,讲究超高得房率（超85%），主卧套房必须配备独立步入式衣帽间与干湿分离双卫。,主要在陆家嘴/徐家汇CBD上班，首选地铁2/9号线沿线，通勤半小时内。,倡导轻户外，周末常带家人自驾野营或山系徒步，注重生活情调与手作咖啡。,名下持有一套旧两居，置换回款 65% + 个人理财储蓄补充 + 公积金商业贷,重性价比，不盲信大牌，但要求物业管理有序、绿化修剪及时、人防技防规范。,常年本地稳定居住，工作日职住通勤动线规则单一。
上_2003_01419,上海,2003,教育型买房,48,男,1.3,8.5,0.4,15.9,3,1,否,B,social,0.96,0.36,0.32,0.35,0.56,0.78,0.44,0.99,0.58,学区房,两室一厅,90,1497,区财政局科员,三口之家(学龄段),上海中环品质两居，车位及空间极其拥挤,小区无地下车库且人车不分流，小孩在楼下玩耍或者推婴儿车极为不安全。,讲究超高得房率（超85%），主卧套房必须配备独立步入式衣帽间与干湿分离双卫。,主要在陆家嘴/徐家汇CBD上班，首选地铁2/9号线沿线，通勤半小时内。,倡导轻户外，周末常带家人自驾野营或山系徒步，注重生活情调与手作咖啡。,名下持有一套旧两居，置换回款 65% + 个人理财储蓄补充 + 公积金商业贷,重性价比，不盲信大牌，但要求物业管理有序、绿化修剪及时、人防技防规范。,常年本地稳定居住，工作日职住通勤动线规则单一。
上_2003_01420,上海,2003,本地改善,48,女,1.1,12.9,0.45,21.5,4,3,否,B,agent,0.75,0.54,0.45,0.62,0.5,0.91,0.45,0.69,0.54,自住-改善,两室一厅,76,1605,区财政局科员,二胎黄金期中大户型,上海中环品质两居，车位及空间极其拥挤,小区无地下车库且人车不分流，小孩在楼下玩耍或者推婴儿车极为不安全。,讲究超高得房率（超85%），主卧套房必须配备独立步入式衣帽间与干湿分离双卫。,主要在陆家嘴/徐家汇CBD上班，首选地铁2/9号线沿线，通勤半小时内。,倡导轻户外，周末常带家人自驾野营或山系徒步，注重生活情调与手作咖啡。,名下持有一套旧两居，置换回款 65% + 个人理财储蓄补充 + 公积金商业贷,重性价比，不盲信大牌，但要求物业管理有序、绿化修剪及时、人防技防规范。,常年本地稳定居住，工作日职住通勤动线规则单一。
上_2003_01421,上海,2003,教育型买房,45,男,1.2,9.2,0.4,17.2,4,1,是,B,social,0.96,0.59,0.28,0.34,0.61,0.7,0.51,1,0.67,学区房,两室一厅,52,1734,国企车间技术主任,三口之家(学龄段),上海中环品质两居，车位及空间极其拥挤,小区无地下车库且人车不分流，小孩在楼下玩耍或者推婴儿车极为不安全。,核心要求地块属于第一梯队名校学区，且周边500米内解决幼小衔接教育配套。,主要在陆家嘴/徐家汇CBD上班，首选地铁2/9号线沿线，通勤半小时内。,倡导轻户外，周末常带家人自驾野营或山系徒步，注重生活情调与手作咖啡。,名下持有一套旧两居，置换回款 65% + 个人理财储蓄补充 + 公积金商业贷,重性价比，不盲信大牌，但要求物业管理有序、绿化修剪及时、人防技防规范。,常年本地稳定居住，工作日职住通勤动线规则单一。
上_2003_01422,上海,2003,教育型买房,45,女,1.0,6.7,0.4,12.5,4,2,否,B,social,0.7,0.46,0.47,0.34,0.65,0.65,0.45,0.94,0.57,学区房,两室一厅,98,1098,邮政局局长秘书,二胎黄金期中大户型,上海中环品质两居，车位及空间极其拥挤,小区无地下车库且人车不分流，小孩在楼下玩耍或者推婴儿车极为不安全。,核心要求地块属于第一梯队名校学区，且周边500米内解决幼小衔接教育配套。,主要在陆家嘴/徐家汇CBD上班，首选地铁2/9号线沿线，通勤半小时内。,倡导轻户外，周末常带家人自驾野营或山系徒步，注重生活情调与手作咖啡。,名下持有一套旧两居，置换回款 65% + 个人理财储蓄补充 + 公积金商业贷,重性价比，不盲信大牌，但要求物业管理有序、绿化修剪及时、人防技防规范。,常年本地稳定居住，工作日职住通勤动线规则单一。
上_2003_01423,上海,2003,金融精英,50,男,2.8,17.4,0.4,32.6,3,1,否,A,research,0.85,0.47,0.67,0.62,0.93,0.72,0.88,0.75,0.82,自住-改善,两室两厅,99,2118,商业银行支行信贷科长,三口之家(学龄段),陆家嘴核心区江景大平层,无高端私密会所及管家式物业配套，圈层鱼龙混杂，高净值居住体验差。,讲究超高得房率（超85%），主卧套房必须配备独立步入式衣帽间与干湿分离双卫。,主要在陆家嘴/徐家汇CBD上班，首选地铁2/9号线沿线，通勤半小时内。,周末常去高端商圈消费，热衷打网球和马术，重度手冲咖啡及黑胶唱片发烧友。,名下已有企业股权套现或分红现金，一次性全款付清，基本不加杠杆,非仁恒、绿城、万科等金牌开发商不买，极度看重高端精装质量与顶级物业的增值口碑。,常年本地稳定居住，工作日职住通勤动线规则单一。
上_2003_01424,上海,2003,本地改善,45,男,1.4,15.7,0.45,26.2,4,1,是,B,agent,0.66,0.49,0.51,0.55,0.43,0.84,0.7,0.82,0.61,自住-改善,一室一厅,87,2321,区财政局科员,三口之家(学龄段),上海中环品质两居，车位及空间极其拥挤,小区无地下车库且人车不分流，小孩在楼下玩耍或者推婴儿车极为不安全。,讲究超高得房率（超85%），主卧套房必须配备独立步入式衣帽间与干湿分离双卫。,主要在陆家嘴/徐家汇CBD上班，首选地铁2/9号线沿线，通勤半小时内。,倡导轻户外，周末常带家人自驾野营或山系徒步，注重生活情调与手作咖啡。,名下持有一套旧两居，置换回款 65% + 个人理财储蓄补充 + 公积金商业贷,重性价比，不盲信大牌，但要求物业管理有序、绿化修剪及时、人防技防规范。,常年本地稳定居住，工作日职住通勤动线规则单一。
上_2003_01425,上海,2003,本地改善,38,男,1.6,18.2,0.45,30.3,5,2,否,B,agent,0.77,0.36,0.57,0.48,0.5,0.83,0.65,0.64,0.58,自住-改善,一室一厅,85,3123,区财政局科员,二胎黄金期中大户型,上海中环品质两居，车位及空间极其拥挤,小区无地下车库且人车不分流，小孩在楼下玩耍或者推婴儿车极为不安全。,讲究超高得房率（超85%），主卧套房必须配备独立步入式衣帽间与干湿分离双卫。,主要在陆家嘴/徐家汇CBD上班，首选地铁2/9号线沿线，通勤半小时内。,倡导轻户外，周末常带家人自驾野营或山系徒步，注重生活情调与手作咖啡。,名下持有一套旧两居，置换回款 65% + 个人理财储蓄补充 + 公积金商业贷,重性价比，不盲信大牌，但要求物业管理有序、绿化修剪及时、人防技防规范。,常年本地稳定居住，工作日职住通勤动线规则单一。
上_2003_01426,上海,2003,教育型买房,43,女,1.1,8.9,0.4,16.7,3,0,是,B,social,0.98,0.53,0.42,0.44,0.65,0.68,0.6,1,0.46,学区房,两室一厅,93,1505,市第二中学地理教师,成熟期核心家庭,上海中环品质两居，车位及空间极其拥挤,当前房屋属于旧多层无电梯房，父母年纪渐高每天爬楼梯极为吃力。,核心要求地块属于第一梯队名校学区，且周边500米内解决幼小衔接教育配套。,主要在陆家嘴/徐家汇CBD上班，首选地铁2/9号线沿线，通勤半小时内。,倡导轻户外，周末常带家人自驾野营或山系徒步，注重生活情调与手作咖啡。,名下持有一套旧两居，置换回款 65% + 个人理财储蓄补充 + 公积金商业贷,重性价比，不盲信大牌，但要求物业管理有序、绿化修剪及时、人防技防规范。,常年本地稳定居住，工作日职住通勤动线规则单一。
上_2003_01427,上海,2003,长三角家庭,55,女,1.6,7.7,0.45,12.8,4,3,否,B,agent,0.49,0.56,0.51,0.46,0.59,0.85,0.42,0.76,0.68,自住-首套,两室两厅,90,1090,区财政局科员,二胎黄金期中大户型,上海中环品质两居，车位及空间极其拥挤,小区无地下车库且人车不分流，小孩在楼下玩耍或者推婴儿车极为不安全。,讲究超高得房率（超85%），主卧套房必须配备独立步入式衣帽间与干湿分离双卫。,主要在陆家嘴/徐家汇CBD上班，首选地铁2/9号线沿线，通勤半小时内。,倡导轻户外，周末常带家人自驾野营或山系徒步，注重生活情调与手作咖啡。,夫妻双方积蓄 + 双方父母出资赞助首付 + 公积金商业组合贷款,重性价比，不盲信大牌，但要求物业管理有序、绿化修剪及时、人防技防规范。,常年本地稳定居住，工作日职住通勤动线规则单一。
上_2003_01428,上海,2003,本地改善,51,男,1.5,17.3,0.45,28.8,3,1,否,B,agent,0.63,0.49,0.5,0.46,0.55,0.82,0.67,0.64,0.62,自住-改善,一室一厅,76,2558,区财政局科员,三口之家(学龄段),上海中环品质两居，车位及空间极其拥挤,小区无地下车库且人车不分流，小孩在楼下玩耍或者推婴儿车极为不安全。,讲究超高得房率（超85%），主卧套房必须配备独立步入式衣帽间与干湿分离双卫。,主要在陆家嘴/徐家汇CBD上班，首选地铁2/9号线沿线，通勤半小时内。,倡导轻户外，周末常带家人自驾野营或山系徒步，注重生活情调与手作咖啡。,名下持有一套旧两居，置换回款 65% + 个人理财储蓄补充 + 公积金商业贷,重性价比，不盲信大牌，但要求物业管理有序、绿化修剪及时、人防技防规范。,常年本地稳定居住，工作日职住通勤动线规则单一。
上_2003_01429,上海,2003,本地改善,53,女,1.3,9.4,0.45,15.6,4,2,否,B,agent,0.72,0.68,0.55,0.54,0.56,0.8,0.48,0.67,0.61,自住-改善,两室两厅,72,1117,邮政局局长秘书,二胎黄金期中大户型,上海中环品质两居，车位及空间极其拥挤,小区无地下车库且人车不分流，小孩在楼下玩耍或者推婴儿车极为不安全。,讲究超高得房率（超85%），主卧套房必须配备独立步入式衣帽间与干湿分离双卫。,主要在陆家嘴/徐家汇CBD上班，首选地铁2/9号线沿线，通勤半小时内。,倡导轻户外，周末常带家人自驾野营或山系徒步，注重生活情调与手作咖啡。,名下持有一套旧两居，置换回款 65% + 个人理财储蓄补充 + 公积金商业贷,重性价比，不盲信大牌，但要求物业管理有序、绿化修剪及时、人防技防规范。,常年本地稳定居住，工作日职住通勤动线规则单一。
上_2003_01430,上海,2003,本地改善,55,男,1.1,9.0,0.45,14.9,5,3,否,B,agent,0.85,0.48,0.54,0.44,0.53,0.92,0.45,0.69,0.62,自住-改善,一室一厅,66,1699,邮政局局长秘书,二胎黄金期中大户型,上海中环品质两居，车位及空间极其拥挤,小区无地下车库且人车不分流，小孩在楼下玩耍或者推婴儿车极为不安全。,讲究超高得房率（超85%），主卧套房必须配备独立步入式衣帽间与干湿分离双卫。,主要在陆家嘴/徐家汇CBD上班，首选地铁2/9号线沿线，通勤半小时内。,倡导轻户外，周末常带家人自驾野营或山系徒步，注重生活情调与手作咖啡。,名下持有一套旧两居，置换回款 65% + 个人理财储蓄补充 + 公积金商业贷,重性价比，不盲信大牌，但要求物业管理有序、绿化修剪及时、人防技防规范。,常年本地稳定居住，工作日职住通勤动线规则单一。
上_2003_01431,上海,2003,教育型买房,39,女,0.8,6.6,0.4,12.3,3,1,是,B,social,1,0.45,0.45,0.29,0.63,0.61,0.7,0.94,0.62,学区房,两室两厅,70,925,邮政局局长秘书,三口之家(学龄段),上海中环品质两居，车位及空间极其拥挤,小区无地下车库且人车不分流，小孩在楼下玩耍或者推婴儿车极为不安全。,核心要求地块属于第一梯队名校学区，且周边500米内解决幼小衔接教育配套。,主要在陆家嘴/徐家汇CBD上班，首选地铁2/9号线沿线，通勤半小时内。,倡导轻户外，周末常带家人自驾野营或山系徒步，注重生活情调与手作咖啡。,名下持有一套旧两居，置换回款 65% + 个人理财储蓄补充 + 公积金商业贷,重性价比，不盲信大牌，但要求物业管理有序、绿化修剪及时、人防技防规范。,常年本地稳定居住，工作日职住通勤动线规则单一。
上_2003_01432,上海,2003,教育型买房,37,男,1.5,12.8,0.4,24.0,3,1,否,B,social,0.83,0.48,0.26,0.43,0.77,0.82,0.49,0.84,0.61,学区房,两室两厅,65,1915,区财政局科员,三口之家(幼龄段),上海中环品质两居，车位及空间极其拥挤,小区无地下车库且人车不分流，小孩在楼下玩耍或者推婴儿车极为不安全。,讲究超高得房率（超85%），主卧套房必须配备独立步入式衣帽间与干湿分离双卫。,主要在陆家嘴/徐家汇CBD上班，首选地铁2/9号线沿线，通勤半小时内。,倡导轻户外，周末常带家人自驾野营或山系徒步，注重生活情调与手作咖啡。,名下持有一套旧两居，置换回款 65% + 个人理财储蓄补充 + 公积金商业贷,重性价比，不盲信大牌，但要求物业管理有序、绿化修剪及时、人防技防规范。,常年本地稳定居住，工作日职住通勤动线规则单一。
上_2003_01433,上海,2003,金融精英,43,男,1.4,13.7,0.4,25.8,3,1,否,A,research,0.4,0.39,0.68,0.57,0.86,0.75,0.8,0.74,0.64,自住-改善,两室两厅,82,1849,商业银行支行信贷科长,三口之家(学龄段),市中心私密洋房住宅,无高端私密会所及管家式物业配套，圈层鱼龙混杂，高净值居住体验差。,讲究超高得房率（超85%），主卧套房必须配备独立步入式衣帽间与干湿分离双卫。,主要在陆家嘴/徐家汇CBD上班，首选地铁2/9号线沿线，通勤半小时内。,周末常去高端商圈消费，热衷打网球和马术，重度手冲咖啡及黑胶唱片发烧友。,名下已有企业股权套现或分红现金，一次性全款付清，基本不加杠杆,重性价比，不盲信大牌，但要求物业管理有序、绿化修剪及时、人防技防规范。,常年本地稳定居住，工作日职住通勤动线规则单一。
上_2003_01434,上海,2003,外籍海归,36,男,2.2,15.3,0.4,28.7,4,1,否,A,social,0.74,0.54,0.53,0.51,0.85,0.75,0.85,0.77,0.65,自住-改善,两室一厅,69,3014,外企驻沪办事处代表,三口之家(幼龄段),市中心私密洋房住宅,无高端私密会所及管家式物业配套，圈层鱼龙混杂，高净值居住体验差。,讲究超高得房率（超85%），主卧套房必须配备独立步入式衣帽间与干湿分离双卫。,主要在陆家嘴/徐家汇CBD上班，首选地铁2/9号线沿线，通勤半小时内。,周末常去高端商圈消费，热衷打网球和马术，重度手冲咖啡及黑胶唱片发烧友。,名下已有企业股权套现或分红现金，一次性全款付清，基本不加杠杆,重性价比，不盲信大牌，但要求物业管理有序、绿化修剪及时、人防技防规范。,常年本地稳定居住，工作日职住通勤动线规则单一。
上_2003_01435,上海,2003,本地改善,49,女,1.3,11.7,0.45,19.5,4,2,是,B,agent,0.66,0.56,0.59,0.6,0.63,0.78,0.68,0.59,0.58,自住-改善,两室两厅,97,1156,区财政局科员,二胎黄金期中大户型,上海中环品质两居，车位及空间极其拥挤,小区无地下车库且人车不分流，小孩在楼下玩耍或者推婴儿车极为不安全。,讲究超高得房率（超85%），主卧套房必须配备独立步入式衣帽间与干湿分离双卫。,主要在陆家嘴/徐家汇CBD上班，首选地铁2/9号线沿线，通勤半小时内。,倡导轻户外，周末常带家人自驾野营或山系徒步，注重生活情调与手作咖啡。,名下持有一套旧两居，置换回款 65% + 个人理财储蓄补充 + 公积金商业贷,重性价比，不盲信大牌，但要求物业管理有序、绿化修剪及时、人防技防规范。,常年本地稳定居住，工作日职住通勤动线规则单一。
上_2003_01436,上海,2003,外籍海归,36,女,1.8,14.5,0.4,27.2,2,2,否,A,social,0.72,0.48,0.72,0.45,0.81,0.79,0.59,0.94,0.69,自住-首套,两室两厅,50,3127,合资日化企业技术主管,二胎黄金期中大户型,西湖边高精平层,无高端私密会所及管家式物业配套，圈层鱼龙混杂，高净值居住体验差。,要求有超大面宽南向双阳台（观景家政分离），主卧大飘窗能270度直面自然景观。,主要在陆家嘴/徐家汇CBD上班，首选地铁2/9号线沿线，通勤半小时内。,周末常去高端商圈消费，热衷打网球和马术，重度手冲咖啡及黑胶唱片发烧友。,夫妻双方积蓄 + 双方父母出资赞助首付 + 公积金商业组合贷款,重性价比，不盲信大牌，但要求物业管理有序、绿化修剪及时、人防技防规范。,常年本地稳定居住，工作日职住通勤动线规则单一。
上_2003_01437,上海,2003,本地改善,51,女,0.7,6.5,0.45,10.9,3,2,是,B,agent,0.79,0.47,0.48,0.42,0.63,0.96,0.56,0.68,0.6,自住-改善,两室一厅,95,939,邮政局局长秘书,二胎黄金期中大户型,上海中环品质两居，车位及空间极其拥挤,小区无地下车库且人车不分流，小孩在楼下玩耍或者推婴儿车极为不安全。,讲究超高得房率（超85%），主卧套房必须配备独立步入式衣帽间与干湿分离双卫。,主要在陆家嘴/徐家汇CBD上班，首选地铁2/9号线沿线，通勤半小时内。,倡导轻户外，周末常带家人自驾野营或山系徒步，注重生活情调与手作咖啡。,名下持有一套旧两居，置换回款 65% + 个人理财储蓄补充 + 公积金商业贷,重性价比，不盲信大牌，但要求物业管理有序、绿化修剪及时、人防技防规范。,常年本地稳定居住，工作日职住通勤动线规则单一。
上_2003_01438,上海,2003,本地改善,52,女,0.5,4.7,0.45,7.8,4,3,否,B,agent,0.62,0.53,0.67,0.42,0.49,0.9,0.63,0.78,0.62,自住-改善,一室一厅,79,833,国企车间技术主任,二胎黄金期中大户型,上海中环品质两居，车位及空间极其拥挤,小区无地下车库且人车不分流，小孩在楼下玩耍或者推婴儿车极为不安全。,讲究超高得房率（超85%），主卧套房必须配备独立步入式衣帽间与干湿分离双卫。,主要在陆家嘴/徐家汇CBD上班，首选地铁2/9号线沿线，通勤半小时内。,倡导轻户外，周末常带家人自驾野营或山系徒步，注重生活情调与手作咖啡。,名下持有一套旧两居，置换回款 65% + 个人理财储蓄补充 + 公积金商业贷,重性价比，不盲信大牌，但要求物业管理有序、绿化修剪及时、人防技防规范。,常年本地稳定居住，工作日职住通勤动线规则单一。
上_2003_01439,上海,2003,教育型买房,41,男,1.3,11.4,0.4,21.4,3,1,否,B,social,1,0.43,0.36,0.29,0.59,0.9,0.44,0.94,0.61,学区房,两室两厅,54,2108,区财政局科员,三口之家(学龄段),上海中环品质两居，车位及空间极其拥挤,小区无地下车库且人车不分流，小孩在楼下玩耍或者推婴儿车极为不安全。,讲究超高得房率（超85%），主卧套房必须配备独立步入式衣帽间与干湿分离双卫。,主要在陆家嘴/徐家汇CBD上班，首选地铁2/9号线沿线，通勤半小时内。,倡导轻户外，周末常带家人自驾野营或山系徒步，注重生活情调与手作咖啡。,名下持有一套旧两居，置换回款 65% + 个人理财储蓄补充 + 公积金商业贷,重性价比，不盲信大牌，但要求物业管理有序、绿化修剪及时、人防技防规范。,常年本地稳定居住，工作日职住通勤动线规则单一。
上_2003_01440,上海,2003,教育型买房,38,女,1.6,15.9,0.4,29.9,3,1,是,B,social,0.82,0.48,0.36,0.33,0.6,0.77,0.51,0.94,0.54,学区房,一室一厅,78,1961,国企车间技术主任,三口之家(学龄段),上海中环品质两居，车位及空间极其拥挤,小区无地下车库且人车不分流，小孩在楼下玩耍或者推婴儿车极为不安全。,讲究超高得房率（超85%），主卧套房必须配备独立步入式衣帽间与干湿分离双卫。,主要在陆家嘴/徐家汇CBD上班，首选地铁2/9号线沿线，通勤半小时内。,倡导轻户外，周末常带家人自驾野营或山系徒步，注重生活情调与手作咖啡。,名下持有一套旧两居，置换回款 65% + 个人理财储蓄补充 + 公积金商业贷,重性价比，不盲信大牌，但要求物业管理有序、绿化修剪及时、人防技防规范。,常年本地稳定居住，工作日职住通勤动线规则单一。
上_2003_01441,上海,2003,教育型买房,37,男,1.3,7.5,0.4,14.1,4,1,是,B,social,0.62,0.52,0.39,0.33,0.67,0.71,0.62,0.89,0.51,学区房,一室一厅,83,966,邮政局局长秘书,三口之家(幼龄段),上海中环品质两居，车位及空间极其拥挤,小区无地下车库且人车不分流，小孩在楼下玩耍或者推婴儿车极为不安全。,讲究超高得房率（超85%），主卧套房必须配备独立步入式衣帽间与干湿分离双卫。,主要在陆家嘴/徐家汇CBD上班，首选地铁2/9号线沿线，通勤半小时内。,倡导轻户外，周末常带家人自驾野营或山系徒步，注重生活情调与手作咖啡。,名下持有一套旧两居，置换回款 65% + 个人理财储蓄补充 + 公积金商业贷,重性价比，不盲信大牌，但要求物业管理有序、绿化修剪及时、人防技防规范。,常年本地稳定居住，工作日职住通勤动线规则单一。
上_2003_01442,上海,2003,教育型买房,34,男,1.6,13.8,0.4,25.8,2,1,否,B,social,0.94,0.38,0.39,0.43,0.67,0.76,0.47,0.99,0.53,学区房,两室一厅,96,2205,邮政局局长秘书,三口之家(幼龄段),上海中环品质两居，车位及空间极其拥挤,小区无地下车库且人车不分流，小孩在楼下玩耍或者推婴儿车极为不安全。,讲究超高得房率（超85%），主卧套房必须配备独立步入式衣帽间与干湿分离双卫。,主要在陆家嘴/徐家汇CBD上班，首选地铁2/9号线沿线，通勤半小时内。,倡导轻户外，周末常带家人自驾野营或山系徒步，注重生活情调与手作咖啡。,名下持有一套旧两居，置换回款 65% + 个人理财储蓄补充 + 公积金商业贷,重性价比，不盲信大牌，但要求物业管理有序、绿化修剪及时、人防技防规范。,常年本地稳定居住，工作日职住通勤动线规则单一。
上_2003_01443,上海,2003,教育型买房,38,女,1.6,12.0,0.4,22.5,3,1,否,B,social,0.85,0.55,0.51,0.42,0.57,0.71,0.6,0.98,0.5,学区房,两室一厅,77,1623,邮政局局长秘书,三口之家(学龄段),上海中环品质两居，车位及空间极其拥挤,小区无地下车库且人车不分流，小孩在楼下玩耍或者推婴儿车极为不安全。,讲究超高得房率（超85%），主卧套房必须配备独立步入式衣帽间与干湿分离双卫。,主要在陆家嘴/徐家汇CBD上班，首选地铁2/9号线沿线，通勤半小时内。,倡导轻户外，周末常带家人自驾野营或山系徒步，注重生活情调与手作咖啡。,名下持有一套旧两居，置换回款 65% + 个人理财储蓄补充 + 公积金商业贷,重性价比，不盲信大牌，但要求物业管理有序、绿化修剪及时、人防技防规范。,常年本地稳定居住，工作日职住通勤动线规则单一。
上_2003_01444,上海,2003,金融精英,48,女,0.6,4.4,0.4,8.2,3,1,否,A,research,0.88,0.4,0.72,0.62,0.64,0.79,0.7,0.82,0.65,自住-首套,一室一厅,92,642,老牌证券公司营业部经理,三口之家(学龄段),西湖边高精平层,无高端私密会所及管家式物业配套，圈层鱼龙混杂，高净值居住体验差。,要求有超大面宽南向双阳台（观景家政分离），主卧大飘窗能270度直面自然景观。,主要在陆家嘴/徐家汇CBD上班，首选地铁2/9号线沿线，通勤半小时内。,周末常去高端商圈消费，热衷打网球和马术，重度手冲咖啡及黑胶唱片发烧友。,夫妻双方积蓄 + 双方父母出资赞助首付 + 公积金商业组合贷款,重性价比，不盲信大牌，但要求物业管理有序、绿化修剪及时、人防技防规范。,常年本地稳定居住，工作日职住通勤动线规则单一。
上_2003_01445,上海,2003,本地改善,53,女,0.9,9.8,0.45,16.3,4,1,是,B,agent,0.67,0.3,0.58,0.57,0.65,0.77,0.57,0.71,0.56,自住-改善,两室两厅,63,1413,市第二中学地理教师,三口之家(学龄段),上海中环品质两居，车位及空间极其拥挤,小区无地下车库且人车不分流，小孩在楼下玩耍或者推婴儿车极为不安全。,讲究超高得房率（超85%），主卧套房必须配备独立步入式衣帽间与干湿分离双卫。,主要在陆家嘴/徐家汇CBD上班，首选地铁2/9号线沿线，通勤半小时内。,倡导轻户外，周末常带家人自驾野营或山系徒步，注重生活情调与手作咖啡。,名下持有一套旧两居，置换回款 65% + 个人理财储蓄补充 + 公积金商业贷,重性价比，不盲信大牌，但要求物业管理有序、绿化修剪及时、人防技防规范。,常年本地稳定居住，工作日职住通勤动线规则单一。
上_2003_01446,上海,2003,金融精英,43,女,0.7,4.5,0.4,8.4,3,1,否,A,research,0.81,0.47,0.62,0.66,0.7,0.91,0.73,0.81,0.87,自住-改善,一室一厅,91,749,老牌证券公司营业部经理,三口之家(学龄段),市中心私密洋房住宅,无高端私密会所及管家式物业配套，圈层鱼龙混杂，高净值居住体验差。,讲究超高得房率（超85%），主卧套房必须配备独立步入式衣帽间与干湿分离双卫。,主要在陆家嘴/徐家汇CBD上班，首选地铁2/9号线沿线，通勤半小时内。,周末常去高端商圈消费，热衷打网球和马术，重度手冲咖啡及黑胶唱片发烧友。,名下已有企业股权套现或分红现金，一次性全款付清，基本不加杠杆,非仁恒、绿城、万科等金牌开发商不买，极度看重高端精装质量与顶级物业的增值口碑。,常年本地稳定居住，工作日职住通勤动线规则单一。
上_2003_01447,上海,2003,金融精英,46,男,1.8,15.5,0.4,29.0,2,1,否,A,research,0.83,0.39,0.56,0.6,0.74,0.69,0.65,0.92,0.99,自住-改善,两室两厅,72,2866,商业银行支行信贷科长,三口之家(学龄段),市中心私密洋房住宅,无高端私密会所及管家式物业配套，圈层鱼龙混杂，高净值居住体验差。,核心要求地块属于第一梯队名校学区，且周边500米内解决幼小衔接教育配套。,主要在陆家嘴/徐家汇CBD上班，首选地铁2/9号线沿线，通勤半小时内。,周末常去高端商圈消费，热衷打网球和马术，重度手冲咖啡及黑胶唱片发烧友。,名下已有企业股权套现或分红现金，一次性全款付清，基本不加杠杆,非仁恒、绿城、万科等金牌开发商不买，极度看重高端精装质量与顶级物业的增值口碑。,常年本地稳定居住，工作日职住通勤动线规则单一。
上_2003_01448,上海,2003,教育型买房,39,男,1.1,8.7,0.4,16.3,3,0,否,B,social,1,0.45,0.33,0.57,0.57,0.75,0.54,1,0.53,学区房,两室两厅,95,1098,区财政局科员,成熟期核心家庭,上海中环品质两居，车位及空间极其拥挤,老小区隔音差，邻里滋扰严重，且车位严重匮乏，每晚加班回来抢车位像打仗。,讲究超高得房率（超85%），主卧套房必须配备独立步入式衣帽间与干湿分离双卫。,主要在陆家嘴/徐家汇CBD上班，首选地铁2/9号线沿线，通勤半小时内。,倡导轻户外，周末常带家人自驾野营或山系徒步，注重生活情调与手作咖啡。,名下持有一套旧两居，置换回款 65% + 个人理财储蓄补充 + 公积金商业贷,重性价比，不盲信大牌，但要求物业管理有序、绿化修剪及时、人防技防规范。,常年本地稳定居住，工作日职住通勤动线规则单一。
上_2003_01449,上海,2003,本地改善,53,男,0.9,7.2,0.45,12.0,3,2,是,B,agent,0.64,0.61,0.53,0.5,0.44,0.9,0.61,0.6,0.64,自住-改善,两室两厅,86,888,市第二中学地理教师,二胎黄金期中大户型,上海中环品质两居，车位及空间极其拥挤,小区无地下车库且人车不分流，小孩在楼下玩耍或者推婴儿车极为不安全。,讲究超高得房率（超85%），主卧套房必须配备独立步入式衣帽间与干湿分离双卫。,主要在陆家嘴/徐家汇CBD上班，首选地铁2/9号线沿线，通勤半小时内。,倡导轻户外，周末常带家人自驾野营或山系徒步，注重生活情调与手作咖啡。,名下持有一套旧两居，置换回款 65% + 个人理财储蓄补充 + 公积金商业贷,重性价比，不盲信大牌，但要求物业管理有序、绿化修剪及时、人防技防规范。,常年本地稳定居住，工作日职住通勤动线规则单一。
上_2003_01450,上海,2003,教育型买房,37,女,1.4,9.7,0.4,18.2,3,1,否,B,social,0.97,0.39,0.45,0.37,0.62,0.87,0.61,1,0.62,学区房,两室两厅,73,1481,邮政局局长秘书,三口之家(幼龄段),上海中环品质两居，车位及空间极其拥挤,小区无地下车库且人车不分流，小孩在楼下玩耍或者推婴儿车极为不安全。,讲究超高得房率（超85%），主卧套房必须配备独立步入式衣帽间与干湿分离双卫。,主要在陆家嘴/徐家汇CBD上班，首选地铁2/9号线沿线，通勤半小时内。,倡导轻户外，周末常带家人自驾野营或山系徒步，注重生活情调与手作咖啡。,名下持有一套旧两居，置换回款 65% + 个人理财储蓄补充 + 公积金商业贷,重性价比，不盲信大牌，但要求物业管理有序、绿化修剪及时、人防技防规范。,常年本地稳定居住，工作日职住通勤动线规则单一。
上_2003_01451,上海,2003,金融精英,45,男,2.8,28.5,0.4,53.5,3,1,否,A,research,0.64,0.59,0.56,0.63,0.79,0.92,0.84,0.92,0.62,自住-改善,两室两厅,74,3740,申银万国证券分析员,三口之家(学龄段),陆家嘴核心区江景大平层,无高端私密会所及管家式物业配套，圈层鱼龙混杂，高净值居住体验差。,讲究超高得房率（超85%），主卧套房必须配备独立步入式衣帽间与干湿分离双卫。,主要在陆家嘴/徐家汇CBD上班，首选地铁2/9号线沿线，通勤半小时内。,周末常去高端商圈消费，热衷打网球和马术，重度手冲咖啡及黑胶唱片发烧友。,名下已有企业股权套现或分红现金，一次性全款付清，基本不加杠杆,重性价比，不盲信大牌，但要求物业管理有序、绿化修剪及时、人防技防规范。,常年本地稳定居住，工作日职住通勤动线规则单一。
上_2003_01452,上海,2003,本地改善,50,女,0.8,10.3,0.45,17.1,4,2,是,B,agent,0.68,0.49,0.49,0.59,0.32,0.86,0.69,0.64,0.77,自住-改善,两室两厅,86,1688,区财政局科员,二胎黄金期中大户型,上海中环品质两居，车位及空间极其拥挤,小区无地下车库且人车不分流，小孩在楼下玩耍或者推婴儿车极为不安全。,讲究超高得房率（超85%），主卧套房必须配备独立步入式衣帽间与干湿分离双卫。,主要在陆家嘴/徐家汇CBD上班，首选地铁2/9号线沿线，通勤半小时内。,倡导轻户外，周末常带家人自驾野营或山系徒步，注重生活情调与手作咖啡。,名下持有一套旧两居，置换回款 65% + 个人理财储蓄补充 + 公积金商业贷,非仁恒、绿城、万科等金牌开发商不买，极度看重高端精装质量与顶级物业的增值口碑。,常年本地稳定居住，工作日职住通勤动线规则单一。
上_2003_01453,上海,2003,金融精英,38,男,0.8,5.1,0.4,9.5,2,1,否,A,research,0.69,0.41,0.68,0.5,0.85,0.66,0.72,0.8,0.68,自住-改善,两室一厅,85,692,商业银行支行信贷科长,三口之家(学龄段),西湖边高精平层,无高端私密会所及管家式物业配套，圈层鱼龙混杂，高净值居住体验差。,核心要求地块属于第一梯队名校学区，且周边500米内解决幼小衔接教育配套。,主要在陆家嘴/徐家汇CBD上班，首选地铁2/9号线沿线，通勤半小时内。,周末常去高端商圈消费，热衷打网球和马术，重度手冲咖啡及黑胶唱片发烧友。,名下已有企业股权套现或分红现金，一次性全款付清，基本不加杠杆,重性价比，不盲信大牌，但要求物业管理有序、绿化修剪及时、人防技防规范。,常年本地稳定居住，工作日职住通勤动线规则单一。
上_2003_01454,上海,2003,本地改善,39,男,0.7,7.4,0.45,12.3,4,2,是,B,agent,0.72,0.3,0.58,0.46,0.49,0.88,0.51,0.8,0.57,自住-改善,两室两厅,89,865,邮政局局长秘书,二胎黄金期中大户型,上海中环品质两居，车位及空间极其拥挤,小区无地下车库且人车不分流，小孩在楼下玩耍或者推婴儿车极为不安全。,讲究超高得房率（超85%），主卧套房必须配备独立步入式衣帽间与干湿分离双卫。,主要在陆家嘴/徐家汇CBD上班，首选地铁2/9号线沿线，通勤半小时内。,倡导轻户外，周末常带家人自驾野营或山系徒步，注重生活情调与手作咖啡。,名下持有一套旧两居，置换回款 65% + 个人理财储蓄补充 + 公积金商业贷,重性价比，不盲信大牌，但要求物业管理有序、绿化修剪及时、人防技防规范。,常年本地稳定居住，工作日职住通勤动线规则单一。
上_2003_01455,上海,2003,本地改善,55,男,0.9,9.4,0.45,15.6,5,1,是,B,agent,0.71,0.58,0.61,0.56,0.54,0.84,0.7,0.74,0.72,自住-改善,两室两厅,85,1528,国企车间技术主任,三口之家(学龄段),上海中环品质两居，车位及空间极其拥挤,小区无地下车库且人车不分流，小孩在楼下玩耍或者推婴儿车极为不安全。,讲究超高得房率（超85%），主卧套房必须配备独立步入式衣帽间与干湿分离双卫。,主要在陆家嘴/徐家汇CBD上班，首选地铁2/9号线沿线，通勤半小时内。,倡导轻户外，周末常带家人自驾野营或山系徒步，注重生活情调与手作咖啡。,名下持有一套旧两居，置换回款 65% + 个人理财储蓄补充 + 公积金商业贷,非仁恒、绿城、万科等金牌开发商不买，极度看重高端精装质量与顶级物业的增值口碑。,常年本地稳定居住，工作日职住通勤动线规则单一。
上_2003_01456,上海,2003,长三角家庭,46,男,1.2,10.2,0.45,17.0,4,3,否,B,agent,0.62,0.63,0.53,0.42,0.47,0.87,0.54,0.7,0.54,自住-改善,两室两厅,89,1247,区财政局科员,二胎黄金期中大户型,上海中环品质两居，车位及空间极其拥挤,小区无地下车库且人车不分流，小孩在楼下玩耍或者推婴儿车极为不安全。,讲究超高得房率（超85%），主卧套房必须配备独立步入式衣帽间与干湿分离双卫。,主要在陆家嘴/徐家汇CBD上班，首选地铁2/9号线沿线，通勤半小时内。,倡导轻户外，周末常带家人自驾野营或山系徒步，注重生活情调与手作咖啡。,名下持有一套旧两居，置换回款 65% + 个人理财储蓄补充 + 公积金商业贷,重性价比，不盲信大牌，但要求物业管理有序、绿化修剪及时、人防技防规范。,常年本地稳定居住，工作日职住通勤动线规则单一。
上_2003_01457,上海,2003,外籍海归,43,男,2.0,15.2,0.4,28.5,4,0,否,A,social,0.76,0.4,0.54,0.54,0.7,0.74,0.65,0.88,0.72,自住-首套,一室一厅,57,3973,外企驻沪办事处代表,成熟期核心家庭,陆家嘴核心区江景大平层,无高端私密会所及管家式物业配套，圈层鱼龙混杂，高净值居住体验差。,讲究超高得房率（超85%），主卧套房必须配备独立步入式衣帽间与干湿分离双卫。,主要在陆家嘴/徐家汇CBD上班，首选地铁2/9号线沿线，通勤半小时内。,周末常去高端商圈消费，热衷打网球和马术，重度手冲咖啡及黑胶唱片发烧友。,夫妻双方积蓄 + 双方父母出资赞助首付 + 公积金商业组合贷款,非仁恒、绿城、万科等金牌开发商不买，极度看重高端精装质量与顶级物业的增值口碑。,常年本地稳定居住，工作日职住通勤动线规则单一。
上_2003_01458,上海,2003,本地改善,45,男,1.5,15.7,0.45,26.1,4,2,是,B,agent,0.8,0.46,0.55,0.48,0.38,0.8,0.77,0.66,0.58,自住-改善,一室一厅,67,2066,区财政局科员,二胎黄金期中大户型,上海中环品质两居，车位及空间极其拥挤,小区无地下车库且人车不分流，小孩在楼下玩耍或者推婴儿车极为不安全。,讲究超高得房率（超85%），主卧套房必须配备独立步入式衣帽间与干湿分离双卫。,主要在陆家嘴/徐家汇CBD上班，首选地铁2/9号线沿线，通勤半小时内。,倡导轻户外，周末常带家人自驾野营或山系徒步，注重生活情调与手作咖啡。,名下持有一套旧两居，置换回款 65% + 个人理财储蓄补充 + 公积金商业贷,重性价比，不盲信大牌，但要求物业管理有序、绿化修剪及时、人防技防规范。,常年本地稳定居住，工作日职住通勤动线规则单一。
上_2003_01459,上海,2003,金融精英,46,男,3.7,27.6,0.4,51.8,3,1,否,A,research,0.91,0.44,0.62,0.71,0.74,0.65,0.62,0.76,0.77,自住-首套,一室一厅,71,3785,商业银行支行信贷科长,三口之家(学龄段),市中心私密洋房住宅,无高端私密会所及管家式物业配套，圈层鱼龙混杂，高净值居住体验差。,要求独立电梯入户，主次卧动线分明，配备独立保姆房和私密后院。,主要在陆家嘴/徐家汇CBD上班，首选地铁2/9号线沿线，通勤半小时内。,周末常去高端商圈消费，热衷打网球和马术，重度手冲咖啡及黑胶唱片发烧友。,夫妻双方积蓄 + 双方父母出资赞助首付 + 公积金商业组合贷款,非仁恒、绿城、万科等金牌开发商不买，极度看重高端精装质量与顶级物业的增值口碑。,常年本地稳定居住，工作日职住通勤动线规则单一。
上_2003_01460,上海,2003,金融精英,41,男,1.1,8.4,0.4,15.8,2,2,否,A,research,0.83,0.46,0.72,0.59,0.8,0.88,0.69,0.92,0.83,自住-改善,两室两厅,59,1617,申银万国证券分析员,二胎黄金期中大户型,西湖边高精平层,无高端私密会所及管家式物业配套，圈层鱼龙混杂，高净值居住体验差。,要求有超大面宽南向双阳台（观景家政分离），主卧大飘窗能270度直面自然景观。,主要在陆家嘴/徐家汇CBD上班，首选地铁2/9号线沿线，通勤半小时内。,周末常去高端商圈消费，热衷打网球和马术，重度手冲咖啡及黑胶唱片发烧友。,名下已有企业股权套现或分红现金，一次性全款付清，基本不加杠杆,非仁恒、绿城、万科等金牌开发商不买，极度看重高端精装质量与顶级物业的增值口碑。,常年本地稳定居住，工作日职住通勤动线规则单一。
上_2003_01461,上海,2003,本地改善,57,男,0.7,9.5,0.45,15.8,5,2,否,B,agent,0.51,0.61,0.51,0.55,0.52,0.93,0.66,0.75,0.56,自住-改善,两室两厅,84,1670,邮政局局长秘书,二胎黄金期中大户型,上海中环品质两居，车位及空间极其拥挤,小区无地下车库且人车不分流，小孩在楼下玩耍或者推婴儿车极为不安全。,讲究超高得房率（超85%），主卧套房必须配备独立步入式衣帽间与干湿分离双卫。,主要在陆家嘴/徐家汇CBD上班，首选地铁2/9号线沿线，通勤半小时内。,倡导轻户外，周末常带家人自驾野营或山系徒步，注重生活情调与手作咖啡。,名下持有一套旧两居，置换回款 65% + 个人理财储蓄补充 + 公积金商业贷,重性价比，不盲信大牌，但要求物业管理有序、绿化修剪及时、人防技防规范。,常年本地稳定居住，工作日职住通勤动线规则单一。
上_2003_01462,上海,2003,本地改善,40,男,0.5,3.6,0.45,5.9,4,2,否,B,agent,0.73,0.52,0.66,0.5,0.48,0.85,0.57,0.64,0.59,自住-改善,两室两厅,92,402,国企车间技术主任,二胎黄金期中大户型,上海中环品质两居，车位及空间极其拥挤,小区无地下车库且人车不分流，小孩在楼下玩耍或者推婴儿车极为不安全。,讲究超高得房率（超85%），主卧套房必须配备独立步入式衣帽间与干湿分离双卫。,主要在陆家嘴/徐家汇CBD上班，首选地铁2/9号线沿线，通勤半小时内。,倡导轻户外，周末常带家人自驾野营或山系徒步，注重生活情调与手作咖啡。,名下持有一套旧两居，置换回款 65% + 个人理财储蓄补充 + 公积金商业贷,重性价比，不盲信大牌，但要求物业管理有序、绿化修剪及时、人防技防规范。,常年本地稳定居住，工作日职住通勤动线规则单一。
上_2003_01463,上海,2003,本地改善,49,男,1.6,13.6,0.45,22.6,4,2,否,B,agent,0.46,0.61,0.56,0.52,0.52,0.86,0.62,0.69,0.5,自住-改善,两室两厅,56,2199,国企车间技术主任,二胎黄金期中大户型,上海中环品质两居，车位及空间极其拥挤,小区无地下车库且人车不分流，小孩在楼下玩耍或者推婴儿车极为不安全。,讲究超高得房率（超85%），主卧套房必须配备独立步入式衣帽间与干湿分离双卫。,主要在陆家嘴/徐家汇CBD上班，首选地铁2/9号线沿线，通勤半小时内。,倡导轻户外，周末常带家人自驾野营或山系徒步，注重生活情调与手作咖啡。,名下持有一套旧两居，置换回款 65% + 个人理财储蓄补充 + 公积金商业贷,重性价比，不盲信大牌，但要求物业管理有序、绿化修剪及时、人防技防规范。,常年本地稳定居住，工作日职住通勤动线规则单一。
上_2003_01464,上海,2003,长三角家庭,53,男,1.0,8.9,0.45,14.8,4,1,是,B,agent,0.76,0.53,0.68,0.33,0.62,0.94,0.38,0.71,0.75,自住-改善,一室一厅,90,1139,区财政局科员,三口之家(学龄段),上海中环品质两居，车位及空间极其拥挤,小区无地下车库且人车不分流，小孩在楼下玩耍或者推婴儿车极为不安全。,讲究超高得房率（超85%），主卧套房必须配备独立步入式衣帽间与干湿分离双卫。,主要在陆家嘴/徐家汇CBD上班，首选地铁2/9号线沿线，通勤半小时内。,倡导轻户外，周末常带家人自驾野营或山系徒步，注重生活情调与手作咖啡。,名下持有一套旧两居，置换回款 65% + 个人理财储蓄补充 + 公积金商业贷,非仁恒、绿城、万科等金牌开发商不买，极度看重高端精装质量与顶级物业的增值口碑。,常年本地稳定居住，工作日职住通勤动线规则单一。
上_2003_01465,上海,2003,本地改善,40,女,1.2,14.5,0.45,24.2,3,2,否,B,agent,0.91,0.52,0.6,0.39,0.52,0.8,0.59,0.63,0.49,自住-改善,两室一厅,58,2147,邮政局局长秘书,二胎黄金期中大户型,上海中环品质两居，车位及空间极其拥挤,小区无地下车库且人车不分流，小孩在楼下玩耍或者推婴儿车极为不安全。,讲究超高得房率（超85%），主卧套房必须配备独立步入式衣帽间与干湿分离双卫。,主要在陆家嘴/徐家汇CBD上班，首选地铁2/9号线沿线，通勤半小时内。,倡导轻户外，周末常带家人自驾野营或山系徒步，注重生活情调与手作咖啡。,名下持有一套旧两居，置换回款 65% + 个人理财储蓄补充 + 公积金商业贷,重性价比，不盲信大牌，但要求物业管理有序、绿化修剪及时、人防技防规范。,常年本地稳定居住，工作日职住通勤动线规则单一。
上_2003_01466,上海,2003,教育型买房,46,女,0.8,6.6,0.4,12.3,3,1,否,B,social,0.6,0.56,0.36,0.35,0.57,0.57,0.53,1,0.55,学区房,一室一厅,76,1444,国企车间技术主任,三口之家(学龄段),上海中环品质两居，车位及空间极其拥挤,小区无地下车库且人车不分流，小孩在楼下玩耍或者推婴儿车极为不安全。,核心要求地块属于第一梯队名校学区，且周边500米内解决幼小衔接教育配套。,主要在陆家嘴/徐家汇CBD上班，首选地铁2/9号线沿线，通勤半小时内。,倡导轻户外，周末常带家人自驾野营或山系徒步，注重生活情调与手作咖啡。,名下持有一套旧两居，置换回款 65% + 个人理财储蓄补充 + 公积金商业贷,重性价比，不盲信大牌，但要求物业管理有序、绿化修剪及时、人防技防规范。,常年本地稳定居住，工作日职住通勤动线规则单一。
上_2003_01467,上海,2003,外籍海归,43,女,3.2,18.3,0.4,34.3,3,1,是,A,social,0.86,0.45,0.57,0.64,0.73,0.89,0.61,0.9,0.64,自住-首套,两室两厅,94,2122,合资日化企业技术主管,三口之家(学龄段),陆家嘴核心区江景大平层,当前房屋属于旧多层无电梯房，父母年纪渐高每天爬楼梯极为吃力。,讲究超高得房率（超85%），主卧套房必须配备独立步入式衣帽间与干湿分离双卫。,主要在陆家嘴/徐家汇CBD上班，首选地铁2/9号线沿线，通勤半小时内。,周末常去高端商圈消费，热衷打网球和马术，重度手冲咖啡及黑胶唱片发烧友。,夫妻双方积蓄 + 双方父母出资赞助首付 + 公积金商业组合贷款,重性价比，不盲信大牌，但要求物业管理有序、绿化修剪及时、人防技防规范。,常年本地稳定居住，工作日职住通勤动线规则单一。
上_2003_01468,上海,2003,本地改善,48,女,0.7,8.5,0.45,14.1,4,1,是,B,agent,0.76,0.46,0.57,0.46,0.53,0.94,0.61,0.72,0.53,自住-改善,两室两厅,53,2271,邮政局局长秘书,三口之家(学龄段),上海中环品质两居，车位及空间极其拥挤,小区无地下车库且人车不分流，小孩在楼下玩耍或者推婴儿车极为不安全。,讲究超高得房率（超85%），主卧套房必须配备独立步入式衣帽间与干湿分离双卫。,主要在陆家嘴/徐家汇CBD上班，首选地铁2/9号线沿线，通勤半小时内。,倡导轻户外，周末常带家人自驾野营或山系徒步，注重生活情调与手作咖啡。,名下持有一套旧两居，置换回款 65% + 个人理财储蓄补充 + 公积金商业贷,重性价比，不盲信大牌，但要求物业管理有序、绿化修剪及时、人防技防规范。,常年本地稳定居住，工作日职住通勤动线规则单一。
上_2003_01469,上海,2003,长三角家庭,41,男,0.5,3.0,0.45,5.1,3,3,是,B,agent,0.75,0.47,0.52,0.53,0.42,0.82,0.27,0.79,0.56,自住-首套,一室一厅,85,532,国企车间技术主任,二胎黄金期中大户型,上海中环品质两居，车位及空间极其拥挤,小区无地下车库且人车不分流，小孩在楼下玩耍或者推婴儿车极为不安全。,讲究超高得房率（超85%），主卧套房必须配备独立步入式衣帽间与干湿分离双卫。,主要在陆家嘴/徐家汇CBD上班，首选地铁2/9号线沿线，通勤半小时内。,倡导轻户外，周末常带家人自驾野营或山系徒步，注重生活情调与手作咖啡。,夫妻双方积蓄 + 双方父母出资赞助首付 + 公积金商业组合贷款,重性价比，不盲信大牌，但要求物业管理有序、绿化修剪及时、人防技防规范。,常年本地稳定居住，工作日职住通勤动线规则单一。
上_2003_01470,上海,2003,本地改善,55,女,0.7,8.5,0.45,14.2,4,2,是,B,agent,1,0.45,0.59,0.38,0.74,0.9,0.64,0.48,0.72,自住-改善,两室两厅,97,1179,区财政局科员,二胎黄金期中大户型,上海中环品质两居，车位及空间极其拥挤,小区无地下车库且人车不分流，小孩在楼下玩耍或者推婴儿车极为不安全。,讲究超高得房率（超85%），主卧套房必须配备独立步入式衣帽间与干湿分离双卫。,主要在陆家嘴/徐家汇CBD上班，首选地铁2/9号线沿线，通勤半小时内。,倡导轻户外，周末常带家人自驾野营或山系徒步，注重生活情调与手作咖啡。,名下持有一套旧两居，置换回款 65% + 个人理财储蓄补充 + 公积金商业贷,非仁恒、绿城、万科等金牌开发商不买，极度看重高端精装质量与顶级物业的增值口碑。,常年本地稳定居住，工作日职住通勤动线规则单一。
上_2003_01471,上海,2003,教育型买房,45,男,1.3,8.0,0.4,15.0,3,1,是,B,social,0.78,0.46,0.36,0.41,0.59,0.69,0.58,1,0.69,学区房,两室两厅,56,1503,邮政局局长秘书,三口之家(学龄段),上海中环品质两居，车位及空间极其拥挤,小区无地下车库且人车不分流，小孩在楼下玩耍或者推婴儿车极为不安全。,核心要求地块属于第一梯队名校学区，且周边500米内解决幼小衔接教育配套。,主要在陆家嘴/徐家汇CBD上班，首选地铁2/9号线沿线，通勤半小时内。,倡导轻户外，周末常带家人自驾野营或山系徒步，注重生活情调与手作咖啡。,名下持有一套旧两居，置换回款 65% + 个人理财储蓄补充 + 公积金商业贷,重性价比，不盲信大牌，但要求物业管理有序、绿化修剪及时、人防技防规范。,常年本地稳定居住，工作日职住通勤动线规则单一。
上_2003_01472,上海,2003,本地改善,56,女,1.3,9.0,0.45,15.0,4,2,否,B,agent,0.95,0.48,0.59,0.52,0.56,0.85,0.73,0.62,0.62,自住-改善,两室一厅,85,1224,国企车间技术主任,二胎黄金期中大户型,上海中环品质两居，车位及空间极其拥挤,小区无地下车库且人车不分流，小孩在楼下玩耍或者推婴儿车极为不安全。,讲究超高得房率（超85%），主卧套房必须配备独立步入式衣帽间与干湿分离双卫。,主要在陆家嘴/徐家汇CBD上班，首选地铁2/9号线沿线，通勤半小时内。,倡导轻户外，周末常带家人自驾野营或山系徒步，注重生活情调与手作咖啡。,名下持有一套旧两居，置换回款 65% + 个人理财储蓄补充 + 公积金商业贷,重性价比，不盲信大牌，但要求物业管理有序、绿化修剪及时、人防技防规范。,常年本地稳定居住，工作日职住通勤动线规则单一。
上_2003_01473,上海,2003,本地改善,55,男,0.8,6.2,0.45,10.4,6,2,否,B,agent,0.85,0.6,0.58,0.44,0.66,0.9,0.57,0.61,0.64,自住-改善,两室两厅,95,811,国企车间技术主任,二胎黄金期中大户型,上海中环品质两居，车位及空间极其拥挤,小区无地下车库且人车不分流，小孩在楼下玩耍或者推婴儿车极为不安全。,讲究超高得房率（超85%），主卧套房必须配备独立步入式衣帽间与干湿分离双卫。,主要在陆家嘴/徐家汇CBD上班，首选地铁2/9号线沿线，通勤半小时内。,倡导轻户外，周末常带家人自驾野营或山系徒步，注重生活情调与手作咖啡。,名下持有一套旧两居，置换回款 65% + 个人理财储蓄补充 + 公积金商业贷,重性价比，不盲信大牌，但要求物业管理有序、绿化修剪及时、人防技防规范。,常年本地稳定居住，工作日职住通勤动线规则单一。
上_2003_01474,上海,2003,教育型买房,45,男,1.1,9.7,0.4,18.1,2,1,是,B,social,0.86,0.46,0.32,0.35,0.66,0.67,0.52,0.93,0.61,学区房,一室一厅,71,2276,国企车间技术主任,三口之家(学龄段),上海中环品质两居，车位及空间极其拥挤,小区无地下车库且人车不分流，小孩在楼下玩耍或者推婴儿车极为不安全。,核心要求地块属于第一梯队名校学区，且周边500米内解决幼小衔接教育配套。,主要在陆家嘴/徐家汇CBD上班，首选地铁2/9号线沿线，通勤半小时内。,倡导轻户外，周末常带家人自驾野营或山系徒步，注重生活情调与手作咖啡。,名下持有一套旧两居，置换回款 65% + 个人理财储蓄补充 + 公积金商业贷,重性价比，不盲信大牌，但要求物业管理有序、绿化修剪及时、人防技防规范。,常年本地稳定居住，工作日职住通勤动线规则单一。
上_2003_01475,上海,2003,教育型买房,46,男,1.4,11.3,0.4,21.1,2,1,是,B,social,0.81,0.48,0.56,0.45,0.46,0.81,0.44,0.98,0.52,学区房,一室一厅,100,1528,市第二中学地理教师,三口之家(学龄段),上海中环品质两居，车位及空间极其拥挤,小区无地下车库且人车不分流，小孩在楼下玩耍或者推婴儿车极为不安全。,讲究超高得房率（超85%），主卧套房必须配备独立步入式衣帽间与干湿分离双卫。,主要在陆家嘴/徐家汇CBD上班，首选地铁2/9号线沿线，通勤半小时内。,倡导轻户外，周末常带家人自驾野营或山系徒步，注重生活情调与手作咖啡。,名下持有一套旧两居，置换回款 65% + 个人理财储蓄补充 + 公积金商业贷,重性价比，不盲信大牌，但要求物业管理有序、绿化修剪及时、人防技防规范。,常年本地稳定居住，工作日职住通勤动线规则单一。
上_2003_01476,上海,2003,本地改善,55,女,1.0,8.7,0.45,14.5,4,2,否,B,agent,0.61,0.52,0.51,0.41,0.66,0.76,0.47,0.66,0.6,自住-改善,一室一厅,92,1138,区财政局科员,二胎黄金期中大户型,上海中环品质两居，车位及空间极其拥挤,小区无地下车库且人车不分流，小孩在楼下玩耍或者推婴儿车极为不安全。,讲究超高得房率（超85%），主卧套房必须配备独立步入式衣帽间与干湿分离双卫。,主要在陆家嘴/徐家汇CBD上班，首选地铁2/9号线沿线，通勤半小时内。,倡导轻户外，周末常带家人自驾野营或山系徒步，注重生活情调与手作咖啡。,名下持有一套旧两居，置换回款 65% + 个人理财储蓄补充 + 公积金商业贷,重性价比，不盲信大牌，但要求物业管理有序、绿化修剪及时、人防技防规范。,常年本地稳定居住，工作日职住通勤动线规则单一。
上_2003_01477,上海,2003,本地改善,49,男,1.8,15.7,0.45,26.1,3,2,否,B,agent,0.84,0.51,0.49,0.48,0.58,0.88,0.65,0.59,0.73,自住-改善,两室一厅,81,2469,区财政局科员,二胎黄金期中大户型,上海中环品质两居，车位及空间极其拥挤,小区无地下车库且人车不分流，小孩在楼下玩耍或者推婴儿车极为不安全。,讲究超高得房率（超85%），主卧套房必须配备独立步入式衣帽间与干湿分离双卫。,主要在陆家嘴/徐家汇CBD上班，首选地铁2/9号线沿线，通勤半小时内。,倡导轻户外，周末常带家人自驾野营或山系徒步，注重生活情调与手作咖啡。,名下持有一套旧两居，置换回款 65% + 个人理财储蓄补充 + 公积金商业贷,非仁恒、绿城、万科等金牌开发商不买，极度看重高端精装质量与顶级物业的增值口碑。,常年本地稳定居住，工作日职住通勤动线规则单一。
上_2003_01478,上海,2003,本地改善,52,女,1.1,13.4,0.45,22.4,4,2,否,B,agent,0.69,0.39,0.56,0.6,0.59,0.86,0.59,0.7,0.45,自住-改善,两室一厅,71,1877,邮政局局长秘书,二胎黄金期中大户型,上海中环品质两居，车位及空间极其拥挤,小区无地下车库且人车不分流，小孩在楼下玩耍或者推婴儿车极为不安全。,讲究超高得房率（超85%），主卧套房必须配备独立步入式衣帽间与干湿分离双卫。,主要在陆家嘴/徐家汇CBD上班，首选地铁2/9号线沿线，通勤半小时内。,倡导轻户外，周末常带家人自驾野营或山系徒步，注重生活情调与手作咖啡。,名下持有一套旧两居，置换回款 65% + 个人理财储蓄补充 + 公积金商业贷,重性价比，不盲信大牌，但要求物业管理有序、绿化修剪及时、人防技防规范。,常年本地稳定居住，工作日职住通勤动线规则单一。
上_2003_01479,上海,2003,教育型买房,45,男,1.5,9.3,0.4,17.4,3,1,是,B,social,0.95,0.57,0.27,0.43,0.63,0.75,0.5,1,0.69,学区房,两室一厅,53,2125,市第二中学地理教师,三口之家(学龄段),上海中环品质两居，车位及空间极其拥挤,小区无地下车库且人车不分流，小孩在楼下玩耍或者推婴儿车极为不安全。,讲究超高得房率（超85%），主卧套房必须配备独立步入式衣帽间与干湿分离双卫。,主要在陆家嘴/徐家汇CBD上班，首选地铁2/9号线沿线，通勤半小时内。,倡导轻户外，周末常带家人自驾野营或山系徒步，注重生活情调与手作咖啡。,名下持有一套旧两居，置换回款 65% + 个人理财储蓄补充 + 公积金商业贷,重性价比，不盲信大牌，但要求物业管理有序、绿化修剪及时、人防技防规范。,常年本地稳定居住，工作日职住通勤动线规则单一。
上_2003_01480,上海,2003,金融精英,33,男,4.3,26.4,0.4,49.6,4,1,否,A,research,0.46,0.47,0.7,0.61,0.78,0.63,0.61,0.75,0.7,自住-首套,两室一厅,73,5173,老牌证券公司营业部经理,三口之家(幼龄段),西湖边高精平层,无高端私密会所及管家式物业配套，圈层鱼龙混杂，高净值居住体验差。,要求有超大面宽南向双阳台（观景家政分离），主卧大飘窗能270度直面自然景观。,主要在陆家嘴/徐家汇CBD上班，首选地铁2/9号线沿线，通勤半小时内。,周末常去高端商圈消费，热衷打网球和马术，重度手冲咖啡及黑胶唱片发烧友。,夫妻双方积蓄 + 双方父母出资赞助首付 + 公积金商业组合贷款,非仁恒、绿城、万科等金牌开发商不买，极度看重高端精装质量与顶级物业的增值口碑。,常年本地稳定居住，工作日职住通勤动线规则单一。
上_2003_01481,上海,2003,教育型买房,32,女,0.7,5.8,0.4,10.8,3,2,是,B,social,0.79,0.51,0.4,0.48,0.58,0.72,0.51,1,0.42,学区房,一室一厅,77,1036,区财政局科员,二胎黄金期中大户型,上海中环品质两居，车位及空间极其拥挤,小区无地下车库且人车不分流，小孩在楼下玩耍或者推婴儿车极为不安全。,讲究超高得房率（超85%），主卧套房必须配备独立步入式衣帽间与干湿分离双卫。,主要在陆家嘴/徐家汇CBD上班，首选地铁2/9号线沿线，通勤半小时内。,倡导轻户外，周末常带家人自驾野营或山系徒步，注重生活情调与手作咖啡。,名下持有一套旧两居，置换回款 65% + 个人理财储蓄补充 + 公积金商业贷,重性价比，不盲信大牌，但要求物业管理有序、绿化修剪及时、人防技防规范。,常年本地稳定居住，工作日职住通勤动线规则单一。
上_2003_01482,上海,2003,教育型买房,34,男,0.5,5.2,0.4,9.8,1,1,否,B,social,0.8,0.49,0.38,0.42,0.69,0.89,0.48,1,0.59,学区房,两室一厅,86,859,市第二中学地理教师,三口之家(幼龄段),上海中环品质两居，车位及空间极其拥挤,小区无地下车库且人车不分流，小孩在楼下玩耍或者推婴儿车极为不安全。,讲究超高得房率（超85%），主卧套房必须配备独立步入式衣帽间与干湿分离双卫。,主要在陆家嘴/徐家汇CBD上班，首选地铁2/9号线沿线，通勤半小时内。,倡导轻户外，周末常带家人自驾野营或山系徒步，注重生活情调与手作咖啡。,名下持有一套旧两居，置换回款 65% + 个人理财储蓄补充 + 公积金商业贷,重性价比，不盲信大牌，但要求物业管理有序、绿化修剪及时、人防技防规范。,常年本地稳定居住，工作日职住通勤动线规则单一。
上_2003_01483,上海,2003,金融精英,37,男,1.0,5.7,0.4,10.7,3,0,否,A,research,0.63,0.48,0.65,0.57,0.79,0.69,0.56,0.82,0.78,自住-改善,一室一厅,54,1645,商业银行支行信贷科长,成熟期核心家庭,西湖边高精平层,无高端私密会所及管家式物业配套，圈层鱼龙混杂，高净值居住体验差。,核心要求地块属于第一梯队名校学区，且周边500米内解决幼小衔接教育配套。,主要在陆家嘴/徐家汇CBD上班，首选地铁2/9号线沿线，通勤半小时内。,周末常去高端商圈消费，热衷打网球和马术，重度手冲咖啡及黑胶唱片发烧友。,名下已有企业股权套现或分红现金，一次性全款付清，基本不加杠杆,非仁恒、绿城、万科等金牌开发商不买，极度看重高端精装质量与顶级物业的增值口碑。,常年本地稳定居住，工作日职住通勤动线规则单一。
上_2003_01484,上海,2003,金融精英,46,女,3.6,23.2,0.4,43.5,3,1,否,A,research,0.77,0.36,0.71,0.58,0.71,0.79,0.73,0.8,0.78,自住-改善,一室一厅,63,5765,老牌证券公司营业部经理,三口之家(学龄段),陆家嘴核心区江景大平层,无高端私密会所及管家式物业配套，圈层鱼龙混杂，高净值居住体验差。,要求有超大面宽南向双阳台（观景家政分离），主卧大飘窗能270度直面自然景观。,主要在陆家嘴/徐家汇CBD上班，首选地铁2/9号线沿线，通勤半小时内。,周末常去高端商圈消费，热衷打网球和马术，重度手冲咖啡及黑胶唱片发烧友。,名下已有企业股权套现或分红现金，一次性全款付清，基本不加杠杆,非仁恒、绿城、万科等金牌开发商不买，极度看重高端精装质量与顶级物业的增值口碑。,常年本地稳定居住，工作日职住通勤动线规则单一。
上_2003_01485,上海,2003,教育型买房,32,男,1.2,11.8,0.4,22.2,3,0,否,B,social,0.93,0.55,0.47,0.33,0.53,0.73,0.45,0.92,0.53,学区房,一室一厅,78,2018,市第二中学地理教师,新婚过渡两居,上海中环品质两居，车位及空间极其拥挤,老小区隔音差，邻里滋扰严重，且车位严重匮乏，每晚加班回来抢车位像打仗。,讲究超高得房率（超85%），主卧套房必须配备独立步入式衣帽间与干湿分离双卫。,主要在陆家嘴/徐家汇CBD上班，首选地铁2/9号线沿线，通勤半小时内。,倡导轻户外，周末常带家人自驾野营或山系徒步，注重生活情调与手作咖啡。,名下持有一套旧两居，置换回款 65% + 个人理财储蓄补充 + 公积金商业贷,重性价比，不盲信大牌，但要求物业管理有序、绿化修剪及时、人防技防规范。,常年本地稳定居住，工作日职住通勤动线规则单一。
上_2003_01486,上海,2003,金融精英,47,男,2.6,20.4,0.4,38.3,3,0,否,A,research,0.65,0.54,0.52,0.72,0.89,0.64,0.7,0.77,0.82,自住-首套,一室一厅,90,3625,申银万国证券分析员,成熟期核心家庭,市中心私密洋房住宅,无高端私密会所及管家式物业配套，圈层鱼龙混杂，高净值居住体验差。,要求独立电梯入户，主次卧动线分明，配备独立保姆房和私密后院。,主要在陆家嘴/徐家汇CBD上班，首选地铁2/9号线沿线，通勤半小时内。,周末常去高端商圈消费，热衷打网球和马术，重度手冲咖啡及黑胶唱片发烧友。,夫妻双方积蓄 + 双方父母出资赞助首付 + 公积金商业组合贷款,非仁恒、绿城、万科等金牌开发商不买，极度看重高端精装质量与顶级物业的增值口碑。,常年本地稳定居住，工作日职住通勤动线规则单一。
上_2003_01487,上海,2003,本地改善,44,男,1.0,7.3,0.45,12.1,5,2,是,B,agent,0.7,0.42,0.57,0.56,0.53,0.84,0.52,0.69,0.54,自住-改善,两室一厅,62,1399,市第二中学地理教师,二胎黄金期中大户型,上海中环品质两居，车位及空间极其拥挤,小区无地下车库且人车不分流，小孩在楼下玩耍或者推婴儿车极为不安全。,讲究超高得房率（超85%），主卧套房必须配备独立步入式衣帽间与干湿分离双卫。,主要在陆家嘴/徐家汇CBD上班，首选地铁2/9号线沿线，通勤半小时内。,倡导轻户外，周末常带家人自驾野营或山系徒步，注重生活情调与手作咖啡。,名下持有一套旧两居，置换回款 65% + 个人理财储蓄补充 + 公积金商业贷,重性价比，不盲信大牌，但要求物业管理有序、绿化修剪及时、人防技防规范。,常年本地稳定居住，工作日职住通勤动线规则单一。
上_2003_01488,上海,2003,金融精英,50,女,3.0,24.5,0.4,45.9,3,0,否,A,research,0.67,0.31,0.7,0.58,0.72,0.77,0.76,0.73,0.88,自住-首套,一室一厅,73,3455,老牌证券公司营业部经理,成熟期核心家庭,陆家嘴核心区江景大平层,无高端私密会所及管家式物业配套，圈层鱼龙混杂，高净值居住体验差。,讲究超高得房率（超85%），主卧套房必须配备独立步入式衣帽间与干湿分离双卫。,主要在陆家嘴/徐家汇CBD上班，首选地铁2/9号线沿线，通勤半小时内。,周末常去高端商圈消费，热衷打网球和马术，重度手冲咖啡及黑胶唱片发烧友。,夫妻双方积蓄 + 双方父母出资赞助首付 + 公积金商业组合贷款,非仁恒、绿城、万科等金牌开发商不买，极度看重高端精装质量与顶级物业的增值口碑。,常年本地稳定居住，工作日职住通勤动线规则单一。
上_2003_01489,上海,2003,本地改善,38,男,1.4,10.8,0.45,17.9,4,2,是,B,agent,0.69,0.53,0.81,0.46,0.62,0.89,0.44,0.77,0.64,自住-改善,两室两厅,72,1907,区财政局科员,二胎黄金期中大户型,上海中环品质两居，车位及空间极其拥挤,小区无地下车库且人车不分流，小孩在楼下玩耍或者推婴儿车极为不安全。,要求有超大面宽南向双阳台（观景家政分离），主卧大飘窗能270度直面自然景观。,主要在陆家嘴/徐家汇CBD上班，首选地铁2/9号线沿线，通勤半小时内。,倡导轻户外，周末常带家人自驾野营或山系徒步，注重生活情调与手作咖啡。,名下持有一套旧两居，置换回款 65% + 个人理财储蓄补充 + 公积金商业贷,重性价比，不盲信大牌，但要求物业管理有序、绿化修剪及时、人防技防规范。,常年本地稳定居住，工作日职住通勤动线规则单一。
上_2003_01490,上海,2003,本地改善,46,男,1.1,10.1,0.45,16.8,3,2,否,B,agent,0.76,0.55,0.42,0.51,0.64,0.82,0.73,0.82,0.48,自住-改善,两室一厅,64,1770,邮政局局长秘书,二胎黄金期中大户型,上海中环品质两居，车位及空间极其拥挤,小区无地下车库且人车不分流，小孩在楼下玩耍或者推婴儿车极为不安全。,讲究超高得房率（超85%），主卧套房必须配备独立步入式衣帽间与干湿分离双卫。,主要在陆家嘴/徐家汇CBD上班，首选地铁2/9号线沿线，通勤半小时内。,倡导轻户外，周末常带家人自驾野营或山系徒步，注重生活情调与手作咖啡。,名下持有一套旧两居，置换回款 65% + 个人理财储蓄补充 + 公积金商业贷,重性价比，不盲信大牌，但要求物业管理有序、绿化修剪及时、人防技防规范。,常年本地稳定居住，工作日职住通勤动线规则单一。
上_2003_01491,上海,2003,教育型买房,45,女,2.0,15.7,0.4,29.5,4,1,否,B,social,0.85,0.56,0.42,0.28,0.54,0.73,0.49,1,0.51,学区房,两室一厅,61,3724,邮政局局长秘书,三口之家(学龄段),上海中环品质两居，车位及空间极其拥挤,小区无地下车库且人车不分流，小孩在楼下玩耍或者推婴儿车极为不安全。,讲究超高得房率（超85%），主卧套房必须配备独立步入式衣帽间与干湿分离双卫。,主要在陆家嘴/徐家汇CBD上班，首选地铁2/9号线沿线，通勤半小时内。,倡导轻户外，周末常带家人自驾野营或山系徒步，注重生活情调与手作咖啡。,名下持有一套旧两居，置换回款 65% + 个人理财储蓄补充 + 公积金商业贷,重性价比，不盲信大牌，但要求物业管理有序、绿化修剪及时、人防技防规范。,常年本地稳定居住，工作日职住通勤动线规则单一。
上_2003_01492,上海,2003,本地改善,53,男,1.1,10.2,0.45,17.0,4,2,否,B,agent,0.77,0.45,0.59,0.59,0.45,0.94,0.74,0.75,0.64,自住-改善,两室一厅,56,1524,市第二中学地理教师,二胎黄金期中大户型,上海中环品质两居，车位及空间极其拥挤,小区无地下车库且人车不分流，小孩在楼下玩耍或者推婴儿车极为不安全。,讲究超高得房率（超85%），主卧套房必须配备独立步入式衣帽间与干湿分离双卫。,主要在陆家嘴/徐家汇CBD上班，首选地铁2/9号线沿线，通勤半小时内。,倡导轻户外，周末常带家人自驾野营或山系徒步，注重生活情调与手作咖啡。,名下持有一套旧两居，置换回款 65% + 个人理财储蓄补充 + 公积金商业贷,重性价比，不盲信大牌，但要求物业管理有序、绿化修剪及时、人防技防规范。,常年本地稳定居住，工作日职住通勤动线规则单一。
上_2003_01493,上海,2003,本地改善,52,女,1.1,10.8,0.45,18.0,4,2,否,B,agent,0.83,0.66,0.58,0.68,0.63,0.76,0.71,0.73,0.78,自住-改善,两室两厅,96,1126,国企车间技术主任,二胎黄金期中大户型,上海中环品质两居，车位及空间极其拥挤,小区无地下车库且人车不分流，小孩在楼下玩耍或者推婴儿车极为不安全。,讲究超高得房率（超85%），主卧套房必须配备独立步入式衣帽间与干湿分离双卫。,主要在陆家嘴/徐家汇CBD上班，首选地铁2/9号线沿线，通勤半小时内。,倡导轻户外，周末常带家人自驾野营或山系徒步，注重生活情调与手作咖啡。,名下持有一套旧两居，置换回款 65% + 个人理财储蓄补充 + 公积金商业贷,非仁恒、绿城、万科等金牌开发商不买，极度看重高端精装质量与顶级物业的增值口碑。,常年本地稳定居住，工作日职住通勤动线规则单一。
上_2003_01494,上海,2003,本地改善,46,女,0.6,7.7,0.45,12.9,4,2,否,B,agent,0.6,0.5,0.57,0.38,0.51,0.91,0.64,0.63,0.62,自住-改善,两室一厅,97,861,邮政局局长秘书,二胎黄金期中大户型,上海中环品质两居，车位及空间极其拥挤,小区无地下车库且人车不分流，小孩在楼下玩耍或者推婴儿车极为不安全。,讲究超高得房率（超85%），主卧套房必须配备独立步入式衣帽间与干湿分离双卫。,主要在陆家嘴/徐家汇CBD上班，首选地铁2/9号线沿线，通勤半小时内。,倡导轻户外，周末常带家人自驾野营或山系徒步，注重生活情调与手作咖啡。,名下持有一套旧两居，置换回款 65% + 个人理财储蓄补充 + 公积金商业贷,重性价比，不盲信大牌，但要求物业管理有序、绿化修剪及时、人防技防规范。,常年本地稳定居住，工作日职住通勤动线规则单一。
上_2003_01495,上海,2003,金融精英,33,女,2.2,14.3,0.4,26.9,3,1,否,A,research,0.81,0.38,0.73,0.56,0.78,0.7,0.7,0.79,0.79,自住-首套,两室一厅,82,2220,商业银行支行信贷科长,三口之家(幼龄段),市中心私密洋房住宅,无高端私密会所及管家式物业配套，圈层鱼龙混杂，高净值居住体验差。,要求有超大面宽南向双阳台（观景家政分离），主卧大飘窗能270度直面自然景观。,主要在陆家嘴/徐家汇CBD上班，首选地铁2/9号线沿线，通勤半小时内。,周末常去高端商圈消费，热衷打网球和马术，重度手冲咖啡及黑胶唱片发烧友。,夫妻双方积蓄 + 双方父母出资赞助首付 + 公积金商业组合贷款,非仁恒、绿城、万科等金牌开发商不买，极度看重高端精装质量与顶级物业的增值口碑。,常年本地稳定居住，工作日职住通勤动线规则单一。
上_2003_01496,上海,2003,本地改善,45,女,1.6,12.5,0.45,20.8,4,2,否,B,agent,0.71,0.53,0.58,0.43,0.61,0.83,0.59,0.91,0.83,自住-改善,两室一厅,56,3079,国企车间技术主任,二胎黄金期中大户型,上海中环品质两居，车位及空间极其拥挤,小区无地下车库且人车不分流，小孩在楼下玩耍或者推婴儿车极为不安全。,讲究超高得房率（超85%），主卧套房必须配备独立步入式衣帽间与干湿分离双卫。,主要在陆家嘴/徐家汇CBD上班，首选地铁2/9号线沿线，通勤半小时内。,倡导轻户外，周末常带家人自驾野营或山系徒步，注重生活情调与手作咖啡。,名下持有一套旧两居，置换回款 65% + 个人理财储蓄补充 + 公积金商业贷,非仁恒、绿城、万科等金牌开发商不买，极度看重高端精装质量与顶级物业的增值口碑。,常年本地稳定居住，工作日职住通勤动线规则单一。
上_2003_01497,上海,2003,本地改善,43,女,0.9,8.1,0.45,13.5,3,2,否,B,agent,0.63,0.51,0.51,0.41,0.68,0.8,0.57,0.83,0.63,自住-改善,一室一厅,83,1382,邮政局局长秘书,二胎黄金期中大户型,上海中环品质两居，车位及空间极其拥挤,小区无地下车库且人车不分流，小孩在楼下玩耍或者推婴儿车极为不安全。,讲究超高得房率（超85%），主卧套房必须配备独立步入式衣帽间与干湿分离双卫。,主要在陆家嘴/徐家汇CBD上班，首选地铁2/9号线沿线，通勤半小时内。,倡导轻户外，周末常带家人自驾野营或山系徒步，注重生活情调与手作咖啡。,名下持有一套旧两居，置换回款 65% + 个人理财储蓄补充 + 公积金商业贷,重性价比，不盲信大牌，但要求物业管理有序、绿化修剪及时、人防技防规范。,常年本地稳定居住，工作日职住通勤动线规则单一。
上_2003_01498,上海,2003,本地改善,56,女,1.0,10.3,0.45,17.2,4,1,是,B,agent,0.77,0.4,0.49,0.6,0.52,0.94,0.66,0.69,0.61,自住-改善,一室一厅,58,2052,区财政局科员,三口之家(学龄段),上海中环品质两居，车位及空间极其拥挤,小区无地下车库且人车不分流，小孩在楼下玩耍或者推婴儿车极为不安全。,讲究超高得房率（超85%），主卧套房必须配备独立步入式衣帽间与干湿分离双卫。,主要在陆家嘴/徐家汇CBD上班，首选地铁2/9号线沿线，通勤半小时内。,倡导轻户外，周末常带家人自驾野营或山系徒步，注重生活情调与手作咖啡。,名下持有一套旧两居，置换回款 65% + 个人理财储蓄补充 + 公积金商业贷,重性价比，不盲信大牌，但要求物业管理有序、绿化修剪及时、人防技防规范。,常年本地稳定居住，工作日职住通勤动线规则单一。
上_2003_01499,上海,2003,本地改善,38,女,1.0,12.5,0.45,20.8,3,2,否,B,agent,0.79,0.56,0.46,0.49,0.65,0.77,0.55,0.72,0.64,自住-改善,两室两厅,83,1286,邮政局局长秘书,二胎黄金期中大户型,上海中环品质两居，车位及空间极其拥挤,小区无地下车库且人车不分流，小孩在楼下玩耍或者推婴儿车极为不安全。,讲究超高得房率（超85%），主卧套房必须配备独立步入式衣帽间与干湿分离双卫。,主要在陆家嘴/徐家汇CBD上班，首选地铁2/9号线沿线，通勤半小时内。,倡导轻户外，周末常带家人自驾野营或山系徒步，注重生活情调与手作咖啡。,名下持有一套旧两居，置换回款 65% + 个人理财储蓄补充 + 公积金商业贷,重性价比，不盲信大牌，但要求物业管理有序、绿化修剪及时、人防技防规范。,常年本地稳定居住，工作日职住通勤动线规则单一。
上_2003_01500,上海,2003,金融精英,39,女,1.6,16.3,0.4,30.5,3,1,是,A,research,0.61,0.4,0.72,0.52,0.83,0.66,0.62,0.75,0.77,自住-改善,两室两厅,56,3493,申银万国证券分析员,三口之家(学龄段),陆家嘴核心区江景大平层,当前房屋属于旧多层无电梯房，父母年纪渐高每天爬楼梯极为吃力。,要求有超大面宽南向双阳台（观景家政分离），主卧大飘窗能270度直面自然景观。,主要在陆家嘴/徐家汇CBD上班，首选地铁2/9号线沿线，通勤半小时内。,周末常去高端商圈消费，热衷打网球和马术，重度手冲咖啡及黑胶唱片发烧友。,名下已有企业股权套现或分红现金，一次性全款付清，基本不加杠杆,非仁恒、绿城、万科等金牌开发商不买，极度看重高端精装质量与顶级物业的增值口碑。,常年本地稳定居住，工作日职住通勤动线规则单一。
