样本ID,城市,年份,客群类型,年龄,性别,年收入_万,总资产_万,首付比例,预算上限_万,家庭人数,孩子数,老人同住,社会阶层,信息渠道,决策紧迫度,风险厌恶,偏好_景观,偏好_私密,偏好_圈层,偏好_户型,偏好_通勤,偏好_学校,偏好_品牌,购房目的,意向户型,意向面积_㎡,支付意愿_元每㎡,细分职业,家庭生命周期阶段,目前居住状况,目前居住痛点,核心看房细节需求,职住通勤偏好,生活方式偏好,首付资金来源,品牌与服务诉求,旅居度假频次
三_2011_00001,三亚,2011,度假投资,42,男,1.2,14.6,0.4,27.4,3,1,否,A,research,1,0.33,0.88,0.67,0.54,0.47,0.13,0,0.62,度假,两室两厅,70,2794,上市公司退休联合创始人,三口之家(学龄段),西湖边高精平层,无高端私密会所及管家式物业配套，圈层鱼龙混杂，高净值居住体验差。,要求有超大面宽南向双阳台（观景家政分离），主卧大飘窗能270度直面自然景观。,无需日常通勤，但要求30分钟内快捷通达凤凰机场或高铁站。,周末常去高端商圈消费，热衷打网球和马术，重度手冲咖啡及黑胶唱片发烧友。,名下已有企业股权套现或分红现金，一次性全款付清，基本不加杠杆,重性价比，不盲信大牌，但要求物业管理有序、绿化修剪及时、人防技防规范。,每年11月至次年3月到此度过漫长冬季，极其依赖周边的康养及适老化服务。
三_2011_00002,三亚,2011,外地候鸟-华北,58,男,3.2,23.1,0.5,34.7,2,0,否,B,network,0.5,0.47,0.97,0.78,0.49,0.37,0.14,0,0.53,养老,两室一厅,59,5244,高校资深硕导,高知退休康养,三亚中环品质两居，车位及空间极其拥挤,老小区隔音差，邻里滋扰严重，且车位严重匮乏，每晚加班回来抢车位像打仗。,要求独立电梯入户，主次卧动线分明，配备独立保姆房和私密后院。,无需日常通勤，但要求30分钟内快捷通达凤凰机场或高铁站。,崇尚度假慢生活，清晨沙滩漫步，午后椰林下午茶，酷爱轻户外及后海冲浪。,名下持有一套旧两居，置换回款 65% + 个人理财储蓄补充 + 公积金商业贷,重性价比，不盲信大牌，但要求物业管理有序、绿化修剪及时、人防技防规范。,每年11月至次年3月到此度过漫长冬季，极其依赖周边的康养及适老化服务。
三_2011_00003,三亚,2011,度假投资,39,男,6.6,69.1,0.4,129.6,3,1,否,A,research,0.67,0.25,0.81,0.54,0.59,0.55,0,0,0.78,投资-长持,一室一厅,100,6564,知名中医药连锁投资人,三口之家(学龄段),西湖边高精平层,无高端私密会所及管家式物业配套，圈层鱼龙混杂，高净值居住体验差。,要求有超大面宽南向双阳台（观景家政分离），主卧大飘窗能270度直面自然景观。,无需日常通勤，但要求30分钟内快捷通达凤凰机场或高铁站。,周末常去高端商圈消费，热衷打网球和马术，重度手冲咖啡及黑胶唱片发烧友。,名下已有企业股权套现或分红现金，一次性全款付清，基本不加杠杆,非仁恒、绿城、万科等金牌开发商不买，极度看重高端精装质量与顶级物业的增值口碑。,每年11月至次年3月到此度过漫长冬季，极其依赖周边的康养及适老化服务。
三_2011_00004,三亚,2011,本地改善,36,男,2.7,18.1,0.35,38.9,3,2,否,B,agent,1,0.55,0.6,0.29,0.48,0.79,0.59,0.66,0.54,自住-改善,两室一厅,85,3320,区级税务局一级主办,二胎黄金期中大户型,三亚中环品质两居，车位及空间极其拥挤,小区无地下车库且人车不分流，小孩在楼下玩耍或者推婴儿车极为不安全。,讲究超高得房率（超85%），主卧套房必须配备独立步入式衣帽间与干湿分离双卫。,无需日常通勤，但要求30分钟内快捷通达凤凰机场或高铁站。,崇尚度假慢生活，清晨沙滩漫步，午后椰林下午茶，酷爱轻户外及后海冲浪。,名下持有一套旧两居，置换回款 65% + 个人理财储蓄补充 + 公积金商业贷,重性价比，不盲信大牌，但要求物业管理有序、绿化修剪及时、人防技防规范。,本地常住人口，四季生活规律，度假频次为常规年假出行。
三_2011_00005,三亚,2011,本地改善,32,女,2.2,9.6,0.35,20.7,4,1,否,B,agent,0.58,0.55,0.69,0.31,0.41,0.72,0.45,0.59,0.55,自住-改善,两室一厅,83,1434,重点中学高级教师,三口之家(幼龄段),三亚中环品质两居，车位及空间极其拥挤,小区无地下车库且人车不分流，小孩在楼下玩耍或者推婴儿车极为不安全。,讲究超高得房率（超85%），主卧套房必须配备独立步入式衣帽间与干湿分离双卫。,无需日常通勤，但要求30分钟内快捷通达凤凰机场或高铁站。,崇尚度假慢生活，清晨沙滩漫步，午后椰林下午茶，酷爱轻户外及后海冲浪。,名下持有一套旧两居，置换回款 65% + 个人理财储蓄补充 + 公积金商业贷,重性价比，不盲信大牌，但要求物业管理有序、绿化修剪及时、人防技防规范。,本地常住人口，四季生活规律，度假频次为常规年假出行。
三_2011_00006,三亚,2011,本地改善,32,男,1.6,9.8,0.35,20.9,3,1,是,B,agent,0.97,0.61,0.7,0.43,0.47,0.82,0.53,0.65,0.4,自住-改善,两室两厅,85,1783,智能新能源车企研发骨干,三口之家(幼龄段),三亚中环品质两居，车位及空间极其拥挤,小区无地下车库且人车不分流，小孩在楼下玩耍或者推婴儿车极为不安全。,讲究超高得房率（超85%），主卧套房必须配备独立步入式衣帽间与干湿分离双卫。,无需日常通勤，但要求30分钟内快捷通达凤凰机场或高铁站。,崇尚度假慢生活，清晨沙滩漫步，午后椰林下午茶，酷爱轻户外及后海冲浪。,名下持有一套旧两居，置换回款 65% + 个人理财储蓄补充 + 公积金商业贷,重性价比，不盲信大牌，但要求物业管理有序、绿化修剪及时、人防技防规范。,本地常住人口，四季生活规律，度假频次为常规年假出行。
三_2011_00007,三亚,2011,本地改善,44,女,2.3,14.1,0.35,30.2,4,1,是,B,agent,0.95,0.58,0.58,0.55,0.39,0.82,0.6,0.82,0.48,自住-改善,两室两厅,65,3305,区级税务局一级主办,三口之家(学龄段),三亚中环品质两居，车位及空间极其拥挤,小区无地下车库且人车不分流，小孩在楼下玩耍或者推婴儿车极为不安全。,讲究超高得房率（超85%），主卧套房必须配备独立步入式衣帽间与干湿分离双卫。,无需日常通勤，但要求30分钟内快捷通达凤凰机场或高铁站。,崇尚度假慢生活，清晨沙滩漫步，午后椰林下午茶，酷爱轻户外及后海冲浪。,名下持有一套旧两居，置换回款 65% + 个人理财储蓄补充 + 公积金商业贷,重性价比，不盲信大牌，但要求物业管理有序、绿化修剪及时、人防技防规范。,本地常住人口，四季生活规律，度假频次为常规年假出行。
三_2011_00008,三亚,2011,外地候鸟-华北,73,男,3.8,37.4,0.5,56.1,1,0,否,B,network,0.49,0.59,0.97,0.72,0.69,0.57,0.09,0.01,0.64,度假,两室两厅,50,8111,北京三甲医院退休教授,高知退休康养,三亚中环品质两居，车位及空间极其拥挤,老小区隔音差，邻里滋扰严重，且车位严重匮乏，每晚加班回来抢车位像打仗。,要求独立电梯入户，主次卧动线分明，配备独立保姆房和私密后院。,无需日常通勤，但要求30分钟内快捷通达凤凰机场或高铁站。,崇尚度假慢生活，清晨沙滩漫步，午后椰林下午茶，酷爱轻户外及后海冲浪。,名下持有一套旧两居，置换回款 65% + 个人理财储蓄补充 + 公积金商业贷,重性价比，不盲信大牌，但要求物业管理有序、绿化修剪及时、人防技防规范。,每年11月至次年3月到此度过漫长冬季，极其依赖周边的康养及适老化服务。
三_2011_00009,三亚,2011,度假投资,49,女,4.5,57.3,0.4,107.4,3,1,否,A,research,0.97,0.33,0.88,0.65,0.56,0.37,0.02,0,0.96,投资-长持,一室一厅,76,7200,高端海景资产收藏家,三口之家(学龄段),西湖边高精平层,无高端私密会所及管家式物业配套，圈层鱼龙混杂，高净值居住体验差。,要求有超大面宽南向双阳台（观景家政分离），主卧大飘窗能270度直面自然景观。,无需日常通勤，但要求30分钟内快捷通达凤凰机场或高铁站。,周末常去高端商圈消费，热衷打网球和马术，重度手冲咖啡及黑胶唱片发烧友。,名下已有企业股权套现或分红现金，一次性全款付清，基本不加杠杆,非仁恒、绿城、万科等金牌开发商不买，极度看重高端精装质量与顶级物业的增值口碑。,每年11月至次年3月到此度过漫长冬季，极其依赖周边的康养及适老化服务。
三_2011_00010,三亚,2011,本地改善,41,女,1.5,7.8,0.35,16.7,4,2,是,B,agent,0.54,0.5,0.63,0.38,0.46,0.63,0.37,0.77,0.38,自住-改善,两室两厅,86,1422,智能新能源车企研发骨干,二胎黄金期中大户型,三亚中环品质两居，车位及空间极其拥挤,小区无地下车库且人车不分流，小孩在楼下玩耍或者推婴儿车极为不安全。,核心要求地块属于第一梯队名校学区，且周边500米内解决幼小衔接教育配套。,无需日常通勤，但要求30分钟内快捷通达凤凰机场或高铁站。,崇尚度假慢生活，清晨沙滩漫步，午后椰林下午茶，酷爱轻户外及后海冲浪。,名下持有一套旧两居，置换回款 65% + 个人理财储蓄补充 + 公积金商业贷,重性价比，不盲信大牌，但要求物业管理有序、绿化修剪及时、人防技防规范。,本地常住人口，四季生活规律，度假频次为常规年假出行。
三_2011_00011,三亚,2011,本地改善,44,男,3.8,17.5,0.35,37.4,4,0,否,B,agent,0.69,0.55,0.59,0.34,0.37,0.83,0.48,0.6,0.4,自住-改善,一室一厅,93,3099,智能新能源车企研发骨干,成熟期核心家庭,三亚中环品质两居，车位及空间极其拥挤,老小区隔音差，邻里滋扰严重，且车位严重匮乏，每晚加班回来抢车位像打仗。,讲究超高得房率（超85%），主卧套房必须配备独立步入式衣帽间与干湿分离双卫。,无需日常通勤，但要求30分钟内快捷通达凤凰机场或高铁站。,崇尚度假慢生活，清晨沙滩漫步，午后椰林下午茶，酷爱轻户外及后海冲浪。,名下持有一套旧两居，置换回款 65% + 个人理财储蓄补充 + 公积金商业贷,重性价比，不盲信大牌，但要求物业管理有序、绿化修剪及时、人防技防规范。,本地常住人口，四季生活规律，度假频次为常规年假出行。
三_2011_00012,三亚,2011,本地改善,32,女,1.9,10.4,0.35,22.2,3,1,是,B,agent,0.67,0.48,0.79,0.44,0.49,0.63,0.59,0.66,0.53,自住-改善,两室两厅,90,2038,重点中学高级教师,三口之家(幼龄段),三亚中环品质两居，车位及空间极其拥挤,小区无地下车库且人车不分流，小孩在楼下玩耍或者推婴儿车极为不安全。,要求有超大面宽南向双阳台（观景家政分离），主卧大飘窗能270度直面自然景观。,无需日常通勤，但要求30分钟内快捷通达凤凰机场或高铁站。,崇尚度假慢生活，清晨沙滩漫步，午后椰林下午茶，酷爱轻户外及后海冲浪。,名下持有一套旧两居，置换回款 65% + 个人理财储蓄补充 + 公积金商业贷,重性价比，不盲信大牌，但要求物业管理有序、绿化修剪及时、人防技防规范。,本地常住人口，四季生活规律，度假频次为常规年假出行。
三_2011_00013,三亚,2011,本地改善,41,男,2.9,17.7,0.35,38.0,4,1,否,B,agent,0.6,0.61,0.6,0.32,0.42,0.86,0.51,0.88,0.53,自住-改善,一室一厅,51,4640,重点中学高级教师,三口之家(学龄段),三亚中环品质两居，车位及空间极其拥挤,小区无地下车库且人车不分流，小孩在楼下玩耍或者推婴儿车极为不安全。,讲究超高得房率（超85%），主卧套房必须配备独立步入式衣帽间与干湿分离双卫。,无需日常通勤，但要求30分钟内快捷通达凤凰机场或高铁站。,崇尚度假慢生活，清晨沙滩漫步，午后椰林下午茶，酷爱轻户外及后海冲浪。,名下持有一套旧两居，置换回款 65% + 个人理财储蓄补充 + 公积金商业贷,重性价比，不盲信大牌，但要求物业管理有序、绿化修剪及时、人防技防规范。,本地常住人口，四季生活规律，度假频次为常规年假出行。
三_2011_00014,三亚,2011,外地候鸟-华北,65,女,2.3,19.7,0.5,29.6,2,0,否,B,network,0.58,0.64,0.98,0.77,0.36,0.58,0.05,0.09,0.59,养老,一室一厅,65,3448,北京三甲医院退休教授,高知退休康养,三亚中环品质两居，车位及空间极其拥挤,老小区隔音差，邻里滋扰严重，且车位严重匮乏，每晚加班回来抢车位像打仗。,要求独立电梯入户，主次卧动线分明，配备独立保姆房和私密后院。,无需日常通勤，但要求30分钟内快捷通达凤凰机场或高铁站。,崇尚度假慢生活，清晨沙滩漫步，午后椰林下午茶，酷爱轻户外及后海冲浪。,名下持有一套旧两居，置换回款 65% + 个人理财储蓄补充 + 公积金商业贷,重性价比，不盲信大牌，但要求物业管理有序、绿化修剪及时、人防技防规范。,每年11月至次年3月到此度过漫长冬季，极其依赖周边的康养及适老化服务。
三_2011_00015,三亚,2011,外地候鸟-东北,60,女,2.7,19.0,0.5,28.5,2,0,否,C,network,0.26,0.66,0.93,0.74,0.49,0.51,0,0,0.51,度假,两室两厅,86,2519,沈阳大型重工企业退休副厂长,高知退休康养,与父母同住，三代人拥挤在旧区小户型老房中,老小区隔音差，邻里滋扰严重，且车位严重匮乏，每晚加班回来抢车位像打仗。,要求独立电梯入户，主次卧动线分明，配备独立保姆房和私密后院。,无需日常通勤，但要求30分钟内快捷通达凤凰机场或高铁站。,崇尚度假慢生活，清晨沙滩漫步，午后椰林下午茶，酷爱轻户外及后海冲浪。,名下持有一套旧两居，置换回款 65% + 个人理财储蓄补充 + 公积金商业贷,重性价比，不盲信大牌，但要求物业管理有序、绿化修剪及时、人防技防规范。,每年11月至次年3月到此度过漫长冬季，极其依赖周边的康养及适老化服务。
三_2011_00016,三亚,2011,外地候鸟-西北,56,男,4.0,29.6,0.5,44.4,3,0,否,C,network,0.08,0.65,0.85,0.65,0.59,0.42,0,0.05,0.44,度假,两室一厅,59,4476,西安设计院退休总建筑师,高知退休康养,与父母同住，三代人拥挤在旧区小户型老房中,老小区隔音差，邻里滋扰严重，且车位严重匮乏，每晚加班回来抢车位像打仗。,要求有超大面宽南向双阳台（观景家政分离），主卧大飘窗能270度直面自然景观。,无需日常通勤，但要求30分钟内快捷通达凤凰机场或高铁站。,崇尚度假慢生活，清晨沙滩漫步，午后椰林下午茶，酷爱轻户外及后海冲浪。,名下持有一套旧两居，置换回款 65% + 个人理财储蓄补充 + 公积金商业贷,重性价比，不盲信大牌，但要求物业管理有序、绿化修剪及时、人防技防规范。,每年11月至次年3月到此度过漫长冬季，极其依赖周边的康养及适老化服务。
三_2011_00017,三亚,2011,外地候鸟-西北,55,女,6.1,53.3,0.5,79.9,2,0,否,C,network,0.7,0.67,0.89,0.51,0.5,0.63,0,0.07,0.54,度假,两室一厅,89,4758,西安设计院退休总建筑师,高知退休康养,与父母同住，三代人拥挤在旧区小户型老房中,老小区隔音差，邻里滋扰严重，且车位严重匮乏，每晚加班回来抢车位像打仗。,要求有超大面宽南向双阳台（观景家政分离），主卧大飘窗能270度直面自然景观。,无需日常通勤，但要求30分钟内快捷通达凤凰机场或高铁站。,崇尚度假慢生活，清晨沙滩漫步，午后椰林下午茶，酷爱轻户外及后海冲浪。,名下持有一套旧两居，置换回款 65% + 个人理财储蓄补充 + 公积金商业贷,重性价比，不盲信大牌，但要求物业管理有序、绿化修剪及时、人防技防规范。,每年11月至次年3月到此度过漫长冬季，极其依赖周边的康养及适老化服务。
三_2011_00018,三亚,2011,外地候鸟-华北,75,女,2.1,18.7,0.5,28.0,2,1,是,B,network,0.4,0.56,0.86,0.84,0.66,0.61,0,0,0.56,度假,两室两厅,79,2053,央企总部退休总工,三口之家(学龄段),三亚中环品质两居，车位及空间极其拥挤,小区无地下车库且人车不分流，小孩在楼下玩耍或者推婴儿车极为不安全。,要求独立电梯入户，主次卧动线分明，配备独立保姆房和私密后院。,无需日常通勤，但要求30分钟内快捷通达凤凰机场或高铁站。,崇尚度假慢生活，清晨沙滩漫步，午后椰林下午茶，酷爱轻户外及后海冲浪。,名下持有一套旧两居，置换回款 65% + 个人理财储蓄补充 + 公积金商业贷,重性价比，不盲信大牌，但要求物业管理有序、绿化修剪及时、人防技防规范。,每年11月至次年3月到此度过漫长冬季，极其依赖周边的康养及适老化服务。
三_2011_00019,三亚,2011,度假投资,39,男,3.4,29.0,0.4,54.4,4,1,否,A,research,0.81,0.24,0.85,0.54,0.29,0.43,0,0.03,0.66,投资-长持,两室两厅,84,4514,上市公司退休联合创始人,三口之家(学龄段),陆家嘴核心区江景大平层,无高端私密会所及管家式物业配套，圈层鱼龙混杂，高净值居住体验差。,要求有超大面宽南向双阳台（观景家政分离），主卧大飘窗能270度直面自然景观。,无需日常通勤，但要求30分钟内快捷通达凤凰机场或高铁站。,周末常去高端商圈消费，热衷打网球和马术，重度手冲咖啡及黑胶唱片发烧友。,名下已有企业股权套现或分红现金，一次性全款付清，基本不加杠杆,重性价比，不盲信大牌，但要求物业管理有序、绿化修剪及时、人防技防规范。,每年11月至次年3月到此度过漫长冬季，极其依赖周边的康养及适老化服务。
三_2011_00020,三亚,2011,本地改善,32,男,1.5,8.1,0.35,17.3,3,1,否,B,agent,0.58,0.47,0.61,0.56,0.48,0.66,0.65,0.55,0.5,自住-改善,两室一厅,85,1299,国企中层管理,三口之家(幼龄段),三亚中环品质两居，车位及空间极其拥挤,小区无地下车库且人车不分流，小孩在楼下玩耍或者推婴儿车极为不安全。,要求采光通透，全明户型，带多功能嵌入式收纳墙以最大化空间利用。,无需日常通勤，但要求30分钟内快捷通达凤凰机场或高铁站。,崇尚度假慢生活，清晨沙滩漫步，午后椰林下午茶，酷爱轻户外及后海冲浪。,名下持有一套旧两居，置换回款 65% + 个人理财储蓄补充 + 公积金商业贷,重性价比，不盲信大牌，但要求物业管理有序、绿化修剪及时、人防技防规范。,本地常住人口，四季生活规律，度假频次为常规年假出行。
三_2011_00021,三亚,2011,度假投资,41,男,9.7,80.4,0.4,150.8,3,0,否,A,research,0.8,0.4,0.85,0.62,0.48,0.56,0.03,0,0.71,投资-长持,两室两厅,92,13246,高端海景资产收藏家,成熟期核心家庭,西湖边高精平层,无高端私密会所及管家式物业配套，圈层鱼龙混杂，高净值居住体验差。,要求有超大面宽南向双阳台（观景家政分离），主卧大飘窗能270度直面自然景观。,无需日常通勤，但要求30分钟内快捷通达凤凰机场或高铁站。,周末常去高端商圈消费，热衷打网球和马术，重度手冲咖啡及黑胶唱片发烧友。,名下已有企业股权套现或分红现金，一次性全款付清，基本不加杠杆,非仁恒、绿城、万科等金牌开发商不买，极度看重高端精装质量与顶级物业的增值口碑。,每年11月至次年3月到此度过漫长冬季，极其依赖周边的康养及适老化服务。
三_2011_00022,三亚,2011,度假投资,44,女,13.8,175.3,0.4,328.7,2,1,是,A,research,0.72,0.53,0.78,0.54,0.61,0.45,0,0.13,0.83,度假,四室两厅,161,12527,上市公司退休联合创始人,三口之家(学龄段),西湖边高精平层,当前房屋属于旧多层无电梯房，父母年纪渐高每天爬楼梯极为吃力。,要求有超大面宽南向双阳台（观景家政分离），主卧大飘窗能270度直面自然景观。,无需日常通勤，但要求30分钟内快捷通达凤凰机场或高铁站。,周末常去高端商圈消费，热衷打网球和马术，重度手冲咖啡及黑胶唱片发烧友。,名下已有企业股权套现或分红现金，一次性全款付清，基本不加杠杆,非仁恒、绿城、万科等金牌开发商不买，极度看重高端精装质量与顶级物业的增值口碑。,每年11月至次年3月到此度过漫长冬季，极其依赖周边的康养及适老化服务。
三_2011_00023,三亚,2011,本地改善,34,女,4.2,27.4,0.35,58.6,3,1,是,B,agent,0.4,0.52,0.67,0.34,0.49,0.8,0.7,0.77,0.46,自住-改善,两室两厅,62,5439,国企中层管理,三口之家(幼龄段),三亚中环品质两居，车位及空间极其拥挤,小区无地下车库且人车不分流，小孩在楼下玩耍或者推婴儿车极为不安全。,讲究超高得房率（超85%），主卧套房必须配备独立步入式衣帽间与干湿分离双卫。,无需日常通勤，但要求30分钟内快捷通达凤凰机场或高铁站。,崇尚度假慢生活，清晨沙滩漫步，午后椰林下午茶，酷爱轻户外及后海冲浪。,名下持有一套旧两居，置换回款 65% + 个人理财储蓄补充 + 公积金商业贷,重性价比，不盲信大牌，但要求物业管理有序、绿化修剪及时、人防技防规范。,本地常住人口，四季生活规律，度假频次为常规年假出行。
三_2011_00024,三亚,2011,度假投资,36,女,5.9,75.0,0.4,140.6,3,0,否,A,research,0.77,0.35,0.77,0.66,0.57,0.58,0,0,0.83,投资-短期,两室一厅,72,11730,上市公司退休联合创始人,成熟期核心家庭,西湖边高精平层,无高端私密会所及管家式物业配套，圈层鱼龙混杂，高净值居住体验差。,要求有超大面宽南向双阳台（观景家政分离），主卧大飘窗能270度直面自然景观。,无需日常通勤，但要求30分钟内快捷通达凤凰机场或高铁站。,周末常去高端商圈消费，热衷打网球和马术，重度手冲咖啡及黑胶唱片发烧友。,名下已有企业股权套现或分红现金，一次性全款付清，基本不加杠杆,非仁恒、绿城、万科等金牌开发商不买，极度看重高端精装质量与顶级物业的增值口碑。,每年11月至次年3月到此度过漫长冬季，极其依赖周边的康养及适老化服务。
三_2011_00025,三亚,2011,外地候鸟-华北,64,女,2.7,24.2,0.5,36.3,1,0,否,B,network,0.52,0.57,1,0.66,0.45,0.47,0.04,0,0.56,养老,两室一厅,51,5402,央企总部退休总工,高知退休康养,三亚中环品质两居，车位及空间极其拥挤,老小区隔音差，邻里滋扰严重，且车位严重匮乏，每晚加班回来抢车位像打仗。,要求有超大面宽南向双阳台（观景家政分离），主卧大飘窗能270度直面自然景观。,无需日常通勤，但要求30分钟内快捷通达凤凰机场或高铁站。,崇尚度假慢生活，清晨沙滩漫步，午后椰林下午茶，酷爱轻户外及后海冲浪。,名下持有一套旧两居，置换回款 65% + 个人理财储蓄补充 + 公积金商业贷,重性价比，不盲信大牌，但要求物业管理有序、绿化修剪及时、人防技防规范。,每年11月至次年3月到此度过漫长冬季，极其依赖周边的康养及适老化服务。
三_2011_00026,三亚,2011,度假投资,39,男,6.5,60.0,0.4,112.6,3,1,否,A,research,0.62,0.24,0.75,0.57,0.49,0.42,0,0,0.69,投资-短期,一室一厅,67,14694,高端海景资产收藏家,三口之家(学龄段),陆家嘴核心区江景大平层,无高端私密会所及管家式物业配套，圈层鱼龙混杂，高净值居住体验差。,要求有超大面宽南向双阳台（观景家政分离），主卧大飘窗能270度直面自然景观。,无需日常通勤，但要求30分钟内快捷通达凤凰机场或高铁站。,周末常去高端商圈消费，热衷打网球和马术，重度手冲咖啡及黑胶唱片发烧友。,名下已有企业股权套现或分红现金，一次性全款付清，基本不加杠杆,重性价比，不盲信大牌，但要求物业管理有序、绿化修剪及时、人防技防规范。,每年11月至次年3月到此度过漫长冬季，极其依赖周边的康养及适老化服务。
三_2011_00027,三亚,2011,外地候鸟-华北,71,女,4.6,43.7,0.5,65.6,2,0,否,B,network,0.82,0.54,0.96,0.63,0.59,0.57,0.04,0,0.62,度假,一室一厅,67,6766,高校资深硕导,高知退休康养,三亚中环品质两居，车位及空间极其拥挤,老小区隔音差，邻里滋扰严重，且车位严重匮乏，每晚加班回来抢车位像打仗。,要求有超大面宽南向双阳台（观景家政分离），主卧大飘窗能270度直面自然景观。,无需日常通勤，但要求30分钟内快捷通达凤凰机场或高铁站。,崇尚度假慢生活，清晨沙滩漫步，午后椰林下午茶，酷爱轻户外及后海冲浪。,名下持有一套旧两居，置换回款 65% + 个人理财储蓄补充 + 公积金商业贷,重性价比，不盲信大牌，但要求物业管理有序、绿化修剪及时、人防技防规范。,每年11月至次年3月到此度过漫长冬季，极其依赖周边的康养及适老化服务。
三_2011_00028,三亚,2011,外地候鸟-华北,56,女,4.4,28.6,0.5,42.8,2,0,否,B,network,0.5,0.52,1,0.78,0.6,0.54,0,0.07,0.61,度假,两室一厅,65,3750,高校资深硕导,高知退休康养,三亚中环品质两居，车位及空间极其拥挤,老小区隔音差，邻里滋扰严重，且车位严重匮乏，每晚加班回来抢车位像打仗。,要求独立电梯入户，主次卧动线分明，配备独立保姆房和私密后院。,无需日常通勤，但要求30分钟内快捷通达凤凰机场或高铁站。,崇尚度假慢生活，清晨沙滩漫步，午后椰林下午茶，酷爱轻户外及后海冲浪。,名下持有一套旧两居，置换回款 65% + 个人理财储蓄补充 + 公积金商业贷,重性价比，不盲信大牌，但要求物业管理有序、绿化修剪及时、人防技防规范。,每年11月至次年3月到此度过漫长冬季，极其依赖周边的康养及适老化服务。
三_2011_00029,三亚,2011,本地改善,44,男,1.9,12.7,0.35,27.3,4,1,是,B,agent,0.96,0.38,0.72,0.34,0.34,0.69,0.45,0.75,0.44,自住-改善,两室一厅,99,1850,智能新能源车企研发骨干,三口之家(学龄段),三亚中环品质两居，车位及空间极其拥挤,小区无地下车库且人车不分流，小孩在楼下玩耍或者推婴儿车极为不安全。,要求有超大面宽南向双阳台（观景家政分离），主卧大飘窗能270度直面自然景观。,无需日常通勤，但要求30分钟内快捷通达凤凰机场或高铁站。,崇尚度假慢生活，清晨沙滩漫步，午后椰林下午茶，酷爱轻户外及后海冲浪。,名下持有一套旧两居，置换回款 65% + 个人理财储蓄补充 + 公积金商业贷,重性价比，不盲信大牌，但要求物业管理有序、绿化修剪及时、人防技防规范。,本地常住人口，四季生活规律，度假频次为常规年假出行。
三_2011_00030,三亚,2011,外地候鸟-西北,57,女,3.1,22.0,0.5,33.0,2,0,否,C,network,0.11,0.58,0.89,0.48,0.6,0.63,0,0.09,0.55,度假,一室一厅,93,2202,兰州煤炭物流运输企业主,高知退休康养,与父母同住，三代人拥挤在旧区小户型老房中,老小区隔音差，邻里滋扰严重，且车位严重匮乏，每晚加班回来抢车位像打仗。,要求有超大面宽南向双阳台（观景家政分离），主卧大飘窗能270度直面自然景观。,无需日常通勤，但要求30分钟内快捷通达凤凰机场或高铁站。,崇尚度假慢生活，清晨沙滩漫步，午后椰林下午茶，酷爱轻户外及后海冲浪。,名下持有一套旧两居，置换回款 65% + 个人理财储蓄补充 + 公积金商业贷,重性价比，不盲信大牌，但要求物业管理有序、绿化修剪及时、人防技防规范。,每年11月至次年3月到此度过漫长冬季，极其依赖周边的康养及适老化服务。
三_2011_00031,三亚,2011,度假投资,54,女,7.1,52.4,0.4,98.2,3,1,否,A,research,0.9,0.43,0.97,0.61,0.5,0.4,0.05,0.02,0.73,投资-短期,两室一厅,72,6834,上市公司退休联合创始人,三口之家(学龄段),西湖边高精平层,无高端私密会所及管家式物业配套，圈层鱼龙混杂，高净值居住体验差。,要求有超大面宽南向双阳台（观景家政分离），主卧大飘窗能270度直面自然景观。,无需日常通勤，但要求30分钟内快捷通达凤凰机场或高铁站。,周末常去高端商圈消费，热衷打网球和马术，重度手冲咖啡及黑胶唱片发烧友。,名下已有企业股权套现或分红现金，一次性全款付清，基本不加杠杆,非仁恒、绿城、万科等金牌开发商不买，极度看重高端精装质量与顶级物业的增值口碑。,每年11月至次年3月到此度过漫长冬季，极其依赖周边的康养及适老化服务。
三_2011_00032,三亚,2011,外地候鸟-东北,76,女,2.6,20.2,0.5,30.4,3,0,否,C,network,0.36,0.69,1,0.68,0.69,0.51,0.04,0,0.54,养老,两室一厅,80,2903,哈尔滨高校退休处长,高知退休康养,与父母同住，三代人拥挤在旧区小户型老房中,老小区隔音差，邻里滋扰严重，且车位严重匮乏，每晚加班回来抢车位像打仗。,要求有超大面宽南向双阳台（观景家政分离），主卧大飘窗能270度直面自然景观。,无需日常通勤，但要求30分钟内快捷通达凤凰机场或高铁站。,崇尚度假慢生活，清晨沙滩漫步，午后椰林下午茶，酷爱轻户外及后海冲浪。,名下持有一套旧两居，置换回款 65% + 个人理财储蓄补充 + 公积金商业贷,重性价比，不盲信大牌，但要求物业管理有序、绿化修剪及时、人防技防规范。,每年11月至次年3月到此度过漫长冬季，极其依赖周边的康养及适老化服务。
三_2011_00033,三亚,2011,本地改善,42,男,3.2,16.1,0.35,34.4,4,1,是,B,agent,0.54,0.53,0.64,0.38,0.56,0.74,0.33,0.85,0.41,自住-改善,两室一厅,78,2722,国企中层管理,三口之家(学龄段),三亚中环品质两居，车位及空间极其拥挤,小区无地下车库且人车不分流，小孩在楼下玩耍或者推婴儿车极为不安全。,讲究超高得房率（超85%），主卧套房必须配备独立步入式衣帽间与干湿分离双卫。,无需日常通勤，但要求30分钟内快捷通达凤凰机场或高铁站。,崇尚度假慢生活，清晨沙滩漫步，午后椰林下午茶，酷爱轻户外及后海冲浪。,名下持有一套旧两居，置换回款 65% + 个人理财储蓄补充 + 公积金商业贷,重性价比，不盲信大牌，但要求物业管理有序、绿化修剪及时、人防技防规范。,本地常住人口，四季生活规律，度假频次为常规年假出行。
三_2011_00034,三亚,2011,度假投资,54,男,9.0,103.3,0.4,193.7,3,1,否,A,research,0.88,0.34,0.9,0.56,0.58,0.38,0,0.03,0.77,投资-长持,三室两厅,147,11507,知名中医药连锁投资人,三口之家(学龄段),西湖边高精平层,无高端私密会所及管家式物业配套，圈层鱼龙混杂，高净值居住体验差。,要求有超大面宽南向双阳台（观景家政分离），主卧大飘窗能270度直面自然景观。,无需日常通勤，但要求30分钟内快捷通达凤凰机场或高铁站。,周末常去高端商圈消费，热衷打网球和马术，重度手冲咖啡及黑胶唱片发烧友。,名下已有企业股权套现或分红现金，一次性全款付清，基本不加杠杆,非仁恒、绿城、万科等金牌开发商不买，极度看重高端精装质量与顶级物业的增值口碑。,每年11月至次年3月到此度过漫长冬季，极其依赖周边的康养及适老化服务。
三_2011_00035,三亚,2011,度假投资,51,女,9.9,113.6,0.4,213.1,3,1,否,A,research,0.63,0.61,0.91,0.68,0.56,0.46,0.06,0.06,0.79,度假,三室一厅,119,9519,知名中医药连锁投资人,三口之家(学龄段),市中心私密洋房住宅,无高端私密会所及管家式物业配套，圈层鱼龙混杂，高净值居住体验差。,要求有超大面宽南向双阳台（观景家政分离），主卧大飘窗能270度直面自然景观。,无需日常通勤，但要求30分钟内快捷通达凤凰机场或高铁站。,周末常去高端商圈消费，热衷打网球和马术，重度手冲咖啡及黑胶唱片发烧友。,名下已有企业股权套现或分红现金，一次性全款付清，基本不加杠杆,非仁恒、绿城、万科等金牌开发商不买，极度看重高端精装质量与顶级物业的增值口碑。,每年11月至次年3月到此度过漫长冬季，极其依赖周边的康养及适老化服务。
三_2011_00036,三亚,2011,外地候鸟-华北,56,男,2.7,20.4,0.5,30.6,2,1,否,B,network,0.34,0.34,1,0.77,0.63,0.52,0,0.04,0.66,度假,一室一厅,77,2864,北京三甲医院退休教授,三口之家(学龄段),三亚中环品质两居，车位及空间极其拥挤,小区无地下车库且人车不分流，小孩在楼下玩耍或者推婴儿车极为不安全。,要求独立电梯入户，主次卧动线分明，配备独立保姆房和私密后院。,无需日常通勤，但要求30分钟内快捷通达凤凰机场或高铁站。,崇尚度假慢生活，清晨沙滩漫步，午后椰林下午茶，酷爱轻户外及后海冲浪。,名下持有一套旧两居，置换回款 65% + 个人理财储蓄补充 + 公积金商业贷,重性价比，不盲信大牌，但要求物业管理有序、绿化修剪及时、人防技防规范。,每年11月至次年3月到此度过漫长冬季，极其依赖周边的康养及适老化服务。
三_2011_00037,三亚,2011,外地候鸟-西北,63,男,2.1,19.6,0.5,29.4,2,0,否,C,network,0.19,0.57,0.89,0.71,0.43,0.55,0.01,0,0.43,养老,两室一厅,84,2814,兰州煤炭物流运输企业主,高知退休康养,与父母同住，三代人拥挤在旧区小户型老房中,老小区隔音差，邻里滋扰严重，且车位严重匮乏，每晚加班回来抢车位像打仗。,要求独立电梯入户，主次卧动线分明，配备独立保姆房和私密后院。,无需日常通勤，但要求30分钟内快捷通达凤凰机场或高铁站。,崇尚度假慢生活，清晨沙滩漫步，午后椰林下午茶，酷爱轻户外及后海冲浪。,名下持有一套旧两居，置换回款 65% + 个人理财储蓄补充 + 公积金商业贷,重性价比，不盲信大牌，但要求物业管理有序、绿化修剪及时、人防技防规范。,每年11月至次年3月到此度过漫长冬季，极其依赖周边的康养及适老化服务。
三_2011_00038,三亚,2011,外地候鸟-西北,72,男,3.3,32.6,0.5,48.9,3,1,否,C,network,0.18,0.49,0.96,0.52,0.45,0.43,0.07,0,0.53,养老,一室一厅,96,3469,西安设计院退休总建筑师,三口之家(学龄段),与父母同住，三代人拥挤在旧区小户型老房中,小区无地下车库且人车不分流，小孩在楼下玩耍或者推婴儿车极为不安全。,要求有超大面宽南向双阳台（观景家政分离），主卧大飘窗能270度直面自然景观。,无需日常通勤，但要求30分钟内快捷通达凤凰机场或高铁站。,崇尚度假慢生活，清晨沙滩漫步，午后椰林下午茶，酷爱轻户外及后海冲浪。,名下持有一套旧两居，置换回款 65% + 个人理财储蓄补充 + 公积金商业贷,重性价比，不盲信大牌，但要求物业管理有序、绿化修剪及时、人防技防规范。,每年11月至次年3月到此度过漫长冬季，极其依赖周边的康养及适老化服务。
三_2011_00039,三亚,2011,本地改善,45,女,1.8,9.9,0.35,21.1,4,1,是,B,agent,0.82,0.57,0.64,0.39,0.37,0.76,0.56,0.84,0.48,自住-改善,一室一厅,66,2627,区级税务局一级主办,三口之家(学龄段),三亚中环品质两居，车位及空间极其拥挤,小区无地下车库且人车不分流，小孩在楼下玩耍或者推婴儿车极为不安全。,讲究超高得房率（超85%），主卧套房必须配备独立步入式衣帽间与干湿分离双卫。,无需日常通勤，但要求30分钟内快捷通达凤凰机场或高铁站。,崇尚度假慢生活，清晨沙滩漫步，午后椰林下午茶，酷爱轻户外及后海冲浪。,名下持有一套旧两居，置换回款 65% + 个人理财储蓄补充 + 公积金商业贷,重性价比，不盲信大牌，但要求物业管理有序、绿化修剪及时、人防技防规范。,本地常住人口，四季生活规律，度假频次为常规年假出行。
三_2011_00040,三亚,2011,外地候鸟-华北,63,女,4.7,42.3,0.5,63.4,2,0,否,B,network,0.47,0.59,1,0.66,0.61,0.44,0,0.02,0.57,养老,两室一厅,55,5905,高校资深硕导,高知退休康养,三亚中环品质两居，车位及空间极其拥挤,老小区隔音差，邻里滋扰严重，且车位严重匮乏，每晚加班回来抢车位像打仗。,要求有超大面宽南向双阳台（观景家政分离），主卧大飘窗能270度直面自然景观。,无需日常通勤，但要求30分钟内快捷通达凤凰机场或高铁站。,崇尚度假慢生活，清晨沙滩漫步，午后椰林下午茶，酷爱轻户外及后海冲浪。,名下持有一套旧两居，置换回款 65% + 个人理财储蓄补充 + 公积金商业贷,重性价比，不盲信大牌，但要求物业管理有序、绿化修剪及时、人防技防规范。,每年11月至次年3月到此度过漫长冬季，极其依赖周边的康养及适老化服务。
三_2011_00041,三亚,2011,度假投资,49,女,7.4,78.2,0.4,146.6,3,0,否,A,research,0.79,0.34,0.78,0.68,0.4,0.51,0.03,0.0,0.67,投资-长持,两室两厅,74,11904,高端海景资产收藏家,成熟期核心家庭,市中心私密洋房住宅,无高端私密会所及管家式物业配套，圈层鱼龙混杂，高净值居住体验差。,要求有超大面宽南向双阳台（观景家政分离），主卧大飘窗能270度直面自然景观。,无需日常通勤，但要求30分钟内快捷通达凤凰机场或高铁站。,周末常去高端商圈消费，热衷打网球和马术，重度手冲咖啡及黑胶唱片发烧友。,名下已有企业股权套现或分红现金，一次性全款付清，基本不加杠杆,重性价比，不盲信大牌，但要求物业管理有序、绿化修剪及时、人防技防规范。,每年11月至次年3月到此度过漫长冬季，极其依赖周边的康养及适老化服务。
三_2011_00042,三亚,2011,外地候鸟-华北,60,男,5.1,46.7,0.5,70.1,2,0,否,B,network,0.52,0.54,1,0.63,0.66,0.37,0,0,0.52,养老,一室一厅,75,5764,高校资深硕导,高知退休康养,三亚中环品质两居，车位及空间极其拥挤,老小区隔音差，邻里滋扰严重，且车位严重匮乏，每晚加班回来抢车位像打仗。,要求有超大面宽南向双阳台（观景家政分离），主卧大飘窗能270度直面自然景观。,无需日常通勤，但要求30分钟内快捷通达凤凰机场或高铁站。,崇尚度假慢生活，清晨沙滩漫步，午后椰林下午茶，酷爱轻户外及后海冲浪。,名下持有一套旧两居，置换回款 65% + 个人理财储蓄补充 + 公积金商业贷,重性价比，不盲信大牌，但要求物业管理有序、绿化修剪及时、人防技防规范。,每年11月至次年3月到此度过漫长冬季，极其依赖周边的康养及适老化服务。
三_2011_00043,三亚,2011,外地候鸟-东北,68,女,4.2,24.3,0.5,36.5,2,0,否,C,network,0.26,0.7,0.93,0.59,0.42,0.39,0.08,0,0.51,度假,两室两厅,51,5677,哈尔滨私营物流老板,高知退休康养,与父母同住，三代人拥挤在旧区小户型老房中,老小区隔音差，邻里滋扰严重，且车位严重匮乏，每晚加班回来抢车位像打仗。,要求有超大面宽南向双阳台（观景家政分离），主卧大飘窗能270度直面自然景观。,无需日常通勤，但要求30分钟内快捷通达凤凰机场或高铁站。,崇尚度假慢生活，清晨沙滩漫步，午后椰林下午茶，酷爱轻户外及后海冲浪。,名下持有一套旧两居，置换回款 65% + 个人理财储蓄补充 + 公积金商业贷,重性价比，不盲信大牌，但要求物业管理有序、绿化修剪及时、人防技防规范。,每年11月至次年3月到此度过漫长冬季，极其依赖周边的康养及适老化服务。
三_2011_00044,三亚,2011,外地候鸟-西北,67,男,4.7,30.8,0.5,46.3,2,0,否,C,network,0.08,0.41,0.76,0.6,0.57,0.57,0.04,0,0.51,养老,两室一厅,59,4260,西安设计院退休总建筑师,高知退休康养,与父母同住，三代人拥挤在旧区小户型老房中,老小区隔音差，邻里滋扰严重，且车位严重匮乏，每晚加班回来抢车位像打仗。,要求有超大面宽南向双阳台（观景家政分离），主卧大飘窗能270度直面自然景观。,无需日常通勤，但要求30分钟内快捷通达凤凰机场或高铁站。,崇尚度假慢生活，清晨沙滩漫步，午后椰林下午茶，酷爱轻户外及后海冲浪。,名下持有一套旧两居，置换回款 65% + 个人理财储蓄补充 + 公积金商业贷,重性价比，不盲信大牌，但要求物业管理有序、绿化修剪及时、人防技防规范。,每年11月至次年3月到此度过漫长冬季，极其依赖周边的康养及适老化服务。
三_2011_00045,三亚,2011,外地候鸟-华北,60,男,2.4,15.1,0.5,22.6,2,0,是,B,network,0.51,0.46,0.81,0.81,0.65,0.6,0.13,0,0.57,养老,两室两厅,61,2243,高校资深硕导,高知退休康养,三亚中环品质两居，车位及空间极其拥挤,当前房屋属于旧多层无电梯房，父母年纪渐高每天爬楼梯极为吃力。,要求独立电梯入户，主次卧动线分明，配备独立保姆房和私密后院。,无需日常通勤，但要求30分钟内快捷通达凤凰机场或高铁站。,崇尚度假慢生活，清晨沙滩漫步，午后椰林下午茶，酷爱轻户外及后海冲浪。,名下持有一套旧两居，置换回款 65% + 个人理财储蓄补充 + 公积金商业贷,重性价比，不盲信大牌，但要求物业管理有序、绿化修剪及时、人防技防规范。,每年11月至次年3月到此度过漫长冬季，极其依赖周边的康养及适老化服务。
三_2011_00046,三亚,2011,外地候鸟-东北,60,女,4.9,32.7,0.5,49.0,2,0,是,C,network,0.45,0.56,0.91,0.82,0.51,0.56,0.06,0.02,0.39,养老,两室一厅,93,4729,沈阳大型重工企业退休副厂长,高知退休康养,与父母同住，三代人拥挤在旧区小户型老房中,当前房屋属于旧多层无电梯房，父母年纪渐高每天爬楼梯极为吃力。,要求独立电梯入户，主次卧动线分明，配备独立保姆房和私密后院。,无需日常通勤，但要求30分钟内快捷通达凤凰机场或高铁站。,崇尚度假慢生活，清晨沙滩漫步，午后椰林下午茶，酷爱轻户外及后海冲浪。,名下持有一套旧两居，置换回款 65% + 个人理财储蓄补充 + 公积金商业贷,重性价比，不盲信大牌，但要求物业管理有序、绿化修剪及时、人防技防规范。,每年11月至次年3月到此度过漫长冬季，极其依赖周边的康养及适老化服务。
三_2011_00047,三亚,2011,外地候鸟-西北,69,男,1.6,10.7,0.5,16.1,1,0,否,C,network,0.12,0.46,0.88,0.67,0.63,0.51,0.01,0.15,0.56,度假,两室一厅,64,1521,西安设计院退休总建筑师,高知退休康养,与父母同住，三代人拥挤在旧区小户型老房中,老小区隔音差，邻里滋扰严重，且车位严重匮乏，每晚加班回来抢车位像打仗。,要求有超大面宽南向双阳台（观景家政分离），主卧大飘窗能270度直面自然景观。,无需日常通勤，但要求30分钟内快捷通达凤凰机场或高铁站。,崇尚度假慢生活，清晨沙滩漫步，午后椰林下午茶，酷爱轻户外及后海冲浪。,名下持有一套旧两居，置换回款 65% + 个人理财储蓄补充 + 公积金商业贷,重性价比，不盲信大牌，但要求物业管理有序、绿化修剪及时、人防技防规范。,每年11月至次年3月到此度过漫长冬季，极其依赖周边的康养及适老化服务。
三_2011_00048,三亚,2011,本地改善,30,男,1.9,8.9,0.35,19.0,4,1,是,B,agent,0.86,0.52,0.47,0.52,0.43,0.73,0.5,0.75,0.4,自住-改善,一室一厅,76,2234,重点中学高级教师,三口之家(幼龄段),三亚中环品质两居，车位及空间极其拥挤,小区无地下车库且人车不分流，小孩在楼下玩耍或者推婴儿车极为不安全。,讲究超高得房率（超85%），主卧套房必须配备独立步入式衣帽间与干湿分离双卫。,无需日常通勤，但要求30分钟内快捷通达凤凰机场或高铁站。,崇尚度假慢生活，清晨沙滩漫步，午后椰林下午茶，酷爱轻户外及后海冲浪。,名下持有一套旧两居，置换回款 65% + 个人理财储蓄补充 + 公积金商业贷,重性价比，不盲信大牌，但要求物业管理有序、绿化修剪及时、人防技防规范。,本地常住人口，四季生活规律，度假频次为常规年假出行。
三_2011_00049,三亚,2011,度假投资,55,男,9.4,96.1,0.4,180.2,2,1,否,A,research,0.75,0.29,0.96,0.65,0.52,0.52,0.05,0,0.81,投资-长持,两室两厅,141,11326,高端海景资产收藏家,三口之家(学龄段),市中心私密洋房住宅,无高端私密会所及管家式物业配套，圈层鱼龙混杂，高净值居住体验差。,要求有超大面宽南向双阳台（观景家政分离），主卧大飘窗能270度直面自然景观。,无需日常通勤，但要求30分钟内快捷通达凤凰机场或高铁站。,周末常去高端商圈消费，热衷打网球和马术，重度手冲咖啡及黑胶唱片发烧友。,名下已有企业股权套现或分红现金，一次性全款付清，基本不加杠杆,非仁恒、绿城、万科等金牌开发商不买，极度看重高端精装质量与顶级物业的增值口碑。,每年11月至次年3月到此度过漫长冬季，极其依赖周边的康养及适老化服务。
三_2011_00050,三亚,2011,本地改善,44,男,3.8,17.1,0.35,36.6,3,1,是,B,agent,0.75,0.54,0.59,0.5,0.45,0.66,0.56,0.8,0.36,自住-改善,一室一厅,99,2535,重点中学高级教师,三口之家(学龄段),三亚中环品质两居，车位及空间极其拥挤,小区无地下车库且人车不分流，小孩在楼下玩耍或者推婴儿车极为不安全。,核心要求地块属于第一梯队名校学区，且周边500米内解决幼小衔接教育配套。,无需日常通勤，但要求30分钟内快捷通达凤凰机场或高铁站。,崇尚度假慢生活，清晨沙滩漫步，午后椰林下午茶，酷爱轻户外及后海冲浪。,名下持有一套旧两居，置换回款 65% + 个人理财储蓄补充 + 公积金商业贷,重性价比，不盲信大牌，但要求物业管理有序、绿化修剪及时、人防技防规范。,本地常住人口，四季生活规律，度假频次为常规年假出行。
三_2011_00051,三亚,2011,外地候鸟-西北,65,男,2.8,19.7,0.5,29.6,2,1,是,C,network,0.37,0.6,0.95,0.84,0.47,0.37,0.02,0.11,0.34,度假,两室一厅,81,2243,兰州煤炭物流运输企业主,三口之家(学龄段),与父母同住，三代人拥挤在旧区小户型老房中,小区无地下车库且人车不分流，小孩在楼下玩耍或者推婴儿车极为不安全。,要求独立电梯入户，主次卧动线分明，配备独立保姆房和私密后院。,无需日常通勤，但要求30分钟内快捷通达凤凰机场或高铁站。,崇尚度假慢生活，清晨沙滩漫步，午后椰林下午茶，酷爱轻户外及后海冲浪。,名下持有一套旧两居，置换回款 65% + 个人理财储蓄补充 + 公积金商业贷,重性价比，不盲信大牌，但要求物业管理有序、绿化修剪及时、人防技防规范。,每年11月至次年3月到此度过漫长冬季，极其依赖周边的康养及适老化服务。
三_2011_00052,三亚,2011,本地改善,50,女,2.7,16.0,0.35,34.3,4,1,是,B,agent,0.74,0.57,0.72,0.52,0.31,0.77,0.48,0.65,0.41,自住-改善,一室一厅,54,4962,国企中层管理,三口之家(学龄段),三亚中环品质两居，车位及空间极其拥挤,小区无地下车库且人车不分流，小孩在楼下玩耍或者推婴儿车极为不安全。,要求有超大面宽南向双阳台（观景家政分离），主卧大飘窗能270度直面自然景观。,无需日常通勤，但要求30分钟内快捷通达凤凰机场或高铁站。,崇尚度假慢生活，清晨沙滩漫步，午后椰林下午茶，酷爱轻户外及后海冲浪。,名下持有一套旧两居，置换回款 65% + 个人理财储蓄补充 + 公积金商业贷,重性价比，不盲信大牌，但要求物业管理有序、绿化修剪及时、人防技防规范。,本地常住人口，四季生活规律，度假频次为常规年假出行。
三_2011_00053,三亚,2011,外地候鸟-华北,56,女,6.7,45.0,0.5,67.5,2,0,否,B,network,0.51,0.55,0.94,0.71,0.57,0.51,0.13,0.05,0.56,度假,两室一厅,70,6694,北京三甲医院退休教授,高知退休康养,三亚中环品质两居，车位及空间极其拥挤,老小区隔音差，邻里滋扰严重，且车位严重匮乏，每晚加班回来抢车位像打仗。,要求独立电梯入户，主次卧动线分明，配备独立保姆房和私密后院。,无需日常通勤，但要求30分钟内快捷通达凤凰机场或高铁站。,崇尚度假慢生活，清晨沙滩漫步，午后椰林下午茶，酷爱轻户外及后海冲浪。,名下持有一套旧两居，置换回款 65% + 个人理财储蓄补充 + 公积金商业贷,重性价比，不盲信大牌，但要求物业管理有序、绿化修剪及时、人防技防规范。,每年11月至次年3月到此度过漫长冬季，极其依赖周边的康养及适老化服务。
三_2011_00054,三亚,2011,外地候鸟-华北,66,女,6.4,65.7,0.5,98.6,2,0,否,B,network,0.45,0.46,1,0.67,0.5,0.46,0.11,0,0.55,度假,两室两厅,76,11609,央企总部退休总工,高知退休康养,三亚中环品质两居，车位及空间极其拥挤,老小区隔音差，邻里滋扰严重，且车位严重匮乏，每晚加班回来抢车位像打仗。,要求有超大面宽南向双阳台（观景家政分离），主卧大飘窗能270度直面自然景观。,无需日常通勤，但要求30分钟内快捷通达凤凰机场或高铁站。,崇尚度假慢生活，清晨沙滩漫步，午后椰林下午茶，酷爱轻户外及后海冲浪。,名下持有一套旧两居，置换回款 65% + 个人理财储蓄补充 + 公积金商业贷,重性价比，不盲信大牌，但要求物业管理有序、绿化修剪及时、人防技防规范。,每年11月至次年3月到此度过漫长冬季，极其依赖周边的康养及适老化服务。
三_2011_00055,三亚,2011,外地候鸟-华北,66,男,5.1,39.5,0.5,59.3,2,0,否,B,network,0.34,0.62,1,0.83,0.62,0.53,0,0.01,0.44,度假,两室一厅,66,7730,央企总部退休总工,高知退休康养,三亚中环品质两居，车位及空间极其拥挤,老小区隔音差，邻里滋扰严重，且车位严重匮乏，每晚加班回来抢车位像打仗。,要求独立电梯入户，主次卧动线分明，配备独立保姆房和私密后院。,无需日常通勤，但要求30分钟内快捷通达凤凰机场或高铁站。,崇尚度假慢生活，清晨沙滩漫步，午后椰林下午茶，酷爱轻户外及后海冲浪。,名下持有一套旧两居，置换回款 65% + 个人理财储蓄补充 + 公积金商业贷,重性价比，不盲信大牌，但要求物业管理有序、绿化修剪及时、人防技防规范。,每年11月至次年3月到此度过漫长冬季，极其依赖周边的康养及适老化服务。
三_2011_00056,三亚,2011,外地候鸟-华北,60,男,6.0,44.8,0.5,67.3,1,0,否,B,network,0.64,0.47,0.97,0.7,0.65,0.56,0,0.02,0.57,度假,两室两厅,58,6176,北京三甲医院退休教授,高知退休康养,三亚中环品质两居，车位及空间极其拥挤,老小区隔音差，邻里滋扰严重，且车位严重匮乏，每晚加班回来抢车位像打仗。,要求有超大面宽南向双阳台（观景家政分离），主卧大飘窗能270度直面自然景观。,无需日常通勤，但要求30分钟内快捷通达凤凰机场或高铁站。,崇尚度假慢生活，清晨沙滩漫步，午后椰林下午茶，酷爱轻户外及后海冲浪。,名下持有一套旧两居，置换回款 65% + 个人理财储蓄补充 + 公积金商业贷,重性价比，不盲信大牌，但要求物业管理有序、绿化修剪及时、人防技防规范。,每年11月至次年3月到此度过漫长冬季，极其依赖周边的康养及适老化服务。
三_2011_00057,三亚,2011,外地候鸟-华北,60,女,4.5,35.2,0.5,52.7,2,0,否,B,network,0.61,0.58,0.94,0.75,0.46,0.47,0.02,0,0.56,度假,两室两厅,87,4136,高校资深硕导,高知退休康养,三亚中环品质两居，车位及空间极其拥挤,老小区隔音差，邻里滋扰严重，且车位严重匮乏，每晚加班回来抢车位像打仗。,要求独立电梯入户，主次卧动线分明，配备独立保姆房和私密后院。,无需日常通勤，但要求30分钟内快捷通达凤凰机场或高铁站。,崇尚度假慢生活，清晨沙滩漫步，午后椰林下午茶，酷爱轻户外及后海冲浪。,名下持有一套旧两居，置换回款 65% + 个人理财储蓄补充 + 公积金商业贷,重性价比，不盲信大牌，但要求物业管理有序、绿化修剪及时、人防技防规范。,每年11月至次年3月到此度过漫长冬季，极其依赖周边的康养及适老化服务。
三_2011_00058,三亚,2011,度假投资,39,男,8.9,68.5,0.4,128.5,2,1,否,A,research,0.81,0.39,0.77,0.64,0.48,0.46,0,0,0.71,度假,一室一厅,61,11280,知名中医药连锁投资人,三口之家(学龄段),西湖边高精平层,无高端私密会所及管家式物业配套，圈层鱼龙混杂，高净值居住体验差。,要求有超大面宽南向双阳台（观景家政分离），主卧大飘窗能270度直面自然景观。,无需日常通勤，但要求30分钟内快捷通达凤凰机场或高铁站。,周末常去高端商圈消费，热衷打网球和马术，重度手冲咖啡及黑胶唱片发烧友。,名下已有企业股权套现或分红现金，一次性全款付清，基本不加杠杆,非仁恒、绿城、万科等金牌开发商不买，极度看重高端精装质量与顶级物业的增值口碑。,每年11月至次年3月到此度过漫长冬季，极其依赖周边的康养及适老化服务。
三_2011_00059,三亚,2011,本地改善,34,女,2.7,19.6,0.35,42.0,4,1,是,B,agent,0.59,0.39,0.69,0.56,0.31,0.73,0.49,0.67,0.47,自住-改善,一室一厅,79,3711,国企中层管理,三口之家(幼龄段),三亚中环品质两居，车位及空间极其拥挤,小区无地下车库且人车不分流，小孩在楼下玩耍或者推婴儿车极为不安全。,讲究超高得房率（超85%），主卧套房必须配备独立步入式衣帽间与干湿分离双卫。,无需日常通勤，但要求30分钟内快捷通达凤凰机场或高铁站。,崇尚度假慢生活，清晨沙滩漫步，午后椰林下午茶，酷爱轻户外及后海冲浪。,名下持有一套旧两居，置换回款 65% + 个人理财储蓄补充 + 公积金商业贷,重性价比，不盲信大牌，但要求物业管理有序、绿化修剪及时、人防技防规范。,本地常住人口，四季生活规律，度假频次为常规年假出行。
三_2011_00060,三亚,2011,本地改善,32,男,2.5,13.6,0.35,29.1,3,1,否,B,agent,0.75,0.64,0.62,0.43,0.4,0.83,0.44,0.9,0.4,自住-改善,两室两厅,89,2304,区级税务局一级主办,三口之家(幼龄段),三亚中环品质两居，车位及空间极其拥挤,小区无地下车库且人车不分流，小孩在楼下玩耍或者推婴儿车极为不安全。,讲究超高得房率（超85%），主卧套房必须配备独立步入式衣帽间与干湿分离双卫。,无需日常通勤，但要求30分钟内快捷通达凤凰机场或高铁站。,崇尚度假慢生活，清晨沙滩漫步，午后椰林下午茶，酷爱轻户外及后海冲浪。,名下持有一套旧两居，置换回款 65% + 个人理财储蓄补充 + 公积金商业贷,重性价比，不盲信大牌，但要求物业管理有序、绿化修剪及时、人防技防规范。,本地常住人口，四季生活规律，度假频次为常规年假出行。
三_2011_00061,三亚,2011,外地候鸟-华北,66,男,5.4,39.1,0.5,58.7,1,0,否,B,network,0.3,0.53,0.94,0.77,0.56,0.39,0.03,0.09,0.45,度假,两室一厅,92,5353,央企总部退休总工,高知退休康养,三亚中环品质两居，车位及空间极其拥挤,老小区隔音差，邻里滋扰严重，且车位严重匮乏，每晚加班回来抢车位像打仗。,要求独立电梯入户，主次卧动线分明，配备独立保姆房和私密后院。,无需日常通勤，但要求30分钟内快捷通达凤凰机场或高铁站。,崇尚度假慢生活，清晨沙滩漫步，午后椰林下午茶，酷爱轻户外及后海冲浪。,名下持有一套旧两居，置换回款 65% + 个人理财储蓄补充 + 公积金商业贷,重性价比，不盲信大牌，但要求物业管理有序、绿化修剪及时、人防技防规范。,每年11月至次年3月到此度过漫长冬季，极其依赖周边的康养及适老化服务。
三_2011_00062,三亚,2011,本地改善,50,男,2.0,12.8,0.35,27.5,3,0,是,B,agent,0.75,0.61,0.63,0.39,0.36,0.69,0.44,0.85,0.53,自住-改善,两室两厅,50,2991,智能新能源车企研发骨干,成熟期核心家庭,三亚中环品质两居，车位及空间极其拥挤,当前房屋属于旧多层无电梯房，父母年纪渐高每天爬楼梯极为吃力。,核心要求地块属于第一梯队名校学区，且周边500米内解决幼小衔接教育配套。,无需日常通勤，但要求30分钟内快捷通达凤凰机场或高铁站。,崇尚度假慢生活，清晨沙滩漫步，午后椰林下午茶，酷爱轻户外及后海冲浪。,名下持有一套旧两居，置换回款 65% + 个人理财储蓄补充 + 公积金商业贷,重性价比，不盲信大牌，但要求物业管理有序、绿化修剪及时、人防技防规范。,本地常住人口，四季生活规律，度假频次为常规年假出行。
三_2011_00063,三亚,2011,外地候鸟-华北,65,女,3.2,20.6,0.5,31.0,2,0,否,B,network,0.22,0.52,1,0.7,0.52,0.52,0.03,0,0.51,养老,两室两厅,68,3220,高校资深硕导,高知退休康养,三亚中环品质两居，车位及空间极其拥挤,老小区隔音差，邻里滋扰严重，且车位严重匮乏，每晚加班回来抢车位像打仗。,要求独立电梯入户，主次卧动线分明，配备独立保姆房和私密后院。,无需日常通勤，但要求30分钟内快捷通达凤凰机场或高铁站。,崇尚度假慢生活，清晨沙滩漫步，午后椰林下午茶，酷爱轻户外及后海冲浪。,名下持有一套旧两居，置换回款 65% + 个人理财储蓄补充 + 公积金商业贷,重性价比，不盲信大牌，但要求物业管理有序、绿化修剪及时、人防技防规范。,每年11月至次年3月到此度过漫长冬季，极其依赖周边的康养及适老化服务。
三_2011_00064,三亚,2011,外地候鸟-华北,58,男,5.2,47.0,0.5,70.5,2,0,否,B,network,0.47,0.59,0.88,0.66,0.48,0.42,0.12,0.06,0.52,度假,两室一厅,57,8276,北京三甲医院退休教授,高知退休康养,三亚中环品质两居，车位及空间极其拥挤,老小区隔音差，邻里滋扰严重，且车位严重匮乏，每晚加班回来抢车位像打仗。,要求有超大面宽南向双阳台（观景家政分离），主卧大飘窗能270度直面自然景观。,无需日常通勤，但要求30分钟内快捷通达凤凰机场或高铁站。,崇尚度假慢生活，清晨沙滩漫步，午后椰林下午茶，酷爱轻户外及后海冲浪。,名下持有一套旧两居，置换回款 65% + 个人理财储蓄补充 + 公积金商业贷,重性价比，不盲信大牌，但要求物业管理有序、绿化修剪及时、人防技防规范。,每年11月至次年3月到此度过漫长冬季，极其依赖周边的康养及适老化服务。
三_2011_00065,三亚,2011,本地改善,31,男,2.0,9.5,0.35,20.4,3,1,否,B,agent,0.75,0.69,0.5,0.5,0.48,0.72,0.5,0.7,0.37,自住-改善,一室一厅,67,2220,国企中层管理,三口之家(幼龄段),三亚中环品质两居，车位及空间极其拥挤,小区无地下车库且人车不分流，小孩在楼下玩耍或者推婴儿车极为不安全。,讲究超高得房率（超85%），主卧套房必须配备独立步入式衣帽间与干湿分离双卫。,无需日常通勤，但要求30分钟内快捷通达凤凰机场或高铁站。,崇尚度假慢生活，清晨沙滩漫步，午后椰林下午茶，酷爱轻户外及后海冲浪。,名下持有一套旧两居，置换回款 65% + 个人理财储蓄补充 + 公积金商业贷,重性价比，不盲信大牌，但要求物业管理有序、绿化修剪及时、人防技防规范。,本地常住人口，四季生活规律，度假频次为常规年假出行。
三_2011_00066,三亚,2011,度假投资,48,女,6.8,63.1,0.4,118.3,2,1,否,A,research,0.72,0.49,0.89,0.55,0.44,0.5,0,0.05,0.77,投资-长持,两室两厅,63,12262,上市公司退休联合创始人,三口之家(学龄段),西湖边高精平层,无高端私密会所及管家式物业配套，圈层鱼龙混杂，高净值居住体验差。,要求有超大面宽南向双阳台（观景家政分离），主卧大飘窗能270度直面自然景观。,无需日常通勤，但要求30分钟内快捷通达凤凰机场或高铁站。,周末常去高端商圈消费，热衷打网球和马术，重度手冲咖啡及黑胶唱片发烧友。,名下已有企业股权套现或分红现金，一次性全款付清，基本不加杠杆,非仁恒、绿城、万科等金牌开发商不买，极度看重高端精装质量与顶级物业的增值口碑。,每年11月至次年3月到此度过漫长冬季，极其依赖周边的康养及适老化服务。
三_2011_00067,三亚,2011,本地改善,35,男,3.2,13.6,0.35,29.2,4,1,是,B,agent,0.72,0.5,0.63,0.51,0.27,0.82,0.51,0.69,0.45,自住-改善,两室两厅,56,3638,重点中学高级教师,三口之家(幼龄段),三亚中环品质两居，车位及空间极其拥挤,小区无地下车库且人车不分流，小孩在楼下玩耍或者推婴儿车极为不安全。,讲究超高得房率（超85%），主卧套房必须配备独立步入式衣帽间与干湿分离双卫。,无需日常通勤，但要求30分钟内快捷通达凤凰机场或高铁站。,崇尚度假慢生活，清晨沙滩漫步，午后椰林下午茶，酷爱轻户外及后海冲浪。,名下持有一套旧两居，置换回款 65% + 个人理财储蓄补充 + 公积金商业贷,重性价比，不盲信大牌，但要求物业管理有序、绿化修剪及时、人防技防规范。,本地常住人口，四季生活规律，度假频次为常规年假出行。
三_2011_00068,三亚,2011,度假投资,35,男,11.9,107.3,0.4,201.3,3,1,否,A,research,1,0.3,0.95,0.57,0.58,0.44,0,0.02,0.79,投资-长持,三室两厅,140,8951,高端海景资产收藏家,三口之家(幼龄段),西湖边高精平层,无高端私密会所及管家式物业配套，圈层鱼龙混杂，高净值居住体验差。,要求有超大面宽南向双阳台（观景家政分离），主卧大飘窗能270度直面自然景观。,无需日常通勤，但要求30分钟内快捷通达凤凰机场或高铁站。,周末常去高端商圈消费，热衷打网球和马术，重度手冲咖啡及黑胶唱片发烧友。,名下已有企业股权套现或分红现金，一次性全款付清，基本不加杠杆,非仁恒、绿城、万科等金牌开发商不买，极度看重高端精装质量与顶级物业的增值口碑。,每年11月至次年3月到此度过漫长冬季，极其依赖周边的康养及适老化服务。
三_2011_00069,三亚,2011,本地改善,45,女,1.7,9.4,0.35,20.1,3,1,是,B,agent,0.84,0.57,0.64,0.35,0.43,0.84,0.47,0.71,0.39,自住-改善,一室一厅,99,1395,重点中学高级教师,三口之家(学龄段),三亚中环品质两居，车位及空间极其拥挤,小区无地下车库且人车不分流，小孩在楼下玩耍或者推婴儿车极为不安全。,讲究超高得房率（超85%），主卧套房必须配备独立步入式衣帽间与干湿分离双卫。,无需日常通勤，但要求30分钟内快捷通达凤凰机场或高铁站。,崇尚度假慢生活，清晨沙滩漫步，午后椰林下午茶，酷爱轻户外及后海冲浪。,名下持有一套旧两居，置换回款 65% + 个人理财储蓄补充 + 公积金商业贷,重性价比，不盲信大牌，但要求物业管理有序、绿化修剪及时、人防技防规范。,本地常住人口，四季生活规律，度假频次为常规年假出行。
三_2011_00070,三亚,2011,外地候鸟-东北,75,女,4.8,23.7,0.5,35.6,2,0,否,C,network,0.13,0.79,0.88,0.73,0.45,0.46,0,0,0.72,度假,两室两厅,98,2126,哈尔滨私营物流老板,高知退休康养,与父母同住，三代人拥挤在旧区小户型老房中,老小区隔音差，邻里滋扰严重，且车位严重匮乏，每晚加班回来抢车位像打仗。,要求独立电梯入户，主次卧动线分明，配备独立保姆房和私密后院。,无需日常通勤，但要求30分钟内快捷通达凤凰机场或高铁站。,崇尚度假慢生活，清晨沙滩漫步，午后椰林下午茶，酷爱轻户外及后海冲浪。,名下持有一套旧两居，置换回款 65% + 个人理财储蓄补充 + 公积金商业贷,非仁恒、绿城、万科等金牌开发商不买，极度看重高端精装质量与顶级物业的增值口碑。,每年11月至次年3月到此度过漫长冬季，极其依赖周边的康养及适老化服务。
三_2011_00071,三亚,2011,本地改善,42,女,1.6,10.9,0.35,23.4,3,2,否,B,agent,0.8,0.53,0.7,0.57,0.4,0.87,0.46,0.75,0.4,自住-改善,一室一厅,93,1747,区级税务局一级主办,二胎黄金期中大户型,三亚中环品质两居，车位及空间极其拥挤,小区无地下车库且人车不分流，小孩在楼下玩耍或者推婴儿车极为不安全。,讲究超高得房率（超85%），主卧套房必须配备独立步入式衣帽间与干湿分离双卫。,无需日常通勤，但要求30分钟内快捷通达凤凰机场或高铁站。,崇尚度假慢生活，清晨沙滩漫步，午后椰林下午茶，酷爱轻户外及后海冲浪。,名下持有一套旧两居，置换回款 65% + 个人理财储蓄补充 + 公积金商业贷,重性价比，不盲信大牌，但要求物业管理有序、绿化修剪及时、人防技防规范。,本地常住人口，四季生活规律，度假频次为常规年假出行。
三_2011_00072,三亚,2011,本地改善,45,男,2.0,14.1,0.35,30.3,3,0,否,B,agent,0.88,0.5,0.59,0.5,0.18,0.71,0.43,0.82,0.46,自住-改善,两室两厅,61,3422,区级税务局一级主办,成熟期核心家庭,三亚中环品质两居，车位及空间极其拥挤,老小区隔音差，邻里滋扰严重，且车位严重匮乏，每晚加班回来抢车位像打仗。,讲究超高得房率（超85%），主卧套房必须配备独立步入式衣帽间与干湿分离双卫。,无需日常通勤，但要求30分钟内快捷通达凤凰机场或高铁站。,崇尚度假慢生活，清晨沙滩漫步，午后椰林下午茶，酷爱轻户外及后海冲浪。,名下持有一套旧两居，置换回款 65% + 个人理财储蓄补充 + 公积金商业贷,重性价比，不盲信大牌，但要求物业管理有序、绿化修剪及时、人防技防规范。,本地常住人口，四季生活规律，度假频次为常规年假出行。
三_2011_00073,三亚,2011,本地改善,45,男,2.6,15.5,0.35,33.2,5,0,是,B,agent,0.74,0.52,0.59,0.29,0.49,0.74,0.66,0.78,0.53,自住-改善,一室一厅,74,3147,智能新能源车企研发骨干,成熟期核心家庭,三亚中环品质两居，车位及空间极其拥挤,当前房屋属于旧多层无电梯房，父母年纪渐高每天爬楼梯极为吃力。,讲究超高得房率（超85%），主卧套房必须配备独立步入式衣帽间与干湿分离双卫。,无需日常通勤，但要求30分钟内快捷通达凤凰机场或高铁站。,崇尚度假慢生活，清晨沙滩漫步，午后椰林下午茶，酷爱轻户外及后海冲浪。,名下持有一套旧两居，置换回款 65% + 个人理财储蓄补充 + 公积金商业贷,重性价比，不盲信大牌，但要求物业管理有序、绿化修剪及时、人防技防规范。,本地常住人口，四季生活规律，度假频次为常规年假出行。
三_2011_00074,三亚,2011,本地改善,47,男,3.2,24.6,0.35,52.6,4,1,是,B,agent,1,0.52,0.62,0.38,0.33,0.77,0.57,0.6,0.42,自住-改善,一室一厅,57,5990,重点中学高级教师,三口之家(学龄段),三亚中环品质两居，车位及空间极其拥挤,小区无地下车库且人车不分流，小孩在楼下玩耍或者推婴儿车极为不安全。,讲究超高得房率（超85%），主卧套房必须配备独立步入式衣帽间与干湿分离双卫。,无需日常通勤，但要求30分钟内快捷通达凤凰机场或高铁站。,崇尚度假慢生活，清晨沙滩漫步，午后椰林下午茶，酷爱轻户外及后海冲浪。,名下持有一套旧两居，置换回款 65% + 个人理财储蓄补充 + 公积金商业贷,重性价比，不盲信大牌，但要求物业管理有序、绿化修剪及时、人防技防规范。,本地常住人口，四季生活规律，度假频次为常规年假出行。
三_2011_00075,三亚,2011,度假投资,41,女,10.9,101.3,0.4,189.9,4,1,是,A,research,0.69,0.36,0.82,0.43,0.54,0.42,0,0,0.8,投资-短期,三室两厅,135,12148,知名中医药连锁投资人,三口之家(学龄段),西湖边高精平层,当前房屋属于旧多层无电梯房，父母年纪渐高每天爬楼梯极为吃力。,要求有超大面宽南向双阳台（观景家政分离），主卧大飘窗能270度直面自然景观。,无需日常通勤，但要求30分钟内快捷通达凤凰机场或高铁站。,周末常去高端商圈消费，热衷打网球和马术，重度手冲咖啡及黑胶唱片发烧友。,名下已有企业股权套现或分红现金，一次性全款付清，基本不加杠杆,非仁恒、绿城、万科等金牌开发商不买，极度看重高端精装质量与顶级物业的增值口碑。,每年11月至次年3月到此度过漫长冬季，极其依赖周边的康养及适老化服务。
三_2011_00076,三亚,2011,外地候鸟-东北,76,女,3.5,29.3,0.5,43.9,1,0,否,C,network,0.09,0.57,1,0.67,0.54,0.53,0,0,0.56,度假,一室一厅,91,2879,哈尔滨私营物流老板,高知退休康养,与父母同住，三代人拥挤在旧区小户型老房中,老小区隔音差，邻里滋扰严重，且车位严重匮乏，每晚加班回来抢车位像打仗。,要求有超大面宽南向双阳台（观景家政分离），主卧大飘窗能270度直面自然景观。,无需日常通勤，但要求30分钟内快捷通达凤凰机场或高铁站。,崇尚度假慢生活，清晨沙滩漫步，午后椰林下午茶，酷爱轻户外及后海冲浪。,名下持有一套旧两居，置换回款 65% + 个人理财储蓄补充 + 公积金商业贷,重性价比，不盲信大牌，但要求物业管理有序、绿化修剪及时、人防技防规范。,每年11月至次年3月到此度过漫长冬季，极其依赖周边的康养及适老化服务。
三_2011_00077,三亚,2011,本地改善,45,女,3.0,18.0,0.35,38.5,4,1,是,B,agent,0.81,0.46,0.57,0.4,0.47,0.73,0.48,0.71,0.51,自住-改善,两室一厅,96,2719,区级税务局一级主办,三口之家(学龄段),三亚中环品质两居，车位及空间极其拥挤,小区无地下车库且人车不分流，小孩在楼下玩耍或者推婴儿车极为不安全。,讲究超高得房率（超85%），主卧套房必须配备独立步入式衣帽间与干湿分离双卫。,无需日常通勤，但要求30分钟内快捷通达凤凰机场或高铁站。,崇尚度假慢生活，清晨沙滩漫步，午后椰林下午茶，酷爱轻户外及后海冲浪。,名下持有一套旧两居，置换回款 65% + 个人理财储蓄补充 + 公积金商业贷,重性价比，不盲信大牌，但要求物业管理有序、绿化修剪及时、人防技防规范。,本地常住人口，四季生活规律，度假频次为常规年假出行。
三_2011_00078,三亚,2011,外地候鸟-华北,60,男,4.5,37.7,0.5,56.5,3,0,否,B,network,0.51,0.58,1,0.69,0.53,0.48,0.11,0,0.62,养老,两室一厅,90,3346,高校资深硕导,高知退休康养,三亚中环品质两居，车位及空间极其拥挤,老小区隔音差，邻里滋扰严重，且车位严重匮乏，每晚加班回来抢车位像打仗。,要求有超大面宽南向双阳台（观景家政分离），主卧大飘窗能270度直面自然景观。,无需日常通勤，但要求30分钟内快捷通达凤凰机场或高铁站。,崇尚度假慢生活，清晨沙滩漫步，午后椰林下午茶，酷爱轻户外及后海冲浪。,名下持有一套旧两居，置换回款 65% + 个人理财储蓄补充 + 公积金商业贷,重性价比，不盲信大牌，但要求物业管理有序、绿化修剪及时、人防技防规范。,每年11月至次年3月到此度过漫长冬季，极其依赖周边的康养及适老化服务。
三_2011_00079,三亚,2011,外地候鸟-华北,57,女,4.2,25.7,0.5,38.5,2,0,否,B,network,0.45,0.47,0.93,0.83,0.49,0.54,0.12,0,0.45,度假,两室一厅,61,4488,高校资深硕导,高知退休康养,三亚中环品质两居，车位及空间极其拥挤,老小区隔音差，邻里滋扰严重，且车位严重匮乏，每晚加班回来抢车位像打仗。,要求独立电梯入户，主次卧动线分明，配备独立保姆房和私密后院。,无需日常通勤，但要求30分钟内快捷通达凤凰机场或高铁站。,崇尚度假慢生活，清晨沙滩漫步，午后椰林下午茶，酷爱轻户外及后海冲浪。,名下持有一套旧两居，置换回款 65% + 个人理财储蓄补充 + 公积金商业贷,重性价比，不盲信大牌，但要求物业管理有序、绿化修剪及时、人防技防规范。,每年11月至次年3月到此度过漫长冬季，极其依赖周边的康养及适老化服务。
三_2011_00080,三亚,2011,度假投资,48,女,8.3,80.0,0.4,150.0,2,1,是,A,research,0.92,0.59,0.73,0.57,0.54,0.33,0.02,0,0.69,投资-长持,两室两厅,121,6807,高端海景资产收藏家,三口之家(学龄段),陆家嘴核心区江景大平层,当前房屋属于旧多层无电梯房，父母年纪渐高每天爬楼梯极为吃力。,要求有超大面宽南向双阳台（观景家政分离），主卧大飘窗能270度直面自然景观。,无需日常通勤，但要求30分钟内快捷通达凤凰机场或高铁站。,周末常去高端商圈消费，热衷打网球和马术，重度手冲咖啡及黑胶唱片发烧友。,名下已有企业股权套现或分红现金，一次性全款付清，基本不加杠杆,重性价比，不盲信大牌，但要求物业管理有序、绿化修剪及时、人防技防规范。,每年11月至次年3月到此度过漫长冬季，极其依赖周边的康养及适老化服务。
三_2011_00081,三亚,2011,本地改善,44,女,2.6,13.2,0.35,28.4,4,1,是,B,agent,0.93,0.47,0.67,0.51,0.47,0.81,0.51,0.7,0.54,自住-改善,两室一厅,79,3121,重点中学高级教师,三口之家(学龄段),三亚中环品质两居，车位及空间极其拥挤,小区无地下车库且人车不分流，小孩在楼下玩耍或者推婴儿车极为不安全。,讲究超高得房率（超85%），主卧套房必须配备独立步入式衣帽间与干湿分离双卫。,无需日常通勤，但要求30分钟内快捷通达凤凰机场或高铁站。,崇尚度假慢生活，清晨沙滩漫步，午后椰林下午茶，酷爱轻户外及后海冲浪。,名下持有一套旧两居，置换回款 65% + 个人理财储蓄补充 + 公积金商业贷,重性价比，不盲信大牌，但要求物业管理有序、绿化修剪及时、人防技防规范。,本地常住人口，四季生活规律，度假频次为常规年假出行。
三_2011_00082,三亚,2011,本地改善,34,女,2.7,17.6,0.35,37.7,5,1,是,B,agent,0.83,0.51,0.64,0.49,0.56,0.71,0.41,0.62,0.2,自住-改善,一室一厅,54,6242,智能新能源车企研发骨干,三口之家(幼龄段),三亚中环品质两居，车位及空间极其拥挤,小区无地下车库且人车不分流，小孩在楼下玩耍或者推婴儿车极为不安全。,讲究超高得房率（超85%），主卧套房必须配备独立步入式衣帽间与干湿分离双卫。,无需日常通勤，但要求30分钟内快捷通达凤凰机场或高铁站。,崇尚度假慢生活，清晨沙滩漫步，午后椰林下午茶，酷爱轻户外及后海冲浪。,名下持有一套旧两居，置换回款 65% + 个人理财储蓄补充 + 公积金商业贷,重性价比，不盲信大牌，但要求物业管理有序、绿化修剪及时、人防技防规范。,本地常住人口，四季生活规律，度假频次为常规年假出行。
三_2011_00083,三亚,2011,外地候鸟-华北,56,男,3.9,28.3,0.5,42.4,3,0,否,B,network,0.37,0.71,0.86,0.72,0.68,0.5,0,0.14,0.6,养老,一室一厅,86,2864,北京三甲医院退休教授,高知退休康养,三亚中环品质两居，车位及空间极其拥挤,老小区隔音差，邻里滋扰严重，且车位严重匮乏，每晚加班回来抢车位像打仗。,要求独立电梯入户，主次卧动线分明，配备独立保姆房和私密后院。,无需日常通勤，但要求30分钟内快捷通达凤凰机场或高铁站。,崇尚度假慢生活，清晨沙滩漫步，午后椰林下午茶，酷爱轻户外及后海冲浪。,名下持有一套旧两居，置换回款 65% + 个人理财储蓄补充 + 公积金商业贷,重性价比，不盲信大牌，但要求物业管理有序、绿化修剪及时、人防技防规范。,每年11月至次年3月到此度过漫长冬季，极其依赖周边的康养及适老化服务。
三_2011_00084,三亚,2011,度假投资,41,女,6.0,73.5,0.4,137.8,3,0,是,A,research,0.78,0.37,0.83,0.66,0.61,0.5,0,0.05,0.73,投资-长持,两室一厅,100,11533,高端海景资产收藏家,成熟期核心家庭,陆家嘴核心区江景大平层,当前房屋属于旧多层无电梯房，父母年纪渐高每天爬楼梯极为吃力。,要求有超大面宽南向双阳台（观景家政分离），主卧大飘窗能270度直面自然景观。,无需日常通勤，但要求30分钟内快捷通达凤凰机场或高铁站。,周末常去高端商圈消费，热衷打网球和马术，重度手冲咖啡及黑胶唱片发烧友。,名下已有企业股权套现或分红现金，一次性全款付清，基本不加杠杆,非仁恒、绿城、万科等金牌开发商不买，极度看重高端精装质量与顶级物业的增值口碑。,每年11月至次年3月到此度过漫长冬季，极其依赖周边的康养及适老化服务。
三_2011_00085,三亚,2011,外地候鸟-华北,74,男,5.5,54.7,0.5,82.0,2,0,是,B,network,0.49,0.5,0.81,0.75,0.6,0.26,0.01,0.02,0.68,度假,两室两厅,84,5595,高校资深硕导,高知退休康养,三亚中环品质两居，车位及空间极其拥挤,当前房屋属于旧多层无电梯房，父母年纪渐高每天爬楼梯极为吃力。,要求独立电梯入户，主次卧动线分明，配备独立保姆房和私密后院。,无需日常通勤，但要求30分钟内快捷通达凤凰机场或高铁站。,崇尚度假慢生活，清晨沙滩漫步，午后椰林下午茶，酷爱轻户外及后海冲浪。,名下持有一套旧两居，置换回款 65% + 个人理财储蓄补充 + 公积金商业贷,重性价比，不盲信大牌，但要求物业管理有序、绿化修剪及时、人防技防规范。,每年11月至次年3月到此度过漫长冬季，极其依赖周边的康养及适老化服务。
三_2011_00086,三亚,2011,本地改善,39,男,1.2,8.3,0.35,17.8,5,1,是,B,agent,0.66,0.54,0.44,0.51,0.34,0.72,0.51,0.48,0.44,自住-改善,两室两厅,63,1845,国企中层管理,三口之家(学龄段),三亚中环品质两居，车位及空间极其拥挤,小区无地下车库且人车不分流，小孩在楼下玩耍或者推婴儿车极为不安全。,讲究超高得房率（超85%），主卧套房必须配备独立步入式衣帽间与干湿分离双卫。,无需日常通勤，但要求30分钟内快捷通达凤凰机场或高铁站。,崇尚度假慢生活，清晨沙滩漫步，午后椰林下午茶，酷爱轻户外及后海冲浪。,名下持有一套旧两居，置换回款 65% + 个人理财储蓄补充 + 公积金商业贷,重性价比，不盲信大牌，但要求物业管理有序、绿化修剪及时、人防技防规范。,本地常住人口，四季生活规律，度假频次为常规年假出行。
三_2011_00087,三亚,2011,度假投资,45,女,8.9,81.5,0.4,152.8,3,1,否,A,research,0.89,0.47,0.75,0.6,0.44,0.44,0,0,0.81,投资-长持,三室一厅,121,7546,知名中医药连锁投资人,三口之家(学龄段),陆家嘴核心区江景大平层,无高端私密会所及管家式物业配套，圈层鱼龙混杂，高净值居住体验差。,要求有超大面宽南向双阳台（观景家政分离），主卧大飘窗能270度直面自然景观。,无需日常通勤，但要求30分钟内快捷通达凤凰机场或高铁站。,周末常去高端商圈消费，热衷打网球和马术，重度手冲咖啡及黑胶唱片发烧友。,名下已有企业股权套现或分红现金，一次性全款付清，基本不加杠杆,非仁恒、绿城、万科等金牌开发商不买，极度看重高端精装质量与顶级物业的增值口碑。,每年11月至次年3月到此度过漫长冬季，极其依赖周边的康养及适老化服务。
三_2011_00088,三亚,2011,度假投资,42,男,6.7,51.9,0.4,97.2,3,1,否,A,research,0.76,0.47,0.88,0.66,0.58,0.4,0.0,0.16,0.89,投资-长持,一室一厅,58,12670,上市公司退休联合创始人,三口之家(学龄段),陆家嘴核心区江景大平层,无高端私密会所及管家式物业配套，圈层鱼龙混杂，高净值居住体验差。,要求有超大面宽南向双阳台（观景家政分离），主卧大飘窗能270度直面自然景观。,无需日常通勤，但要求30分钟内快捷通达凤凰机场或高铁站。,周末常去高端商圈消费，热衷打网球和马术，重度手冲咖啡及黑胶唱片发烧友。,名下已有企业股权套现或分红现金，一次性全款付清，基本不加杠杆,非仁恒、绿城、万科等金牌开发商不买，极度看重高端精装质量与顶级物业的增值口碑。,每年11月至次年3月到此度过漫长冬季，极其依赖周边的康养及适老化服务。
三_2011_00089,三亚,2011,外地候鸟-华北,61,女,2.8,26.8,0.5,40.2,2,0,是,B,network,0.34,0.59,0.9,0.72,0.59,0.57,0.05,0,0.62,度假,一室一厅,61,3477,央企总部退休总工,高知退休康养,三亚中环品质两居，车位及空间极其拥挤,当前房屋属于旧多层无电梯房，父母年纪渐高每天爬楼梯极为吃力。,要求独立电梯入户，主次卧动线分明，配备独立保姆房和私密后院。,无需日常通勤，但要求30分钟内快捷通达凤凰机场或高铁站。,崇尚度假慢生活，清晨沙滩漫步，午后椰林下午茶，酷爱轻户外及后海冲浪。,名下持有一套旧两居，置换回款 65% + 个人理财储蓄补充 + 公积金商业贷,重性价比，不盲信大牌，但要求物业管理有序、绿化修剪及时、人防技防规范。,每年11月至次年3月到此度过漫长冬季，极其依赖周边的康养及适老化服务。
三_2011_00090,三亚,2011,本地改善,47,男,2.0,10.9,0.35,23.4,4,1,是,B,agent,0.91,0.59,0.68,0.28,0.46,0.69,0.57,0.57,0.49,自住-改善,两室一厅,85,1406,国企中层管理,三口之家(学龄段),三亚中环品质两居，车位及空间极其拥挤,小区无地下车库且人车不分流，小孩在楼下玩耍或者推婴儿车极为不安全。,要求采光通透，全明户型，带多功能嵌入式收纳墙以最大化空间利用。,无需日常通勤，但要求30分钟内快捷通达凤凰机场或高铁站。,崇尚度假慢生活，清晨沙滩漫步，午后椰林下午茶，酷爱轻户外及后海冲浪。,名下持有一套旧两居，置换回款 65% + 个人理财储蓄补充 + 公积金商业贷,重性价比，不盲信大牌，但要求物业管理有序、绿化修剪及时、人防技防规范。,本地常住人口，四季生活规律，度假频次为常规年假出行。
三_2011_00091,三亚,2011,度假投资,45,女,12.4,146.6,0.4,274.9,3,1,否,A,research,0.55,0.41,0.73,0.67,0.6,0.43,0.12,0,0.78,投资-长持,三室两厅,96,24653,高端海景资产收藏家,三口之家(学龄段),市中心私密洋房住宅,无高端私密会所及管家式物业配套，圈层鱼龙混杂，高净值居住体验差。,要求有超大面宽南向双阳台（观景家政分离），主卧大飘窗能270度直面自然景观。,无需日常通勤，但要求30分钟内快捷通达凤凰机场或高铁站。,周末常去高端商圈消费，热衷打网球和马术，重度手冲咖啡及黑胶唱片发烧友。,名下已有企业股权套现或分红现金，一次性全款付清，基本不加杠杆,非仁恒、绿城、万科等金牌开发商不买，极度看重高端精装质量与顶级物业的增值口碑。,每年11月至次年3月到此度过漫长冬季，极其依赖周边的康养及适老化服务。
三_2011_00092,三亚,2011,本地改善,31,男,2.8,13.7,0.35,29.3,4,1,否,B,agent,0.63,0.53,0.54,0.51,0.34,0.73,0.54,0.73,0.48,自住-改善,一室一厅,65,2285,国企中层管理,三口之家(幼龄段),三亚中环品质两居，车位及空间极其拥挤,小区无地下车库且人车不分流，小孩在楼下玩耍或者推婴儿车极为不安全。,讲究超高得房率（超85%），主卧套房必须配备独立步入式衣帽间与干湿分离双卫。,无需日常通勤，但要求30分钟内快捷通达凤凰机场或高铁站。,崇尚度假慢生活，清晨沙滩漫步，午后椰林下午茶，酷爱轻户外及后海冲浪。,名下持有一套旧两居，置换回款 65% + 个人理财储蓄补充 + 公积金商业贷,重性价比，不盲信大牌，但要求物业管理有序、绿化修剪及时、人防技防规范。,本地常住人口，四季生活规律，度假频次为常规年假出行。
三_2011_00093,三亚,2011,外地候鸟-华北,69,男,3.6,23.4,0.5,35.1,2,0,否,B,network,0.32,0.64,0.87,0.71,0.52,0.44,0.03,0,0.41,度假,一室一厅,74,3074,北京三甲医院退休教授,高知退休康养,三亚中环品质两居，车位及空间极其拥挤,老小区隔音差，邻里滋扰严重，且车位严重匮乏，每晚加班回来抢车位像打仗。,要求独立电梯入户，主次卧动线分明，配备独立保姆房和私密后院。,无需日常通勤，但要求30分钟内快捷通达凤凰机场或高铁站。,崇尚度假慢生活，清晨沙滩漫步，午后椰林下午茶，酷爱轻户外及后海冲浪。,名下持有一套旧两居，置换回款 65% + 个人理财储蓄补充 + 公积金商业贷,重性价比，不盲信大牌，但要求物业管理有序、绿化修剪及时、人防技防规范。,每年11月至次年3月到此度过漫长冬季，极其依赖周边的康养及适老化服务。
三_2011_00094,三亚,2011,本地改善,47,女,2.2,16.3,0.35,34.9,4,2,是,B,agent,0.9,0.64,0.66,0.41,0.27,0.82,0.38,0.81,0.45,自住-改善,一室一厅,63,3279,国企中层管理,二胎黄金期中大户型,三亚中环品质两居，车位及空间极其拥挤,小区无地下车库且人车不分流，小孩在楼下玩耍或者推婴儿车极为不安全。,讲究超高得房率（超85%），主卧套房必须配备独立步入式衣帽间与干湿分离双卫。,无需日常通勤，但要求30分钟内快捷通达凤凰机场或高铁站。,崇尚度假慢生活，清晨沙滩漫步，午后椰林下午茶，酷爱轻户外及后海冲浪。,名下持有一套旧两居，置换回款 65% + 个人理财储蓄补充 + 公积金商业贷,重性价比，不盲信大牌，但要求物业管理有序、绿化修剪及时、人防技防规范。,本地常住人口，四季生活规律，度假频次为常规年假出行。
三_2011_00095,三亚,2011,本地改善,47,女,3.3,19.8,0.35,42.4,4,1,是,B,agent,0.68,0.52,0.63,0.59,0.41,0.72,0.55,0.68,0.46,自住-改善,一室一厅,86,2723,智能新能源车企研发骨干,三口之家(学龄段),三亚中环品质两居，车位及空间极其拥挤,小区无地下车库且人车不分流，小孩在楼下玩耍或者推婴儿车极为不安全。,讲究超高得房率（超85%），主卧套房必须配备独立步入式衣帽间与干湿分离双卫。,无需日常通勤，但要求30分钟内快捷通达凤凰机场或高铁站。,崇尚度假慢生活，清晨沙滩漫步，午后椰林下午茶，酷爱轻户外及后海冲浪。,名下持有一套旧两居，置换回款 65% + 个人理财储蓄补充 + 公积金商业贷,重性价比，不盲信大牌，但要求物业管理有序、绿化修剪及时、人防技防规范。,本地常住人口，四季生活规律，度假频次为常规年假出行。
三_2011_00096,三亚,2011,本地改善,39,男,2.8,14.4,0.35,30.8,4,1,是,B,agent,0.81,0.61,0.54,0.51,0.37,0.86,0.47,0.68,0.55,自住-改善,两室两厅,66,3948,重点中学高级教师,三口之家(学龄段),三亚中环品质两居，车位及空间极其拥挤,小区无地下车库且人车不分流，小孩在楼下玩耍或者推婴儿车极为不安全。,讲究超高得房率（超85%），主卧套房必须配备独立步入式衣帽间与干湿分离双卫。,无需日常通勤，但要求30分钟内快捷通达凤凰机场或高铁站。,崇尚度假慢生活，清晨沙滩漫步，午后椰林下午茶，酷爱轻户外及后海冲浪。,名下持有一套旧两居，置换回款 65% + 个人理财储蓄补充 + 公积金商业贷,重性价比，不盲信大牌，但要求物业管理有序、绿化修剪及时、人防技防规范。,本地常住人口，四季生活规律，度假频次为常规年假出行。
三_2011_00097,三亚,2011,外地候鸟-东北,76,女,3.3,23.5,0.5,35.2,3,1,否,C,network,0.31,0.52,0.97,0.66,0.44,0.54,0.06,0.06,0.41,度假,两室两厅,74,3757,沈阳大型重工企业退休副厂长,三口之家(学龄段),与父母同住，三代人拥挤在旧区小户型老房中,小区无地下车库且人车不分流，小孩在楼下玩耍或者推婴儿车极为不安全。,要求有超大面宽南向双阳台（观景家政分离），主卧大飘窗能270度直面自然景观。,无需日常通勤，但要求30分钟内快捷通达凤凰机场或高铁站。,崇尚度假慢生活，清晨沙滩漫步，午后椰林下午茶，酷爱轻户外及后海冲浪。,名下持有一套旧两居，置换回款 65% + 个人理财储蓄补充 + 公积金商业贷,重性价比，不盲信大牌，但要求物业管理有序、绿化修剪及时、人防技防规范。,每年11月至次年3月到此度过漫长冬季，极其依赖周边的康养及适老化服务。
三_2011_00098,三亚,2011,外地候鸟-华北,59,男,4.1,40.4,0.5,60.6,2,0,否,B,network,0.24,0.54,0.8,0.73,0.53,0.42,0,0.04,0.56,养老,两室两厅,98,4734,北京三甲医院退休教授,高知退休康养,三亚中环品质两居，车位及空间极其拥挤,老小区隔音差，邻里滋扰严重，且车位严重匮乏，每晚加班回来抢车位像打仗。,要求独立电梯入户，主次卧动线分明，配备独立保姆房和私密后院。,无需日常通勤，但要求30分钟内快捷通达凤凰机场或高铁站。,崇尚度假慢生活，清晨沙滩漫步，午后椰林下午茶，酷爱轻户外及后海冲浪。,名下持有一套旧两居，置换回款 65% + 个人理财储蓄补充 + 公积金商业贷,重性价比，不盲信大牌，但要求物业管理有序、绿化修剪及时、人防技防规范。,每年11月至次年3月到此度过漫长冬季，极其依赖周边的康养及适老化服务。
三_2011_00099,三亚,2011,本地改善,38,男,4.0,19.4,0.35,41.5,3,0,否,B,agent,0.9,0.38,0.63,0.48,0.35,0.76,0.58,0.84,0.41,自住-改善,两室一厅,56,4643,智能新能源车企研发骨干,成熟期核心家庭,三亚中环品质两居，车位及空间极其拥挤,老小区隔音差，邻里滋扰严重，且车位严重匮乏，每晚加班回来抢车位像打仗。,讲究超高得房率（超85%），主卧套房必须配备独立步入式衣帽间与干湿分离双卫。,无需日常通勤，但要求30分钟内快捷通达凤凰机场或高铁站。,崇尚度假慢生活，清晨沙滩漫步，午后椰林下午茶，酷爱轻户外及后海冲浪。,名下持有一套旧两居，置换回款 65% + 个人理财储蓄补充 + 公积金商业贷,重性价比，不盲信大牌，但要求物业管理有序、绿化修剪及时、人防技防规范。,本地常住人口，四季生活规律，度假频次为常规年假出行。
三_2011_00100,三亚,2011,度假投资,52,女,8.4,81.9,0.4,153.6,4,2,否,A,research,0.83,0.5,0.81,0.67,0.5,0.41,0,0,0.71,投资-长持,三室一厅,145,7567,上市公司退休联合创始人,二胎黄金期中大户型,市中心私密洋房住宅,无高端私密会所及管家式物业配套，圈层鱼龙混杂，高净值居住体验差。,要求有超大面宽南向双阳台（观景家政分离），主卧大飘窗能270度直面自然景观。,无需日常通勤，但要求30分钟内快捷通达凤凰机场或高铁站。,周末常去高端商圈消费，热衷打网球和马术，重度手冲咖啡及黑胶唱片发烧友。,名下已有企业股权套现或分红现金，一次性全款付清，基本不加杠杆,非仁恒、绿城、万科等金牌开发商不买，极度看重高端精装质量与顶级物业的增值口碑。,每年11月至次年3月到此度过漫长冬季，极其依赖周边的康养及适老化服务。
三_2011_00101,三亚,2011,本地改善,48,女,2.8,20.0,0.35,42.9,3,2,是,B,agent,0.72,0.55,0.64,0.44,0.39,0.78,0.49,0.78,0.47,自住-改善,两室两厅,58,5754,国企中层管理,二胎黄金期中大户型,三亚中环品质两居，车位及空间极其拥挤,小区无地下车库且人车不分流，小孩在楼下玩耍或者推婴儿车极为不安全。,讲究超高得房率（超85%），主卧套房必须配备独立步入式衣帽间与干湿分离双卫。,无需日常通勤，但要求30分钟内快捷通达凤凰机场或高铁站。,崇尚度假慢生活，清晨沙滩漫步，午后椰林下午茶，酷爱轻户外及后海冲浪。,名下持有一套旧两居，置换回款 65% + 个人理财储蓄补充 + 公积金商业贷,重性价比，不盲信大牌，但要求物业管理有序、绿化修剪及时、人防技防规范。,本地常住人口，四季生活规律，度假频次为常规年假出行。
三_2011_00102,三亚,2011,本地改善,45,女,3.1,21.4,0.35,45.8,4,1,否,B,agent,0.58,0.39,0.46,0.49,0.4,0.74,0.6,0.69,0.6,自住-改善,两室一厅,50,7190,重点中学高级教师,三口之家(学龄段),三亚中环品质两居，车位及空间极其拥挤,小区无地下车库且人车不分流，小孩在楼下玩耍或者推婴儿车极为不安全。,讲究超高得房率（超85%），主卧套房必须配备独立步入式衣帽间与干湿分离双卫。,无需日常通勤，但要求30分钟内快捷通达凤凰机场或高铁站。,崇尚度假慢生活，清晨沙滩漫步，午后椰林下午茶，酷爱轻户外及后海冲浪。,名下持有一套旧两居，置换回款 65% + 个人理财储蓄补充 + 公积金商业贷,重性价比，不盲信大牌，但要求物业管理有序、绿化修剪及时、人防技防规范。,本地常住人口，四季生活规律，度假频次为常规年假出行。
三_2011_00103,三亚,2011,本地改善,46,男,1.6,8.6,0.35,18.4,3,1,否,B,agent,0.83,0.57,0.6,0.49,0.39,0.79,0.62,0.77,0.41,自住-改善,两室一厅,77,1626,重点中学高级教师,三口之家(学龄段),三亚中环品质两居，车位及空间极其拥挤,小区无地下车库且人车不分流，小孩在楼下玩耍或者推婴儿车极为不安全。,讲究超高得房率（超85%），主卧套房必须配备独立步入式衣帽间与干湿分离双卫。,无需日常通勤，但要求30分钟内快捷通达凤凰机场或高铁站。,崇尚度假慢生活，清晨沙滩漫步，午后椰林下午茶，酷爱轻户外及后海冲浪。,名下持有一套旧两居，置换回款 65% + 个人理财储蓄补充 + 公积金商业贷,重性价比，不盲信大牌，但要求物业管理有序、绿化修剪及时、人防技防规范。,本地常住人口，四季生活规律，度假频次为常规年假出行。
三_2011_00104,三亚,2011,度假投资,41,男,3.9,49.8,0.4,93.4,2,2,否,A,research,0.79,0.37,0.91,0.65,0.55,0.51,0.03,0.04,0.83,投资-短期,两室两厅,92,6587,知名中医药连锁投资人,二胎黄金期中大户型,陆家嘴核心区江景大平层,无高端私密会所及管家式物业配套，圈层鱼龙混杂，高净值居住体验差。,要求有超大面宽南向双阳台（观景家政分离），主卧大飘窗能270度直面自然景观。,无需日常通勤，但要求30分钟内快捷通达凤凰机场或高铁站。,周末常去高端商圈消费，热衷打网球和马术，重度手冲咖啡及黑胶唱片发烧友。,名下已有企业股权套现或分红现金，一次性全款付清，基本不加杠杆,非仁恒、绿城、万科等金牌开发商不买，极度看重高端精装质量与顶级物业的增值口碑。,每年11月至次年3月到此度过漫长冬季，极其依赖周边的康养及适老化服务。
三_2011_00105,三亚,2011,高净值康养,56,女,24.1,207.8,0.6,259.7,2,0,否,A,network,0.72,0.28,0.95,1,0.84,0.67,0.05,0.12,0.76,度假,两室两厅,101,22868,知名中医药连锁投资人,高知退休康养,陆家嘴核心区江景大平层,无高端私密会所及管家式物业配套，圈层鱼龙混杂，高净值居住体验差。,要求独立电梯入户，主次卧动线分明，配备独立保姆房和私密后院。,无需日常通勤，但要求30分钟内快捷通达凤凰机场或高铁站。,周末常去高端商圈消费，热衷打网球和马术，重度手冲咖啡及黑胶唱片发烧友。,名下已有企业股权套现或分红现金，一次性全款付清，基本不加杠杆,非仁恒、绿城、万科等金牌开发商不买，极度看重高端精装质量与顶级物业的增值口碑。,本地常住人口，四季生活规律，度假频次为常规年假出行。
三_2011_00106,三亚,2011,本地改善,44,女,2.5,19.0,0.35,40.7,5,1,否,B,agent,0.55,0.55,0.65,0.46,0.35,0.73,0.44,0.66,0.38,自住-改善,两室一厅,82,3911,智能新能源车企研发骨干,三口之家(学龄段),三亚中环品质两居，车位及空间极其拥挤,小区无地下车库且人车不分流，小孩在楼下玩耍或者推婴儿车极为不安全。,讲究超高得房率（超85%），主卧套房必须配备独立步入式衣帽间与干湿分离双卫。,无需日常通勤，但要求30分钟内快捷通达凤凰机场或高铁站。,崇尚度假慢生活，清晨沙滩漫步，午后椰林下午茶，酷爱轻户外及后海冲浪。,名下持有一套旧两居，置换回款 65% + 个人理财储蓄补充 + 公积金商业贷,重性价比，不盲信大牌，但要求物业管理有序、绿化修剪及时、人防技防规范。,本地常住人口，四季生活规律，度假频次为常规年假出行。
三_2011_00107,三亚,2011,本地改善,32,男,3.3,17.1,0.35,36.6,5,1,否,B,agent,0.77,0.73,0.58,0.46,0.26,0.84,0.54,0.74,0.49,自住-改善,两室两厅,74,4150,区级税务局一级主办,三口之家(幼龄段),三亚中环品质两居，车位及空间极其拥挤,小区无地下车库且人车不分流，小孩在楼下玩耍或者推婴儿车极为不安全。,讲究超高得房率（超85%），主卧套房必须配备独立步入式衣帽间与干湿分离双卫。,无需日常通勤，但要求30分钟内快捷通达凤凰机场或高铁站。,崇尚度假慢生活，清晨沙滩漫步，午后椰林下午茶，酷爱轻户外及后海冲浪。,名下持有一套旧两居，置换回款 65% + 个人理财储蓄补充 + 公积金商业贷,重性价比，不盲信大牌，但要求物业管理有序、绿化修剪及时、人防技防规范。,本地常住人口，四季生活规律，度假频次为常规年假出行。
三_2011_00108,三亚,2011,本地改善,30,女,2.8,15.6,0.35,33.4,5,1,是,B,agent,0.65,0.5,0.63,0.55,0.57,0.75,0.35,0.68,0.42,自住-改善,两室一厅,84,2388,国企中层管理,三口之家(幼龄段),三亚中环品质两居，车位及空间极其拥挤,小区无地下车库且人车不分流，小孩在楼下玩耍或者推婴儿车极为不安全。,讲究超高得房率（超85%），主卧套房必须配备独立步入式衣帽间与干湿分离双卫。,无需日常通勤，但要求30分钟内快捷通达凤凰机场或高铁站。,崇尚度假慢生活，清晨沙滩漫步，午后椰林下午茶，酷爱轻户外及后海冲浪。,名下持有一套旧两居，置换回款 65% + 个人理财储蓄补充 + 公积金商业贷,重性价比，不盲信大牌，但要求物业管理有序、绿化修剪及时、人防技防规范。,本地常住人口，四季生活规律，度假频次为常规年假出行。
三_2011_00109,三亚,2011,外地候鸟-东北,66,女,4.4,22.1,0.5,33.2,3,0,是,C,network,0.15,0.63,0.9,0.85,0.4,0.51,0.1,0,0.48,度假,两室一厅,63,3574,哈尔滨私营物流老板,高知退休康养,与父母同住，三代人拥挤在旧区小户型老房中,当前房屋属于旧多层无电梯房，父母年纪渐高每天爬楼梯极为吃力。,要求独立电梯入户，主次卧动线分明，配备独立保姆房和私密后院。,无需日常通勤，但要求30分钟内快捷通达凤凰机场或高铁站。,崇尚度假慢生活，清晨沙滩漫步，午后椰林下午茶，酷爱轻户外及后海冲浪。,名下持有一套旧两居，置换回款 65% + 个人理财储蓄补充 + 公积金商业贷,重性价比，不盲信大牌，但要求物业管理有序、绿化修剪及时、人防技防规范。,每年11月至次年3月到此度过漫长冬季，极其依赖周边的康养及适老化服务。
三_2011_00110,三亚,2011,高净值康养,53,男,22.1,244.9,0.6,306.1,2,0,否,A,network,0.71,0.29,1,1,0.82,0.62,0.09,0.07,1,度假,四室两厅,198,10525,知名中医药连锁投资人,成熟期核心家庭,陆家嘴核心区江景大平层,无高端私密会所及管家式物业配套，圈层鱼龙混杂，高净值居住体验差。,要求独立电梯入户，主次卧动线分明，配备独立保姆房和私密后院。,无需日常通勤，但要求30分钟内快捷通达凤凰机场或高铁站。,周末常去高端商圈消费，热衷打网球和马术，重度手冲咖啡及黑胶唱片发烧友。,名下已有企业股权套现或分红现金，一次性全款付清，基本不加杠杆,非仁恒、绿城、万科等金牌开发商不买，极度看重高端精装质量与顶级物业的增值口碑。,本地常住人口，四季生活规律，度假频次为常规年假出行。
三_2011_00111,三亚,2011,本地改善,49,女,1.2,7.8,0.35,16.7,4,1,否,B,agent,1,0.7,0.73,0.4,0.27,0.73,0.53,0.76,0.46,自住-改善,两室两厅,88,1637,智能新能源车企研发骨干,三口之家(学龄段),三亚中环品质两居，车位及空间极其拥挤,小区无地下车库且人车不分流，小孩在楼下玩耍或者推婴儿车极为不安全。,要求有超大面宽南向双阳台（观景家政分离），主卧大飘窗能270度直面自然景观。,无需日常通勤，但要求30分钟内快捷通达凤凰机场或高铁站。,崇尚度假慢生活，清晨沙滩漫步，午后椰林下午茶，酷爱轻户外及后海冲浪。,名下持有一套旧两居，置换回款 65% + 个人理财储蓄补充 + 公积金商业贷,重性价比，不盲信大牌，但要求物业管理有序、绿化修剪及时、人防技防规范。,本地常住人口，四季生活规律，度假频次为常规年假出行。
三_2011_00112,三亚,2011,外地候鸟-华北,55,女,3.0,22.7,0.5,34.1,2,0,否,B,network,0.6,0.46,1,0.83,0.61,0.56,0,0.03,0.73,度假,一室一厅,74,3066,北京三甲医院退休教授,高知退休康养,三亚中环品质两居，车位及空间极其拥挤,老小区隔音差，邻里滋扰严重，且车位严重匮乏，每晚加班回来抢车位像打仗。,要求独立电梯入户，主次卧动线分明，配备独立保姆房和私密后院。,无需日常通勤，但要求30分钟内快捷通达凤凰机场或高铁站。,崇尚度假慢生活，清晨沙滩漫步，午后椰林下午茶，酷爱轻户外及后海冲浪。,名下持有一套旧两居，置换回款 65% + 个人理财储蓄补充 + 公积金商业贷,非仁恒、绿城、万科等金牌开发商不买，极度看重高端精装质量与顶级物业的增值口碑。,每年11月至次年3月到此度过漫长冬季，极其依赖周边的康养及适老化服务。
三_2011_00113,三亚,2011,外地候鸟-华北,60,女,5.5,46.2,0.5,69.3,2,0,否,B,network,0.42,0.43,1,0.74,0.55,0.54,0,0,0.48,度假,两室两厅,58,10173,北京三甲医院退休教授,高知退休康养,三亚中环品质两居，车位及空间极其拥挤,老小区隔音差，邻里滋扰严重，且车位严重匮乏，每晚加班回来抢车位像打仗。,要求独立电梯入户，主次卧动线分明，配备独立保姆房和私密后院。,无需日常通勤，但要求30分钟内快捷通达凤凰机场或高铁站。,崇尚度假慢生活，清晨沙滩漫步，午后椰林下午茶，酷爱轻户外及后海冲浪。,名下持有一套旧两居，置换回款 65% + 个人理财储蓄补充 + 公积金商业贷,重性价比，不盲信大牌，但要求物业管理有序、绿化修剪及时、人防技防规范。,每年11月至次年3月到此度过漫长冬季，极其依赖周边的康养及适老化服务。
三_2011_00114,三亚,2011,外地候鸟-华北,57,男,3.1,31.9,0.5,47.8,2,0,是,B,network,0.59,0.55,1,0.61,0.65,0.5,0.1,0,0.64,度假,两室一厅,69,4877,高校资深硕导,高知退休康养,三亚中环品质两居，车位及空间极其拥挤,当前房屋属于旧多层无电梯房，父母年纪渐高每天爬楼梯极为吃力。,要求有超大面宽南向双阳台（观景家政分离），主卧大飘窗能270度直面自然景观。,无需日常通勤，但要求30分钟内快捷通达凤凰机场或高铁站。,崇尚度假慢生活，清晨沙滩漫步，午后椰林下午茶，酷爱轻户外及后海冲浪。,名下持有一套旧两居，置换回款 65% + 个人理财储蓄补充 + 公积金商业贷,重性价比，不盲信大牌，但要求物业管理有序、绿化修剪及时、人防技防规范。,每年11月至次年3月到此度过漫长冬季，极其依赖周边的康养及适老化服务。
三_2011_00115,三亚,2011,外地候鸟-华北,60,男,3.8,37.9,0.5,56.8,2,0,否,B,network,0.36,0.45,0.88,0.82,0.61,0.56,0.0,0.03,0.73,养老,两室两厅,61,8236,央企总部退休总工,高知退休康养,三亚中环品质两居，车位及空间极其拥挤,老小区隔音差，邻里滋扰严重，且车位严重匮乏，每晚加班回来抢车位像打仗。,要求独立电梯入户，主次卧动线分明，配备独立保姆房和私密后院。,无需日常通勤，但要求30分钟内快捷通达凤凰机场或高铁站。,崇尚度假慢生活，清晨沙滩漫步，午后椰林下午茶，酷爱轻户外及后海冲浪。,名下持有一套旧两居，置换回款 65% + 个人理财储蓄补充 + 公积金商业贷,非仁恒、绿城、万科等金牌开发商不买，极度看重高端精装质量与顶级物业的增值口碑。,每年11月至次年3月到此度过漫长冬季，极其依赖周边的康养及适老化服务。
三_2011_00116,三亚,2011,本地改善,33,男,3.5,25.4,0.35,54.4,5,1,否,B,agent,0.73,0.45,0.65,0.52,0.38,0.81,0.65,0.7,0.51,自住-改善,两室两厅,84,4673,区级税务局一级主办,三口之家(幼龄段),三亚中环品质两居，车位及空间极其拥挤,小区无地下车库且人车不分流，小孩在楼下玩耍或者推婴儿车极为不安全。,讲究超高得房率（超85%），主卧套房必须配备独立步入式衣帽间与干湿分离双卫。,无需日常通勤，但要求30分钟内快捷通达凤凰机场或高铁站。,崇尚度假慢生活，清晨沙滩漫步，午后椰林下午茶，酷爱轻户外及后海冲浪。,名下持有一套旧两居，置换回款 65% + 个人理财储蓄补充 + 公积金商业贷,重性价比，不盲信大牌，但要求物业管理有序、绿化修剪及时、人防技防规范。,本地常住人口，四季生活规律，度假频次为常规年假出行。
三_2011_00117,三亚,2011,度假投资,53,女,5.7,63.8,0.4,119.6,3,1,是,A,research,1,0.39,0.95,0.58,0.5,0.37,0,0,0.71,投资-长持,两室一厅,83,10057,上市公司退休联合创始人,三口之家(学龄段),陆家嘴核心区江景大平层,当前房屋属于旧多层无电梯房，父母年纪渐高每天爬楼梯极为吃力。,要求有超大面宽南向双阳台（观景家政分离），主卧大飘窗能270度直面自然景观。,无需日常通勤，但要求30分钟内快捷通达凤凰机场或高铁站。,周末常去高端商圈消费，热衷打网球和马术，重度手冲咖啡及黑胶唱片发烧友。,名下已有企业股权套现或分红现金，一次性全款付清，基本不加杠杆,非仁恒、绿城、万科等金牌开发商不买，极度看重高端精装质量与顶级物业的增值口碑。,每年11月至次年3月到此度过漫长冬季，极其依赖周边的康养及适老化服务。
三_2011_00118,三亚,2011,度假投资,48,男,8.4,89.3,0.4,167.4,2,1,否,A,research,0.87,0.39,0.78,0.51,0.49,0.45,0,0,0.87,投资-短期,两室两厅,106,14153,上市公司退休联合创始人,三口之家(学龄段),西湖边高精平层,无高端私密会所及管家式物业配套，圈层鱼龙混杂，高净值居住体验差。,要求有超大面宽南向双阳台（观景家政分离），主卧大飘窗能270度直面自然景观。,无需日常通勤，但要求30分钟内快捷通达凤凰机场或高铁站。,周末常去高端商圈消费，热衷打网球和马术，重度手冲咖啡及黑胶唱片发烧友。,名下已有企业股权套现或分红现金，一次性全款付清，基本不加杠杆,非仁恒、绿城、万科等金牌开发商不买，极度看重高端精装质量与顶级物业的增值口碑。,每年11月至次年3月到此度过漫长冬季，极其依赖周边的康养及适老化服务。
三_2011_00119,三亚,2011,外地候鸟-华北,73,男,2.6,25.1,0.5,37.6,2,0,否,B,network,0.54,0.47,1,0.82,0.69,0.52,0.09,0.02,0.61,养老,一室一厅,96,2246,高校资深硕导,高知退休康养,三亚中环品质两居，车位及空间极其拥挤,老小区隔音差，邻里滋扰严重，且车位严重匮乏，每晚加班回来抢车位像打仗。,要求独立电梯入户，主次卧动线分明，配备独立保姆房和私密后院。,无需日常通勤，但要求30分钟内快捷通达凤凰机场或高铁站。,崇尚度假慢生活，清晨沙滩漫步，午后椰林下午茶，酷爱轻户外及后海冲浪。,名下持有一套旧两居，置换回款 65% + 个人理财储蓄补充 + 公积金商业贷,重性价比，不盲信大牌，但要求物业管理有序、绿化修剪及时、人防技防规范。,每年11月至次年3月到此度过漫长冬季，极其依赖周边的康养及适老化服务。
三_2011_00120,三亚,2011,度假投资,37,女,2.6,31.8,0.4,59.6,4,1,否,A,research,1,0.38,0.79,0.58,0.52,0.34,0.01,0,0.68,投资-长持,两室两厅,87,5826,上市公司退休联合创始人,三口之家(幼龄段),陆家嘴核心区江景大平层,无高端私密会所及管家式物业配套，圈层鱼龙混杂，高净值居住体验差。,要求有超大面宽南向双阳台（观景家政分离），主卧大飘窗能270度直面自然景观。,无需日常通勤，但要求30分钟内快捷通达凤凰机场或高铁站。,周末常去高端商圈消费，热衷打网球和马术，重度手冲咖啡及黑胶唱片发烧友。,名下已有企业股权套现或分红现金，一次性全款付清，基本不加杠杆,重性价比，不盲信大牌，但要求物业管理有序、绿化修剪及时、人防技防规范。,每年11月至次年3月到此度过漫长冬季，极其依赖周边的康养及适老化服务。
三_2011_00121,三亚,2011,外地候鸟-东北,71,女,3.8,32.6,0.5,48.9,3,0,否,C,network,0.51,0.63,0.87,0.75,0.45,0.48,0.07,0,0.48,度假,一室一厅,65,5770,沈阳大型重工企业退休副厂长,高知退休康养,与父母同住，三代人拥挤在旧区小户型老房中,老小区隔音差，邻里滋扰严重，且车位严重匮乏，每晚加班回来抢车位像打仗。,要求独立电梯入户，主次卧动线分明，配备独立保姆房和私密后院。,无需日常通勤，但要求30分钟内快捷通达凤凰机场或高铁站。,崇尚度假慢生活，清晨沙滩漫步，午后椰林下午茶，酷爱轻户外及后海冲浪。,名下持有一套旧两居，置换回款 65% + 个人理财储蓄补充 + 公积金商业贷,重性价比，不盲信大牌，但要求物业管理有序、绿化修剪及时、人防技防规范。,每年11月至次年3月到此度过漫长冬季，极其依赖周边的康养及适老化服务。
三_2011_00122,三亚,2011,本地改善,47,男,2.6,16.7,0.35,35.9,3,0,是,B,agent,0.82,0.45,0.63,0.49,0.34,0.9,0.55,0.74,0.58,自住-改善,一室一厅,68,2863,国企中层管理,成熟期核心家庭,三亚中环品质两居，车位及空间极其拥挤,当前房屋属于旧多层无电梯房，父母年纪渐高每天爬楼梯极为吃力。,讲究超高得房率（超85%），主卧套房必须配备独立步入式衣帽间与干湿分离双卫。,无需日常通勤，但要求30分钟内快捷通达凤凰机场或高铁站。,崇尚度假慢生活，清晨沙滩漫步，午后椰林下午茶，酷爱轻户外及后海冲浪。,名下持有一套旧两居，置换回款 65% + 个人理财储蓄补充 + 公积金商业贷,重性价比，不盲信大牌，但要求物业管理有序、绿化修剪及时、人防技防规范。,本地常住人口，四季生活规律，度假频次为常规年假出行。
三_2011_00123,三亚,2011,本地改善,47,女,1.9,11.5,0.35,24.6,5,1,是,B,agent,0.71,0.47,0.63,0.45,0.39,0.92,0.44,0.75,0.4,自住-改善,两室一厅,68,1860,智能新能源车企研发骨干,三口之家(学龄段),三亚中环品质两居，车位及空间极其拥挤,小区无地下车库且人车不分流，小孩在楼下玩耍或者推婴儿车极为不安全。,讲究超高得房率（超85%），主卧套房必须配备独立步入式衣帽间与干湿分离双卫。,无需日常通勤，但要求30分钟内快捷通达凤凰机场或高铁站。,崇尚度假慢生活，清晨沙滩漫步，午后椰林下午茶，酷爱轻户外及后海冲浪。,名下持有一套旧两居，置换回款 65% + 个人理财储蓄补充 + 公积金商业贷,重性价比，不盲信大牌，但要求物业管理有序、绿化修剪及时、人防技防规范。,本地常住人口，四季生活规律，度假频次为常规年假出行。
三_2011_00124,三亚,2011,度假投资,38,女,15.1,161.5,0.4,302.9,4,1,否,A,research,0.93,0.48,0.83,0.65,0.47,0.53,0.13,0.06,0.73,度假,四室两厅,172,14419,知名中医药连锁投资人,三口之家(学龄段),西湖边高精平层,无高端私密会所及管家式物业配套，圈层鱼龙混杂，高净值居住体验差。,要求有超大面宽南向双阳台（观景家政分离），主卧大飘窗能270度直面自然景观。,无需日常通勤，但要求30分钟内快捷通达凤凰机场或高铁站。,周末常去高端商圈消费，热衷打网球和马术，重度手冲咖啡及黑胶唱片发烧友。,名下已有企业股权套现或分红现金，一次性全款付清，基本不加杠杆,非仁恒、绿城、万科等金牌开发商不买，极度看重高端精装质量与顶级物业的增值口碑。,每年11月至次年3月到此度过漫长冬季，极其依赖周边的康养及适老化服务。
三_2011_00125,三亚,2011,本地改善,38,女,1.7,12.9,0.35,27.7,4,2,是,B,agent,0.7,0.49,0.61,0.5,0.44,0.69,0.55,0.7,0.42,自住-改善,两室两厅,100,1418,国企中层管理,二胎黄金期中大户型,三亚中环品质两居，车位及空间极其拥挤,小区无地下车库且人车不分流，小孩在楼下玩耍或者推婴儿车极为不安全。,核心要求地块属于第一梯队名校学区，且周边500米内解决幼小衔接教育配套。,无需日常通勤，但要求30分钟内快捷通达凤凰机场或高铁站。,崇尚度假慢生活，清晨沙滩漫步，午后椰林下午茶，酷爱轻户外及后海冲浪。,名下持有一套旧两居，置换回款 65% + 个人理财储蓄补充 + 公积金商业贷,重性价比，不盲信大牌，但要求物业管理有序、绿化修剪及时、人防技防规范。,本地常住人口，四季生活规律，度假频次为常规年假出行。
三_2011_00126,三亚,2011,本地改善,36,男,3.6,21.6,0.35,46.4,4,0,是,B,agent,0.72,0.43,0.55,0.48,0.43,0.8,0.64,0.58,0.45,自住-改善,两室两厅,93,2742,国企中层管理,成熟期核心家庭,三亚中环品质两居，车位及空间极其拥挤,当前房屋属于旧多层无电梯房，父母年纪渐高每天爬楼梯极为吃力。,讲究超高得房率（超85%），主卧套房必须配备独立步入式衣帽间与干湿分离双卫。,无需日常通勤，但要求30分钟内快捷通达凤凰机场或高铁站。,崇尚度假慢生活，清晨沙滩漫步，午后椰林下午茶，酷爱轻户外及后海冲浪。,名下持有一套旧两居，置换回款 65% + 个人理财储蓄补充 + 公积金商业贷,重性价比，不盲信大牌，但要求物业管理有序、绿化修剪及时、人防技防规范。,本地常住人口，四季生活规律，度假频次为常规年假出行。
三_2011_00127,三亚,2011,外地候鸟-华北,63,女,3.6,31.9,0.5,47.8,2,0,否,B,network,0.46,0.59,0.88,0.83,0.6,0.52,0.04,0.02,0.58,养老,一室一厅,94,4143,高校资深硕导,高知退休康养,三亚中环品质两居，车位及空间极其拥挤,老小区隔音差，邻里滋扰严重，且车位严重匮乏，每晚加班回来抢车位像打仗。,要求独立电梯入户，主次卧动线分明，配备独立保姆房和私密后院。,无需日常通勤，但要求30分钟内快捷通达凤凰机场或高铁站。,崇尚度假慢生活，清晨沙滩漫步，午后椰林下午茶，酷爱轻户外及后海冲浪。,名下持有一套旧两居，置换回款 65% + 个人理财储蓄补充 + 公积金商业贷,重性价比，不盲信大牌，但要求物业管理有序、绿化修剪及时、人防技防规范。,每年11月至次年3月到此度过漫长冬季，极其依赖周边的康养及适老化服务。
三_2011_00128,三亚,2011,本地改善,49,男,2.3,12.6,0.35,26.9,4,1,是,B,agent,0.76,0.53,0.47,0.47,0.4,0.83,0.48,0.79,0.37,自住-改善,两室一厅,64,2738,三甲医院主治医师,三口之家(学龄段),三亚中环品质两居，车位及空间极其拥挤,小区无地下车库且人车不分流，小孩在楼下玩耍或者推婴儿车极为不安全。,讲究超高得房率（超85%），主卧套房必须配备独立步入式衣帽间与干湿分离双卫。,无需日常通勤，但要求30分钟内快捷通达凤凰机场或高铁站。,崇尚度假慢生活，清晨沙滩漫步，午后椰林下午茶，酷爱轻户外及后海冲浪。,名下持有一套旧两居，置换回款 65% + 个人理财储蓄补充 + 公积金商业贷,重性价比，不盲信大牌，但要求物业管理有序、绿化修剪及时、人防技防规范。,本地常住人口，四季生活规律，度假频次为常规年假出行。
三_2011_00129,三亚,2011,外地候鸟-华北,65,女,4.2,42.7,0.5,64.1,3,0,否,B,network,0.52,0.45,1.0,0.62,0.53,0.46,0,0.04,0.57,养老,一室一厅,96,4038,北京三甲医院退休教授,高知退休康养,三亚中环品质两居，车位及空间极其拥挤,老小区隔音差，邻里滋扰严重，且车位严重匮乏，每晚加班回来抢车位像打仗。,要求有超大面宽南向双阳台（观景家政分离），主卧大飘窗能270度直面自然景观。,无需日常通勤，但要求30分钟内快捷通达凤凰机场或高铁站。,崇尚度假慢生活，清晨沙滩漫步，午后椰林下午茶，酷爱轻户外及后海冲浪。,名下持有一套旧两居，置换回款 65% + 个人理财储蓄补充 + 公积金商业贷,重性价比，不盲信大牌，但要求物业管理有序、绿化修剪及时、人防技防规范。,每年11月至次年3月到此度过漫长冬季，极其依赖周边的康养及适老化服务。
三_2011_00130,三亚,2011,外地候鸟-西北,73,男,4.4,40.6,0.5,60.9,2,0,否,C,network,0.41,0.54,0.93,0.71,0.56,0.43,0,0,0.67,养老,两室一厅,57,8988,西安设计院退休总建筑师,高知退休康养,与父母同住，三代人拥挤在旧区小户型老房中,老小区隔音差，邻里滋扰严重，且车位严重匮乏，每晚加班回来抢车位像打仗。,要求独立电梯入户，主次卧动线分明，配备独立保姆房和私密后院。,无需日常通勤，但要求30分钟内快捷通达凤凰机场或高铁站。,崇尚度假慢生活，清晨沙滩漫步，午后椰林下午茶，酷爱轻户外及后海冲浪。,名下持有一套旧两居，置换回款 65% + 个人理财储蓄补充 + 公积金商业贷,重性价比，不盲信大牌，但要求物业管理有序、绿化修剪及时、人防技防规范。,每年11月至次年3月到此度过漫长冬季，极其依赖周边的康养及适老化服务。
三_2011_00131,三亚,2011,外地候鸟-华北,58,女,3.9,38.8,0.5,58.2,1,0,否,B,network,0.68,0.56,1,0.74,0.58,0.47,0,0,0.53,度假,两室两厅,63,5554,北京三甲医院退休教授,高知退休康养,三亚中环品质两居，车位及空间极其拥挤,老小区隔音差，邻里滋扰严重，且车位严重匮乏，每晚加班回来抢车位像打仗。,要求独立电梯入户，主次卧动线分明，配备独立保姆房和私密后院。,无需日常通勤，但要求30分钟内快捷通达凤凰机场或高铁站。,崇尚度假慢生活，清晨沙滩漫步，午后椰林下午茶，酷爱轻户外及后海冲浪。,名下持有一套旧两居，置换回款 65% + 个人理财储蓄补充 + 公积金商业贷,重性价比，不盲信大牌，但要求物业管理有序、绿化修剪及时、人防技防规范。,每年11月至次年3月到此度过漫长冬季，极其依赖周边的康养及适老化服务。
三_2011_00132,三亚,2011,本地改善,39,女,1.4,8.1,0.35,17.4,5,1,否,B,agent,0.74,0.58,0.47,0.59,0.44,0.72,0.54,0.59,0.51,自住-改善,两室一厅,87,1603,重点中学高级教师,三口之家(学龄段),三亚中环品质两居，车位及空间极其拥挤,小区无地下车库且人车不分流，小孩在楼下玩耍或者推婴儿车极为不安全。,讲究超高得房率（超85%），主卧套房必须配备独立步入式衣帽间与干湿分离双卫。,无需日常通勤，但要求30分钟内快捷通达凤凰机场或高铁站。,崇尚度假慢生活，清晨沙滩漫步，午后椰林下午茶，酷爱轻户外及后海冲浪。,名下持有一套旧两居，置换回款 65% + 个人理财储蓄补充 + 公积金商业贷,重性价比，不盲信大牌，但要求物业管理有序、绿化修剪及时、人防技防规范。,本地常住人口，四季生活规律，度假频次为常规年假出行。
三_2011_00133,三亚,2011,外地候鸟-东北,58,男,2.1,10.5,0.5,15.7,1,1,否,C,network,0.35,0.57,1,0.69,0.45,0.47,0.05,0.13,0.35,养老,两室一厅,98,929,哈尔滨私营物流老板,三口之家(学龄段),与父母同住，三代人拥挤在旧区小户型老房中,小区无地下车库且人车不分流，小孩在楼下玩耍或者推婴儿车极为不安全。,要求有超大面宽南向双阳台（观景家政分离），主卧大飘窗能270度直面自然景观。,无需日常通勤，但要求30分钟内快捷通达凤凰机场或高铁站。,崇尚度假慢生活，清晨沙滩漫步，午后椰林下午茶，酷爱轻户外及后海冲浪。,名下持有一套旧两居，置换回款 65% + 个人理财储蓄补充 + 公积金商业贷,重性价比，不盲信大牌，但要求物业管理有序、绿化修剪及时、人防技防规范。,每年11月至次年3月到此度过漫长冬季，极其依赖周边的康养及适老化服务。
三_2011_00134,三亚,2011,度假投资,41,女,2.8,35.2,0.4,66.0,3,0,否,A,research,0.96,0.33,0.78,0.71,0.63,0.62,0.06,0,0.63,度假,两室一厅,72,5971,知名中医药连锁投资人,成熟期核心家庭,西湖边高精平层,无高端私密会所及管家式物业配套，圈层鱼龙混杂，高净值居住体验差。,要求独立电梯入户，主次卧动线分明，配备独立保姆房和私密后院。,无需日常通勤，但要求30分钟内快捷通达凤凰机场或高铁站。,周末常去高端商圈消费，热衷打网球和马术，重度手冲咖啡及黑胶唱片发烧友。,名下已有企业股权套现或分红现金，一次性全款付清，基本不加杠杆,重性价比，不盲信大牌，但要求物业管理有序、绿化修剪及时、人防技防规范。,每年11月至次年3月到此度过漫长冬季，极其依赖周边的康养及适老化服务。
三_2011_00135,三亚,2011,外地候鸟-东北,69,女,4.1,21.1,0.5,31.7,1,0,否,C,network,0.25,0.63,0.97,0.59,0.39,0.51,0,0,0.57,养老,一室一厅,52,3533,沈阳大型重工企业退休副厂长,高知退休康养,与父母同住，三代人拥挤在旧区小户型老房中,老小区隔音差，邻里滋扰严重，且车位严重匮乏，每晚加班回来抢车位像打仗。,要求有超大面宽南向双阳台（观景家政分离），主卧大飘窗能270度直面自然景观。,无需日常通勤，但要求30分钟内快捷通达凤凰机场或高铁站。,崇尚度假慢生活，清晨沙滩漫步，午后椰林下午茶，酷爱轻户外及后海冲浪。,名下持有一套旧两居，置换回款 65% + 个人理财储蓄补充 + 公积金商业贷,重性价比，不盲信大牌，但要求物业管理有序、绿化修剪及时、人防技防规范。,每年11月至次年3月到此度过漫长冬季，极其依赖周边的康养及适老化服务。
三_2011_00136,三亚,2011,度假投资,51,女,6.0,58.7,0.4,110.0,2,1,否,A,research,0.62,0.35,0.95,0.52,0.65,0.37,0,0.06,0.56,投资-长持,两室一厅,98,7947,知名中医药连锁投资人,三口之家(学龄段),陆家嘴核心区江景大平层,无高端私密会所及管家式物业配套，圈层鱼龙混杂，高净值居住体验差。,要求有超大面宽南向双阳台（观景家政分离），主卧大飘窗能270度直面自然景观。,无需日常通勤，但要求30分钟内快捷通达凤凰机场或高铁站。,周末常去高端商圈消费，热衷打网球和马术，重度手冲咖啡及黑胶唱片发烧友。,名下已有企业股权套现或分红现金，一次性全款付清，基本不加杠杆,重性价比，不盲信大牌，但要求物业管理有序、绿化修剪及时、人防技防规范。,每年11月至次年3月到此度过漫长冬季，极其依赖周边的康养及适老化服务。
三_2011_00137,三亚,2011,外地候鸟-东北,72,男,3.8,24.4,0.5,36.6,2,0,否,C,network,0.34,0.6,0.87,0.72,0.47,0.34,0.01,0.12,0.37,度假,两室两厅,78,2421,沈阳大型重工企业退休副厂长,高知退休康养,与父母同住，三代人拥挤在旧区小户型老房中,老小区隔音差，邻里滋扰严重，且车位严重匮乏，每晚加班回来抢车位像打仗。,要求独立电梯入户，主次卧动线分明，配备独立保姆房和私密后院。,无需日常通勤，但要求30分钟内快捷通达凤凰机场或高铁站。,崇尚度假慢生活，清晨沙滩漫步，午后椰林下午茶，酷爱轻户外及后海冲浪。,名下持有一套旧两居，置换回款 65% + 个人理财储蓄补充 + 公积金商业贷,重性价比，不盲信大牌，但要求物业管理有序、绿化修剪及时、人防技防规范。,每年11月至次年3月到此度过漫长冬季，极其依赖周边的康养及适老化服务。
三_2011_00138,三亚,2011,外地候鸟-华北,67,男,5.9,40.5,0.5,60.7,2,0,否,B,network,0.56,0.61,0.76,0.56,0.69,0.49,0,0.01,0.52,度假,两室一厅,97,4171,央企总部退休总工,高知退休康养,三亚中环品质两居，车位及空间极其拥挤,老小区隔音差，邻里滋扰严重，且车位严重匮乏，每晚加班回来抢车位像打仗。,要求有超大面宽南向双阳台（观景家政分离），主卧大飘窗能270度直面自然景观。,无需日常通勤，但要求30分钟内快捷通达凤凰机场或高铁站。,崇尚度假慢生活，清晨沙滩漫步，午后椰林下午茶，酷爱轻户外及后海冲浪。,名下持有一套旧两居，置换回款 65% + 个人理财储蓄补充 + 公积金商业贷,重性价比，不盲信大牌，但要求物业管理有序、绿化修剪及时、人防技防规范。,每年11月至次年3月到此度过漫长冬季，极其依赖周边的康养及适老化服务。
三_2011_00139,三亚,2011,外地候鸟-华北,55,女,5.6,43.0,0.5,64.6,1,0,否,B,network,0.52,0.74,0.89,0.69,0.78,0.49,0.06,0,0.51,养老,两室两厅,95,3952,北京三甲医院退休教授,高知退休康养,三亚中环品质两居，车位及空间极其拥挤,老小区隔音差，邻里滋扰严重，且车位严重匮乏，每晚加班回来抢车位像打仗。,要求有超大面宽南向双阳台（观景家政分离），主卧大飘窗能270度直面自然景观。,无需日常通勤，但要求30分钟内快捷通达凤凰机场或高铁站。,崇尚度假慢生活，清晨沙滩漫步，午后椰林下午茶，酷爱轻户外及后海冲浪。,名下持有一套旧两居，置换回款 65% + 个人理财储蓄补充 + 公积金商业贷,重性价比，不盲信大牌，但要求物业管理有序、绿化修剪及时、人防技防规范。,每年11月至次年3月到此度过漫长冬季，极其依赖周边的康养及适老化服务。
三_2011_00140,三亚,2011,外地候鸟-西北,71,女,3.2,29.6,0.5,44.3,2,0,否,C,network,0.43,0.77,0.97,0.57,0.41,0.61,0,0.01,0.5,养老,两室两厅,76,3454,兰州煤炭物流运输企业主,高知退休康养,与父母同住，三代人拥挤在旧区小户型老房中,老小区隔音差，邻里滋扰严重，且车位严重匮乏，每晚加班回来抢车位像打仗。,要求有超大面宽南向双阳台（观景家政分离），主卧大飘窗能270度直面自然景观。,无需日常通勤，但要求30分钟内快捷通达凤凰机场或高铁站。,崇尚度假慢生活，清晨沙滩漫步，午后椰林下午茶，酷爱轻户外及后海冲浪。,名下持有一套旧两居，置换回款 65% + 个人理财储蓄补充 + 公积金商业贷,重性价比，不盲信大牌，但要求物业管理有序、绿化修剪及时、人防技防规范。,每年11月至次年3月到此度过漫长冬季，极其依赖周边的康养及适老化服务。
三_2011_00141,三亚,2011,外地候鸟-华北,57,男,1.7,9.9,0.5,14.9,2,1,否,B,network,0.37,0.63,0.84,0.67,0.5,0.37,0.06,0.04,0.62,养老,两室两厅,82,1182,央企总部退休总工,三口之家(学龄段),三亚中环品质两居，车位及空间极其拥挤,小区无地下车库且人车不分流，小孩在楼下玩耍或者推婴儿车极为不安全。,要求有超大面宽南向双阳台（观景家政分离），主卧大飘窗能270度直面自然景观。,无需日常通勤，但要求30分钟内快捷通达凤凰机场或高铁站。,崇尚度假慢生活，清晨沙滩漫步，午后椰林下午茶，酷爱轻户外及后海冲浪。,名下持有一套旧两居，置换回款 65% + 个人理财储蓄补充 + 公积金商业贷,重性价比，不盲信大牌，但要求物业管理有序、绿化修剪及时、人防技防规范。,每年11月至次年3月到此度过漫长冬季，极其依赖周边的康养及适老化服务。
三_2011_00142,三亚,2011,外地候鸟-西北,64,男,2.3,21.6,0.5,32.3,1,1,是,C,network,0.29,0.67,0.92,0.64,0.34,0.54,0.11,0,0.59,度假,两室一厅,88,2852,西安设计院退休总建筑师,三口之家(学龄段),与父母同住，三代人拥挤在旧区小户型老房中,小区无地下车库且人车不分流，小孩在楼下玩耍或者推婴儿车极为不安全。,要求有超大面宽南向双阳台（观景家政分离），主卧大飘窗能270度直面自然景观。,无需日常通勤，但要求30分钟内快捷通达凤凰机场或高铁站。,崇尚度假慢生活，清晨沙滩漫步，午后椰林下午茶，酷爱轻户外及后海冲浪。,名下持有一套旧两居，置换回款 65% + 个人理财储蓄补充 + 公积金商业贷,重性价比，不盲信大牌，但要求物业管理有序、绿化修剪及时、人防技防规范。,每年11月至次年3月到此度过漫长冬季，极其依赖周边的康养及适老化服务。
三_2011_00143,三亚,2011,本地改善,42,女,2.5,11.2,0.35,24.0,5,1,否,B,agent,0.9,0.62,0.62,0.55,0.51,0.73,0.62,0.78,0.48,自住-改善,一室一厅,64,2190,国企中层管理,三口之家(学龄段),三亚中环品质两居，车位及空间极其拥挤,小区无地下车库且人车不分流，小孩在楼下玩耍或者推婴儿车极为不安全。,讲究超高得房率（超85%），主卧套房必须配备独立步入式衣帽间与干湿分离双卫。,无需日常通勤，但要求30分钟内快捷通达凤凰机场或高铁站。,崇尚度假慢生活，清晨沙滩漫步，午后椰林下午茶，酷爱轻户外及后海冲浪。,名下持有一套旧两居，置换回款 65% + 个人理财储蓄补充 + 公积金商业贷,重性价比，不盲信大牌，但要求物业管理有序、绿化修剪及时、人防技防规范。,本地常住人口，四季生活规律，度假频次为常规年假出行。
三_2011_00144,三亚,2011,本地改善,48,女,4.2,28.4,0.35,60.8,3,1,是,B,agent,0.79,0.54,0.57,0.5,0.4,0.71,0.5,0.71,0.45,自住-改善,一室一厅,94,5710,区级税务局一级主办,三口之家(学龄段),三亚中环品质两居，车位及空间极其拥挤,小区无地下车库且人车不分流，小孩在楼下玩耍或者推婴儿车极为不安全。,讲究超高得房率（超85%），主卧套房必须配备独立步入式衣帽间与干湿分离双卫。,无需日常通勤，但要求30分钟内快捷通达凤凰机场或高铁站。,崇尚度假慢生活，清晨沙滩漫步，午后椰林下午茶，酷爱轻户外及后海冲浪。,名下持有一套旧两居，置换回款 65% + 个人理财储蓄补充 + 公积金商业贷,重性价比，不盲信大牌，但要求物业管理有序、绿化修剪及时、人防技防规范。,本地常住人口，四季生活规律，度假频次为常规年假出行。
三_2011_00145,三亚,2011,外地候鸟-华北,71,女,7.7,74.6,0.5,111.8,2,0,否,B,network,0.69,0.57,1,0.8,0.58,0.51,0,0.09,0.51,度假,两室两厅,76,8760,央企总部退休总工,高知退休康养,三亚中环品质两居，车位及空间极其拥挤,老小区隔音差，邻里滋扰严重，且车位严重匮乏，每晚加班回来抢车位像打仗。,要求独立电梯入户，主次卧动线分明，配备独立保姆房和私密后院。,无需日常通勤，但要求30分钟内快捷通达凤凰机场或高铁站。,崇尚度假慢生活，清晨沙滩漫步，午后椰林下午茶，酷爱轻户外及后海冲浪。,名下持有一套旧两居，置换回款 65% + 个人理财储蓄补充 + 公积金商业贷,重性价比，不盲信大牌，但要求物业管理有序、绿化修剪及时、人防技防规范。,每年11月至次年3月到此度过漫长冬季，极其依赖周边的康养及适老化服务。
三_2011_00146,三亚,2011,本地改善,36,男,2.1,11.6,0.35,24.9,4,1,是,B,agent,0.79,0.61,0.58,0.47,0.34,0.67,0.52,0.78,0.45,自住-改善,两室两厅,59,2334,重点中学高级教师,三口之家(幼龄段),三亚中环品质两居，车位及空间极其拥挤,小区无地下车库且人车不分流，小孩在楼下玩耍或者推婴儿车极为不安全。,核心要求地块属于第一梯队名校学区，且周边500米内解决幼小衔接教育配套。,无需日常通勤，但要求30分钟内快捷通达凤凰机场或高铁站。,崇尚度假慢生活，清晨沙滩漫步，午后椰林下午茶，酷爱轻户外及后海冲浪。,名下持有一套旧两居，置换回款 65% + 个人理财储蓄补充 + 公积金商业贷,重性价比，不盲信大牌，但要求物业管理有序、绿化修剪及时、人防技防规范。,本地常住人口，四季生活规律，度假频次为常规年假出行。
三_2011_00147,三亚,2011,本地改善,34,男,3.1,17.6,0.35,37.7,4,1,否,B,agent,0.91,0.57,0.51,0.46,0.47,0.63,0.4,0.62,0.32,自住-改善,两室两厅,74,3381,区级税务局一级主办,三口之家(幼龄段),三亚中环品质两居，车位及空间极其拥挤,小区无地下车库且人车不分流，小孩在楼下玩耍或者推婴儿车极为不安全。,要求采光通透，全明户型，带多功能嵌入式收纳墙以最大化空间利用。,无需日常通勤，但要求30分钟内快捷通达凤凰机场或高铁站。,崇尚度假慢生活，清晨沙滩漫步，午后椰林下午茶，酷爱轻户外及后海冲浪。,名下持有一套旧两居，置换回款 65% + 个人理财储蓄补充 + 公积金商业贷,重性价比，不盲信大牌，但要求物业管理有序、绿化修剪及时、人防技防规范。,本地常住人口，四季生活规律，度假频次为常规年假出行。
三_2011_00148,三亚,2011,本地改善,47,男,1.3,7.0,0.35,14.9,5,2,是,B,agent,0.61,0.56,0.66,0.41,0.59,0.65,0.5,0.82,0.6,自住-改善,一室一厅,60,1439,三甲医院主治医师,二胎黄金期中大户型,三亚中环品质两居，车位及空间极其拥挤,小区无地下车库且人车不分流，小孩在楼下玩耍或者推婴儿车极为不安全。,核心要求地块属于第一梯队名校学区，且周边500米内解决幼小衔接教育配套。,无需日常通勤，但要求30分钟内快捷通达凤凰机场或高铁站。,崇尚度假慢生活，清晨沙滩漫步，午后椰林下午茶，酷爱轻户外及后海冲浪。,名下持有一套旧两居，置换回款 65% + 个人理财储蓄补充 + 公积金商业贷,重性价比，不盲信大牌，但要求物业管理有序、绿化修剪及时、人防技防规范。,本地常住人口，四季生活规律，度假频次为常规年假出行。
三_2011_00149,三亚,2011,本地改善,30,女,2.8,13.2,0.35,28.2,5,1,否,B,agent,0.83,0.5,0.55,0.47,0.34,0.68,0.51,0.55,0.52,自住-改善,一室一厅,56,4069,重点中学高级教师,三口之家(幼龄段),三亚中环品质两居，车位及空间极其拥挤,小区无地下车库且人车不分流，小孩在楼下玩耍或者推婴儿车极为不安全。,要求采光通透，全明户型，带多功能嵌入式收纳墙以最大化空间利用。,无需日常通勤，但要求30分钟内快捷通达凤凰机场或高铁站。,崇尚度假慢生活，清晨沙滩漫步，午后椰林下午茶，酷爱轻户外及后海冲浪。,名下持有一套旧两居，置换回款 65% + 个人理财储蓄补充 + 公积金商业贷,重性价比，不盲信大牌，但要求物业管理有序、绿化修剪及时、人防技防规范。,本地常住人口，四季生活规律，度假频次为常规年假出行。
三_2011_00150,三亚,2011,外地候鸟-华北,61,女,2.7,19.7,0.5,29.5,1,0,否,B,network,0.42,0.45,1,0.76,0.52,0.43,0,0,0.51,度假,两室一厅,54,3149,高校资深硕导,高知退休康养,三亚中环品质两居，车位及空间极其拥挤,老小区隔音差，邻里滋扰严重，且车位严重匮乏，每晚加班回来抢车位像打仗。,要求独立电梯入户，主次卧动线分明，配备独立保姆房和私密后院。,无需日常通勤，但要求30分钟内快捷通达凤凰机场或高铁站。,崇尚度假慢生活，清晨沙滩漫步，午后椰林下午茶，酷爱轻户外及后海冲浪。,名下持有一套旧两居，置换回款 65% + 个人理财储蓄补充 + 公积金商业贷,重性价比，不盲信大牌，但要求物业管理有序、绿化修剪及时、人防技防规范。,每年11月至次年3月到此度过漫长冬季，极其依赖周边的康养及适老化服务。
三_2011_00151,三亚,2011,外地候鸟-西北,74,男,3.9,29.3,0.5,43.9,2,0,否,C,network,0.67,0.55,0.86,0.64,0.53,0.56,0,0.19,0.51,养老,两室两厅,84,4396,西安设计院退休总建筑师,高知退休康养,与父母同住，三代人拥挤在旧区小户型老房中,老小区隔音差，邻里滋扰严重，且车位严重匮乏，每晚加班回来抢车位像打仗。,要求有超大面宽南向双阳台（观景家政分离），主卧大飘窗能270度直面自然景观。,无需日常通勤，但要求30分钟内快捷通达凤凰机场或高铁站。,崇尚度假慢生活，清晨沙滩漫步，午后椰林下午茶，酷爱轻户外及后海冲浪。,名下持有一套旧两居，置换回款 65% + 个人理财储蓄补充 + 公积金商业贷,重性价比，不盲信大牌，但要求物业管理有序、绿化修剪及时、人防技防规范。,每年11月至次年3月到此度过漫长冬季，极其依赖周边的康养及适老化服务。
三_2011_00152,三亚,2011,外地候鸟-西北,63,男,4.9,50.1,0.5,75.1,3,0,否,C,network,0.47,0.55,0.95,0.69,0.45,0.45,0,0.0,0.4,养老,一室一厅,83,4617,西安设计院退休总建筑师,高知退休康养,与父母同住，三代人拥挤在旧区小户型老房中,老小区隔音差，邻里滋扰严重，且车位严重匮乏，每晚加班回来抢车位像打仗。,要求有超大面宽南向双阳台（观景家政分离），主卧大飘窗能270度直面自然景观。,无需日常通勤，但要求30分钟内快捷通达凤凰机场或高铁站。,崇尚度假慢生活，清晨沙滩漫步，午后椰林下午茶，酷爱轻户外及后海冲浪。,名下持有一套旧两居，置换回款 65% + 个人理财储蓄补充 + 公积金商业贷,重性价比，不盲信大牌，但要求物业管理有序、绿化修剪及时、人防技防规范。,每年11月至次年3月到此度过漫长冬季，极其依赖周边的康养及适老化服务。
三_2011_00153,三亚,2011,外地候鸟-东北,72,女,2.9,20.8,0.5,31.2,1,1,否,C,network,0.38,0.55,0.87,0.72,0.49,0.53,0.08,0,0.55,度假,两室一厅,74,3787,沈阳大型重工企业退休副厂长,三口之家(学龄段),与父母同住，三代人拥挤在旧区小户型老房中,小区无地下车库且人车不分流，小孩在楼下玩耍或者推婴儿车极为不安全。,要求独立电梯入户，主次卧动线分明，配备独立保姆房和私密后院。,无需日常通勤，但要求30分钟内快捷通达凤凰机场或高铁站。,崇尚度假慢生活，清晨沙滩漫步，午后椰林下午茶，酷爱轻户外及后海冲浪。,名下持有一套旧两居，置换回款 65% + 个人理财储蓄补充 + 公积金商业贷,重性价比，不盲信大牌，但要求物业管理有序、绿化修剪及时、人防技防规范。,每年11月至次年3月到此度过漫长冬季，极其依赖周边的康养及适老化服务。
三_2011_00154,三亚,2011,度假投资,53,男,9.8,89.6,0.4,168.0,3,1,是,A,research,0.98,0.47,0.93,0.53,0.54,0.29,0,0.06,0.73,度假,三室一厅,143,7780,上市公司退休联合创始人,三口之家(学龄段),陆家嘴核心区江景大平层,当前房屋属于旧多层无电梯房，父母年纪渐高每天爬楼梯极为吃力。,要求有超大面宽南向双阳台（观景家政分离），主卧大飘窗能270度直面自然景观。,无需日常通勤，但要求30分钟内快捷通达凤凰机场或高铁站。,周末常去高端商圈消费，热衷打网球和马术，重度手冲咖啡及黑胶唱片发烧友。,名下已有企业股权套现或分红现金，一次性全款付清，基本不加杠杆,非仁恒、绿城、万科等金牌开发商不买，极度看重高端精装质量与顶级物业的增值口碑。,每年11月至次年3月到此度过漫长冬季，极其依赖周边的康养及适老化服务。
三_2011_00155,三亚,2011,外地候鸟-华北,75,男,3.3,19.4,0.5,29.1,1,0,否,B,network,0.18,0.58,0.98,0.67,0.72,0.47,0,0.12,0.63,养老,两室两厅,84,2869,高校资深硕导,高知退休康养,三亚中环品质两居，车位及空间极其拥挤,老小区隔音差，邻里滋扰严重，且车位严重匮乏，每晚加班回来抢车位像打仗。,要求有超大面宽南向双阳台（观景家政分离），主卧大飘窗能270度直面自然景观。,无需日常通勤，但要求30分钟内快捷通达凤凰机场或高铁站。,崇尚度假慢生活，清晨沙滩漫步，午后椰林下午茶，酷爱轻户外及后海冲浪。,名下持有一套旧两居，置换回款 65% + 个人理财储蓄补充 + 公积金商业贷,重性价比，不盲信大牌，但要求物业管理有序、绿化修剪及时、人防技防规范。,每年11月至次年3月到此度过漫长冬季，极其依赖周边的康养及适老化服务。
三_2011_00156,三亚,2011,外地候鸟-华北,58,女,6.9,62.4,0.5,93.7,2,1,否,B,network,0.45,0.47,0.84,0.72,0.63,0.59,0,0,0.66,养老,一室一厅,89,6128,高校资深硕导,三口之家(学龄段),三亚中环品质两居，车位及空间极其拥挤,小区无地下车库且人车不分流，小孩在楼下玩耍或者推婴儿车极为不安全。,要求独立电梯入户，主次卧动线分明，配备独立保姆房和私密后院。,无需日常通勤，但要求30分钟内快捷通达凤凰机场或高铁站。,崇尚度假慢生活，清晨沙滩漫步，午后椰林下午茶，酷爱轻户外及后海冲浪。,名下持有一套旧两居，置换回款 65% + 个人理财储蓄补充 + 公积金商业贷,重性价比，不盲信大牌，但要求物业管理有序、绿化修剪及时、人防技防规范。,每年11月至次年3月到此度过漫长冬季，极其依赖周边的康养及适老化服务。
三_2011_00157,三亚,2011,外地候鸟-华北,57,男,4.6,44.2,0.5,66.4,1,0,否,B,network,0.64,0.48,0.91,0.63,0.66,0.38,0.02,0,0.57,度假,两室两厅,74,4607,央企总部退休总工,高知退休康养,三亚中环品质两居，车位及空间极其拥挤,老小区隔音差，邻里滋扰严重，且车位严重匮乏，每晚加班回来抢车位像打仗。,要求有超大面宽南向双阳台（观景家政分离），主卧大飘窗能270度直面自然景观。,无需日常通勤，但要求30分钟内快捷通达凤凰机场或高铁站。,崇尚度假慢生活，清晨沙滩漫步，午后椰林下午茶，酷爱轻户外及后海冲浪。,名下持有一套旧两居，置换回款 65% + 个人理财储蓄补充 + 公积金商业贷,重性价比，不盲信大牌，但要求物业管理有序、绿化修剪及时、人防技防规范。,每年11月至次年3月到此度过漫长冬季，极其依赖周边的康养及适老化服务。
三_2011_00158,三亚,2011,本地改善,33,男,2.7,16.4,0.35,35.2,3,1,是,B,agent,0.65,0.44,0.46,0.56,0.47,0.68,0.51,0.68,0.41,自住-改善,两室两厅,90,3463,国企中层管理,三口之家(幼龄段),三亚中环品质两居，车位及空间极其拥挤,小区无地下车库且人车不分流，小孩在楼下玩耍或者推婴儿车极为不安全。,要求采光通透，全明户型，带多功能嵌入式收纳墙以最大化空间利用。,无需日常通勤，但要求30分钟内快捷通达凤凰机场或高铁站。,崇尚度假慢生活，清晨沙滩漫步，午后椰林下午茶，酷爱轻户外及后海冲浪。,名下持有一套旧两居，置换回款 65% + 个人理财储蓄补充 + 公积金商业贷,重性价比，不盲信大牌，但要求物业管理有序、绿化修剪及时、人防技防规范。,本地常住人口，四季生活规律，度假频次为常规年假出行。
三_2011_00159,三亚,2011,本地改善,50,男,1.5,8.7,0.35,18.7,4,1,否,B,agent,0.72,0.46,0.55,0.59,0.46,0.74,0.5,0.67,0.42,自住-改善,两室一厅,64,2136,三甲医院主治医师,三口之家(学龄段),三亚中环品质两居，车位及空间极其拥挤,小区无地下车库且人车不分流，小孩在楼下玩耍或者推婴儿车极为不安全。,讲究超高得房率（超85%），主卧套房必须配备独立步入式衣帽间与干湿分离双卫。,无需日常通勤，但要求30分钟内快捷通达凤凰机场或高铁站。,崇尚度假慢生活，清晨沙滩漫步，午后椰林下午茶，酷爱轻户外及后海冲浪。,名下持有一套旧两居，置换回款 65% + 个人理财储蓄补充 + 公积金商业贷,重性价比，不盲信大牌，但要求物业管理有序、绿化修剪及时、人防技防规范。,本地常住人口，四季生活规律，度假频次为常规年假出行。
三_2011_00160,三亚,2011,度假投资,38,男,7.7,98.9,0.4,185.5,3,1,否,A,research,0.8,0.39,0.92,0.57,0.48,0.38,0.06,0,0.87,度假,三室两厅,132,9004,高端海景资产收藏家,三口之家(学龄段),陆家嘴核心区江景大平层,无高端私密会所及管家式物业配套，圈层鱼龙混杂，高净值居住体验差。,要求有超大面宽南向双阳台（观景家政分离），主卧大飘窗能270度直面自然景观。,无需日常通勤，但要求30分钟内快捷通达凤凰机场或高铁站。,周末常去高端商圈消费，热衷打网球和马术，重度手冲咖啡及黑胶唱片发烧友。,名下已有企业股权套现或分红现金，一次性全款付清，基本不加杠杆,非仁恒、绿城、万科等金牌开发商不买，极度看重高端精装质量与顶级物业的增值口碑。,每年11月至次年3月到此度过漫长冬季，极其依赖周边的康养及适老化服务。
三_2011_00161,三亚,2011,外地候鸟-华北,62,女,5.4,45.1,0.5,67.6,2,0,否,B,network,0.5,0.63,1,0.66,0.62,0.41,0,0.15,0.52,养老,两室两厅,75,7058,央企总部退休总工,高知退休康养,三亚中环品质两居，车位及空间极其拥挤,老小区隔音差，邻里滋扰严重，且车位严重匮乏，每晚加班回来抢车位像打仗。,要求有超大面宽南向双阳台（观景家政分离），主卧大飘窗能270度直面自然景观。,无需日常通勤，但要求30分钟内快捷通达凤凰机场或高铁站。,崇尚度假慢生活，清晨沙滩漫步，午后椰林下午茶，酷爱轻户外及后海冲浪。,名下持有一套旧两居，置换回款 65% + 个人理财储蓄补充 + 公积金商业贷,重性价比，不盲信大牌，但要求物业管理有序、绿化修剪及时、人防技防规范。,每年11月至次年3月到此度过漫长冬季，极其依赖周边的康养及适老化服务。
三_2011_00162,三亚,2011,外地候鸟-西北,73,女,3.1,20.9,0.5,31.3,2,0,否,C,network,0.18,0.6,0.88,0.62,0.61,0.52,0.07,0.02,0.45,度假,一室一厅,66,3308,兰州煤炭物流运输企业主,高知退休康养,与父母同住，三代人拥挤在旧区小户型老房中,老小区隔音差，邻里滋扰严重，且车位严重匮乏，每晚加班回来抢车位像打仗。,要求有超大面宽南向双阳台（观景家政分离），主卧大飘窗能270度直面自然景观。,无需日常通勤，但要求30分钟内快捷通达凤凰机场或高铁站。,崇尚度假慢生活，清晨沙滩漫步，午后椰林下午茶，酷爱轻户外及后海冲浪。,名下持有一套旧两居，置换回款 65% + 个人理财储蓄补充 + 公积金商业贷,重性价比，不盲信大牌，但要求物业管理有序、绿化修剪及时、人防技防规范。,每年11月至次年3月到此度过漫长冬季，极其依赖周边的康养及适老化服务。
三_2011_00163,三亚,2011,度假投资,54,女,6.3,64.1,0.4,120.2,4,0,否,A,research,0.57,0.4,0.78,0.6,0.57,0.39,0.12,0.07,0.84,度假,一室一厅,73,14054,知名中医药连锁投资人,成熟期核心家庭,西湖边高精平层,无高端私密会所及管家式物业配套，圈层鱼龙混杂，高净值居住体验差。,要求有超大面宽南向双阳台（观景家政分离），主卧大飘窗能270度直面自然景观。,无需日常通勤，但要求30分钟内快捷通达凤凰机场或高铁站。,周末常去高端商圈消费，热衷打网球和马术，重度手冲咖啡及黑胶唱片发烧友。,名下已有企业股权套现或分红现金，一次性全款付清，基本不加杠杆,非仁恒、绿城、万科等金牌开发商不买，极度看重高端精装质量与顶级物业的增值口碑。,每年11月至次年3月到此度过漫长冬季，极其依赖周边的康养及适老化服务。
三_2011_00164,三亚,2011,本地改善,37,男,2.4,15.7,0.35,33.6,4,1,是,B,agent,1,0.64,0.78,0.41,0.45,0.83,0.63,0.56,0.36,自住-改善,两室一厅,71,3223,三甲医院主治医师,三口之家(幼龄段),三亚中环品质两居，车位及空间极其拥挤,小区无地下车库且人车不分流，小孩在楼下玩耍或者推婴儿车极为不安全。,要求有超大面宽南向双阳台（观景家政分离），主卧大飘窗能270度直面自然景观。,无需日常通勤，但要求30分钟内快捷通达凤凰机场或高铁站。,崇尚度假慢生活，清晨沙滩漫步，午后椰林下午茶，酷爱轻户外及后海冲浪。,名下持有一套旧两居，置换回款 65% + 个人理财储蓄补充 + 公积金商业贷,重性价比，不盲信大牌，但要求物业管理有序、绿化修剪及时、人防技防规范。,本地常住人口，四季生活规律，度假频次为常规年假出行。
三_2011_00165,三亚,2011,外地候鸟-东北,78,男,1.7,15.1,0.5,22.7,2,0,否,C,network,0.28,0.63,0.96,0.76,0.31,0.53,0.03,0,0.45,度假,两室一厅,89,2215,沈阳大型重工企业退休副厂长,高知退休康养,与父母同住，三代人拥挤在旧区小户型老房中,老小区隔音差，邻里滋扰严重，且车位严重匮乏，每晚加班回来抢车位像打仗。,要求独立电梯入户，主次卧动线分明，配备独立保姆房和私密后院。,无需日常通勤，但要求30分钟内快捷通达凤凰机场或高铁站。,崇尚度假慢生活，清晨沙滩漫步，午后椰林下午茶，酷爱轻户外及后海冲浪。,名下持有一套旧两居，置换回款 65% + 个人理财储蓄补充 + 公积金商业贷,重性价比，不盲信大牌，但要求物业管理有序、绿化修剪及时、人防技防规范。,每年11月至次年3月到此度过漫长冬季，极其依赖周边的康养及适老化服务。
三_2011_00166,三亚,2011,外地候鸟-华北,58,男,3.5,35.3,0.5,53.0,1,1,否,B,network,0.26,0.67,0.82,0.7,0.56,0.49,0.06,0,0.54,度假,两室两厅,95,3722,北京三甲医院退休教授,三口之家(学龄段),三亚中环品质两居，车位及空间极其拥挤,小区无地下车库且人车不分流，小孩在楼下玩耍或者推婴儿车极为不安全。,要求有超大面宽南向双阳台（观景家政分离），主卧大飘窗能270度直面自然景观。,无需日常通勤，但要求30分钟内快捷通达凤凰机场或高铁站。,崇尚度假慢生活，清晨沙滩漫步，午后椰林下午茶，酷爱轻户外及后海冲浪。,名下持有一套旧两居，置换回款 65% + 个人理财储蓄补充 + 公积金商业贷,重性价比，不盲信大牌，但要求物业管理有序、绿化修剪及时、人防技防规范。,每年11月至次年3月到此度过漫长冬季，极其依赖周边的康养及适老化服务。
三_2011_00167,三亚,2011,外地候鸟-东北,78,女,3.6,30.2,0.5,45.3,2,0,否,C,network,0.38,0.49,0.85,0.7,0.63,0.65,0,0.08,0.5,度假,两室两厅,92,2570,哈尔滨高校退休处长,高知退休康养,与父母同住，三代人拥挤在旧区小户型老房中,老小区隔音差，邻里滋扰严重，且车位严重匮乏，每晚加班回来抢车位像打仗。,要求独立电梯入户，主次卧动线分明，配备独立保姆房和私密后院。,无需日常通勤，但要求30分钟内快捷通达凤凰机场或高铁站。,崇尚度假慢生活，清晨沙滩漫步，午后椰林下午茶，酷爱轻户外及后海冲浪。,名下持有一套旧两居，置换回款 65% + 个人理财储蓄补充 + 公积金商业贷,重性价比，不盲信大牌，但要求物业管理有序、绿化修剪及时、人防技防规范。,每年11月至次年3月到此度过漫长冬季，极其依赖周边的康养及适老化服务。
三_2011_00168,三亚,2011,外地候鸟-东北,77,女,5.1,32.8,0.5,49.2,2,0,否,C,network,0.14,0.48,0.89,0.75,0.57,0.37,0,0.01,0.45,养老,两室两厅,71,4988,哈尔滨高校退休处长,高知退休康养,与父母同住，三代人拥挤在旧区小户型老房中,老小区隔音差，邻里滋扰严重，且车位严重匮乏，每晚加班回来抢车位像打仗。,要求独立电梯入户，主次卧动线分明，配备独立保姆房和私密后院。,无需日常通勤，但要求30分钟内快捷通达凤凰机场或高铁站。,崇尚度假慢生活，清晨沙滩漫步，午后椰林下午茶，酷爱轻户外及后海冲浪。,名下持有一套旧两居，置换回款 65% + 个人理财储蓄补充 + 公积金商业贷,重性价比，不盲信大牌，但要求物业管理有序、绿化修剪及时、人防技防规范。,每年11月至次年3月到此度过漫长冬季，极其依赖周边的康养及适老化服务。
三_2011_00169,三亚,2011,外地候鸟-华北,68,女,3.4,25.4,0.5,38.1,2,0,否,B,network,0.55,0.52,0.93,0.69,0.64,0.53,0,0.02,0.56,养老,两室两厅,64,4025,高校资深硕导,高知退休康养,三亚中环品质两居，车位及空间极其拥挤,老小区隔音差，邻里滋扰严重，且车位严重匮乏，每晚加班回来抢车位像打仗。,要求有超大面宽南向双阳台（观景家政分离），主卧大飘窗能270度直面自然景观。,无需日常通勤，但要求30分钟内快捷通达凤凰机场或高铁站。,崇尚度假慢生活，清晨沙滩漫步，午后椰林下午茶，酷爱轻户外及后海冲浪。,名下持有一套旧两居，置换回款 65% + 个人理财储蓄补充 + 公积金商业贷,重性价比，不盲信大牌，但要求物业管理有序、绿化修剪及时、人防技防规范。,每年11月至次年3月到此度过漫长冬季，极其依赖周边的康养及适老化服务。
三_2011_00170,三亚,2011,外地候鸟-华北,67,男,2.5,20.9,0.5,31.3,2,0,否,B,network,0.4,0.6,0.93,0.69,0.48,0.54,0,0.09,0.53,度假,两室两厅,76,3136,北京三甲医院退休教授,高知退休康养,三亚中环品质两居，车位及空间极其拥挤,老小区隔音差，邻里滋扰严重，且车位严重匮乏，每晚加班回来抢车位像打仗。,要求有超大面宽南向双阳台（观景家政分离），主卧大飘窗能270度直面自然景观。,无需日常通勤，但要求30分钟内快捷通达凤凰机场或高铁站。,崇尚度假慢生活，清晨沙滩漫步，午后椰林下午茶，酷爱轻户外及后海冲浪。,名下持有一套旧两居，置换回款 65% + 个人理财储蓄补充 + 公积金商业贷,重性价比，不盲信大牌，但要求物业管理有序、绿化修剪及时、人防技防规范。,每年11月至次年3月到此度过漫长冬季，极其依赖周边的康养及适老化服务。
三_2011_00171,三亚,2011,本地改善,39,男,2.6,14.6,0.35,31.2,4,2,是,B,agent,0.95,0.6,0.59,0.4,0.45,0.79,0.45,0.71,0.51,自住-改善,两室两厅,50,4619,区级税务局一级主办,二胎黄金期中大户型,三亚中环品质两居，车位及空间极其拥挤,小区无地下车库且人车不分流，小孩在楼下玩耍或者推婴儿车极为不安全。,讲究超高得房率（超85%），主卧套房必须配备独立步入式衣帽间与干湿分离双卫。,无需日常通勤，但要求30分钟内快捷通达凤凰机场或高铁站。,崇尚度假慢生活，清晨沙滩漫步，午后椰林下午茶，酷爱轻户外及后海冲浪。,名下持有一套旧两居，置换回款 65% + 个人理财储蓄补充 + 公积金商业贷,重性价比，不盲信大牌，但要求物业管理有序、绿化修剪及时、人防技防规范。,本地常住人口，四季生活规律，度假频次为常规年假出行。
三_2011_00172,三亚,2011,本地改善,33,女,3.6,22.6,0.35,48.5,4,2,是,B,agent,0.36,0.55,0.66,0.55,0.39,0.77,0.53,0.72,0.48,自住-改善,两室两厅,75,5509,国企中层管理,二胎黄金期中大户型,三亚中环品质两居，车位及空间极其拥挤,小区无地下车库且人车不分流，小孩在楼下玩耍或者推婴儿车极为不安全。,讲究超高得房率（超85%），主卧套房必须配备独立步入式衣帽间与干湿分离双卫。,无需日常通勤，但要求30分钟内快捷通达凤凰机场或高铁站。,崇尚度假慢生活，清晨沙滩漫步，午后椰林下午茶，酷爱轻户外及后海冲浪。,名下持有一套旧两居，置换回款 65% + 个人理财储蓄补充 + 公积金商业贷,重性价比，不盲信大牌，但要求物业管理有序、绿化修剪及时、人防技防规范。,本地常住人口，四季生活规律，度假频次为常规年假出行。
三_2011_00173,三亚,2011,度假投资,41,女,10.3,117.5,0.4,220.4,3,1,否,A,research,0.92,0.23,0.97,0.57,0.58,0.52,0.05,0.11,0.8,度假,三室两厅,117,16434,上市公司退休联合创始人,三口之家(学龄段),西湖边高精平层,无高端私密会所及管家式物业配套，圈层鱼龙混杂，高净值居住体验差。,要求有超大面宽南向双阳台（观景家政分离），主卧大飘窗能270度直面自然景观。,无需日常通勤，但要求30分钟内快捷通达凤凰机场或高铁站。,周末常去高端商圈消费，热衷打网球和马术，重度手冲咖啡及黑胶唱片发烧友。,名下已有企业股权套现或分红现金，一次性全款付清，基本不加杠杆,非仁恒、绿城、万科等金牌开发商不买，极度看重高端精装质量与顶级物业的增值口碑。,每年11月至次年3月到此度过漫长冬季，极其依赖周边的康养及适老化服务。
三_2011_00174,三亚,2011,本地改善,41,女,1.8,8.9,0.35,19.0,4,0,否,B,agent,1,0.65,0.57,0.41,0.48,0.75,0.52,0.73,0.5,自住-改善,两室两厅,99,1452,国企中层管理,成熟期核心家庭,三亚中环品质两居，车位及空间极其拥挤,老小区隔音差，邻里滋扰严重，且车位严重匮乏，每晚加班回来抢车位像打仗。,讲究超高得房率（超85%），主卧套房必须配备独立步入式衣帽间与干湿分离双卫。,无需日常通勤，但要求30分钟内快捷通达凤凰机场或高铁站。,崇尚度假慢生活，清晨沙滩漫步，午后椰林下午茶，酷爱轻户外及后海冲浪。,名下持有一套旧两居，置换回款 65% + 个人理财储蓄补充 + 公积金商业贷,重性价比，不盲信大牌，但要求物业管理有序、绿化修剪及时、人防技防规范。,本地常住人口，四季生活规律，度假频次为常规年假出行。
三_2011_00175,三亚,2011,度假投资,36,男,7.5,78.8,0.4,147.8,4,1,否,A,research,0.73,0.34,0.88,0.53,0.62,0.46,0.06,0,0.78,投资-长持,两室两厅,90,12285,知名中医药连锁投资人,三口之家(幼龄段),西湖边高精平层,无高端私密会所及管家式物业配套，圈层鱼龙混杂，高净值居住体验差。,要求有超大面宽南向双阳台（观景家政分离），主卧大飘窗能270度直面自然景观。,无需日常通勤，但要求30分钟内快捷通达凤凰机场或高铁站。,周末常去高端商圈消费，热衷打网球和马术，重度手冲咖啡及黑胶唱片发烧友。,名下已有企业股权套现或分红现金，一次性全款付清，基本不加杠杆,非仁恒、绿城、万科等金牌开发商不买，极度看重高端精装质量与顶级物业的增值口碑。,每年11月至次年3月到此度过漫长冬季，极其依赖周边的康养及适老化服务。
三_2011_00176,三亚,2011,外地候鸟-东北,69,女,3.3,29.7,0.5,44.6,3,0,否,C,network,0.43,0.53,0.95,0.65,0.42,0.63,0.11,0,0.43,养老,两室一厅,54,5130,沈阳大型重工企业退休副厂长,高知退休康养,与父母同住，三代人拥挤在旧区小户型老房中,老小区隔音差，邻里滋扰严重，且车位严重匮乏，每晚加班回来抢车位像打仗。,要求有超大面宽南向双阳台（观景家政分离），主卧大飘窗能270度直面自然景观。,无需日常通勤，但要求30分钟内快捷通达凤凰机场或高铁站。,崇尚度假慢生活，清晨沙滩漫步，午后椰林下午茶，酷爱轻户外及后海冲浪。,名下持有一套旧两居，置换回款 65% + 个人理财储蓄补充 + 公积金商业贷,重性价比，不盲信大牌，但要求物业管理有序、绿化修剪及时、人防技防规范。,每年11月至次年3月到此度过漫长冬季，极其依赖周边的康养及适老化服务。
三_2011_00177,三亚,2011,本地改善,45,女,2.6,11.8,0.35,25.2,4,1,是,B,agent,0.63,0.64,0.59,0.46,0.34,0.83,0.61,0.69,0.43,自住-改善,两室一厅,76,2235,三甲医院主治医师,三口之家(学龄段),三亚中环品质两居，车位及空间极其拥挤,小区无地下车库且人车不分流，小孩在楼下玩耍或者推婴儿车极为不安全。,讲究超高得房率（超85%），主卧套房必须配备独立步入式衣帽间与干湿分离双卫。,无需日常通勤，但要求30分钟内快捷通达凤凰机场或高铁站。,崇尚度假慢生活，清晨沙滩漫步，午后椰林下午茶，酷爱轻户外及后海冲浪。,名下持有一套旧两居，置换回款 65% + 个人理财储蓄补充 + 公积金商业贷,重性价比，不盲信大牌，但要求物业管理有序、绿化修剪及时、人防技防规范。,本地常住人口，四季生活规律，度假频次为常规年假出行。
三_2011_00178,三亚,2011,外地候鸟-东北,58,女,2.5,15.9,0.5,23.8,1,0,否,C,network,0.08,0.61,0.96,0.68,0.6,0.48,0,0.02,0.54,养老,两室一厅,91,2093,哈尔滨私营物流老板,高知退休康养,与父母同住，三代人拥挤在旧区小户型老房中,老小区隔音差，邻里滋扰严重，且车位严重匮乏，每晚加班回来抢车位像打仗。,要求有超大面宽南向双阳台（观景家政分离），主卧大飘窗能270度直面自然景观。,无需日常通勤，但要求30分钟内快捷通达凤凰机场或高铁站。,崇尚度假慢生活，清晨沙滩漫步，午后椰林下午茶，酷爱轻户外及后海冲浪。,名下持有一套旧两居，置换回款 65% + 个人理财储蓄补充 + 公积金商业贷,重性价比，不盲信大牌，但要求物业管理有序、绿化修剪及时、人防技防规范。,每年11月至次年3月到此度过漫长冬季，极其依赖周边的康养及适老化服务。
三_2011_00179,三亚,2011,外地候鸟-东北,64,女,2.1,13.3,0.5,19.9,1,0,否,C,network,0.25,0.67,0.98,0.73,0.48,0.47,0,0.11,0.48,度假,两室一厅,54,2429,哈尔滨私营物流老板,高知退休康养,与父母同住，三代人拥挤在旧区小户型老房中,老小区隔音差，邻里滋扰严重，且车位严重匮乏，每晚加班回来抢车位像打仗。,要求独立电梯入户，主次卧动线分明，配备独立保姆房和私密后院。,无需日常通勤，但要求30分钟内快捷通达凤凰机场或高铁站。,崇尚度假慢生活，清晨沙滩漫步，午后椰林下午茶，酷爱轻户外及后海冲浪。,名下持有一套旧两居，置换回款 65% + 个人理财储蓄补充 + 公积金商业贷,重性价比，不盲信大牌，但要求物业管理有序、绿化修剪及时、人防技防规范。,每年11月至次年3月到此度过漫长冬季，极其依赖周边的康养及适老化服务。
三_2011_00180,三亚,2011,本地改善,33,男,3.5,25.1,0.35,53.8,5,1,是,B,agent,0.8,0.58,0.66,0.52,0.37,0.84,0.6,0.57,0.42,自住-改善,两室一厅,78,5766,区级税务局一级主办,三口之家(幼龄段),三亚中环品质两居，车位及空间极其拥挤,小区无地下车库且人车不分流，小孩在楼下玩耍或者推婴儿车极为不安全。,讲究超高得房率（超85%），主卧套房必须配备独立步入式衣帽间与干湿分离双卫。,无需日常通勤，但要求30分钟内快捷通达凤凰机场或高铁站。,崇尚度假慢生活，清晨沙滩漫步，午后椰林下午茶，酷爱轻户外及后海冲浪。,名下持有一套旧两居，置换回款 65% + 个人理财储蓄补充 + 公积金商业贷,重性价比，不盲信大牌，但要求物业管理有序、绿化修剪及时、人防技防规范。,本地常住人口，四季生活规律，度假频次为常规年假出行。
三_2011_00181,三亚,2011,外地候鸟-华北,58,女,4.7,47.3,0.5,71.0,2,1,否,B,network,0.36,0.55,1,0.66,0.71,0.54,0.11,0,0.57,养老,两室一厅,54,7351,央企总部退休总工,三口之家(学龄段),三亚中环品质两居，车位及空间极其拥挤,小区无地下车库且人车不分流，小孩在楼下玩耍或者推婴儿车极为不安全。,要求有超大面宽南向双阳台（观景家政分离），主卧大飘窗能270度直面自然景观。,无需日常通勤，但要求30分钟内快捷通达凤凰机场或高铁站。,崇尚度假慢生活，清晨沙滩漫步，午后椰林下午茶，酷爱轻户外及后海冲浪。,名下持有一套旧两居，置换回款 65% + 个人理财储蓄补充 + 公积金商业贷,重性价比，不盲信大牌，但要求物业管理有序、绿化修剪及时、人防技防规范。,每年11月至次年3月到此度过漫长冬季，极其依赖周边的康养及适老化服务。
三_2011_00182,三亚,2011,外地候鸟-东北,74,男,4.2,28.7,0.5,43.1,3,0,是,C,network,0.66,0.65,0.98,0.65,0.46,0.45,0.02,0.21,0.39,度假,两室两厅,92,2588,沈阳大型重工企业退休副厂长,高知退休康养,与父母同住，三代人拥挤在旧区小户型老房中,当前房屋属于旧多层无电梯房，父母年纪渐高每天爬楼梯极为吃力。,要求有超大面宽南向双阳台（观景家政分离），主卧大飘窗能270度直面自然景观。,无需日常通勤，但要求30分钟内快捷通达凤凰机场或高铁站。,崇尚度假慢生活，清晨沙滩漫步，午后椰林下午茶，酷爱轻户外及后海冲浪。,名下持有一套旧两居，置换回款 65% + 个人理财储蓄补充 + 公积金商业贷,重性价比，不盲信大牌，但要求物业管理有序、绿化修剪及时、人防技防规范。,每年11月至次年3月到此度过漫长冬季，极其依赖周边的康养及适老化服务。
三_2011_00183,三亚,2011,本地改善,42,女,2.4,16.7,0.35,35.8,4,0,否,B,agent,0.85,0.51,0.69,0.29,0.42,0.6,0.63,0.61,0.45,自住-改善,两室两厅,61,4198,智能新能源车企研发骨干,成熟期核心家庭,三亚中环品质两居，车位及空间极其拥挤,老小区隔音差，邻里滋扰严重，且车位严重匮乏，每晚加班回来抢车位像打仗。,要求采光通透，全明户型，带多功能嵌入式收纳墙以最大化空间利用。,无需日常通勤，但要求30分钟内快捷通达凤凰机场或高铁站。,崇尚度假慢生活，清晨沙滩漫步，午后椰林下午茶，酷爱轻户外及后海冲浪。,名下持有一套旧两居，置换回款 65% + 个人理财储蓄补充 + 公积金商业贷,重性价比，不盲信大牌，但要求物业管理有序、绿化修剪及时、人防技防规范。,本地常住人口，四季生活规律，度假频次为常规年假出行。
三_2011_00184,三亚,2011,度假投资,38,男,8.5,92.2,0.4,172.8,4,1,否,A,research,0.77,0.37,0.86,0.69,0.54,0.63,0.09,0,0.85,投资-长持,两室两厅,123,10022,知名中医药连锁投资人,三口之家(学龄段),西湖边高精平层,无高端私密会所及管家式物业配套，圈层鱼龙混杂，高净值居住体验差。,要求有超大面宽南向双阳台（观景家政分离），主卧大飘窗能270度直面自然景观。,无需日常通勤，但要求30分钟内快捷通达凤凰机场或高铁站。,周末常去高端商圈消费，热衷打网球和马术，重度手冲咖啡及黑胶唱片发烧友。,名下已有企业股权套现或分红现金，一次性全款付清，基本不加杠杆,非仁恒、绿城、万科等金牌开发商不买，极度看重高端精装质量与顶级物业的增值口碑。,每年11月至次年3月到此度过漫长冬季，极其依赖周边的康养及适老化服务。
三_2011_00185,三亚,2011,外地候鸟-华北,63,女,4.5,27.6,0.5,41.5,2,0,否,B,network,0.76,0.59,1,0.73,0.59,0.59,0.07,0,0.46,度假,两室两厅,80,3966,北京三甲医院退休教授,高知退休康养,三亚中环品质两居，车位及空间极其拥挤,老小区隔音差，邻里滋扰严重，且车位严重匮乏，每晚加班回来抢车位像打仗。,要求独立电梯入户，主次卧动线分明，配备独立保姆房和私密后院。,无需日常通勤，但要求30分钟内快捷通达凤凰机场或高铁站。,崇尚度假慢生活，清晨沙滩漫步，午后椰林下午茶，酷爱轻户外及后海冲浪。,名下持有一套旧两居，置换回款 65% + 个人理财储蓄补充 + 公积金商业贷,重性价比，不盲信大牌，但要求物业管理有序、绿化修剪及时、人防技防规范。,每年11月至次年3月到此度过漫长冬季，极其依赖周边的康养及适老化服务。
三_2011_00186,三亚,2011,外地候鸟-华北,72,女,1.4,8.9,0.5,13.3,3,0,否,B,network,0.52,0.63,0.95,0.56,0.61,0.41,0.04,0.01,0.39,度假,两室一厅,72,1405,北京三甲医院退休教授,高知退休康养,三亚中环品质两居，车位及空间极其拥挤,老小区隔音差，邻里滋扰严重，且车位严重匮乏，每晚加班回来抢车位像打仗。,要求有超大面宽南向双阳台（观景家政分离），主卧大飘窗能270度直面自然景观。,无需日常通勤，但要求30分钟内快捷通达凤凰机场或高铁站。,崇尚度假慢生活，清晨沙滩漫步，午后椰林下午茶，酷爱轻户外及后海冲浪。,名下持有一套旧两居，置换回款 65% + 个人理财储蓄补充 + 公积金商业贷,重性价比，不盲信大牌，但要求物业管理有序、绿化修剪及时、人防技防规范。,每年11月至次年3月到此度过漫长冬季，极其依赖周边的康养及适老化服务。
三_2011_00187,三亚,2011,高净值康养,52,女,23.7,237.0,0.6,296.3,3,0,否,A,network,0.76,0.2,0.98,1,0.89,0.6,0.02,0.13,0.97,度假,三室一厅,102,24144,上市公司退休联合创始人,成熟期核心家庭,陆家嘴核心区江景大平层,无高端私密会所及管家式物业配套，圈层鱼龙混杂，高净值居住体验差。,要求独立电梯入户，主次卧动线分明，配备独立保姆房和私密后院。,无需日常通勤，但要求30分钟内快捷通达凤凰机场或高铁站。,周末常去高端商圈消费，热衷打网球和马术，重度手冲咖啡及黑胶唱片发烧友。,名下已有企业股权套现或分红现金，一次性全款付清，基本不加杠杆,非仁恒、绿城、万科等金牌开发商不买，极度看重高端精装质量与顶级物业的增值口碑。,本地常住人口，四季生活规律，度假频次为常规年假出行。
三_2011_00188,三亚,2011,本地改善,31,女,3.6,27.6,0.35,59.2,5,1,是,B,agent,0.8,0.52,0.59,0.45,0.48,0.86,0.62,0.68,0.46,自住-改善,一室一厅,74,5426,区级税务局一级主办,三口之家(幼龄段),三亚中环品质两居，车位及空间极其拥挤,小区无地下车库且人车不分流，小孩在楼下玩耍或者推婴儿车极为不安全。,讲究超高得房率（超85%），主卧套房必须配备独立步入式衣帽间与干湿分离双卫。,无需日常通勤，但要求30分钟内快捷通达凤凰机场或高铁站。,崇尚度假慢生活，清晨沙滩漫步，午后椰林下午茶，酷爱轻户外及后海冲浪。,名下持有一套旧两居，置换回款 65% + 个人理财储蓄补充 + 公积金商业贷,重性价比，不盲信大牌，但要求物业管理有序、绿化修剪及时、人防技防规范。,本地常住人口，四季生活规律，度假频次为常规年假出行。
三_2011_00189,三亚,2011,度假投资,43,男,7.3,54.8,0.4,102.7,2,1,否,A,research,1.0,0.27,0.75,0.74,0.54,0.52,0.01,0.02,0.87,度假,两室一厅,51,16409,上市公司退休联合创始人,三口之家(学龄段),西湖边高精平层,无高端私密会所及管家式物业配套，圈层鱼龙混杂，高净值居住体验差。,要求独立电梯入户，主次卧动线分明，配备独立保姆房和私密后院。,无需日常通勤，但要求30分钟内快捷通达凤凰机场或高铁站。,周末常去高端商圈消费，热衷打网球和马术，重度手冲咖啡及黑胶唱片发烧友。,名下已有企业股权套现或分红现金，一次性全款付清，基本不加杠杆,非仁恒、绿城、万科等金牌开发商不买，极度看重高端精装质量与顶级物业的增值口碑。,每年11月至次年3月到此度过漫长冬季，极其依赖周边的康养及适老化服务。
三_2011_00190,三亚,2011,高净值康养,69,女,15.3,209.9,0.6,262.4,2,0,否,A,network,0.62,0.29,0.97,0.74,0.85,0.75,0,0,0.76,度假,三室两厅,141,13606,知名中医药连锁投资人,高知退休康养,西湖边高精平层,无高端私密会所及管家式物业配套，圈层鱼龙混杂，高净值居住体验差。,要求独立电梯入户，主次卧动线分明，配备独立保姆房和私密后院。,无需日常通勤，但要求30分钟内快捷通达凤凰机场或高铁站。,周末常去高端商圈消费，热衷打网球和马术，重度手冲咖啡及黑胶唱片发烧友。,名下已有企业股权套现或分红现金，一次性全款付清，基本不加杠杆,非仁恒、绿城、万科等金牌开发商不买，极度看重高端精装质量与顶级物业的增值口碑。,本地常住人口，四季生活规律，度假频次为常规年假出行。
三_2011_00191,三亚,2011,本地改善,41,女,2.3,16.4,0.35,35.1,4,1,是,B,agent,0.64,0.62,0.68,0.55,0.43,0.78,0.59,0.89,0.44,自住-改善,两室两厅,61,4122,国企中层管理,三口之家(学龄段),三亚中环品质两居，车位及空间极其拥挤,小区无地下车库且人车不分流，小孩在楼下玩耍或者推婴儿车极为不安全。,讲究超高得房率（超85%），主卧套房必须配备独立步入式衣帽间与干湿分离双卫。,无需日常通勤，但要求30分钟内快捷通达凤凰机场或高铁站。,崇尚度假慢生活，清晨沙滩漫步，午后椰林下午茶，酷爱轻户外及后海冲浪。,名下持有一套旧两居，置换回款 65% + 个人理财储蓄补充 + 公积金商业贷,重性价比，不盲信大牌，但要求物业管理有序、绿化修剪及时、人防技防规范。,本地常住人口，四季生活规律，度假频次为常规年假出行。
三_2011_00192,三亚,2011,高净值康养,57,女,22.6,342.1,0.6,427.6,2,0,否,A,network,0.49,0.27,0.89,1,0.92,0.65,0.05,0.0,1,养老,四室两厅,196,14671,高端海景资产收藏家,高知退休康养,陆家嘴核心区江景大平层,无高端私密会所及管家式物业配套，圈层鱼龙混杂，高净值居住体验差。,要求独立电梯入户，主次卧动线分明，配备独立保姆房和私密后院。,无需日常通勤，但要求30分钟内快捷通达凤凰机场或高铁站。,周末常去高端商圈消费，热衷打网球和马术，重度手冲咖啡及黑胶唱片发烧友。,名下已有企业股权套现或分红现金，一次性全款付清，基本不加杠杆,非仁恒、绿城、万科等金牌开发商不买，极度看重高端精装质量与顶级物业的增值口碑。,本地常住人口，四季生活规律，度假频次为常规年假出行。
三_2011_00193,三亚,2011,度假投资,49,男,11.7,143.9,0.4,269.8,3,1,否,A,research,0.65,0.36,0.84,0.48,0.66,0.35,0,0.06,0.79,度假,三室一厅,97,20629,知名中医药连锁投资人,三口之家(学龄段),陆家嘴核心区江景大平层,无高端私密会所及管家式物业配套，圈层鱼龙混杂，高净值居住体验差。,要求有超大面宽南向双阳台（观景家政分离），主卧大飘窗能270度直面自然景观。,无需日常通勤，但要求30分钟内快捷通达凤凰机场或高铁站。,周末常去高端商圈消费，热衷打网球和马术，重度手冲咖啡及黑胶唱片发烧友。,名下已有企业股权套现或分红现金，一次性全款付清，基本不加杠杆,非仁恒、绿城、万科等金牌开发商不买，极度看重高端精装质量与顶级物业的增值口碑。,每年11月至次年3月到此度过漫长冬季，极其依赖周边的康养及适老化服务。
三_2011_00194,三亚,2011,外地候鸟-华北,56,女,1.6,12.5,0.5,18.7,1,1,是,B,network,0.21,0.58,0.98,0.65,0.55,0.47,0.06,0,0.48,度假,两室一厅,85,1401,央企总部退休总工,三口之家(学龄段),三亚中环品质两居，车位及空间极其拥挤,小区无地下车库且人车不分流，小孩在楼下玩耍或者推婴儿车极为不安全。,要求有超大面宽南向双阳台（观景家政分离），主卧大飘窗能270度直面自然景观。,无需日常通勤，但要求30分钟内快捷通达凤凰机场或高铁站。,崇尚度假慢生活，清晨沙滩漫步，午后椰林下午茶，酷爱轻户外及后海冲浪。,名下持有一套旧两居，置换回款 65% + 个人理财储蓄补充 + 公积金商业贷,重性价比，不盲信大牌，但要求物业管理有序、绿化修剪及时、人防技防规范。,每年11月至次年3月到此度过漫长冬季，极其依赖周边的康养及适老化服务。
三_2011_00195,三亚,2011,度假投资,47,女,11.7,92.0,0.4,172.4,4,1,否,A,research,0.77,0.28,0.86,0.57,0.53,0.29,0.02,0.08,0.55,度假,三室两厅,121,12010,高端海景资产收藏家,三口之家(学龄段),陆家嘴核心区江景大平层,无高端私密会所及管家式物业配套，圈层鱼龙混杂，高净值居住体验差。,要求有超大面宽南向双阳台（观景家政分离），主卧大飘窗能270度直面自然景观。,无需日常通勤，但要求30分钟内快捷通达凤凰机场或高铁站。,周末常去高端商圈消费，热衷打网球和马术，重度手冲咖啡及黑胶唱片发烧友。,名下已有企业股权套现或分红现金，一次性全款付清，基本不加杠杆,重性价比，不盲信大牌，但要求物业管理有序、绿化修剪及时、人防技防规范。,每年11月至次年3月到此度过漫长冬季，极其依赖周边的康养及适老化服务。
三_2011_00196,三亚,2011,度假投资,54,男,10.3,102.6,0.4,192.5,3,2,否,A,research,0.65,0.5,0.94,0.63,0.34,0.47,0.0,0.0,0.69,投资-长持,三室两厅,92,14518,高端海景资产收藏家,二胎黄金期中大户型,市中心私密洋房住宅,无高端私密会所及管家式物业配套，圈层鱼龙混杂，高净值居住体验差。,要求有超大面宽南向双阳台（观景家政分离），主卧大飘窗能270度直面自然景观。,无需日常通勤，但要求30分钟内快捷通达凤凰机场或高铁站。,周末常去高端商圈消费，热衷打网球和马术，重度手冲咖啡及黑胶唱片发烧友。,名下已有企业股权套现或分红现金，一次性全款付清，基本不加杠杆,重性价比，不盲信大牌，但要求物业管理有序、绿化修剪及时、人防技防规范。,每年11月至次年3月到此度过漫长冬季，极其依赖周边的康养及适老化服务。
三_2011_00197,三亚,2011,本地改善,34,男,3.2,17.8,0.35,38.2,4,1,是,B,agent,0.85,0.61,0.61,0.61,0.41,0.71,0.47,0.78,0.4,自住-改善,两室一厅,99,2219,三甲医院主治医师,三口之家(幼龄段),三亚中环品质两居，车位及空间极其拥挤,小区无地下车库且人车不分流，小孩在楼下玩耍或者推婴儿车极为不安全。,讲究超高得房率（超85%），主卧套房必须配备独立步入式衣帽间与干湿分离双卫。,无需日常通勤，但要求30分钟内快捷通达凤凰机场或高铁站。,崇尚度假慢生活，清晨沙滩漫步，午后椰林下午茶，酷爱轻户外及后海冲浪。,名下持有一套旧两居，置换回款 65% + 个人理财储蓄补充 + 公积金商业贷,重性价比，不盲信大牌，但要求物业管理有序、绿化修剪及时、人防技防规范。,本地常住人口，四季生活规律，度假频次为常规年假出行。
三_2011_00198,三亚,2011,外地候鸟-东北,73,男,3.9,34.2,0.5,51.3,2,1,否,C,network,0.03,0.7,1,0.72,0.5,0.52,0.04,0.04,0.58,度假,一室一厅,71,4901,哈尔滨私营物流老板,三口之家(学龄段),与父母同住，三代人拥挤在旧区小户型老房中,小区无地下车库且人车不分流，小孩在楼下玩耍或者推婴儿车极为不安全。,要求独立电梯入户，主次卧动线分明，配备独立保姆房和私密后院。,无需日常通勤，但要求30分钟内快捷通达凤凰机场或高铁站。,崇尚度假慢生活，清晨沙滩漫步，午后椰林下午茶，酷爱轻户外及后海冲浪。,名下持有一套旧两居，置换回款 65% + 个人理财储蓄补充 + 公积金商业贷,重性价比，不盲信大牌，但要求物业管理有序、绿化修剪及时、人防技防规范。,每年11月至次年3月到此度过漫长冬季，极其依赖周边的康养及适老化服务。
三_2011_00199,三亚,2011,外地候鸟-华北,72,女,4.2,41.3,0.5,62.0,3,0,否,B,network,0.41,0.49,1,0.73,0.66,0.56,0,0,0.52,养老,一室一厅,85,5501,高校资深硕导,高知退休康养,三亚中环品质两居，车位及空间极其拥挤,老小区隔音差，邻里滋扰严重，且车位严重匮乏，每晚加班回来抢车位像打仗。,要求独立电梯入户，主次卧动线分明，配备独立保姆房和私密后院。,无需日常通勤，但要求30分钟内快捷通达凤凰机场或高铁站。,崇尚度假慢生活，清晨沙滩漫步，午后椰林下午茶，酷爱轻户外及后海冲浪。,名下持有一套旧两居，置换回款 65% + 个人理财储蓄补充 + 公积金商业贷,重性价比，不盲信大牌，但要求物业管理有序、绿化修剪及时、人防技防规范。,每年11月至次年3月到此度过漫长冬季，极其依赖周边的康养及适老化服务。
三_2011_00200,三亚,2011,本地改善,31,女,2.3,9.6,0.35,20.6,3,0,是,B,agent,0.87,0.51,0.64,0.38,0.45,0.73,0.57,0.77,0.56,自住-改善,两室一厅,70,2427,三甲医院主治医师,新婚过渡两居,三亚中环品质两居，车位及空间极其拥挤,当前房屋属于旧多层无电梯房，父母年纪渐高每天爬楼梯极为吃力。,讲究超高得房率（超85%），主卧套房必须配备独立步入式衣帽间与干湿分离双卫。,无需日常通勤，但要求30分钟内快捷通达凤凰机场或高铁站。,崇尚度假慢生活，清晨沙滩漫步，午后椰林下午茶，酷爱轻户外及后海冲浪。,名下持有一套旧两居，置换回款 65% + 个人理财储蓄补充 + 公积金商业贷,重性价比，不盲信大牌，但要求物业管理有序、绿化修剪及时、人防技防规范。,本地常住人口，四季生活规律，度假频次为常规年假出行。
三_2011_00201,三亚,2011,外地候鸟-华北,63,男,2.7,21.4,0.5,32.1,2,0,否,B,network,0.3,0.68,0.91,0.75,0.56,0.54,0,0,0.51,养老,两室一厅,85,2039,央企总部退休总工,高知退休康养,三亚中环品质两居，车位及空间极其拥挤,老小区隔音差，邻里滋扰严重，且车位严重匮乏，每晚加班回来抢车位像打仗。,要求独立电梯入户，主次卧动线分明，配备独立保姆房和私密后院。,无需日常通勤，但要求30分钟内快捷通达凤凰机场或高铁站。,崇尚度假慢生活，清晨沙滩漫步，午后椰林下午茶，酷爱轻户外及后海冲浪。,名下持有一套旧两居，置换回款 65% + 个人理财储蓄补充 + 公积金商业贷,重性价比，不盲信大牌，但要求物业管理有序、绿化修剪及时、人防技防规范。,每年11月至次年3月到此度过漫长冬季，极其依赖周边的康养及适老化服务。
三_2011_00202,三亚,2011,度假投资,43,男,10.8,76.4,0.4,143.3,3,0,是,A,research,0.9,0.4,0.96,0.75,0.51,0.36,0.07,0.01,0.68,投资-长持,一室一厅,73,12836,高端海景资产收藏家,成熟期核心家庭,陆家嘴核心区江景大平层,当前房屋属于旧多层无电梯房，父母年纪渐高每天爬楼梯极为吃力。,要求独立电梯入户，主次卧动线分明，配备独立保姆房和私密后院。,无需日常通勤，但要求30分钟内快捷通达凤凰机场或高铁站。,周末常去高端商圈消费，热衷打网球和马术，重度手冲咖啡及黑胶唱片发烧友。,名下已有企业股权套现或分红现金，一次性全款付清，基本不加杠杆,重性价比，不盲信大牌，但要求物业管理有序、绿化修剪及时、人防技防规范。,每年11月至次年3月到此度过漫长冬季，极其依赖周边的康养及适老化服务。
三_2011_00203,三亚,2011,本地改善,39,男,1.2,7.6,0.35,16.3,3,1,否,B,agent,0.87,0.62,0.73,0.48,0.47,0.8,0.51,0.62,0.41,自住-改善,两室两厅,55,2194,国企中层管理,三口之家(学龄段),三亚中环品质两居，车位及空间极其拥挤,小区无地下车库且人车不分流，小孩在楼下玩耍或者推婴儿车极为不安全。,要求有超大面宽南向双阳台（观景家政分离），主卧大飘窗能270度直面自然景观。,无需日常通勤，但要求30分钟内快捷通达凤凰机场或高铁站。,崇尚度假慢生活，清晨沙滩漫步，午后椰林下午茶，酷爱轻户外及后海冲浪。,名下持有一套旧两居，置换回款 65% + 个人理财储蓄补充 + 公积金商业贷,重性价比，不盲信大牌，但要求物业管理有序、绿化修剪及时、人防技防规范。,本地常住人口，四季生活规律，度假频次为常规年假出行。
三_2011_00204,三亚,2011,本地改善,42,男,2.5,19.4,0.35,41.5,5,0,否,B,agent,0.84,0.48,0.62,0.49,0.49,0.7,0.47,0.61,0.41,自住-改善,两室一厅,84,3723,区级税务局一级主办,成熟期核心家庭,三亚中环品质两居，车位及空间极其拥挤,老小区隔音差，邻里滋扰严重，且车位严重匮乏，每晚加班回来抢车位像打仗。,讲究超高得房率（超85%），主卧套房必须配备独立步入式衣帽间与干湿分离双卫。,无需日常通勤，但要求30分钟内快捷通达凤凰机场或高铁站。,崇尚度假慢生活，清晨沙滩漫步，午后椰林下午茶，酷爱轻户外及后海冲浪。,名下持有一套旧两居，置换回款 65% + 个人理财储蓄补充 + 公积金商业贷,重性价比，不盲信大牌，但要求物业管理有序、绿化修剪及时、人防技防规范。,本地常住人口，四季生活规律，度假频次为常规年假出行。
三_2011_00205,三亚,2011,本地改善,39,男,1.3,9.0,0.35,19.3,3,1,否,B,agent,0.92,0.47,0.51,0.52,0.49,0.63,0.43,0.82,0.39,自住-改善,两室一厅,95,1529,重点中学高级教师,三口之家(学龄段),三亚中环品质两居，车位及空间极其拥挤,小区无地下车库且人车不分流，小孩在楼下玩耍或者推婴儿车极为不安全。,核心要求地块属于第一梯队名校学区，且周边500米内解决幼小衔接教育配套。,无需日常通勤，但要求30分钟内快捷通达凤凰机场或高铁站。,崇尚度假慢生活，清晨沙滩漫步，午后椰林下午茶，酷爱轻户外及后海冲浪。,名下持有一套旧两居，置换回款 65% + 个人理财储蓄补充 + 公积金商业贷,重性价比，不盲信大牌，但要求物业管理有序、绿化修剪及时、人防技防规范。,本地常住人口，四季生活规律，度假频次为常规年假出行。
三_2011_00206,三亚,2011,外地候鸟-华北,59,女,6.5,50.6,0.5,75.9,2,0,否,B,network,0.37,0.55,0.89,0.69,0.71,0.54,0,0,0.67,度假,一室一厅,53,9167,高校资深硕导,高知退休康养,三亚中环品质两居，车位及空间极其拥挤,老小区隔音差，邻里滋扰严重，且车位严重匮乏，每晚加班回来抢车位像打仗。,要求有超大面宽南向双阳台（观景家政分离），主卧大飘窗能270度直面自然景观。,无需日常通勤，但要求30分钟内快捷通达凤凰机场或高铁站。,崇尚度假慢生活，清晨沙滩漫步，午后椰林下午茶，酷爱轻户外及后海冲浪。,名下持有一套旧两居，置换回款 65% + 个人理财储蓄补充 + 公积金商业贷,重性价比，不盲信大牌，但要求物业管理有序、绿化修剪及时、人防技防规范。,每年11月至次年3月到此度过漫长冬季，极其依赖周边的康养及适老化服务。
三_2011_00207,三亚,2011,本地改善,30,女,3.5,20.2,0.35,43.3,4,1,否,B,agent,0.38,0.58,0.76,0.49,0.4,0.61,0.44,0.64,0.36,自住-改善,一室一厅,66,4155,三甲医院主治医师,三口之家(幼龄段),三亚中环品质两居，车位及空间极其拥挤,小区无地下车库且人车不分流，小孩在楼下玩耍或者推婴儿车极为不安全。,要求有超大面宽南向双阳台（观景家政分离），主卧大飘窗能270度直面自然景观。,无需日常通勤，但要求30分钟内快捷通达凤凰机场或高铁站。,崇尚度假慢生活，清晨沙滩漫步，午后椰林下午茶，酷爱轻户外及后海冲浪。,名下持有一套旧两居，置换回款 65% + 个人理财储蓄补充 + 公积金商业贷,重性价比，不盲信大牌，但要求物业管理有序、绿化修剪及时、人防技防规范。,本地常住人口，四季生活规律，度假频次为常规年假出行。
三_2011_00208,三亚,2011,本地改善,40,男,3.1,19.6,0.35,42.0,4,1,否,B,agent,0.66,0.62,0.76,0.43,0.57,0.71,0.34,0.74,0.36,自住-改善,两室两厅,85,3360,区级税务局一级主办,三口之家(学龄段),三亚中环品质两居，车位及空间极其拥挤,小区无地下车库且人车不分流，小孩在楼下玩耍或者推婴儿车极为不安全。,要求有超大面宽南向双阳台（观景家政分离），主卧大飘窗能270度直面自然景观。,无需日常通勤，但要求30分钟内快捷通达凤凰机场或高铁站。,崇尚度假慢生活，清晨沙滩漫步，午后椰林下午茶，酷爱轻户外及后海冲浪。,名下持有一套旧两居，置换回款 65% + 个人理财储蓄补充 + 公积金商业贷,重性价比，不盲信大牌，但要求物业管理有序、绿化修剪及时、人防技防规范。,本地常住人口，四季生活规律，度假频次为常规年假出行。
三_2011_00209,三亚,2011,本地改善,42,女,2.9,20.9,0.35,44.8,4,1,是,B,agent,0.57,0.45,0.71,0.52,0.46,0.74,0.57,0.69,0.34,自住-改善,两室一厅,57,5843,国企中层管理,三口之家(学龄段),三亚中环品质两居，车位及空间极其拥挤,小区无地下车库且人车不分流，小孩在楼下玩耍或者推婴儿车极为不安全。,要求有超大面宽南向双阳台（观景家政分离），主卧大飘窗能270度直面自然景观。,无需日常通勤，但要求30分钟内快捷通达凤凰机场或高铁站。,崇尚度假慢生活，清晨沙滩漫步，午后椰林下午茶，酷爱轻户外及后海冲浪。,名下持有一套旧两居，置换回款 65% + 个人理财储蓄补充 + 公积金商业贷,重性价比，不盲信大牌，但要求物业管理有序、绿化修剪及时、人防技防规范。,本地常住人口，四季生活规律，度假频次为常规年假出行。
三_2011_00210,三亚,2011,外地候鸟-华北,70,男,4.6,37.8,0.5,56.7,3,1,否,B,network,0.53,0.54,0.85,0.81,0.48,0.48,0,0.06,0.5,度假,两室一厅,51,9518,央企总部退休总工,三口之家(学龄段),三亚中环品质两居，车位及空间极其拥挤,小区无地下车库且人车不分流，小孩在楼下玩耍或者推婴儿车极为不安全。,要求独立电梯入户，主次卧动线分明，配备独立保姆房和私密后院。,无需日常通勤，但要求30分钟内快捷通达凤凰机场或高铁站。,崇尚度假慢生活，清晨沙滩漫步，午后椰林下午茶，酷爱轻户外及后海冲浪。,名下持有一套旧两居，置换回款 65% + 个人理财储蓄补充 + 公积金商业贷,重性价比，不盲信大牌，但要求物业管理有序、绿化修剪及时、人防技防规范。,每年11月至次年3月到此度过漫长冬季，极其依赖周边的康养及适老化服务。
三_2011_00211,三亚,2011,本地改善,42,男,2.0,9.4,0.35,20.2,5,1,否,B,agent,0.51,0.51,0.49,0.46,0.31,0.8,0.44,0.66,0.58,自住-改善,一室一厅,65,2600,区级税务局一级主办,三口之家(学龄段),三亚中环品质两居，车位及空间极其拥挤,小区无地下车库且人车不分流，小孩在楼下玩耍或者推婴儿车极为不安全。,讲究超高得房率（超85%），主卧套房必须配备独立步入式衣帽间与干湿分离双卫。,无需日常通勤，但要求30分钟内快捷通达凤凰机场或高铁站。,崇尚度假慢生活，清晨沙滩漫步，午后椰林下午茶，酷爱轻户外及后海冲浪。,名下持有一套旧两居，置换回款 65% + 个人理财储蓄补充 + 公积金商业贷,重性价比，不盲信大牌，但要求物业管理有序、绿化修剪及时、人防技防规范。,本地常住人口，四季生活规律，度假频次为常规年假出行。
三_2011_00212,三亚,2011,度假投资,45,男,13.2,131.1,0.4,245.9,4,0,否,A,research,1,0.36,0.89,0.61,0.5,0.36,0.0,0.12,0.8,投资-长持,三室一厅,138,11888,知名中医药连锁投资人,成熟期核心家庭,市中心私密洋房住宅,无高端私密会所及管家式物业配套，圈层鱼龙混杂，高净值居住体验差。,要求有超大面宽南向双阳台（观景家政分离），主卧大飘窗能270度直面自然景观。,无需日常通勤，但要求30分钟内快捷通达凤凰机场或高铁站。,周末常去高端商圈消费，热衷打网球和马术，重度手冲咖啡及黑胶唱片发烧友。,名下已有企业股权套现或分红现金，一次性全款付清，基本不加杠杆,非仁恒、绿城、万科等金牌开发商不买，极度看重高端精装质量与顶级物业的增值口碑。,每年11月至次年3月到此度过漫长冬季，极其依赖周边的康养及适老化服务。
三_2011_00213,三亚,2011,外地候鸟-东北,62,女,3.0,22.7,0.5,34.0,2,0,否,C,network,0.69,0.66,0.88,0.78,0.35,0.6,0.01,0.11,0.28,度假,两室一厅,90,2375,沈阳大型重工企业退休副厂长,高知退休康养,与父母同住，三代人拥挤在旧区小户型老房中,老小区隔音差，邻里滋扰严重，且车位严重匮乏，每晚加班回来抢车位像打仗。,要求独立电梯入户，主次卧动线分明，配备独立保姆房和私密后院。,无需日常通勤，但要求30分钟内快捷通达凤凰机场或高铁站。,崇尚度假慢生活，清晨沙滩漫步，午后椰林下午茶，酷爱轻户外及后海冲浪。,名下持有一套旧两居，置换回款 65% + 个人理财储蓄补充 + 公积金商业贷,重性价比，不盲信大牌，但要求物业管理有序、绿化修剪及时、人防技防规范。,每年11月至次年3月到此度过漫长冬季，极其依赖周边的康养及适老化服务。
三_2011_00214,三亚,2011,本地改善,30,女,3.2,22.6,0.35,48.3,4,0,是,B,agent,0.54,0.5,0.61,0.4,0.3,0.62,0.56,0.68,0.41,自住-改善,两室一厅,91,4156,国企中层管理,新婚过渡两居,三亚中环品质两居，车位及空间极其拥挤,当前房屋属于旧多层无电梯房，父母年纪渐高每天爬楼梯极为吃力。,要求采光通透，全明户型，带多功能嵌入式收纳墙以最大化空间利用。,无需日常通勤，但要求30分钟内快捷通达凤凰机场或高铁站。,崇尚度假慢生活，清晨沙滩漫步，午后椰林下午茶，酷爱轻户外及后海冲浪。,名下持有一套旧两居，置换回款 65% + 个人理财储蓄补充 + 公积金商业贷,重性价比，不盲信大牌，但要求物业管理有序、绿化修剪及时、人防技防规范。,本地常住人口，四季生活规律，度假频次为常规年假出行。
三_2011_00215,三亚,2011,度假投资,54,女,7.4,86.2,0.4,161.6,3,1,否,A,research,0.74,0.24,0.72,0.66,0.57,0.4,0,0,0.79,投资-短期,三室一厅,136,7808,高端海景资产收藏家,三口之家(学龄段),西湖边高精平层,无高端私密会所及管家式物业配套，圈层鱼龙混杂，高净值居住体验差。,要求有超大面宽南向双阳台（观景家政分离），主卧大飘窗能270度直面自然景观。,无需日常通勤，但要求30分钟内快捷通达凤凰机场或高铁站。,周末常去高端商圈消费，热衷打网球和马术，重度手冲咖啡及黑胶唱片发烧友。,名下已有企业股权套现或分红现金，一次性全款付清，基本不加杠杆,非仁恒、绿城、万科等金牌开发商不买，极度看重高端精装质量与顶级物业的增值口碑。,每年11月至次年3月到此度过漫长冬季，极其依赖周边的康养及适老化服务。
三_2011_00216,三亚,2011,外地候鸟-西北,71,女,4.4,42.9,0.5,64.4,2,0,否,C,network,0.14,0.69,0.91,0.55,0.46,0.34,0.16,0.03,0.58,度假,一室一厅,85,5927,兰州煤炭物流运输企业主,高知退休康养,与父母同住，三代人拥挤在旧区小户型老房中,老小区隔音差，邻里滋扰严重，且车位严重匮乏，每晚加班回来抢车位像打仗。,要求有超大面宽南向双阳台（观景家政分离），主卧大飘窗能270度直面自然景观。,无需日常通勤，但要求30分钟内快捷通达凤凰机场或高铁站。,崇尚度假慢生活，清晨沙滩漫步，午后椰林下午茶，酷爱轻户外及后海冲浪。,名下持有一套旧两居，置换回款 65% + 个人理财储蓄补充 + 公积金商业贷,重性价比，不盲信大牌，但要求物业管理有序、绿化修剪及时、人防技防规范。,每年11月至次年3月到此度过漫长冬季，极其依赖周边的康养及适老化服务。
三_2011_00217,三亚,2011,度假投资,51,男,10.9,83.3,0.4,156.3,1,1,否,A,research,0.99,0.38,0.84,0.48,0.55,0.56,0.04,0.08,0.83,投资-短期,三室一厅,141,9561,知名中医药连锁投资人,三口之家(学龄段),陆家嘴核心区江景大平层,无高端私密会所及管家式物业配套，圈层鱼龙混杂，高净值居住体验差。,要求有超大面宽南向双阳台（观景家政分离），主卧大飘窗能270度直面自然景观。,无需日常通勤，但要求30分钟内快捷通达凤凰机场或高铁站。,周末常去高端商圈消费，热衷打网球和马术，重度手冲咖啡及黑胶唱片发烧友。,名下已有企业股权套现或分红现金，一次性全款付清，基本不加杠杆,非仁恒、绿城、万科等金牌开发商不买，极度看重高端精装质量与顶级物业的增值口碑。,每年11月至次年3月到此度过漫长冬季，极其依赖周边的康养及适老化服务。
三_2011_00218,三亚,2011,度假投资,38,女,3.8,30.0,0.4,56.2,5,2,否,A,research,1,0.36,0.9,0.43,0.59,0.48,0.01,0,0.72,投资-短期,两室两厅,88,5414,高端海景资产收藏家,二胎黄金期中大户型,西湖边高精平层,无高端私密会所及管家式物业配套，圈层鱼龙混杂，高净值居住体验差。,要求有超大面宽南向双阳台（观景家政分离），主卧大飘窗能270度直面自然景观。,无需日常通勤，但要求30分钟内快捷通达凤凰机场或高铁站。,周末常去高端商圈消费，热衷打网球和马术，重度手冲咖啡及黑胶唱片发烧友。,名下已有企业股权套现或分红现金，一次性全款付清，基本不加杠杆,非仁恒、绿城、万科等金牌开发商不买，极度看重高端精装质量与顶级物业的增值口碑。,每年11月至次年3月到此度过漫长冬季，极其依赖周边的康养及适老化服务。
三_2011_00219,三亚,2011,本地改善,31,男,2.3,9.9,0.35,21.2,4,1,否,B,agent,1,0.61,0.57,0.42,0.6,0.76,0.4,0.75,0.31,自住-改善,一室一厅,86,1602,重点中学高级教师,三口之家(幼龄段),三亚中环品质两居，车位及空间极其拥挤,小区无地下车库且人车不分流，小孩在楼下玩耍或者推婴儿车极为不安全。,讲究超高得房率（超85%），主卧套房必须配备独立步入式衣帽间与干湿分离双卫。,无需日常通勤，但要求30分钟内快捷通达凤凰机场或高铁站。,崇尚度假慢生活，清晨沙滩漫步，午后椰林下午茶，酷爱轻户外及后海冲浪。,名下持有一套旧两居，置换回款 65% + 个人理财储蓄补充 + 公积金商业贷,重性价比，不盲信大牌，但要求物业管理有序、绿化修剪及时、人防技防规范。,本地常住人口，四季生活规律，度假频次为常规年假出行。
三_2011_00220,三亚,2011,外地候鸟-华北,75,男,2.9,19.4,0.5,29.1,2,0,否,B,network,0.56,0.54,0.84,0.67,0.74,0.51,0,0,0.54,养老,一室一厅,52,2909,高校资深硕导,高知退休康养,三亚中环品质两居，车位及空间极其拥挤,老小区隔音差，邻里滋扰严重，且车位严重匮乏，每晚加班回来抢车位像打仗。,要求有超大面宽南向双阳台（观景家政分离），主卧大飘窗能270度直面自然景观。,无需日常通勤，但要求30分钟内快捷通达凤凰机场或高铁站。,崇尚度假慢生活，清晨沙滩漫步，午后椰林下午茶，酷爱轻户外及后海冲浪。,名下持有一套旧两居，置换回款 65% + 个人理财储蓄补充 + 公积金商业贷,重性价比，不盲信大牌，但要求物业管理有序、绿化修剪及时、人防技防规范。,每年11月至次年3月到此度过漫长冬季，极其依赖周边的康养及适老化服务。
三_2011_00221,三亚,2011,外地候鸟-东北,61,女,2.2,13.4,0.5,20.1,1,1,否,C,network,0.4,0.64,0.88,0.64,0.37,0.54,0,0,0.54,度假,两室两厅,93,1293,哈尔滨高校退休处长,三口之家(学龄段),与父母同住，三代人拥挤在旧区小户型老房中,小区无地下车库且人车不分流，小孩在楼下玩耍或者推婴儿车极为不安全。,要求有超大面宽南向双阳台（观景家政分离），主卧大飘窗能270度直面自然景观。,无需日常通勤，但要求30分钟内快捷通达凤凰机场或高铁站。,崇尚度假慢生活，清晨沙滩漫步，午后椰林下午茶，酷爱轻户外及后海冲浪。,名下持有一套旧两居，置换回款 65% + 个人理财储蓄补充 + 公积金商业贷,重性价比，不盲信大牌，但要求物业管理有序、绿化修剪及时、人防技防规范。,每年11月至次年3月到此度过漫长冬季，极其依赖周边的康养及适老化服务。
三_2011_00222,三亚,2011,本地改善,32,男,4.3,29.9,0.35,64.0,5,1,否,B,agent,0.82,0.46,0.56,0.49,0.51,0.83,0.45,0.62,0.43,自住-改善,两室一厅,82,4249,区级税务局一级主办,三口之家(幼龄段),三亚中环品质两居，车位及空间极其拥挤,小区无地下车库且人车不分流，小孩在楼下玩耍或者推婴儿车极为不安全。,讲究超高得房率（超85%），主卧套房必须配备独立步入式衣帽间与干湿分离双卫。,无需日常通勤，但要求30分钟内快捷通达凤凰机场或高铁站。,崇尚度假慢生活，清晨沙滩漫步，午后椰林下午茶，酷爱轻户外及后海冲浪。,名下持有一套旧两居，置换回款 65% + 个人理财储蓄补充 + 公积金商业贷,重性价比，不盲信大牌，但要求物业管理有序、绿化修剪及时、人防技防规范。,本地常住人口，四季生活规律，度假频次为常规年假出行。
三_2011_00223,三亚,2011,外地候鸟-华北,66,女,4.1,24.3,0.5,36.5,1,0,否,B,network,0.61,0.67,0.77,0.77,0.43,0.41,0,0.04,0.53,度假,一室一厅,75,3468,高校资深硕导,高知退休康养,三亚中环品质两居，车位及空间极其拥挤,老小区隔音差，邻里滋扰严重，且车位严重匮乏，每晚加班回来抢车位像打仗。,要求独立电梯入户，主次卧动线分明，配备独立保姆房和私密后院。,无需日常通勤，但要求30分钟内快捷通达凤凰机场或高铁站。,崇尚度假慢生活，清晨沙滩漫步，午后椰林下午茶，酷爱轻户外及后海冲浪。,名下持有一套旧两居，置换回款 65% + 个人理财储蓄补充 + 公积金商业贷,重性价比，不盲信大牌，但要求物业管理有序、绿化修剪及时、人防技防规范。,每年11月至次年3月到此度过漫长冬季，极其依赖周边的康养及适老化服务。
三_2011_00224,三亚,2011,本地改善,39,女,2.6,15.3,0.35,32.8,5,1,是,B,agent,0.9,0.41,0.57,0.41,0.48,0.61,0.69,0.73,0.45,自住-改善,两室两厅,91,2044,区级税务局一级主办,三口之家(学龄段),三亚中环品质两居，车位及空间极其拥挤,小区无地下车库且人车不分流，小孩在楼下玩耍或者推婴儿车极为不安全。,核心要求地块属于第一梯队名校学区，且周边500米内解决幼小衔接教育配套。,无需日常通勤，但要求30分钟内快捷通达凤凰机场或高铁站。,崇尚度假慢生活，清晨沙滩漫步，午后椰林下午茶，酷爱轻户外及后海冲浪。,名下持有一套旧两居，置换回款 65% + 个人理财储蓄补充 + 公积金商业贷,重性价比，不盲信大牌，但要求物业管理有序、绿化修剪及时、人防技防规范。,本地常住人口，四季生活规律，度假频次为常规年假出行。
三_2011_00225,三亚,2011,本地改善,32,女,1.6,10.1,0.35,21.7,5,1,否,B,agent,0.83,0.49,0.64,0.48,0.37,0.68,0.42,0.73,0.5,自住-改善,两室两厅,94,1675,国企中层管理,三口之家(幼龄段),三亚中环品质两居，车位及空间极其拥挤,小区无地下车库且人车不分流，小孩在楼下玩耍或者推婴儿车极为不安全。,核心要求地块属于第一梯队名校学区，且周边500米内解决幼小衔接教育配套。,无需日常通勤，但要求30分钟内快捷通达凤凰机场或高铁站。,崇尚度假慢生活，清晨沙滩漫步，午后椰林下午茶，酷爱轻户外及后海冲浪。,名下持有一套旧两居，置换回款 65% + 个人理财储蓄补充 + 公积金商业贷,重性价比，不盲信大牌，但要求物业管理有序、绿化修剪及时、人防技防规范。,本地常住人口，四季生活规律，度假频次为常规年假出行。
三_2011_00226,三亚,2011,本地改善,42,女,2.5,14.0,0.35,30.1,4,1,否,B,agent,0.91,0.61,0.77,0.53,0.54,0.87,0.51,0.65,0.4,自住-改善,一室一厅,53,3053,三甲医院主治医师,三口之家(学龄段),三亚中环品质两居，车位及空间极其拥挤,小区无地下车库且人车不分流，小孩在楼下玩耍或者推婴儿车极为不安全。,要求有超大面宽南向双阳台（观景家政分离），主卧大飘窗能270度直面自然景观。,无需日常通勤，但要求30分钟内快捷通达凤凰机场或高铁站。,崇尚度假慢生活，清晨沙滩漫步，午后椰林下午茶，酷爱轻户外及后海冲浪。,名下持有一套旧两居，置换回款 65% + 个人理财储蓄补充 + 公积金商业贷,重性价比，不盲信大牌，但要求物业管理有序、绿化修剪及时、人防技防规范。,本地常住人口，四季生活规律，度假频次为常规年假出行。
三_2011_00227,三亚,2011,度假投资,40,女,5.5,55.5,0.4,104.0,2,1,否,A,research,0.67,0.38,0.9,0.57,0.52,0.61,0.12,0.01,0.71,投资-短期,两室一厅,97,8779,高端海景资产收藏家,三口之家(学龄段),市中心私密洋房住宅,无高端私密会所及管家式物业配套，圈层鱼龙混杂，高净值居住体验差。,要求有超大面宽南向双阳台（观景家政分离），主卧大飘窗能270度直面自然景观。,无需日常通勤，但要求30分钟内快捷通达凤凰机场或高铁站。,周末常去高端商圈消费，热衷打网球和马术，重度手冲咖啡及黑胶唱片发烧友。,名下已有企业股权套现或分红现金，一次性全款付清，基本不加杠杆,非仁恒、绿城、万科等金牌开发商不买，极度看重高端精装质量与顶级物业的增值口碑。,每年11月至次年3月到此度过漫长冬季，极其依赖周边的康养及适老化服务。
三_2011_00228,三亚,2011,外地候鸟-西北,70,男,3.6,35.4,0.5,53.0,2,0,是,C,network,0.33,0.64,0.93,0.62,0.36,0.54,0,0.02,0.53,度假,两室两厅,67,4949,兰州煤炭物流运输企业主,高知退休康养,与父母同住，三代人拥挤在旧区小户型老房中,当前房屋属于旧多层无电梯房，父母年纪渐高每天爬楼梯极为吃力。,要求有超大面宽南向双阳台（观景家政分离），主卧大飘窗能270度直面自然景观。,无需日常通勤，但要求30分钟内快捷通达凤凰机场或高铁站。,崇尚度假慢生活，清晨沙滩漫步，午后椰林下午茶，酷爱轻户外及后海冲浪。,名下持有一套旧两居，置换回款 65% + 个人理财储蓄补充 + 公积金商业贷,重性价比，不盲信大牌，但要求物业管理有序、绿化修剪及时、人防技防规范。,每年11月至次年3月到此度过漫长冬季，极其依赖周边的康养及适老化服务。
三_2011_00229,三亚,2011,本地改善,31,女,1.9,14.6,0.35,31.4,5,1,是,B,agent,0.85,0.66,0.7,0.45,0.48,0.82,0.28,0.65,0.47,自住-改善,两室一厅,76,2355,区级税务局一级主办,三口之家(幼龄段),三亚中环品质两居，车位及空间极其拥挤,小区无地下车库且人车不分流，小孩在楼下玩耍或者推婴儿车极为不安全。,讲究超高得房率（超85%），主卧套房必须配备独立步入式衣帽间与干湿分离双卫。,无需日常通勤，但要求30分钟内快捷通达凤凰机场或高铁站。,崇尚度假慢生活，清晨沙滩漫步，午后椰林下午茶，酷爱轻户外及后海冲浪。,名下持有一套旧两居，置换回款 65% + 个人理财储蓄补充 + 公积金商业贷,重性价比，不盲信大牌，但要求物业管理有序、绿化修剪及时、人防技防规范。,本地常住人口，四季生活规律，度假频次为常规年假出行。
三_2011_00230,三亚,2011,外地候鸟-西北,60,女,2.0,19.8,0.5,29.7,2,0,否,C,network,0.18,0.61,0.86,0.75,0.5,0.46,0.04,0.06,0.49,养老,两室一厅,100,2429,西安设计院退休总建筑师,高知退休康养,与父母同住，三代人拥挤在旧区小户型老房中,老小区隔音差，邻里滋扰严重，且车位严重匮乏，每晚加班回来抢车位像打仗。,要求独立电梯入户，主次卧动线分明，配备独立保姆房和私密后院。,无需日常通勤，但要求30分钟内快捷通达凤凰机场或高铁站。,崇尚度假慢生活，清晨沙滩漫步，午后椰林下午茶，酷爱轻户外及后海冲浪。,名下持有一套旧两居，置换回款 65% + 个人理财储蓄补充 + 公积金商业贷,重性价比，不盲信大牌，但要求物业管理有序、绿化修剪及时、人防技防规范。,每年11月至次年3月到此度过漫长冬季，极其依赖周边的康养及适老化服务。
三_2011_00231,三亚,2011,本地改善,33,女,3.0,20.0,0.35,42.8,4,1,是,B,agent,0.64,0.61,0.49,0.42,0.47,0.86,0.5,0.69,0.6,自住-改善,两室两厅,52,5287,区级税务局一级主办,三口之家(幼龄段),三亚中环品质两居，车位及空间极其拥挤,小区无地下车库且人车不分流，小孩在楼下玩耍或者推婴儿车极为不安全。,讲究超高得房率（超85%），主卧套房必须配备独立步入式衣帽间与干湿分离双卫。,无需日常通勤，但要求30分钟内快捷通达凤凰机场或高铁站。,崇尚度假慢生活，清晨沙滩漫步，午后椰林下午茶，酷爱轻户外及后海冲浪。,名下持有一套旧两居，置换回款 65% + 个人理财储蓄补充 + 公积金商业贷,重性价比，不盲信大牌，但要求物业管理有序、绿化修剪及时、人防技防规范。,本地常住人口，四季生活规律，度假频次为常规年假出行。
三_2011_00232,三亚,2011,外地候鸟-华北,61,女,1.7,13.0,0.5,19.5,2,0,否,B,network,0.44,0.43,0.95,0.92,0.72,0.46,0,0,0.6,养老,一室一厅,73,1414,北京三甲医院退休教授,高知退休康养,三亚中环品质两居，车位及空间极其拥挤,老小区隔音差，邻里滋扰严重，且车位严重匮乏，每晚加班回来抢车位像打仗。,要求独立电梯入户，主次卧动线分明，配备独立保姆房和私密后院。,无需日常通勤，但要求30分钟内快捷通达凤凰机场或高铁站。,崇尚度假慢生活，清晨沙滩漫步，午后椰林下午茶，酷爱轻户外及后海冲浪。,名下持有一套旧两居，置换回款 65% + 个人理财储蓄补充 + 公积金商业贷,重性价比，不盲信大牌，但要求物业管理有序、绿化修剪及时、人防技防规范。,每年11月至次年3月到此度过漫长冬季，极其依赖周边的康养及适老化服务。
三_2011_00233,三亚,2011,外地候鸟-华北,55,男,4.3,31.8,0.5,47.7,3,0,否,B,network,0.7,0.48,0.91,0.7,0.61,0.49,0.1,0,0.54,养老,一室一厅,75,3850,央企总部退休总工,高知退休康养,三亚中环品质两居，车位及空间极其拥挤,老小区隔音差，邻里滋扰严重，且车位严重匮乏，每晚加班回来抢车位像打仗。,要求有超大面宽南向双阳台（观景家政分离），主卧大飘窗能270度直面自然景观。,无需日常通勤，但要求30分钟内快捷通达凤凰机场或高铁站。,崇尚度假慢生活，清晨沙滩漫步，午后椰林下午茶，酷爱轻户外及后海冲浪。,名下持有一套旧两居，置换回款 65% + 个人理财储蓄补充 + 公积金商业贷,重性价比，不盲信大牌，但要求物业管理有序、绿化修剪及时、人防技防规范。,每年11月至次年3月到此度过漫长冬季，极其依赖周边的康养及适老化服务。
三_2011_00234,三亚,2011,外地候鸟-西北,71,女,1.6,9.0,0.5,13.5,1,1,否,C,network,0.23,0.71,1,0.55,0.58,0.55,0,0,0.45,度假,两室两厅,89,1118,西安设计院退休总建筑师,三口之家(学龄段),与父母同住，三代人拥挤在旧区小户型老房中,小区无地下车库且人车不分流，小孩在楼下玩耍或者推婴儿车极为不安全。,要求有超大面宽南向双阳台（观景家政分离），主卧大飘窗能270度直面自然景观。,无需日常通勤，但要求30分钟内快捷通达凤凰机场或高铁站。,崇尚度假慢生活，清晨沙滩漫步，午后椰林下午茶，酷爱轻户外及后海冲浪。,名下持有一套旧两居，置换回款 65% + 个人理财储蓄补充 + 公积金商业贷,重性价比，不盲信大牌，但要求物业管理有序、绿化修剪及时、人防技防规范。,每年11月至次年3月到此度过漫长冬季，极其依赖周边的康养及适老化服务。
三_2011_00235,三亚,2011,本地改善,40,男,1.7,7.9,0.35,17.0,4,0,否,B,agent,0.95,0.71,0.61,0.49,0.41,0.63,0.47,0.71,0.43,自住-改善,两室两厅,72,2065,区级税务局一级主办,成熟期核心家庭,三亚中环品质两居，车位及空间极其拥挤,老小区隔音差，邻里滋扰严重，且车位严重匮乏，每晚加班回来抢车位像打仗。,核心要求地块属于第一梯队名校学区，且周边500米内解决幼小衔接教育配套。,无需日常通勤，但要求30分钟内快捷通达凤凰机场或高铁站。,崇尚度假慢生活，清晨沙滩漫步，午后椰林下午茶，酷爱轻户外及后海冲浪。,名下持有一套旧两居，置换回款 65% + 个人理财储蓄补充 + 公积金商业贷,重性价比，不盲信大牌，但要求物业管理有序、绿化修剪及时、人防技防规范。,本地常住人口，四季生活规律，度假频次为常规年假出行。
三_2011_00236,三亚,2011,外地候鸟-华北,62,男,4.3,28.9,0.5,43.4,1,0,否,B,network,0.61,0.57,1,0.67,0.54,0.52,0,0,0.48,度假,两室两厅,80,4030,央企总部退休总工,高知退休康养,三亚中环品质两居，车位及空间极其拥挤,老小区隔音差，邻里滋扰严重，且车位严重匮乏，每晚加班回来抢车位像打仗。,要求有超大面宽南向双阳台（观景家政分离），主卧大飘窗能270度直面自然景观。,无需日常通勤，但要求30分钟内快捷通达凤凰机场或高铁站。,崇尚度假慢生活，清晨沙滩漫步，午后椰林下午茶，酷爱轻户外及后海冲浪。,名下持有一套旧两居，置换回款 65% + 个人理财储蓄补充 + 公积金商业贷,重性价比，不盲信大牌，但要求物业管理有序、绿化修剪及时、人防技防规范。,每年11月至次年3月到此度过漫长冬季，极其依赖周边的康养及适老化服务。
三_2011_00237,三亚,2011,本地改善,30,男,3.1,14.9,0.35,31.9,5,1,否,B,agent,0.84,0.6,0.57,0.33,0.47,0.72,0.45,0.61,0.44,自住-改善,两室一厅,97,1731,智能新能源车企研发骨干,三口之家(幼龄段),三亚中环品质两居，车位及空间极其拥挤,小区无地下车库且人车不分流，小孩在楼下玩耍或者推婴儿车极为不安全。,讲究超高得房率（超85%），主卧套房必须配备独立步入式衣帽间与干湿分离双卫。,无需日常通勤，但要求30分钟内快捷通达凤凰机场或高铁站。,崇尚度假慢生活，清晨沙滩漫步，午后椰林下午茶，酷爱轻户外及后海冲浪。,名下持有一套旧两居，置换回款 65% + 个人理财储蓄补充 + 公积金商业贷,重性价比，不盲信大牌，但要求物业管理有序、绿化修剪及时、人防技防规范。,本地常住人口，四季生活规律，度假频次为常规年假出行。
三_2011_00238,三亚,2011,外地候鸟-东北,63,女,3.1,20.3,0.5,30.5,2,1,否,C,network,0.24,0.49,0.92,0.78,0.52,0.64,0,0.05,0.46,养老,两室两厅,90,2394,哈尔滨私营物流老板,三口之家(学龄段),与父母同住，三代人拥挤在旧区小户型老房中,小区无地下车库且人车不分流，小孩在楼下玩耍或者推婴儿车极为不安全。,要求独立电梯入户，主次卧动线分明，配备独立保姆房和私密后院。,无需日常通勤，但要求30分钟内快捷通达凤凰机场或高铁站。,崇尚度假慢生活，清晨沙滩漫步，午后椰林下午茶，酷爱轻户外及后海冲浪。,名下持有一套旧两居，置换回款 65% + 个人理财储蓄补充 + 公积金商业贷,重性价比，不盲信大牌，但要求物业管理有序、绿化修剪及时、人防技防规范。,每年11月至次年3月到此度过漫长冬季，极其依赖周边的康养及适老化服务。
三_2011_00239,三亚,2011,外地候鸟-东北,64,男,1.2,6.4,0.5,9.6,3,1,否,C,network,0.33,0.79,0.91,0.65,0.57,0.62,0,0.09,0.57,养老,两室一厅,89,908,哈尔滨高校退休处长,三口之家(学龄段),与父母同住，三代人拥挤在旧区小户型老房中,小区无地下车库且人车不分流，小孩在楼下玩耍或者推婴儿车极为不安全。,要求有超大面宽南向双阳台（观景家政分离），主卧大飘窗能270度直面自然景观。,无需日常通勤，但要求30分钟内快捷通达凤凰机场或高铁站。,崇尚度假慢生活，清晨沙滩漫步，午后椰林下午茶，酷爱轻户外及后海冲浪。,名下持有一套旧两居，置换回款 65% + 个人理财储蓄补充 + 公积金商业贷,重性价比，不盲信大牌，但要求物业管理有序、绿化修剪及时、人防技防规范。,每年11月至次年3月到此度过漫长冬季，极其依赖周边的康养及适老化服务。
三_2011_00240,三亚,2011,外地候鸟-华北,64,女,4.2,39.5,0.5,59.2,3,0,否,B,network,0.56,0.62,0.83,0.69,0.5,0.51,0.06,0,0.49,养老,两室一厅,80,5701,央企总部退休总工,高知退休康养,三亚中环品质两居，车位及空间极其拥挤,老小区隔音差，邻里滋扰严重，且车位严重匮乏，每晚加班回来抢车位像打仗。,要求有超大面宽南向双阳台（观景家政分离），主卧大飘窗能270度直面自然景观。,无需日常通勤，但要求30分钟内快捷通达凤凰机场或高铁站。,崇尚度假慢生活，清晨沙滩漫步，午后椰林下午茶，酷爱轻户外及后海冲浪。,名下持有一套旧两居，置换回款 65% + 个人理财储蓄补充 + 公积金商业贷,重性价比，不盲信大牌，但要求物业管理有序、绿化修剪及时、人防技防规范。,每年11月至次年3月到此度过漫长冬季，极其依赖周边的康养及适老化服务。
三_2011_00241,三亚,2011,外地候鸟-东北,68,女,5.8,35.6,0.5,53.4,2,0,否,C,network,0.39,0.69,1,0.79,0.38,0.54,0.12,0,0.45,度假,两室两厅,63,7458,沈阳大型重工企业退休副厂长,高知退休康养,与父母同住，三代人拥挤在旧区小户型老房中,老小区隔音差，邻里滋扰严重，且车位严重匮乏，每晚加班回来抢车位像打仗。,要求独立电梯入户，主次卧动线分明，配备独立保姆房和私密后院。,无需日常通勤，但要求30分钟内快捷通达凤凰机场或高铁站。,崇尚度假慢生活，清晨沙滩漫步，午后椰林下午茶，酷爱轻户外及后海冲浪。,名下持有一套旧两居，置换回款 65% + 个人理财储蓄补充 + 公积金商业贷,重性价比，不盲信大牌，但要求物业管理有序、绿化修剪及时、人防技防规范。,每年11月至次年3月到此度过漫长冬季，极其依赖周边的康养及适老化服务。
三_2011_00242,三亚,2011,度假投资,54,女,10.5,106.9,0.4,200.4,2,1,否,A,research,0.7,0.32,0.86,0.51,0.62,0.4,0,0,0.85,度假,两室两厅,148,11922,知名中医药连锁投资人,三口之家(学龄段),西湖边高精平层,无高端私密会所及管家式物业配套，圈层鱼龙混杂，高净值居住体验差。,要求有超大面宽南向双阳台（观景家政分离），主卧大飘窗能270度直面自然景观。,无需日常通勤，但要求30分钟内快捷通达凤凰机场或高铁站。,周末常去高端商圈消费，热衷打网球和马术，重度手冲咖啡及黑胶唱片发烧友。,名下已有企业股权套现或分红现金，一次性全款付清，基本不加杠杆,非仁恒、绿城、万科等金牌开发商不买，极度看重高端精装质量与顶级物业的增值口碑。,每年11月至次年3月到此度过漫长冬季，极其依赖周边的康养及适老化服务。
三_2011_00243,三亚,2011,外地候鸟-东北,73,女,3.5,20.6,0.5,30.9,4,0,否,C,network,0.28,0.58,0.98,0.66,0.55,0.75,0,0,0.39,度假,一室一厅,96,2758,哈尔滨私营物流老板,高知退休康养,与父母同住，三代人拥挤在旧区小户型老房中,老小区隔音差，邻里滋扰严重，且车位严重匮乏，每晚加班回来抢车位像打仗。,要求有超大面宽南向双阳台（观景家政分离），主卧大飘窗能270度直面自然景观。,无需日常通勤，但要求30分钟内快捷通达凤凰机场或高铁站。,崇尚度假慢生活，清晨沙滩漫步，午后椰林下午茶，酷爱轻户外及后海冲浪。,名下持有一套旧两居，置换回款 65% + 个人理财储蓄补充 + 公积金商业贷,重性价比，不盲信大牌，但要求物业管理有序、绿化修剪及时、人防技防规范。,每年11月至次年3月到此度过漫长冬季，极其依赖周边的康养及适老化服务。
三_2011_00244,三亚,2011,外地候鸟-东北,67,男,2.7,20.0,0.5,30.0,2,0,否,C,network,0.38,0.58,0.73,0.71,0.51,0.59,0,0,0.63,养老,两室一厅,70,3071,哈尔滨私营物流老板,高知退休康养,与父母同住，三代人拥挤在旧区小户型老房中,老小区隔音差，邻里滋扰严重，且车位严重匮乏，每晚加班回来抢车位像打仗。,要求独立电梯入户，主次卧动线分明，配备独立保姆房和私密后院。,无需日常通勤，但要求30分钟内快捷通达凤凰机场或高铁站。,崇尚度假慢生活，清晨沙滩漫步，午后椰林下午茶，酷爱轻户外及后海冲浪。,名下持有一套旧两居，置换回款 65% + 个人理财储蓄补充 + 公积金商业贷,重性价比，不盲信大牌，但要求物业管理有序、绿化修剪及时、人防技防规范。,每年11月至次年3月到此度过漫长冬季，极其依赖周边的康养及适老化服务。
三_2011_00245,三亚,2011,外地候鸟-东北,68,男,3.2,17.1,0.5,25.6,2,0,否,C,network,0.57,0.56,1,0.87,0.43,0.39,0.04,0.12,0.54,养老,一室一厅,84,1615,哈尔滨高校退休处长,高知退休康养,与父母同住，三代人拥挤在旧区小户型老房中,老小区隔音差，邻里滋扰严重，且车位严重匮乏，每晚加班回来抢车位像打仗。,要求独立电梯入户，主次卧动线分明，配备独立保姆房和私密后院。,无需日常通勤，但要求30分钟内快捷通达凤凰机场或高铁站。,崇尚度假慢生活，清晨沙滩漫步，午后椰林下午茶，酷爱轻户外及后海冲浪。,名下持有一套旧两居，置换回款 65% + 个人理财储蓄补充 + 公积金商业贷,重性价比，不盲信大牌，但要求物业管理有序、绿化修剪及时、人防技防规范。,每年11月至次年3月到此度过漫长冬季，极其依赖周边的康养及适老化服务。
三_2011_00246,三亚,2011,外地候鸟-华北,71,男,4.1,42.1,0.5,63.1,2,0,否,B,network,0.48,0.56,0.94,0.63,0.7,0.5,0.0,0,0.55,养老,一室一厅,90,5984,北京三甲医院退休教授,高知退休康养,三亚中环品质两居，车位及空间极其拥挤,老小区隔音差，邻里滋扰严重，且车位严重匮乏，每晚加班回来抢车位像打仗。,要求有超大面宽南向双阳台（观景家政分离），主卧大飘窗能270度直面自然景观。,无需日常通勤，但要求30分钟内快捷通达凤凰机场或高铁站。,崇尚度假慢生活，清晨沙滩漫步，午后椰林下午茶，酷爱轻户外及后海冲浪。,名下持有一套旧两居，置换回款 65% + 个人理财储蓄补充 + 公积金商业贷,重性价比，不盲信大牌，但要求物业管理有序、绿化修剪及时、人防技防规范。,每年11月至次年3月到此度过漫长冬季，极其依赖周边的康养及适老化服务。
三_2011_00247,三亚,2011,本地改善,45,女,2.1,8.9,0.35,19.0,4,1,是,B,agent,0.92,0.63,0.48,0.49,0.31,0.77,0.57,0.79,0.49,自住-改善,两室两厅,67,2551,智能新能源车企研发骨干,三口之家(学龄段),三亚中环品质两居，车位及空间极其拥挤,小区无地下车库且人车不分流，小孩在楼下玩耍或者推婴儿车极为不安全。,讲究超高得房率（超85%），主卧套房必须配备独立步入式衣帽间与干湿分离双卫。,无需日常通勤，但要求30分钟内快捷通达凤凰机场或高铁站。,崇尚度假慢生活，清晨沙滩漫步，午后椰林下午茶，酷爱轻户外及后海冲浪。,名下持有一套旧两居，置换回款 65% + 个人理财储蓄补充 + 公积金商业贷,重性价比，不盲信大牌，但要求物业管理有序、绿化修剪及时、人防技防规范。,本地常住人口，四季生活规律，度假频次为常规年假出行。
三_2011_00248,三亚,2011,度假投资,44,男,6.6,46.4,0.4,86.9,2,1,否,A,research,0.82,0.45,0.85,0.44,0.63,0.31,0,0,0.79,投资-短期,两室一厅,82,8105,上市公司退休联合创始人,三口之家(学龄段),市中心私密洋房住宅,无高端私密会所及管家式物业配套，圈层鱼龙混杂，高净值居住体验差。,要求有超大面宽南向双阳台（观景家政分离），主卧大飘窗能270度直面自然景观。,无需日常通勤，但要求30分钟内快捷通达凤凰机场或高铁站。,周末常去高端商圈消费，热衷打网球和马术，重度手冲咖啡及黑胶唱片发烧友。,名下已有企业股权套现或分红现金，一次性全款付清，基本不加杠杆,非仁恒、绿城、万科等金牌开发商不买，极度看重高端精装质量与顶级物业的增值口碑。,每年11月至次年3月到此度过漫长冬季，极其依赖周边的康养及适老化服务。
三_2011_00249,三亚,2011,本地改善,50,男,3.8,19.7,0.35,42.1,4,1,否,B,agent,0.76,0.64,0.61,0.47,0.47,0.65,0.54,0.67,0.36,自住-改善,两室一厅,55,4406,区级税务局一级主办,三口之家(学龄段),三亚中环品质两居，车位及空间极其拥挤,小区无地下车库且人车不分流，小孩在楼下玩耍或者推婴儿车极为不安全。,要求采光通透，全明户型，带多功能嵌入式收纳墙以最大化空间利用。,无需日常通勤，但要求30分钟内快捷通达凤凰机场或高铁站。,崇尚度假慢生活，清晨沙滩漫步，午后椰林下午茶，酷爱轻户外及后海冲浪。,名下持有一套旧两居，置换回款 65% + 个人理财储蓄补充 + 公积金商业贷,重性价比，不盲信大牌，但要求物业管理有序、绿化修剪及时、人防技防规范。,本地常住人口，四季生活规律，度假频次为常规年假出行。
三_2011_00250,三亚,2011,本地改善,47,女,2.0,9.1,0.35,19.5,4,1,是,B,agent,0.96,0.66,0.56,0.42,0.29,0.72,0.36,0.55,0.5,自住-改善,一室一厅,80,1665,智能新能源车企研发骨干,三口之家(学龄段),三亚中环品质两居，车位及空间极其拥挤,小区无地下车库且人车不分流，小孩在楼下玩耍或者推婴儿车极为不安全。,讲究超高得房率（超85%），主卧套房必须配备独立步入式衣帽间与干湿分离双卫。,无需日常通勤，但要求30分钟内快捷通达凤凰机场或高铁站。,崇尚度假慢生活，清晨沙滩漫步，午后椰林下午茶，酷爱轻户外及后海冲浪。,名下持有一套旧两居，置换回款 65% + 个人理财储蓄补充 + 公积金商业贷,重性价比，不盲信大牌，但要求物业管理有序、绿化修剪及时、人防技防规范。,本地常住人口，四季生活规律，度假频次为常规年假出行。
三_2011_00251,三亚,2011,外地候鸟-华北,60,女,4.8,29.4,0.5,44.0,3,0,否,B,network,0.5,0.56,0.9,0.77,0.59,0.5,0,0,0.54,度假,两室两厅,69,3222,北京三甲医院退休教授,高知退休康养,三亚中环品质两居，车位及空间极其拥挤,老小区隔音差，邻里滋扰严重，且车位严重匮乏，每晚加班回来抢车位像打仗。,要求独立电梯入户，主次卧动线分明，配备独立保姆房和私密后院。,无需日常通勤，但要求30分钟内快捷通达凤凰机场或高铁站。,崇尚度假慢生活，清晨沙滩漫步，午后椰林下午茶，酷爱轻户外及后海冲浪。,名下持有一套旧两居，置换回款 65% + 个人理财储蓄补充 + 公积金商业贷,重性价比，不盲信大牌，但要求物业管理有序、绿化修剪及时、人防技防规范。,每年11月至次年3月到此度过漫长冬季，极其依赖周边的康养及适老化服务。
三_2011_00252,三亚,2011,外地候鸟-东北,73,女,2.7,23.5,0.5,35.2,2,0,否,C,network,0.52,0.64,0.95,0.77,0.32,0.53,0,0,0.35,度假,一室一厅,100,3071,沈阳大型重工企业退休副厂长,高知退休康养,与父母同住，三代人拥挤在旧区小户型老房中,老小区隔音差，邻里滋扰严重，且车位严重匮乏，每晚加班回来抢车位像打仗。,要求独立电梯入户，主次卧动线分明，配备独立保姆房和私密后院。,无需日常通勤，但要求30分钟内快捷通达凤凰机场或高铁站。,崇尚度假慢生活，清晨沙滩漫步，午后椰林下午茶，酷爱轻户外及后海冲浪。,名下持有一套旧两居，置换回款 65% + 个人理财储蓄补充 + 公积金商业贷,重性价比，不盲信大牌，但要求物业管理有序、绿化修剪及时、人防技防规范。,每年11月至次年3月到此度过漫长冬季，极其依赖周边的康养及适老化服务。
三_2011_00253,三亚,2011,外地候鸟-东北,58,男,4.8,24.8,0.5,37.2,3,0,否,C,network,0.56,0.64,0.89,0.75,0.61,0.49,0,0,0.49,养老,一室一厅,77,3939,沈阳大型重工企业退休副厂长,高知退休康养,与父母同住，三代人拥挤在旧区小户型老房中,老小区隔音差，邻里滋扰严重，且车位严重匮乏，每晚加班回来抢车位像打仗。,要求独立电梯入户，主次卧动线分明，配备独立保姆房和私密后院。,无需日常通勤，但要求30分钟内快捷通达凤凰机场或高铁站。,崇尚度假慢生活，清晨沙滩漫步，午后椰林下午茶，酷爱轻户外及后海冲浪。,名下持有一套旧两居，置换回款 65% + 个人理财储蓄补充 + 公积金商业贷,重性价比，不盲信大牌，但要求物业管理有序、绿化修剪及时、人防技防规范。,每年11月至次年3月到此度过漫长冬季，极其依赖周边的康养及适老化服务。
三_2011_00254,三亚,2011,本地改善,35,女,1.9,12.2,0.35,26.1,4,2,是,B,agent,0.86,0.57,0.55,0.31,0.47,0.75,0.63,0.83,0.52,自住-改善,两室两厅,83,1869,三甲医院主治医师,二胎黄金期中大户型,三亚中环品质两居，车位及空间极其拥挤,小区无地下车库且人车不分流，小孩在楼下玩耍或者推婴儿车极为不安全。,讲究超高得房率（超85%），主卧套房必须配备独立步入式衣帽间与干湿分离双卫。,无需日常通勤，但要求30分钟内快捷通达凤凰机场或高铁站。,崇尚度假慢生活，清晨沙滩漫步，午后椰林下午茶，酷爱轻户外及后海冲浪。,名下持有一套旧两居，置换回款 65% + 个人理财储蓄补充 + 公积金商业贷,重性价比，不盲信大牌，但要求物业管理有序、绿化修剪及时、人防技防规范。,本地常住人口，四季生活规律，度假频次为常规年假出行。
三_2011_00255,三亚,2011,外地候鸟-华北,56,男,3.3,26.6,0.5,39.8,2,1,否,B,network,0.38,0.7,0.79,0.54,0.59,0.66,0,0.1,0.59,养老,两室两厅,63,4310,高校资深硕导,三口之家(学龄段),三亚中环品质两居，车位及空间极其拥挤,小区无地下车库且人车不分流，小孩在楼下玩耍或者推婴儿车极为不安全。,要求有超大面宽南向双阳台（观景家政分离），主卧大飘窗能270度直面自然景观。,无需日常通勤，但要求30分钟内快捷通达凤凰机场或高铁站。,崇尚度假慢生活，清晨沙滩漫步，午后椰林下午茶，酷爱轻户外及后海冲浪。,名下持有一套旧两居，置换回款 65% + 个人理财储蓄补充 + 公积金商业贷,重性价比，不盲信大牌，但要求物业管理有序、绿化修剪及时、人防技防规范。,每年11月至次年3月到此度过漫长冬季，极其依赖周边的康养及适老化服务。
三_2011_00256,三亚,2011,本地改善,33,男,2.4,10.8,0.35,23.0,4,1,是,B,agent,0.86,0.66,0.64,0.41,0.56,0.85,0.35,0.93,0.52,自住-改善,两室一厅,60,2717,智能新能源车企研发骨干,三口之家(幼龄段),三亚中环品质两居，车位及空间极其拥挤,小区无地下车库且人车不分流，小孩在楼下玩耍或者推婴儿车极为不安全。,讲究超高得房率（超85%），主卧套房必须配备独立步入式衣帽间与干湿分离双卫。,无需日常通勤，但要求30分钟内快捷通达凤凰机场或高铁站。,崇尚度假慢生活，清晨沙滩漫步，午后椰林下午茶，酷爱轻户外及后海冲浪。,名下持有一套旧两居，置换回款 65% + 个人理财储蓄补充 + 公积金商业贷,重性价比，不盲信大牌，但要求物业管理有序、绿化修剪及时、人防技防规范。,本地常住人口，四季生活规律，度假频次为常规年假出行。
三_2011_00257,三亚,2011,外地候鸟-华北,68,男,3.2,26.1,0.5,39.1,2,0,否,B,network,0.53,0.6,0.89,0.68,0.62,0.56,0.07,0.02,0.47,度假,一室一厅,50,6393,央企总部退休总工,高知退休康养,三亚中环品质两居，车位及空间极其拥挤,老小区隔音差，邻里滋扰严重，且车位严重匮乏，每晚加班回来抢车位像打仗。,要求有超大面宽南向双阳台（观景家政分离），主卧大飘窗能270度直面自然景观。,无需日常通勤，但要求30分钟内快捷通达凤凰机场或高铁站。,崇尚度假慢生活，清晨沙滩漫步，午后椰林下午茶，酷爱轻户外及后海冲浪。,名下持有一套旧两居，置换回款 65% + 个人理财储蓄补充 + 公积金商业贷,重性价比，不盲信大牌，但要求物业管理有序、绿化修剪及时、人防技防规范。,每年11月至次年3月到此度过漫长冬季，极其依赖周边的康养及适老化服务。
三_2011_00258,三亚,2011,度假投资,39,女,10.8,105.2,0.4,197.2,2,1,是,A,research,0.83,0.46,0.84,0.74,0.5,0.56,0.0,0,0.69,投资-长持,三室一厅,99,14805,知名中医药连锁投资人,三口之家(学龄段),陆家嘴核心区江景大平层,当前房屋属于旧多层无电梯房，父母年纪渐高每天爬楼梯极为吃力。,要求独立电梯入户，主次卧动线分明，配备独立保姆房和私密后院。,无需日常通勤，但要求30分钟内快捷通达凤凰机场或高铁站。,周末常去高端商圈消费，热衷打网球和马术，重度手冲咖啡及黑胶唱片发烧友。,名下已有企业股权套现或分红现金，一次性全款付清，基本不加杠杆,重性价比，不盲信大牌，但要求物业管理有序、绿化修剪及时、人防技防规范。,每年11月至次年3月到此度过漫长冬季，极其依赖周边的康养及适老化服务。
三_2011_00259,三亚,2011,度假投资,55,男,5.1,64.9,0.4,121.6,3,0,否,A,research,0.74,0.3,0.78,0.56,0.49,0.45,0.03,0,0.7,度假,两室两厅,65,13706,知名中医药连锁投资人,高知退休康养,西湖边高精平层,无高端私密会所及管家式物业配套，圈层鱼龙混杂，高净值居住体验差。,要求有超大面宽南向双阳台（观景家政分离），主卧大飘窗能270度直面自然景观。,无需日常通勤，但要求30分钟内快捷通达凤凰机场或高铁站。,周末常去高端商圈消费，热衷打网球和马术，重度手冲咖啡及黑胶唱片发烧友。,名下已有企业股权套现或分红现金，一次性全款付清，基本不加杠杆,重性价比，不盲信大牌，但要求物业管理有序、绿化修剪及时、人防技防规范。,每年11月至次年3月到此度过漫长冬季，极其依赖周边的康养及适老化服务。
三_2011_00260,三亚,2011,外地候鸟-东北,67,女,1.8,10.8,0.5,16.2,3,1,否,C,network,0.25,0.53,0.88,0.74,0.5,0.52,0,0,0.4,养老,两室两厅,70,1163,哈尔滨私营物流老板,三口之家(学龄段),与父母同住，三代人拥挤在旧区小户型老房中,小区无地下车库且人车不分流，小孩在楼下玩耍或者推婴儿车极为不安全。,要求独立电梯入户，主次卧动线分明，配备独立保姆房和私密后院。,无需日常通勤，但要求30分钟内快捷通达凤凰机场或高铁站。,崇尚度假慢生活，清晨沙滩漫步，午后椰林下午茶，酷爱轻户外及后海冲浪。,名下持有一套旧两居，置换回款 65% + 个人理财储蓄补充 + 公积金商业贷,重性价比，不盲信大牌，但要求物业管理有序、绿化修剪及时、人防技防规范。,每年11月至次年3月到此度过漫长冬季，极其依赖周边的康养及适老化服务。
三_2011_00261,三亚,2011,度假投资,50,女,6.6,54.9,0.4,102.9,3,1,否,A,research,0.87,0.4,0.83,0.47,0.38,0.4,0.14,0.13,0.77,投资-短期,两室一厅,76,6778,知名中医药连锁投资人,三口之家(学龄段),市中心私密洋房住宅,无高端私密会所及管家式物业配套，圈层鱼龙混杂，高净值居住体验差。,要求有超大面宽南向双阳台（观景家政分离），主卧大飘窗能270度直面自然景观。,无需日常通勤，但要求30分钟内快捷通达凤凰机场或高铁站。,周末常去高端商圈消费，热衷打网球和马术，重度手冲咖啡及黑胶唱片发烧友。,名下已有企业股权套现或分红现金，一次性全款付清，基本不加杠杆,非仁恒、绿城、万科等金牌开发商不买，极度看重高端精装质量与顶级物业的增值口碑。,每年11月至次年3月到此度过漫长冬季，极其依赖周边的康养及适老化服务。
三_2011_00262,三亚,2011,外地候鸟-华北,65,女,5.2,48.8,0.5,73.2,2,0,否,B,network,0.45,0.57,1,0.56,0.55,0.45,0,0,0.7,度假,两室一厅,66,5905,北京三甲医院退休教授,高知退休康养,三亚中环品质两居，车位及空间极其拥挤,老小区隔音差，邻里滋扰严重，且车位严重匮乏，每晚加班回来抢车位像打仗。,要求有超大面宽南向双阳台（观景家政分离），主卧大飘窗能270度直面自然景观。,无需日常通勤，但要求30分钟内快捷通达凤凰机场或高铁站。,崇尚度假慢生活，清晨沙滩漫步，午后椰林下午茶，酷爱轻户外及后海冲浪。,名下持有一套旧两居，置换回款 65% + 个人理财储蓄补充 + 公积金商业贷,非仁恒、绿城、万科等金牌开发商不买，极度看重高端精装质量与顶级物业的增值口碑。,每年11月至次年3月到此度过漫长冬季，极其依赖周边的康养及适老化服务。
三_2011_00263,三亚,2011,外地候鸟-华北,62,男,3.6,32.1,0.5,48.2,3,0,否,B,network,0.64,0.76,0.89,0.76,0.62,0.55,0,0.02,0.58,度假,一室一厅,66,3665,央企总部退休总工,高知退休康养,三亚中环品质两居，车位及空间极其拥挤,老小区隔音差，邻里滋扰严重，且车位严重匮乏，每晚加班回来抢车位像打仗。,要求独立电梯入户，主次卧动线分明，配备独立保姆房和私密后院。,无需日常通勤，但要求30分钟内快捷通达凤凰机场或高铁站。,崇尚度假慢生活，清晨沙滩漫步，午后椰林下午茶，酷爱轻户外及后海冲浪。,名下持有一套旧两居，置换回款 65% + 个人理财储蓄补充 + 公积金商业贷,重性价比，不盲信大牌，但要求物业管理有序、绿化修剪及时、人防技防规范。,每年11月至次年3月到此度过漫长冬季，极其依赖周边的康养及适老化服务。
三_2011_00264,三亚,2011,本地改善,45,男,1.4,7.3,0.35,15.7,4,0,否,B,agent,0.97,0.54,0.55,0.5,0.23,0.71,0.53,0.71,0.45,自住-改善,两室两厅,80,1237,重点中学高级教师,成熟期核心家庭,三亚中环品质两居，车位及空间极其拥挤,老小区隔音差，邻里滋扰严重，且车位严重匮乏，每晚加班回来抢车位像打仗。,讲究超高得房率（超85%），主卧套房必须配备独立步入式衣帽间与干湿分离双卫。,无需日常通勤，但要求30分钟内快捷通达凤凰机场或高铁站。,崇尚度假慢生活，清晨沙滩漫步，午后椰林下午茶，酷爱轻户外及后海冲浪。,名下持有一套旧两居，置换回款 65% + 个人理财储蓄补充 + 公积金商业贷,重性价比，不盲信大牌，但要求物业管理有序、绿化修剪及时、人防技防规范。,本地常住人口，四季生活规律，度假频次为常规年假出行。
三_2011_00265,三亚,2011,本地改善,49,男,2.1,12.1,0.35,25.9,5,0,是,B,agent,1,0.56,0.5,0.44,0.39,0.81,0.53,0.74,0.47,自住-改善,一室一厅,90,2070,区级税务局一级主办,成熟期核心家庭,三亚中环品质两居，车位及空间极其拥挤,当前房屋属于旧多层无电梯房，父母年纪渐高每天爬楼梯极为吃力。,讲究超高得房率（超85%），主卧套房必须配备独立步入式衣帽间与干湿分离双卫。,无需日常通勤，但要求30分钟内快捷通达凤凰机场或高铁站。,崇尚度假慢生活，清晨沙滩漫步，午后椰林下午茶，酷爱轻户外及后海冲浪。,名下持有一套旧两居，置换回款 65% + 个人理财储蓄补充 + 公积金商业贷,重性价比，不盲信大牌，但要求物业管理有序、绿化修剪及时、人防技防规范。,本地常住人口，四季生活规律，度假频次为常规年假出行。
三_2011_00266,三亚,2011,本地改善,38,女,3.1,14.0,0.35,30.0,4,1,是,B,agent,0.58,0.43,0.59,0.54,0.48,0.7,0.51,0.65,0.54,自住-改善,两室两厅,90,1880,国企中层管理,三口之家(学龄段),三亚中环品质两居，车位及空间极其拥挤,小区无地下车库且人车不分流，小孩在楼下玩耍或者推婴儿车极为不安全。,讲究超高得房率（超85%），主卧套房必须配备独立步入式衣帽间与干湿分离双卫。,无需日常通勤，但要求30分钟内快捷通达凤凰机场或高铁站。,崇尚度假慢生活，清晨沙滩漫步，午后椰林下午茶，酷爱轻户外及后海冲浪。,名下持有一套旧两居，置换回款 65% + 个人理财储蓄补充 + 公积金商业贷,重性价比，不盲信大牌，但要求物业管理有序、绿化修剪及时、人防技防规范。,本地常住人口，四季生活规律，度假频次为常规年假出行。
三_2011_00267,三亚,2011,高净值康养,56,男,25.6,381.3,0.6,476.7,2,1,否,A,network,0.56,0.31,0.92,0.93,0.9,0.71,0,0,1,养老,三室两厅,163,19852,知名中医药连锁投资人,三口之家(学龄段),西湖边高精平层,无高端私密会所及管家式物业配套，圈层鱼龙混杂，高净值居住体验差。,要求独立电梯入户，主次卧动线分明，配备独立保姆房和私密后院。,无需日常通勤，但要求30分钟内快捷通达凤凰机场或高铁站。,周末常去高端商圈消费，热衷打网球和马术，重度手冲咖啡及黑胶唱片发烧友。,名下已有企业股权套现或分红现金，一次性全款付清，基本不加杠杆,非仁恒、绿城、万科等金牌开发商不买，极度看重高端精装质量与顶级物业的增值口碑。,本地常住人口，四季生活规律，度假频次为常规年假出行。
三_2011_00268,三亚,2011,本地改善,49,女,1.5,7.9,0.35,16.8,4,0,否,B,agent,0.56,0.57,0.66,0.38,0.22,0.72,0.47,0.69,0.42,自住-改善,两室两厅,77,1651,国企中层管理,成熟期核心家庭,三亚中环品质两居，车位及空间极其拥挤,老小区隔音差，邻里滋扰严重，且车位严重匮乏，每晚加班回来抢车位像打仗。,讲究超高得房率（超85%），主卧套房必须配备独立步入式衣帽间与干湿分离双卫。,无需日常通勤，但要求30分钟内快捷通达凤凰机场或高铁站。,崇尚度假慢生活，清晨沙滩漫步，午后椰林下午茶，酷爱轻户外及后海冲浪。,名下持有一套旧两居，置换回款 65% + 个人理财储蓄补充 + 公积金商业贷,重性价比，不盲信大牌，但要求物业管理有序、绿化修剪及时、人防技防规范。,本地常住人口，四季生活规律，度假频次为常规年假出行。
三_2011_00269,三亚,2011,本地改善,37,女,2.3,10.0,0.35,21.4,4,1,是,B,agent,0.87,0.46,0.57,0.37,0.35,0.78,0.43,0.65,0.41,自住-改善,两室一厅,81,2229,区级税务局一级主办,三口之家(幼龄段),三亚中环品质两居，车位及空间极其拥挤,小区无地下车库且人车不分流，小孩在楼下玩耍或者推婴儿车极为不安全。,讲究超高得房率（超85%），主卧套房必须配备独立步入式衣帽间与干湿分离双卫。,无需日常通勤，但要求30分钟内快捷通达凤凰机场或高铁站。,崇尚度假慢生活，清晨沙滩漫步，午后椰林下午茶，酷爱轻户外及后海冲浪。,名下持有一套旧两居，置换回款 65% + 个人理财储蓄补充 + 公积金商业贷,重性价比，不盲信大牌，但要求物业管理有序、绿化修剪及时、人防技防规范。,本地常住人口，四季生活规律，度假频次为常规年假出行。
三_2011_00270,三亚,2011,外地候鸟-华北,57,男,1.4,9.3,0.5,14.0,2,0,否,B,network,0.36,0.58,1,0.62,0.49,0.48,0.1,0,0.48,度假,两室两厅,86,1275,高校资深硕导,高知退休康养,三亚中环品质两居，车位及空间极其拥挤,老小区隔音差，邻里滋扰严重，且车位严重匮乏，每晚加班回来抢车位像打仗。,要求有超大面宽南向双阳台（观景家政分离），主卧大飘窗能270度直面自然景观。,无需日常通勤，但要求30分钟内快捷通达凤凰机场或高铁站。,崇尚度假慢生活，清晨沙滩漫步，午后椰林下午茶，酷爱轻户外及后海冲浪。,名下持有一套旧两居，置换回款 65% + 个人理财储蓄补充 + 公积金商业贷,重性价比，不盲信大牌，但要求物业管理有序、绿化修剪及时、人防技防规范。,每年11月至次年3月到此度过漫长冬季，极其依赖周边的康养及适老化服务。
三_2011_00271,三亚,2011,本地改善,46,男,1.7,8.1,0.35,17.3,4,1,是,B,agent,0.53,0.45,0.67,0.46,0.37,0.73,0.61,0.88,0.49,自住-改善,两室一厅,92,1297,区级税务局一级主办,三口之家(学龄段),三亚中环品质两居，车位及空间极其拥挤,小区无地下车库且人车不分流，小孩在楼下玩耍或者推婴儿车极为不安全。,讲究超高得房率（超85%），主卧套房必须配备独立步入式衣帽间与干湿分离双卫。,无需日常通勤，但要求30分钟内快捷通达凤凰机场或高铁站。,崇尚度假慢生活，清晨沙滩漫步，午后椰林下午茶，酷爱轻户外及后海冲浪。,名下持有一套旧两居，置换回款 65% + 个人理财储蓄补充 + 公积金商业贷,重性价比，不盲信大牌，但要求物业管理有序、绿化修剪及时、人防技防规范。,本地常住人口，四季生活规律，度假频次为常规年假出行。
三_2011_00272,三亚,2011,度假投资,49,男,3.7,33.5,0.4,62.9,3,1,否,A,research,0.77,0.48,0.75,0.55,0.49,0.45,0,0,0.73,度假,两室两厅,99,5190,上市公司退休联合创始人,三口之家(学龄段),西湖边高精平层,无高端私密会所及管家式物业配套，圈层鱼龙混杂，高净值居住体验差。,要求有超大面宽南向双阳台（观景家政分离），主卧大飘窗能270度直面自然景观。,无需日常通勤，但要求30分钟内快捷通达凤凰机场或高铁站。,周末常去高端商圈消费，热衷打网球和马术，重度手冲咖啡及黑胶唱片发烧友。,名下已有企业股权套现或分红现金，一次性全款付清，基本不加杠杆,非仁恒、绿城、万科等金牌开发商不买，极度看重高端精装质量与顶级物业的增值口碑。,每年11月至次年3月到此度过漫长冬季，极其依赖周边的康养及适老化服务。
三_2011_00273,三亚,2011,本地改善,32,男,1.7,10.3,0.35,22.0,3,0,是,B,agent,0.53,0.47,0.6,0.55,0.44,0.85,0.56,0.77,0.4,自住-改善,一室一厅,100,1575,重点中学高级教师,新婚过渡两居,三亚中环品质两居，车位及空间极其拥挤,当前房屋属于旧多层无电梯房，父母年纪渐高每天爬楼梯极为吃力。,讲究超高得房率（超85%），主卧套房必须配备独立步入式衣帽间与干湿分离双卫。,无需日常通勤，但要求30分钟内快捷通达凤凰机场或高铁站。,崇尚度假慢生活，清晨沙滩漫步，午后椰林下午茶，酷爱轻户外及后海冲浪。,名下持有一套旧两居，置换回款 65% + 个人理财储蓄补充 + 公积金商业贷,重性价比，不盲信大牌，但要求物业管理有序、绿化修剪及时、人防技防规范。,本地常住人口，四季生活规律，度假频次为常规年假出行。
三_2011_00274,三亚,2011,外地候鸟-华北,72,女,2.3,14.7,0.5,22.0,2,0,否,B,network,0.51,0.67,0.98,0.63,0.56,0.43,0.01,0.14,0.51,养老,一室一厅,76,2451,高校资深硕导,高知退休康养,三亚中环品质两居，车位及空间极其拥挤,老小区隔音差，邻里滋扰严重，且车位严重匮乏，每晚加班回来抢车位像打仗。,要求有超大面宽南向双阳台（观景家政分离），主卧大飘窗能270度直面自然景观。,无需日常通勤，但要求30分钟内快捷通达凤凰机场或高铁站。,崇尚度假慢生活，清晨沙滩漫步，午后椰林下午茶，酷爱轻户外及后海冲浪。,名下持有一套旧两居，置换回款 65% + 个人理财储蓄补充 + 公积金商业贷,重性价比，不盲信大牌，但要求物业管理有序、绿化修剪及时、人防技防规范。,每年11月至次年3月到此度过漫长冬季，极其依赖周边的康养及适老化服务。
三_2011_00275,三亚,2011,外地候鸟-东北,60,女,4.2,25.0,0.5,37.5,2,0,否,C,network,0.28,0.65,0.99,0.68,0.44,0.53,0.22,0.03,0.4,度假,两室一厅,75,4474,沈阳大型重工企业退休副厂长,高知退休康养,与父母同住，三代人拥挤在旧区小户型老房中,老小区隔音差，邻里滋扰严重，且车位严重匮乏，每晚加班回来抢车位像打仗。,要求有超大面宽南向双阳台（观景家政分离），主卧大飘窗能270度直面自然景观。,无需日常通勤，但要求30分钟内快捷通达凤凰机场或高铁站。,崇尚度假慢生活，清晨沙滩漫步，午后椰林下午茶，酷爱轻户外及后海冲浪。,名下持有一套旧两居，置换回款 65% + 个人理财储蓄补充 + 公积金商业贷,重性价比，不盲信大牌，但要求物业管理有序、绿化修剪及时、人防技防规范。,每年11月至次年3月到此度过漫长冬季，极其依赖周边的康养及适老化服务。
三_2011_00276,三亚,2011,度假投资,36,男,9.1,86.0,0.4,161.3,3,1,否,A,research,0.9,0.39,0.78,0.66,0.58,0.5,0,0.1,0.94,投资-长持,三室一厅,108,11691,上市公司退休联合创始人,三口之家(幼龄段),西湖边高精平层,无高端私密会所及管家式物业配套，圈层鱼龙混杂，高净值居住体验差。,要求有超大面宽南向双阳台（观景家政分离），主卧大飘窗能270度直面自然景观。,无需日常通勤，但要求30分钟内快捷通达凤凰机场或高铁站。,周末常去高端商圈消费，热衷打网球和马术，重度手冲咖啡及黑胶唱片发烧友。,名下已有企业股权套现或分红现金，一次性全款付清，基本不加杠杆,非仁恒、绿城、万科等金牌开发商不买，极度看重高端精装质量与顶级物业的增值口碑。,每年11月至次年3月到此度过漫长冬季，极其依赖周边的康养及适老化服务。
三_2011_00277,三亚,2011,本地改善,32,男,2.9,20.7,0.35,44.3,4,1,是,B,agent,0.79,0.52,0.37,0.55,0.43,0.82,0.33,0.69,0.42,自住-改善,两室一厅,57,4021,区级税务局一级主办,三口之家(幼龄段),三亚中环品质两居，车位及空间极其拥挤,小区无地下车库且人车不分流，小孩在楼下玩耍或者推婴儿车极为不安全。,讲究超高得房率（超85%），主卧套房必须配备独立步入式衣帽间与干湿分离双卫。,无需日常通勤，但要求30分钟内快捷通达凤凰机场或高铁站。,崇尚度假慢生活，清晨沙滩漫步，午后椰林下午茶，酷爱轻户外及后海冲浪。,名下持有一套旧两居，置换回款 65% + 个人理财储蓄补充 + 公积金商业贷,重性价比，不盲信大牌，但要求物业管理有序、绿化修剪及时、人防技防规范。,本地常住人口，四季生活规律，度假频次为常规年假出行。
三_2011_00278,三亚,2011,本地改善,41,男,3.4,24.6,0.35,52.7,4,1,否,B,agent,0.73,0.49,0.6,0.37,0.37,0.68,0.57,0.62,0.46,自住-改善,两室两厅,55,6926,三甲医院主治医师,三口之家(学龄段),三亚中环品质两居，车位及空间极其拥挤,小区无地下车库且人车不分流，小孩在楼下玩耍或者推婴儿车极为不安全。,要求采光通透，全明户型，带多功能嵌入式收纳墙以最大化空间利用。,无需日常通勤，但要求30分钟内快捷通达凤凰机场或高铁站。,崇尚度假慢生活，清晨沙滩漫步，午后椰林下午茶，酷爱轻户外及后海冲浪。,名下持有一套旧两居，置换回款 65% + 个人理财储蓄补充 + 公积金商业贷,重性价比，不盲信大牌，但要求物业管理有序、绿化修剪及时、人防技防规范。,本地常住人口，四季生活规律，度假频次为常规年假出行。
三_2011_00279,三亚,2011,本地改善,42,男,1.9,12.9,0.35,27.6,4,1,是,B,agent,0.74,0.69,0.6,0.39,0.5,0.84,0.47,0.77,0.35,自住-改善,两室两厅,100,2055,国企中层管理,三口之家(学龄段),三亚中环品质两居，车位及空间极其拥挤,小区无地下车库且人车不分流，小孩在楼下玩耍或者推婴儿车极为不安全。,讲究超高得房率（超85%），主卧套房必须配备独立步入式衣帽间与干湿分离双卫。,无需日常通勤，但要求30分钟内快捷通达凤凰机场或高铁站。,崇尚度假慢生活，清晨沙滩漫步，午后椰林下午茶，酷爱轻户外及后海冲浪。,名下持有一套旧两居，置换回款 65% + 个人理财储蓄补充 + 公积金商业贷,重性价比，不盲信大牌，但要求物业管理有序、绿化修剪及时、人防技防规范。,本地常住人口，四季生活规律，度假频次为常规年假出行。
三_2011_00280,三亚,2011,度假投资,41,男,11.6,136.5,0.4,255.9,3,1,是,A,research,0.71,0.34,0.92,0.64,0.6,0.45,0.17,0,0.77,度假,两室两厅,100,19941,知名中医药连锁投资人,三口之家(学龄段),西湖边高精平层,当前房屋属于旧多层无电梯房，父母年纪渐高每天爬楼梯极为吃力。,要求有超大面宽南向双阳台（观景家政分离），主卧大飘窗能270度直面自然景观。,无需日常通勤，但要求30分钟内快捷通达凤凰机场或高铁站。,周末常去高端商圈消费，热衷打网球和马术，重度手冲咖啡及黑胶唱片发烧友。,名下已有企业股权套现或分红现金，一次性全款付清，基本不加杠杆,非仁恒、绿城、万科等金牌开发商不买，极度看重高端精装质量与顶级物业的增值口碑。,每年11月至次年3月到此度过漫长冬季，极其依赖周边的康养及适老化服务。
三_2011_00281,三亚,2011,度假投资,53,男,11.5,141.4,0.4,265.2,3,1,否,A,research,0.55,0.32,0.89,0.77,0.78,0.5,0.01,0.02,0.81,度假,三室两厅,145,9685,上市公司退休联合创始人,三口之家(学龄段),陆家嘴核心区江景大平层,无高端私密会所及管家式物业配套，圈层鱼龙混杂，高净值居住体验差。,要求独立电梯入户，主次卧动线分明，配备独立保姆房和私密后院。,无需日常通勤，但要求30分钟内快捷通达凤凰机场或高铁站。,周末常去高端商圈消费，热衷打网球和马术，重度手冲咖啡及黑胶唱片发烧友。,名下已有企业股权套现或分红现金，一次性全款付清，基本不加杠杆,非仁恒、绿城、万科等金牌开发商不买，极度看重高端精装质量与顶级物业的增值口碑。,每年11月至次年3月到此度过漫长冬季，极其依赖周边的康养及适老化服务。
三_2011_00282,三亚,2011,本地改善,37,男,1.2,8.9,0.35,19.1,5,1,是,B,agent,0.65,0.59,0.77,0.45,0.27,0.69,0.53,0.89,0.37,自住-改善,两室一厅,51,2635,智能新能源车企研发骨干,三口之家(幼龄段),三亚中环品质两居，车位及空间极其拥挤,小区无地下车库且人车不分流，小孩在楼下玩耍或者推婴儿车极为不安全。,要求有超大面宽南向双阳台（观景家政分离），主卧大飘窗能270度直面自然景观。,无需日常通勤，但要求30分钟内快捷通达凤凰机场或高铁站。,崇尚度假慢生活，清晨沙滩漫步，午后椰林下午茶，酷爱轻户外及后海冲浪。,名下持有一套旧两居，置换回款 65% + 个人理财储蓄补充 + 公积金商业贷,重性价比，不盲信大牌，但要求物业管理有序、绿化修剪及时、人防技防规范。,本地常住人口，四季生活规律，度假频次为常规年假出行。
三_2011_00283,三亚,2011,本地改善,43,女,2.9,16.9,0.35,36.3,4,1,是,B,agent,0.64,0.59,0.44,0.37,0.41,0.6,0.51,0.57,0.48,自住-改善,两室两厅,69,3195,重点中学高级教师,三口之家(学龄段),三亚中环品质两居，车位及空间极其拥挤,小区无地下车库且人车不分流，小孩在楼下玩耍或者推婴儿车极为不安全。,要求采光通透，全明户型，带多功能嵌入式收纳墙以最大化空间利用。,无需日常通勤，但要求30分钟内快捷通达凤凰机场或高铁站。,崇尚度假慢生活，清晨沙滩漫步，午后椰林下午茶，酷爱轻户外及后海冲浪。,名下持有一套旧两居，置换回款 65% + 个人理财储蓄补充 + 公积金商业贷,重性价比，不盲信大牌，但要求物业管理有序、绿化修剪及时、人防技防规范。,本地常住人口，四季生活规律，度假频次为常规年假出行。
三_2011_00284,三亚,2011,外地候鸟-华北,62,女,5.2,35.8,0.5,53.7,2,0,否,B,network,0.6,0.67,1,0.85,0.62,0.48,0,0.02,0.58,养老,一室一厅,55,5604,北京三甲医院退休教授,高知退休康养,三亚中环品质两居，车位及空间极其拥挤,老小区隔音差，邻里滋扰严重，且车位严重匮乏，每晚加班回来抢车位像打仗。,要求独立电梯入户，主次卧动线分明，配备独立保姆房和私密后院。,无需日常通勤，但要求30分钟内快捷通达凤凰机场或高铁站。,崇尚度假慢生活，清晨沙滩漫步，午后椰林下午茶，酷爱轻户外及后海冲浪。,名下持有一套旧两居，置换回款 65% + 个人理财储蓄补充 + 公积金商业贷,重性价比，不盲信大牌，但要求物业管理有序、绿化修剪及时、人防技防规范。,每年11月至次年3月到此度过漫长冬季，极其依赖周边的康养及适老化服务。
三_2011_00285,三亚,2011,度假投资,45,男,6.7,49.1,0.4,92.0,2,0,否,A,research,1,0.4,0.69,0.66,0.67,0.48,0.06,0,0.86,投资-长持,两室一厅,77,8724,知名中医药连锁投资人,成熟期核心家庭,陆家嘴核心区江景大平层,无高端私密会所及管家式物业配套，圈层鱼龙混杂，高净值居住体验差。,要求采光通透，全明户型，带多功能嵌入式收纳墙以最大化空间利用。,无需日常通勤，但要求30分钟内快捷通达凤凰机场或高铁站。,周末常去高端商圈消费，热衷打网球和马术，重度手冲咖啡及黑胶唱片发烧友。,名下已有企业股权套现或分红现金，一次性全款付清，基本不加杠杆,非仁恒、绿城、万科等金牌开发商不买，极度看重高端精装质量与顶级物业的增值口碑。,每年11月至次年3月到此度过漫长冬季，极其依赖周边的康养及适老化服务。
三_2011_00286,三亚,2011,外地候鸟-华北,57,女,3.1,30.1,0.5,45.1,2,0,否,B,network,0.59,0.58,0.95,0.77,0.59,0.54,0.12,0,0.51,度假,两室一厅,93,3850,央企总部退休总工,高知退休康养,三亚中环品质两居，车位及空间极其拥挤,老小区隔音差，邻里滋扰严重，且车位严重匮乏，每晚加班回来抢车位像打仗。,要求独立电梯入户，主次卧动线分明，配备独立保姆房和私密后院。,无需日常通勤，但要求30分钟内快捷通达凤凰机场或高铁站。,崇尚度假慢生活，清晨沙滩漫步，午后椰林下午茶，酷爱轻户外及后海冲浪。,名下持有一套旧两居，置换回款 65% + 个人理财储蓄补充 + 公积金商业贷,重性价比，不盲信大牌，但要求物业管理有序、绿化修剪及时、人防技防规范。,每年11月至次年3月到此度过漫长冬季，极其依赖周边的康养及适老化服务。
三_2011_00287,三亚,2011,本地改善,45,男,2.2,15.8,0.35,33.9,5,1,否,B,agent,0.57,0.74,0.71,0.51,0.38,0.83,0.6,0.64,0.53,自住-改善,两室一厅,98,1997,区级税务局一级主办,三口之家(学龄段),三亚中环品质两居，车位及空间极其拥挤,小区无地下车库且人车不分流，小孩在楼下玩耍或者推婴儿车极为不安全。,要求有超大面宽南向双阳台（观景家政分离），主卧大飘窗能270度直面自然景观。,无需日常通勤，但要求30分钟内快捷通达凤凰机场或高铁站。,崇尚度假慢生活，清晨沙滩漫步，午后椰林下午茶，酷爱轻户外及后海冲浪。,名下持有一套旧两居，置换回款 65% + 个人理财储蓄补充 + 公积金商业贷,重性价比，不盲信大牌，但要求物业管理有序、绿化修剪及时、人防技防规范。,本地常住人口，四季生活规律，度假频次为常规年假出行。
三_2011_00288,三亚,2011,本地改善,47,男,1.8,11.7,0.35,25.1,3,1,是,B,agent,0.59,0.65,0.66,0.4,0.34,0.66,0.56,0.64,0.47,自住-改善,两室一厅,86,1608,智能新能源车企研发骨干,三口之家(学龄段),三亚中环品质两居，车位及空间极其拥挤,小区无地下车库且人车不分流，小孩在楼下玩耍或者推婴儿车极为不安全。,要求采光通透，全明户型，带多功能嵌入式收纳墙以最大化空间利用。,无需日常通勤，但要求30分钟内快捷通达凤凰机场或高铁站。,崇尚度假慢生活，清晨沙滩漫步，午后椰林下午茶，酷爱轻户外及后海冲浪。,名下持有一套旧两居，置换回款 65% + 个人理财储蓄补充 + 公积金商业贷,重性价比，不盲信大牌，但要求物业管理有序、绿化修剪及时、人防技防规范。,本地常住人口，四季生活规律，度假频次为常规年假出行。
三_2011_00289,三亚,2011,外地候鸟-华北,56,女,3.8,25.1,0.5,37.6,2,0,否,B,network,0.31,0.41,0.93,0.81,0.51,0.55,0,0,0.5,度假,一室一厅,56,3624,北京三甲医院退休教授,高知退休康养,三亚中环品质两居，车位及空间极其拥挤,老小区隔音差，邻里滋扰严重，且车位严重匮乏，每晚加班回来抢车位像打仗。,要求独立电梯入户，主次卧动线分明，配备独立保姆房和私密后院。,无需日常通勤，但要求30分钟内快捷通达凤凰机场或高铁站。,崇尚度假慢生活，清晨沙滩漫步，午后椰林下午茶，酷爱轻户外及后海冲浪。,名下持有一套旧两居，置换回款 65% + 个人理财储蓄补充 + 公积金商业贷,重性价比，不盲信大牌，但要求物业管理有序、绿化修剪及时、人防技防规范。,每年11月至次年3月到此度过漫长冬季，极其依赖周边的康养及适老化服务。
三_2011_00290,三亚,2011,外地候鸟-西北,71,女,5.7,46.7,0.5,70.0,2,0,否,C,network,0.27,0.55,0.99,0.6,0.49,0.58,0.07,0.14,0.65,度假,一室一厅,78,5117,兰州煤炭物流运输企业主,高知退休康养,与父母同住，三代人拥挤在旧区小户型老房中,老小区隔音差，邻里滋扰严重，且车位严重匮乏，每晚加班回来抢车位像打仗。,要求有超大面宽南向双阳台（观景家政分离），主卧大飘窗能270度直面自然景观。,无需日常通勤，但要求30分钟内快捷通达凤凰机场或高铁站。,崇尚度假慢生活，清晨沙滩漫步，午后椰林下午茶，酷爱轻户外及后海冲浪。,名下持有一套旧两居，置换回款 65% + 个人理财储蓄补充 + 公积金商业贷,重性价比，不盲信大牌，但要求物业管理有序、绿化修剪及时、人防技防规范。,每年11月至次年3月到此度过漫长冬季，极其依赖周边的康养及适老化服务。
三_2011_00291,三亚,2011,本地改善,30,男,1.9,14.8,0.35,31.8,3,1,否,B,agent,0.67,0.5,0.61,0.47,0.44,0.61,0.45,0.77,0.5,自住-改善,一室一厅,78,2396,三甲医院主治医师,三口之家(幼龄段),三亚中环品质两居，车位及空间极其拥挤,小区无地下车库且人车不分流，小孩在楼下玩耍或者推婴儿车极为不安全。,核心要求地块属于第一梯队名校学区，且周边500米内解决幼小衔接教育配套。,无需日常通勤，但要求30分钟内快捷通达凤凰机场或高铁站。,崇尚度假慢生活，清晨沙滩漫步，午后椰林下午茶，酷爱轻户外及后海冲浪。,名下持有一套旧两居，置换回款 65% + 个人理财储蓄补充 + 公积金商业贷,重性价比，不盲信大牌，但要求物业管理有序、绿化修剪及时、人防技防规范。,本地常住人口，四季生活规律，度假频次为常规年假出行。
三_2011_00292,三亚,2011,度假投资,48,女,9.4,93.1,0.4,174.6,3,2,否,A,research,0.89,0.45,0.95,0.64,0.44,0.52,0.06,0,0.75,投资-长持,三室一厅,143,9844,高端海景资产收藏家,二胎黄金期中大户型,市中心私密洋房住宅,无高端私密会所及管家式物业配套，圈层鱼龙混杂，高净值居住体验差。,要求有超大面宽南向双阳台（观景家政分离），主卧大飘窗能270度直面自然景观。,无需日常通勤，但要求30分钟内快捷通达凤凰机场或高铁站。,周末常去高端商圈消费，热衷打网球和马术，重度手冲咖啡及黑胶唱片发烧友。,名下已有企业股权套现或分红现金，一次性全款付清，基本不加杠杆,非仁恒、绿城、万科等金牌开发商不买，极度看重高端精装质量与顶级物业的增值口碑。,每年11月至次年3月到此度过漫长冬季，极其依赖周边的康养及适老化服务。
三_2011_00293,三亚,2011,外地候鸟-西北,66,男,4.0,35.9,0.5,53.8,2,1,否,C,network,0.62,0.67,0.79,0.76,0.5,0.49,0.01,0,0.4,养老,两室两厅,73,5483,西安设计院退休总建筑师,三口之家(学龄段),与父母同住，三代人拥挤在旧区小户型老房中,小区无地下车库且人车不分流，小孩在楼下玩耍或者推婴儿车极为不安全。,要求独立电梯入户，主次卧动线分明，配备独立保姆房和私密后院。,无需日常通勤，但要求30分钟内快捷通达凤凰机场或高铁站。,崇尚度假慢生活，清晨沙滩漫步，午后椰林下午茶，酷爱轻户外及后海冲浪。,名下持有一套旧两居，置换回款 65% + 个人理财储蓄补充 + 公积金商业贷,重性价比，不盲信大牌，但要求物业管理有序、绿化修剪及时、人防技防规范。,每年11月至次年3月到此度过漫长冬季，极其依赖周边的康养及适老化服务。
三_2011_00294,三亚,2011,本地改善,35,女,2.1,11.2,0.35,23.9,3,1,是,B,agent,0.81,0.72,0.7,0.5,0.49,0.88,0.5,0.61,0.33,自住-改善,两室一厅,87,2142,三甲医院主治医师,三口之家(幼龄段),三亚中环品质两居，车位及空间极其拥挤,小区无地下车库且人车不分流，小孩在楼下玩耍或者推婴儿车极为不安全。,要求有超大面宽南向双阳台（观景家政分离），主卧大飘窗能270度直面自然景观。,无需日常通勤，但要求30分钟内快捷通达凤凰机场或高铁站。,崇尚度假慢生活，清晨沙滩漫步，午后椰林下午茶，酷爱轻户外及后海冲浪。,名下持有一套旧两居，置换回款 65% + 个人理财储蓄补充 + 公积金商业贷,重性价比，不盲信大牌，但要求物业管理有序、绿化修剪及时、人防技防规范。,本地常住人口，四季生活规律，度假频次为常规年假出行。
三_2011_00295,三亚,2011,外地候鸟-华北,56,女,3.4,30.8,0.5,46.2,3,1,否,B,network,0.54,0.66,0.86,0.64,0.58,0.51,0,0,0.59,养老,两室两厅,70,4072,高校资深硕导,三口之家(学龄段),三亚中环品质两居，车位及空间极其拥挤,小区无地下车库且人车不分流，小孩在楼下玩耍或者推婴儿车极为不安全。,要求有超大面宽南向双阳台（观景家政分离），主卧大飘窗能270度直面自然景观。,无需日常通勤，但要求30分钟内快捷通达凤凰机场或高铁站。,崇尚度假慢生活，清晨沙滩漫步，午后椰林下午茶，酷爱轻户外及后海冲浪。,名下持有一套旧两居，置换回款 65% + 个人理财储蓄补充 + 公积金商业贷,重性价比，不盲信大牌，但要求物业管理有序、绿化修剪及时、人防技防规范。,每年11月至次年3月到此度过漫长冬季，极其依赖周边的康养及适老化服务。
三_2011_00296,三亚,2011,外地候鸟-华北,61,女,3.0,26.9,0.5,40.4,1,0,否,B,network,0.56,0.6,1,0.61,0.59,0.69,0.0,0.04,0.55,度假,两室一厅,64,3588,北京三甲医院退休教授,高知退休康养,三亚中环品质两居，车位及空间极其拥挤,老小区隔音差，邻里滋扰严重，且车位严重匮乏，每晚加班回来抢车位像打仗。,要求有超大面宽南向双阳台（观景家政分离），主卧大飘窗能270度直面自然景观。,无需日常通勤，但要求30分钟内快捷通达凤凰机场或高铁站。,崇尚度假慢生活，清晨沙滩漫步，午后椰林下午茶，酷爱轻户外及后海冲浪。,名下持有一套旧两居，置换回款 65% + 个人理财储蓄补充 + 公积金商业贷,重性价比，不盲信大牌，但要求物业管理有序、绿化修剪及时、人防技防规范。,每年11月至次年3月到此度过漫长冬季，极其依赖周边的康养及适老化服务。
三_2011_00297,三亚,2011,度假投资,35,男,10.7,80.3,0.4,150.6,1,0,是,A,research,1,0.41,0.87,0.62,0.41,0.54,0,0,0.67,度假,三室一厅,140,5546,高端海景资产收藏家,新婚过渡两居,市中心私密洋房住宅,当前房屋属于旧多层无电梯房，父母年纪渐高每天爬楼梯极为吃力。,要求有超大面宽南向双阳台（观景家政分离），主卧大飘窗能270度直面自然景观。,无需日常通勤，但要求30分钟内快捷通达凤凰机场或高铁站。,周末常去高端商圈消费，热衷打网球和马术，重度手冲咖啡及黑胶唱片发烧友。,名下已有企业股权套现或分红现金，一次性全款付清，基本不加杠杆,重性价比，不盲信大牌，但要求物业管理有序、绿化修剪及时、人防技防规范。,每年11月至次年3月到此度过漫长冬季，极其依赖周边的康养及适老化服务。
三_2011_00298,三亚,2011,本地改善,35,男,2.3,15.6,0.35,33.3,2,1,否,B,agent,0.54,0.54,0.55,0.61,0.42,0.73,0.35,0.52,0.64,自住-改善,两室两厅,50,5557,智能新能源车企研发骨干,三口之家(幼龄段),三亚中环品质两居，车位及空间极其拥挤,小区无地下车库且人车不分流，小孩在楼下玩耍或者推婴儿车极为不安全。,讲究超高得房率（超85%），主卧套房必须配备独立步入式衣帽间与干湿分离双卫。,无需日常通勤，但要求30分钟内快捷通达凤凰机场或高铁站。,崇尚度假慢生活，清晨沙滩漫步，午后椰林下午茶，酷爱轻户外及后海冲浪。,名下持有一套旧两居，置换回款 65% + 个人理财储蓄补充 + 公积金商业贷,重性价比，不盲信大牌，但要求物业管理有序、绿化修剪及时、人防技防规范。,本地常住人口，四季生活规律，度假频次为常规年假出行。
三_2011_00299,三亚,2011,度假投资,45,男,2.0,24.5,0.4,46.0,4,0,否,A,research,0.75,0.32,0.84,0.64,0.54,0.47,0,0,0.64,投资-长持,两室两厅,80,4871,知名中医药连锁投资人,成熟期核心家庭,西湖边高精平层,无高端私密会所及管家式物业配套，圈层鱼龙混杂，高净值居住体验差。,要求有超大面宽南向双阳台（观景家政分离），主卧大飘窗能270度直面自然景观。,无需日常通勤，但要求30分钟内快捷通达凤凰机场或高铁站。,周末常去高端商圈消费，热衷打网球和马术，重度手冲咖啡及黑胶唱片发烧友。,名下已有企业股权套现或分红现金，一次性全款付清，基本不加杠杆,重性价比，不盲信大牌，但要求物业管理有序、绿化修剪及时、人防技防规范。,每年11月至次年3月到此度过漫长冬季，极其依赖周边的康养及适老化服务。
三_2011_00300,三亚,2011,本地改善,48,男,2.2,12.5,0.35,26.7,4,1,否,B,agent,0.64,0.66,0.58,0.39,0.3,0.75,0.32,0.68,0.5,自住-改善,一室一厅,80,2594,智能新能源车企研发骨干,三口之家(学龄段),三亚中环品质两居，车位及空间极其拥挤,小区无地下车库且人车不分流，小孩在楼下玩耍或者推婴儿车极为不安全。,讲究超高得房率（超85%），主卧套房必须配备独立步入式衣帽间与干湿分离双卫。,无需日常通勤，但要求30分钟内快捷通达凤凰机场或高铁站。,崇尚度假慢生活，清晨沙滩漫步，午后椰林下午茶，酷爱轻户外及后海冲浪。,名下持有一套旧两居，置换回款 65% + 个人理财储蓄补充 + 公积金商业贷,重性价比，不盲信大牌，但要求物业管理有序、绿化修剪及时、人防技防规范。,本地常住人口，四季生活规律，度假频次为常规年假出行。
三_2011_00301,三亚,2011,度假投资,40,女,5.9,66.0,0.4,123.7,4,1,否,A,research,0.59,0.54,0.87,0.68,0.61,0.39,0,0,0.87,投资-短期,两室一厅,91,11364,知名中医药连锁投资人,三口之家(学龄段),市中心私密洋房住宅,无高端私密会所及管家式物业配套，圈层鱼龙混杂，高净值居住体验差。,要求有超大面宽南向双阳台（观景家政分离），主卧大飘窗能270度直面自然景观。,无需日常通勤，但要求30分钟内快捷通达凤凰机场或高铁站。,周末常去高端商圈消费，热衷打网球和马术，重度手冲咖啡及黑胶唱片发烧友。,名下已有企业股权套现或分红现金，一次性全款付清，基本不加杠杆,非仁恒、绿城、万科等金牌开发商不买，极度看重高端精装质量与顶级物业的增值口碑。,每年11月至次年3月到此度过漫长冬季，极其依赖周边的康养及适老化服务。
三_2011_00302,三亚,2011,度假投资,42,女,9.6,115.3,0.4,216.1,3,1,否,A,research,0.87,0.47,0.85,0.4,0.67,0.55,0,0.05,0.86,投资-短期,三室两厅,141,13009,上市公司退休联合创始人,三口之家(学龄段),陆家嘴核心区江景大平层,无高端私密会所及管家式物业配套，圈层鱼龙混杂，高净值居住体验差。,要求有超大面宽南向双阳台（观景家政分离），主卧大飘窗能270度直面自然景观。,无需日常通勤，但要求30分钟内快捷通达凤凰机场或高铁站。,周末常去高端商圈消费，热衷打网球和马术，重度手冲咖啡及黑胶唱片发烧友。,名下已有企业股权套现或分红现金，一次性全款付清，基本不加杠杆,非仁恒、绿城、万科等金牌开发商不买，极度看重高端精装质量与顶级物业的增值口碑。,每年11月至次年3月到此度过漫长冬季，极其依赖周边的康养及适老化服务。
三_2011_00303,三亚,2011,外地候鸟-西北,74,女,3.2,22.5,0.5,33.7,3,0,否,C,network,0.29,0.58,0.83,0.68,0.41,0.43,0.03,0.1,0.51,养老,两室两厅,57,5169,西安设计院退休总建筑师,高知退休康养,与父母同住，三代人拥挤在旧区小户型老房中,老小区隔音差，邻里滋扰严重，且车位严重匮乏，每晚加班回来抢车位像打仗。,要求有超大面宽南向双阳台（观景家政分离），主卧大飘窗能270度直面自然景观。,无需日常通勤，但要求30分钟内快捷通达凤凰机场或高铁站。,崇尚度假慢生活，清晨沙滩漫步，午后椰林下午茶，酷爱轻户外及后海冲浪。,名下持有一套旧两居，置换回款 65% + 个人理财储蓄补充 + 公积金商业贷,重性价比，不盲信大牌，但要求物业管理有序、绿化修剪及时、人防技防规范。,每年11月至次年3月到此度过漫长冬季，极其依赖周边的康养及适老化服务。
三_2011_00304,三亚,2011,外地候鸟-华北,71,女,4.3,26.9,0.5,40.3,3,0,否,B,network,0.1,0.64,0.86,0.63,0.68,0.54,0.04,0,0.66,养老,两室两厅,63,5723,北京三甲医院退休教授,高知退休康养,三亚中环品质两居，车位及空间极其拥挤,老小区隔音差，邻里滋扰严重，且车位严重匮乏，每晚加班回来抢车位像打仗。,要求有超大面宽南向双阳台（观景家政分离），主卧大飘窗能270度直面自然景观。,无需日常通勤，但要求30分钟内快捷通达凤凰机场或高铁站。,崇尚度假慢生活，清晨沙滩漫步，午后椰林下午茶，酷爱轻户外及后海冲浪。,名下持有一套旧两居，置换回款 65% + 个人理财储蓄补充 + 公积金商业贷,重性价比，不盲信大牌，但要求物业管理有序、绿化修剪及时、人防技防规范。,每年11月至次年3月到此度过漫长冬季，极其依赖周边的康养及适老化服务。
三_2011_00305,三亚,2011,本地改善,45,女,3.8,27.8,0.35,59.5,4,2,是,B,agent,0.96,0.66,0.5,0.45,0.3,0.67,0.54,0.75,0.58,自住-改善,两室一厅,71,6701,智能新能源车企研发骨干,二胎黄金期中大户型,三亚中环品质两居，车位及空间极其拥挤,小区无地下车库且人车不分流，小孩在楼下玩耍或者推婴儿车极为不安全。,核心要求地块属于第一梯队名校学区，且周边500米内解决幼小衔接教育配套。,无需日常通勤，但要求30分钟内快捷通达凤凰机场或高铁站。,崇尚度假慢生活，清晨沙滩漫步，午后椰林下午茶，酷爱轻户外及后海冲浪。,名下持有一套旧两居，置换回款 65% + 个人理财储蓄补充 + 公积金商业贷,重性价比，不盲信大牌，但要求物业管理有序、绿化修剪及时、人防技防规范。,本地常住人口，四季生活规律，度假频次为常规年假出行。
三_2011_00306,三亚,2011,本地改善,30,男,2.6,14.2,0.35,30.4,3,1,是,B,agent,0.76,0.57,0.59,0.39,0.44,0.74,0.49,0.62,0.45,自住-改善,两室两厅,81,2603,三甲医院主治医师,三口之家(幼龄段),三亚中环品质两居，车位及空间极其拥挤,小区无地下车库且人车不分流，小孩在楼下玩耍或者推婴儿车极为不安全。,讲究超高得房率（超85%），主卧套房必须配备独立步入式衣帽间与干湿分离双卫。,无需日常通勤，但要求30分钟内快捷通达凤凰机场或高铁站。,崇尚度假慢生活，清晨沙滩漫步，午后椰林下午茶，酷爱轻户外及后海冲浪。,名下持有一套旧两居，置换回款 65% + 个人理财储蓄补充 + 公积金商业贷,重性价比，不盲信大牌，但要求物业管理有序、绿化修剪及时、人防技防规范。,本地常住人口，四季生活规律，度假频次为常规年假出行。
三_2011_00307,三亚,2011,外地候鸟-华北,75,女,4.7,26.8,0.5,40.2,2,0,否,B,network,0.62,0.46,0.94,0.75,0.72,0.5,0.08,0,0.52,度假,两室两厅,77,3181,高校资深硕导,高知退休康养,三亚中环品质两居，车位及空间极其拥挤,老小区隔音差，邻里滋扰严重，且车位严重匮乏，每晚加班回来抢车位像打仗。,要求独立电梯入户，主次卧动线分明，配备独立保姆房和私密后院。,无需日常通勤，但要求30分钟内快捷通达凤凰机场或高铁站。,崇尚度假慢生活，清晨沙滩漫步，午后椰林下午茶，酷爱轻户外及后海冲浪。,名下持有一套旧两居，置换回款 65% + 个人理财储蓄补充 + 公积金商业贷,重性价比，不盲信大牌，但要求物业管理有序、绿化修剪及时、人防技防规范。,每年11月至次年3月到此度过漫长冬季，极其依赖周边的康养及适老化服务。
三_2011_00308,三亚,2011,高净值康养,66,女,13.3,130.3,0.6,162.9,3,0,否,A,network,0.43,0.35,1,0.87,0.89,0.53,0,0,0.87,度假,三室一厅,93,10857,上市公司退休联合创始人,高知退休康养,陆家嘴核心区江景大平层,无高端私密会所及管家式物业配套，圈层鱼龙混杂，高净值居住体验差。,要求独立电梯入户，主次卧动线分明，配备独立保姆房和私密后院。,无需日常通勤，但要求30分钟内快捷通达凤凰机场或高铁站。,周末常去高端商圈消费，热衷打网球和马术，重度手冲咖啡及黑胶唱片发烧友。,名下已有企业股权套现或分红现金，一次性全款付清，基本不加杠杆,非仁恒、绿城、万科等金牌开发商不买，极度看重高端精装质量与顶级物业的增值口碑。,本地常住人口，四季生活规律，度假频次为常规年假出行。
三_2011_00309,三亚,2011,本地改善,34,女,2.0,14.8,0.35,31.7,4,1,否,B,agent,0.59,0.58,0.75,0.54,0.38,0.7,0.48,0.75,0.34,自住-改善,一室一厅,90,2389,智能新能源车企研发骨干,三口之家(幼龄段),三亚中环品质两居，车位及空间极其拥挤,小区无地下车库且人车不分流，小孩在楼下玩耍或者推婴儿车极为不安全。,要求有超大面宽南向双阳台（观景家政分离），主卧大飘窗能270度直面自然景观。,无需日常通勤，但要求30分钟内快捷通达凤凰机场或高铁站。,崇尚度假慢生活，清晨沙滩漫步，午后椰林下午茶，酷爱轻户外及后海冲浪。,名下持有一套旧两居，置换回款 65% + 个人理财储蓄补充 + 公积金商业贷,重性价比，不盲信大牌，但要求物业管理有序、绿化修剪及时、人防技防规范。,本地常住人口，四季生活规律，度假频次为常规年假出行。
三_2011_00310,三亚,2011,外地候鸟-东北,73,男,5.8,28.7,0.5,43.1,2,0,否,C,network,0.35,0.62,0.96,0.71,0.51,0.51,0,0.07,0.42,度假,一室一厅,99,2336,哈尔滨高校退休处长,高知退休康养,与父母同住，三代人拥挤在旧区小户型老房中,老小区隔音差，邻里滋扰严重，且车位严重匮乏，每晚加班回来抢车位像打仗。,要求独立电梯入户，主次卧动线分明，配备独立保姆房和私密后院。,无需日常通勤，但要求30分钟内快捷通达凤凰机场或高铁站。,崇尚度假慢生活，清晨沙滩漫步，午后椰林下午茶，酷爱轻户外及后海冲浪。,名下持有一套旧两居，置换回款 65% + 个人理财储蓄补充 + 公积金商业贷,重性价比，不盲信大牌，但要求物业管理有序、绿化修剪及时、人防技防规范。,每年11月至次年3月到此度过漫长冬季，极其依赖周边的康养及适老化服务。
三_2011_00311,三亚,2011,度假投资,41,女,6.7,85.8,0.4,160.9,3,1,否,A,research,1,0.38,0.86,0.58,0.6,0.48,0.08,0,0.77,投资-长持,两室两厅,150,6068,知名中医药连锁投资人,三口之家(学龄段),市中心私密洋房住宅,无高端私密会所及管家式物业配套，圈层鱼龙混杂，高净值居住体验差。,要求有超大面宽南向双阳台（观景家政分离），主卧大飘窗能270度直面自然景观。,无需日常通勤，但要求30分钟内快捷通达凤凰机场或高铁站。,周末常去高端商圈消费，热衷打网球和马术，重度手冲咖啡及黑胶唱片发烧友。,名下已有企业股权套现或分红现金，一次性全款付清，基本不加杠杆,非仁恒、绿城、万科等金牌开发商不买，极度看重高端精装质量与顶级物业的增值口碑。,每年11月至次年3月到此度过漫长冬季，极其依赖周边的康养及适老化服务。
三_2011_00312,三亚,2011,本地改善,46,男,1.7,8.2,0.35,17.6,5,0,是,B,agent,0.73,0.54,0.64,0.5,0.37,0.76,0.46,0.67,0.63,自住-改善,两室一厅,70,1370,三甲医院主治医师,成熟期核心家庭,三亚中环品质两居，车位及空间极其拥挤,当前房屋属于旧多层无电梯房，父母年纪渐高每天爬楼梯极为吃力。,讲究超高得房率（超85%），主卧套房必须配备独立步入式衣帽间与干湿分离双卫。,无需日常通勤，但要求30分钟内快捷通达凤凰机场或高铁站。,崇尚度假慢生活，清晨沙滩漫步，午后椰林下午茶，酷爱轻户外及后海冲浪。,名下持有一套旧两居，置换回款 65% + 个人理财储蓄补充 + 公积金商业贷,重性价比，不盲信大牌，但要求物业管理有序、绿化修剪及时、人防技防规范。,本地常住人口，四季生活规律，度假频次为常规年假出行。
三_2011_00313,三亚,2011,外地候鸟-东北,73,男,4.5,28.9,0.5,43.4,2,0,否,C,network,0.2,0.56,0.92,0.7,0.37,0.48,0,0,0.5,度假,两室一厅,64,4588,沈阳大型重工企业退休副厂长,高知退休康养,与父母同住，三代人拥挤在旧区小户型老房中,老小区隔音差，邻里滋扰严重，且车位严重匮乏，每晚加班回来抢车位像打仗。,要求有超大面宽南向双阳台（观景家政分离），主卧大飘窗能270度直面自然景观。,无需日常通勤，但要求30分钟内快捷通达凤凰机场或高铁站。,崇尚度假慢生活，清晨沙滩漫步，午后椰林下午茶，酷爱轻户外及后海冲浪。,名下持有一套旧两居，置换回款 65% + 个人理财储蓄补充 + 公积金商业贷,重性价比，不盲信大牌，但要求物业管理有序、绿化修剪及时、人防技防规范。,每年11月至次年3月到此度过漫长冬季，极其依赖周边的康养及适老化服务。
三_2011_00314,三亚,2011,高净值康养,69,男,18.3,211.3,0.6,264.1,2,0,否,A,network,0.56,0.4,0.83,0.95,0.94,0.57,0.06,0.04,0.86,度假,三室一厅,101,20264,上市公司退休联合创始人,高知退休康养,市中心私密洋房住宅,无高端私密会所及管家式物业配套，圈层鱼龙混杂，高净值居住体验差。,要求独立电梯入户，主次卧动线分明，配备独立保姆房和私密后院。,无需日常通勤，但要求30分钟内快捷通达凤凰机场或高铁站。,周末常去高端商圈消费，热衷打网球和马术，重度手冲咖啡及黑胶唱片发烧友。,名下已有企业股权套现或分红现金，一次性全款付清，基本不加杠杆,非仁恒、绿城、万科等金牌开发商不买，极度看重高端精装质量与顶级物业的增值口碑。,本地常住人口，四季生活规律，度假频次为常规年假出行。
三_2011_00315,三亚,2011,本地改善,32,男,1.4,6.9,0.35,14.7,4,1,否,B,agent,0.5,0.41,0.49,0.41,0.36,0.84,0.56,0.74,0.38,自住-改善,两室一厅,80,1520,区级税务局一级主办,三口之家(幼龄段),三亚中环品质两居，车位及空间极其拥挤,小区无地下车库且人车不分流，小孩在楼下玩耍或者推婴儿车极为不安全。,讲究超高得房率（超85%），主卧套房必须配备独立步入式衣帽间与干湿分离双卫。,无需日常通勤，但要求30分钟内快捷通达凤凰机场或高铁站。,崇尚度假慢生活，清晨沙滩漫步，午后椰林下午茶，酷爱轻户外及后海冲浪。,名下持有一套旧两居，置换回款 65% + 个人理财储蓄补充 + 公积金商业贷,重性价比，不盲信大牌，但要求物业管理有序、绿化修剪及时、人防技防规范。,本地常住人口，四季生活规律，度假频次为常规年假出行。
三_2011_00316,三亚,2011,度假投资,38,男,12.6,133.4,0.4,250.2,4,0,是,A,research,0.86,0.37,0.77,0.62,0.63,0.52,0.09,0.01,0.74,投资-长持,三室一厅,140,10277,知名中医药连锁投资人,成熟期核心家庭,陆家嘴核心区江景大平层,当前房屋属于旧多层无电梯房，父母年纪渐高每天爬楼梯极为吃力。,要求有超大面宽南向双阳台（观景家政分离），主卧大飘窗能270度直面自然景观。,无需日常通勤，但要求30分钟内快捷通达凤凰机场或高铁站。,周末常去高端商圈消费，热衷打网球和马术，重度手冲咖啡及黑胶唱片发烧友。,名下已有企业股权套现或分红现金，一次性全款付清，基本不加杠杆,非仁恒、绿城、万科等金牌开发商不买，极度看重高端精装质量与顶级物业的增值口碑。,每年11月至次年3月到此度过漫长冬季，极其依赖周边的康养及适老化服务。
三_2011_00317,三亚,2011,外地候鸟-华北,68,女,4.9,29.4,0.5,44.1,1,0,否,B,network,0.76,0.44,1,0.69,0.39,0.47,0.1,0,0.63,度假,两室两厅,54,4969,北京三甲医院退休教授,高知退休康养,三亚中环品质两居，车位及空间极其拥挤,老小区隔音差，邻里滋扰严重，且车位严重匮乏，每晚加班回来抢车位像打仗。,要求有超大面宽南向双阳台（观景家政分离），主卧大飘窗能270度直面自然景观。,无需日常通勤，但要求30分钟内快捷通达凤凰机场或高铁站。,崇尚度假慢生活，清晨沙滩漫步，午后椰林下午茶，酷爱轻户外及后海冲浪。,名下持有一套旧两居，置换回款 65% + 个人理财储蓄补充 + 公积金商业贷,重性价比，不盲信大牌，但要求物业管理有序、绿化修剪及时、人防技防规范。,每年11月至次年3月到此度过漫长冬季，极其依赖周边的康养及适老化服务。
三_2011_00318,三亚,2011,外地候鸟-西北,68,女,3.6,20.8,0.5,31.1,3,0,否,C,network,0.39,0.67,0.99,0.74,0.53,0.53,0.07,0.01,0.58,养老,两室两厅,57,4882,西安设计院退休总建筑师,高知退休康养,与父母同住，三代人拥挤在旧区小户型老房中,老小区隔音差，邻里滋扰严重，且车位严重匮乏，每晚加班回来抢车位像打仗。,要求独立电梯入户，主次卧动线分明，配备独立保姆房和私密后院。,无需日常通勤，但要求30分钟内快捷通达凤凰机场或高铁站。,崇尚度假慢生活，清晨沙滩漫步，午后椰林下午茶，酷爱轻户外及后海冲浪。,名下持有一套旧两居，置换回款 65% + 个人理财储蓄补充 + 公积金商业贷,重性价比，不盲信大牌，但要求物业管理有序、绿化修剪及时、人防技防规范。,每年11月至次年3月到此度过漫长冬季，极其依赖周边的康养及适老化服务。
三_2011_00319,三亚,2011,外地候鸟-华北,67,女,4.8,45.5,0.5,68.2,2,0,否,B,network,0.64,0.5,0.87,0.74,0.52,0.57,0,0,0.44,养老,两室两厅,64,9589,北京三甲医院退休教授,高知退休康养,三亚中环品质两居，车位及空间极其拥挤,老小区隔音差，邻里滋扰严重，且车位严重匮乏，每晚加班回来抢车位像打仗。,要求独立电梯入户，主次卧动线分明，配备独立保姆房和私密后院。,无需日常通勤，但要求30分钟内快捷通达凤凰机场或高铁站。,崇尚度假慢生活，清晨沙滩漫步，午后椰林下午茶，酷爱轻户外及后海冲浪。,名下持有一套旧两居，置换回款 65% + 个人理财储蓄补充 + 公积金商业贷,重性价比，不盲信大牌，但要求物业管理有序、绿化修剪及时、人防技防规范。,每年11月至次年3月到此度过漫长冬季，极其依赖周边的康养及适老化服务。
三_2011_00320,三亚,2011,本地改善,34,女,2.5,12.0,0.35,25.7,4,1,否,B,agent,0.87,0.47,0.61,0.47,0.51,0.88,0.66,0.65,0.34,自住-改善,两室一厅,92,2281,智能新能源车企研发骨干,三口之家(幼龄段),三亚中环品质两居，车位及空间极其拥挤,小区无地下车库且人车不分流，小孩在楼下玩耍或者推婴儿车极为不安全。,讲究超高得房率（超85%），主卧套房必须配备独立步入式衣帽间与干湿分离双卫。,无需日常通勤，但要求30分钟内快捷通达凤凰机场或高铁站。,崇尚度假慢生活，清晨沙滩漫步，午后椰林下午茶，酷爱轻户外及后海冲浪。,名下持有一套旧两居，置换回款 65% + 个人理财储蓄补充 + 公积金商业贷,重性价比，不盲信大牌，但要求物业管理有序、绿化修剪及时、人防技防规范。,本地常住人口，四季生活规律，度假频次为常规年假出行。
三_2011_00321,三亚,2011,高净值康养,68,女,19.4,286.2,0.6,357.7,3,0,否,A,network,0.37,0.52,0.77,0.9,0.89,0.57,0,0,0.96,养老,四室两厅,180,14008,高端海景资产收藏家,高知退休康养,市中心私密洋房住宅,无高端私密会所及管家式物业配套，圈层鱼龙混杂，高净值居住体验差。,要求独立电梯入户，主次卧动线分明，配备独立保姆房和私密后院。,无需日常通勤，但要求30分钟内快捷通达凤凰机场或高铁站。,周末常去高端商圈消费，热衷打网球和马术，重度手冲咖啡及黑胶唱片发烧友。,名下已有企业股权套现或分红现金，一次性全款付清，基本不加杠杆,非仁恒、绿城、万科等金牌开发商不买，极度看重高端精装质量与顶级物业的增值口碑。,本地常住人口，四季生活规律，度假频次为常规年假出行。
三_2011_00322,三亚,2011,外地候鸟-东北,61,男,3.3,21.7,0.5,32.6,1,0,否,C,network,0.36,0.63,0.93,0.71,0.4,0.51,0,0.02,0.36,度假,两室两厅,87,2012,沈阳大型重工企业退休副厂长,高知退休康养,与父母同住，三代人拥挤在旧区小户型老房中,老小区隔音差，邻里滋扰严重，且车位严重匮乏，每晚加班回来抢车位像打仗。,要求独立电梯入户，主次卧动线分明，配备独立保姆房和私密后院。,无需日常通勤，但要求30分钟内快捷通达凤凰机场或高铁站。,崇尚度假慢生活，清晨沙滩漫步，午后椰林下午茶，酷爱轻户外及后海冲浪。,名下持有一套旧两居，置换回款 65% + 个人理财储蓄补充 + 公积金商业贷,重性价比，不盲信大牌，但要求物业管理有序、绿化修剪及时、人防技防规范。,每年11月至次年3月到此度过漫长冬季，极其依赖周边的康养及适老化服务。
三_2011_00323,三亚,2011,度假投资,37,男,5.0,47.9,0.4,89.9,3,1,是,A,research,0.89,0.5,0.75,0.58,0.48,0.41,0.06,0.08,0.85,投资-长持,一室一厅,60,8996,知名中医药连锁投资人,三口之家(幼龄段),陆家嘴核心区江景大平层,当前房屋属于旧多层无电梯房，父母年纪渐高每天爬楼梯极为吃力。,要求有超大面宽南向双阳台（观景家政分离），主卧大飘窗能270度直面自然景观。,无需日常通勤，但要求30分钟内快捷通达凤凰机场或高铁站。,周末常去高端商圈消费，热衷打网球和马术，重度手冲咖啡及黑胶唱片发烧友。,名下已有企业股权套现或分红现金，一次性全款付清，基本不加杠杆,非仁恒、绿城、万科等金牌开发商不买，极度看重高端精装质量与顶级物业的增值口碑。,每年11月至次年3月到此度过漫长冬季，极其依赖周边的康养及适老化服务。
三_2011_00324,三亚,2011,本地改善,41,女,3.5,24.8,0.35,53.2,4,1,是,B,agent,0.91,0.52,0.53,0.44,0.15,0.65,0.51,0.78,0.39,自住-改善,两室一厅,84,5499,区级税务局一级主办,三口之家(学龄段),三亚中环品质两居，车位及空间极其拥挤,小区无地下车库且人车不分流，小孩在楼下玩耍或者推婴儿车极为不安全。,核心要求地块属于第一梯队名校学区，且周边500米内解决幼小衔接教育配套。,无需日常通勤，但要求30分钟内快捷通达凤凰机场或高铁站。,崇尚度假慢生活，清晨沙滩漫步，午后椰林下午茶，酷爱轻户外及后海冲浪。,名下持有一套旧两居，置换回款 65% + 个人理财储蓄补充 + 公积金商业贷,重性价比，不盲信大牌，但要求物业管理有序、绿化修剪及时、人防技防规范。,本地常住人口，四季生活规律，度假频次为常规年假出行。
三_2011_00325,三亚,2011,外地候鸟-华北,58,女,4.9,44.1,0.5,66.1,2,0,否,B,network,0.33,0.62,1,0.86,0.61,0.6,0,0,0.59,养老,两室一厅,66,8606,央企总部退休总工,高知退休康养,三亚中环品质两居，车位及空间极其拥挤,老小区隔音差，邻里滋扰严重，且车位严重匮乏，每晚加班回来抢车位像打仗。,要求独立电梯入户，主次卧动线分明，配备独立保姆房和私密后院。,无需日常通勤，但要求30分钟内快捷通达凤凰机场或高铁站。,崇尚度假慢生活，清晨沙滩漫步，午后椰林下午茶，酷爱轻户外及后海冲浪。,名下持有一套旧两居，置换回款 65% + 个人理财储蓄补充 + 公积金商业贷,重性价比，不盲信大牌，但要求物业管理有序、绿化修剪及时、人防技防规范。,每年11月至次年3月到此度过漫长冬季，极其依赖周边的康养及适老化服务。
三_2011_00326,三亚,2011,外地候鸟-西北,67,女,2.6,22.7,0.5,34.0,3,0,否,C,network,0.16,0.62,0.93,0.54,0.55,0.45,0.01,0.14,0.41,度假,一室一厅,79,3592,西安设计院退休总建筑师,高知退休康养,与父母同住，三代人拥挤在旧区小户型老房中,老小区隔音差，邻里滋扰严重，且车位严重匮乏，每晚加班回来抢车位像打仗。,要求有超大面宽南向双阳台（观景家政分离），主卧大飘窗能270度直面自然景观。,无需日常通勤，但要求30分钟内快捷通达凤凰机场或高铁站。,崇尚度假慢生活，清晨沙滩漫步，午后椰林下午茶，酷爱轻户外及后海冲浪。,名下持有一套旧两居，置换回款 65% + 个人理财储蓄补充 + 公积金商业贷,重性价比，不盲信大牌，但要求物业管理有序、绿化修剪及时、人防技防规范。,每年11月至次年3月到此度过漫长冬季，极其依赖周边的康养及适老化服务。
三_2011_00327,三亚,2011,本地改善,33,女,1.6,9.8,0.35,21.0,5,1,否,B,agent,0.73,0.72,0.56,0.59,0.47,0.85,0.74,0.55,0.31,自住-改善,一室一厅,92,1316,智能新能源车企研发骨干,三口之家(幼龄段),三亚中环品质两居，车位及空间极其拥挤,小区无地下车库且人车不分流，小孩在楼下玩耍或者推婴儿车极为不安全。,讲究超高得房率（超85%），主卧套房必须配备独立步入式衣帽间与干湿分离双卫。,无需日常通勤，但要求30分钟内快捷通达凤凰机场或高铁站。,崇尚度假慢生活，清晨沙滩漫步，午后椰林下午茶，酷爱轻户外及后海冲浪。,名下持有一套旧两居，置换回款 65% + 个人理财储蓄补充 + 公积金商业贷,重性价比，不盲信大牌，但要求物业管理有序、绿化修剪及时、人防技防规范。,本地常住人口，四季生活规律，度假频次为常规年假出行。
三_2011_00328,三亚,2011,度假投资,47,女,4.7,40.1,0.4,75.3,3,1,是,A,research,0.87,0.43,0.79,0.54,0.48,0.49,0,0,0.84,度假,一室一厅,63,9066,知名中医药连锁投资人,三口之家(学龄段),市中心私密洋房住宅,当前房屋属于旧多层无电梯房，父母年纪渐高每天爬楼梯极为吃力。,要求有超大面宽南向双阳台（观景家政分离），主卧大飘窗能270度直面自然景观。,无需日常通勤，但要求30分钟内快捷通达凤凰机场或高铁站。,周末常去高端商圈消费，热衷打网球和马术，重度手冲咖啡及黑胶唱片发烧友。,名下已有企业股权套现或分红现金，一次性全款付清，基本不加杠杆,非仁恒、绿城、万科等金牌开发商不买，极度看重高端精装质量与顶级物业的增值口碑。,每年11月至次年3月到此度过漫长冬季，极其依赖周边的康养及适老化服务。
三_2011_00329,三亚,2011,高净值康养,67,男,24.7,210.8,0.6,263.6,2,0,否,A,network,0.57,0.31,0.95,0.81,0.83,0.65,0,0.0,0.95,养老,两室两厅,113,16054,高端海景资产收藏家,高知退休康养,陆家嘴核心区江景大平层,无高端私密会所及管家式物业配套，圈层鱼龙混杂，高净值居住体验差。,要求独立电梯入户，主次卧动线分明，配备独立保姆房和私密后院。,无需日常通勤，但要求30分钟内快捷通达凤凰机场或高铁站。,周末常去高端商圈消费，热衷打网球和马术，重度手冲咖啡及黑胶唱片发烧友。,名下已有企业股权套现或分红现金，一次性全款付清，基本不加杠杆,非仁恒、绿城、万科等金牌开发商不买，极度看重高端精装质量与顶级物业的增值口碑。,本地常住人口，四季生活规律，度假频次为常规年假出行。
三_2011_00330,三亚,2011,本地改善,38,男,3.1,14.6,0.35,31.3,4,2,否,B,agent,0.84,0.64,0.6,0.4,0.42,0.69,0.47,0.59,0.52,自住-改善,两室两厅,61,4566,三甲医院主治医师,二胎黄金期中大户型,三亚中环品质两居，车位及空间极其拥挤,小区无地下车库且人车不分流，小孩在楼下玩耍或者推婴儿车极为不安全。,要求采光通透，全明户型，带多功能嵌入式收纳墙以最大化空间利用。,无需日常通勤，但要求30分钟内快捷通达凤凰机场或高铁站。,崇尚度假慢生活，清晨沙滩漫步，午后椰林下午茶，酷爱轻户外及后海冲浪。,名下持有一套旧两居，置换回款 65% + 个人理财储蓄补充 + 公积金商业贷,重性价比，不盲信大牌，但要求物业管理有序、绿化修剪及时、人防技防规范。,本地常住人口，四季生活规律，度假频次为常规年假出行。
三_2011_00331,三亚,2011,外地候鸟-华北,59,男,3.1,23.0,0.5,34.5,2,0,是,B,network,0.55,0.5,0.87,0.82,0.54,0.61,0,0,0.5,养老,两室两厅,83,3432,高校资深硕导,高知退休康养,三亚中环品质两居，车位及空间极其拥挤,当前房屋属于旧多层无电梯房，父母年纪渐高每天爬楼梯极为吃力。,要求独立电梯入户，主次卧动线分明，配备独立保姆房和私密后院。,无需日常通勤，但要求30分钟内快捷通达凤凰机场或高铁站。,崇尚度假慢生活，清晨沙滩漫步，午后椰林下午茶，酷爱轻户外及后海冲浪。,名下持有一套旧两居，置换回款 65% + 个人理财储蓄补充 + 公积金商业贷,重性价比，不盲信大牌，但要求物业管理有序、绿化修剪及时、人防技防规范。,每年11月至次年3月到此度过漫长冬季，极其依赖周边的康养及适老化服务。
三_2011_00332,三亚,2011,外地候鸟-华北,65,男,2.9,28.5,0.5,42.7,2,0,是,B,network,0.61,0.57,0.95,0.74,0.55,0.44,0,0,0.66,养老,两室一厅,97,3816,央企总部退休总工,高知退休康养,三亚中环品质两居，车位及空间极其拥挤,当前房屋属于旧多层无电梯房，父母年纪渐高每天爬楼梯极为吃力。,要求独立电梯入户，主次卧动线分明，配备独立保姆房和私密后院。,无需日常通勤，但要求30分钟内快捷通达凤凰机场或高铁站。,崇尚度假慢生活，清晨沙滩漫步，午后椰林下午茶，酷爱轻户外及后海冲浪。,名下持有一套旧两居，置换回款 65% + 个人理财储蓄补充 + 公积金商业贷,重性价比，不盲信大牌，但要求物业管理有序、绿化修剪及时、人防技防规范。,每年11月至次年3月到此度过漫长冬季，极其依赖周边的康养及适老化服务。
三_2011_00333,三亚,2011,本地改善,30,女,2.7,12.2,0.35,26.1,3,1,是,B,agent,1,0.63,0.44,0.61,0.46,0.71,0.51,0.62,0.42,自住-改善,一室一厅,63,3378,智能新能源车企研发骨干,三口之家(幼龄段),三亚中环品质两居，车位及空间极其拥挤,小区无地下车库且人车不分流，小孩在楼下玩耍或者推婴儿车极为不安全。,讲究超高得房率（超85%），主卧套房必须配备独立步入式衣帽间与干湿分离双卫。,无需日常通勤，但要求30分钟内快捷通达凤凰机场或高铁站。,崇尚度假慢生活，清晨沙滩漫步，午后椰林下午茶，酷爱轻户外及后海冲浪。,名下持有一套旧两居，置换回款 65% + 个人理财储蓄补充 + 公积金商业贷,重性价比，不盲信大牌，但要求物业管理有序、绿化修剪及时、人防技防规范。,本地常住人口，四季生活规律，度假频次为常规年假出行。
三_2011_00334,三亚,2011,外地候鸟-西北,62,女,4.5,30.7,0.5,46.1,3,0,是,C,network,0.56,0.54,0.95,0.66,0.47,0.39,0.04,0.02,0.56,度假,两室两厅,65,6273,兰州煤炭物流运输企业主,高知退休康养,与父母同住，三代人拥挤在旧区小户型老房中,当前房屋属于旧多层无电梯房，父母年纪渐高每天爬楼梯极为吃力。,要求有超大面宽南向双阳台（观景家政分离），主卧大飘窗能270度直面自然景观。,无需日常通勤，但要求30分钟内快捷通达凤凰机场或高铁站。,崇尚度假慢生活，清晨沙滩漫步，午后椰林下午茶，酷爱轻户外及后海冲浪。,名下持有一套旧两居，置换回款 65% + 个人理财储蓄补充 + 公积金商业贷,重性价比，不盲信大牌，但要求物业管理有序、绿化修剪及时、人防技防规范。,每年11月至次年3月到此度过漫长冬季，极其依赖周边的康养及适老化服务。
三_2011_00335,三亚,2011,外地候鸟-华北,68,女,2.7,19.7,0.5,29.5,1,1,否,B,network,0.35,0.71,0.87,0.81,0.54,0.45,0,0,0.51,度假,一室一厅,94,1676,央企总部退休总工,三口之家(学龄段),三亚中环品质两居，车位及空间极其拥挤,小区无地下车库且人车不分流，小孩在楼下玩耍或者推婴儿车极为不安全。,要求独立电梯入户，主次卧动线分明，配备独立保姆房和私密后院。,无需日常通勤，但要求30分钟内快捷通达凤凰机场或高铁站。,崇尚度假慢生活，清晨沙滩漫步，午后椰林下午茶，酷爱轻户外及后海冲浪。,名下持有一套旧两居，置换回款 65% + 个人理财储蓄补充 + 公积金商业贷,重性价比，不盲信大牌，但要求物业管理有序、绿化修剪及时、人防技防规范。,每年11月至次年3月到此度过漫长冬季，极其依赖周边的康养及适老化服务。
三_2011_00336,三亚,2011,本地改善,40,女,3.3,22.1,0.35,47.4,4,1,是,B,agent,0.55,0.57,0.52,0.39,0.34,0.7,0.53,0.73,0.43,自住-改善,一室一厅,53,7932,重点中学高级教师,三口之家(学龄段),三亚中环品质两居，车位及空间极其拥挤,小区无地下车库且人车不分流，小孩在楼下玩耍或者推婴儿车极为不安全。,核心要求地块属于第一梯队名校学区，且周边500米内解决幼小衔接教育配套。,无需日常通勤，但要求30分钟内快捷通达凤凰机场或高铁站。,崇尚度假慢生活，清晨沙滩漫步，午后椰林下午茶，酷爱轻户外及后海冲浪。,名下持有一套旧两居，置换回款 65% + 个人理财储蓄补充 + 公积金商业贷,重性价比，不盲信大牌，但要求物业管理有序、绿化修剪及时、人防技防规范。,本地常住人口，四季生活规律，度假频次为常规年假出行。
三_2011_00337,三亚,2011,度假投资,40,男,6.5,60.8,0.4,114.1,3,1,否,A,research,0.89,0.47,0.96,0.63,0.53,0.54,0.06,0.03,0.75,投资-长持,两室一厅,97,8417,知名中医药连锁投资人,三口之家(学龄段),陆家嘴核心区江景大平层,无高端私密会所及管家式物业配套，圈层鱼龙混杂，高净值居住体验差。,要求有超大面宽南向双阳台（观景家政分离），主卧大飘窗能270度直面自然景观。,无需日常通勤，但要求30分钟内快捷通达凤凰机场或高铁站。,周末常去高端商圈消费，热衷打网球和马术，重度手冲咖啡及黑胶唱片发烧友。,名下已有企业股权套现或分红现金，一次性全款付清，基本不加杠杆,非仁恒、绿城、万科等金牌开发商不买，极度看重高端精装质量与顶级物业的增值口碑。,每年11月至次年3月到此度过漫长冬季，极其依赖周边的康养及适老化服务。
三_2011_00338,三亚,2011,本地改善,46,女,1.7,12.2,0.35,26.2,4,1,是,B,agent,0.64,0.56,0.6,0.57,0.5,0.71,0.55,0.76,0.35,自住-改善,两室一厅,52,4058,国企中层管理,三口之家(学龄段),三亚中环品质两居，车位及空间极其拥挤,小区无地下车库且人车不分流，小孩在楼下玩耍或者推婴儿车极为不安全。,讲究超高得房率（超85%），主卧套房必须配备独立步入式衣帽间与干湿分离双卫。,无需日常通勤，但要求30分钟内快捷通达凤凰机场或高铁站。,崇尚度假慢生活，清晨沙滩漫步，午后椰林下午茶，酷爱轻户外及后海冲浪。,名下持有一套旧两居，置换回款 65% + 个人理财储蓄补充 + 公积金商业贷,重性价比，不盲信大牌，但要求物业管理有序、绿化修剪及时、人防技防规范。,本地常住人口，四季生活规律，度假频次为常规年假出行。
三_2011_00339,三亚,2011,本地改善,46,男,2.4,15.8,0.35,33.9,4,1,是,B,agent,0.85,0.57,0.52,0.51,0.33,0.74,0.4,0.75,0.44,自住-改善,两室一厅,57,5056,国企中层管理,三口之家(学龄段),三亚中环品质两居，车位及空间极其拥挤,小区无地下车库且人车不分流，小孩在楼下玩耍或者推婴儿车极为不安全。,讲究超高得房率（超85%），主卧套房必须配备独立步入式衣帽间与干湿分离双卫。,无需日常通勤，但要求30分钟内快捷通达凤凰机场或高铁站。,崇尚度假慢生活，清晨沙滩漫步，午后椰林下午茶，酷爱轻户外及后海冲浪。,名下持有一套旧两居，置换回款 65% + 个人理财储蓄补充 + 公积金商业贷,重性价比，不盲信大牌，但要求物业管理有序、绿化修剪及时、人防技防规范。,本地常住人口，四季生活规律，度假频次为常规年假出行。
三_2011_00340,三亚,2011,度假投资,39,男,7.7,93.8,0.4,175.9,3,0,否,A,research,0.85,0.38,1,0.68,0.59,0.54,0,0.07,0.77,投资-长持,三室一厅,149,7770,高端海景资产收藏家,成熟期核心家庭,西湖边高精平层,无高端私密会所及管家式物业配套，圈层鱼龙混杂，高净值居住体验差。,要求有超大面宽南向双阳台（观景家政分离），主卧大飘窗能270度直面自然景观。,无需日常通勤，但要求30分钟内快捷通达凤凰机场或高铁站。,周末常去高端商圈消费，热衷打网球和马术，重度手冲咖啡及黑胶唱片发烧友。,名下已有企业股权套现或分红现金，一次性全款付清，基本不加杠杆,非仁恒、绿城、万科等金牌开发商不买，极度看重高端精装质量与顶级物业的增值口碑。,每年11月至次年3月到此度过漫长冬季，极其依赖周边的康养及适老化服务。
三_2011_00341,三亚,2011,度假投资,52,男,15.1,162.0,0.4,303.7,3,1,否,A,research,0.62,0.35,0.79,0.58,0.55,0.42,0,0.06,0.66,度假,三室两厅,122,12807,高端海景资产收藏家,三口之家(学龄段),陆家嘴核心区江景大平层,无高端私密会所及管家式物业配套，圈层鱼龙混杂，高净值居住体验差。,要求有超大面宽南向双阳台（观景家政分离），主卧大飘窗能270度直面自然景观。,无需日常通勤，但要求30分钟内快捷通达凤凰机场或高铁站。,周末常去高端商圈消费，热衷打网球和马术，重度手冲咖啡及黑胶唱片发烧友。,名下已有企业股权套现或分红现金，一次性全款付清，基本不加杠杆,重性价比，不盲信大牌，但要求物业管理有序、绿化修剪及时、人防技防规范。,每年11月至次年3月到此度过漫长冬季，极其依赖周边的康养及适老化服务。
三_2011_00342,三亚,2011,本地改善,31,女,2.3,14.0,0.35,29.9,4,1,是,B,agent,0.9,0.46,0.42,0.45,0.5,0.7,0.48,0.68,0.4,自住-改善,两室一厅,82,1827,三甲医院主治医师,三口之家(幼龄段),三亚中环品质两居，车位及空间极其拥挤,小区无地下车库且人车不分流，小孩在楼下玩耍或者推婴儿车极为不安全。,要求采光通透，全明户型，带多功能嵌入式收纳墙以最大化空间利用。,无需日常通勤，但要求30分钟内快捷通达凤凰机场或高铁站。,崇尚度假慢生活，清晨沙滩漫步，午后椰林下午茶，酷爱轻户外及后海冲浪。,名下持有一套旧两居，置换回款 65% + 个人理财储蓄补充 + 公积金商业贷,重性价比，不盲信大牌，但要求物业管理有序、绿化修剪及时、人防技防规范。,本地常住人口，四季生活规律，度假频次为常规年假出行。
三_2011_00343,三亚,2011,度假投资,37,女,3.2,37.7,0.4,70.6,3,1,否,A,research,0.97,0.27,0.87,0.48,0.44,0.36,0.01,0,0.67,投资-短期,两室一厅,73,6458,知名中医药连锁投资人,三口之家(幼龄段),陆家嘴核心区江景大平层,无高端私密会所及管家式物业配套，圈层鱼龙混杂，高净值居住体验差。,要求有超大面宽南向双阳台（观景家政分离），主卧大飘窗能270度直面自然景观。,无需日常通勤，但要求30分钟内快捷通达凤凰机场或高铁站。,周末常去高端商圈消费，热衷打网球和马术，重度手冲咖啡及黑胶唱片发烧友。,名下已有企业股权套现或分红现金，一次性全款付清，基本不加杠杆,重性价比，不盲信大牌，但要求物业管理有序、绿化修剪及时、人防技防规范。,每年11月至次年3月到此度过漫长冬季，极其依赖周边的康养及适老化服务。
三_2011_00344,三亚,2011,外地候鸟-华北,70,男,2.7,23.3,0.5,34.9,2,0,否,B,network,0.77,0.59,0.85,0.71,0.56,0.51,0,0,0.53,度假,两室一厅,86,3017,高校资深硕导,高知退休康养,三亚中环品质两居，车位及空间极其拥挤,老小区隔音差，邻里滋扰严重，且车位严重匮乏，每晚加班回来抢车位像打仗。,要求独立电梯入户，主次卧动线分明，配备独立保姆房和私密后院。,无需日常通勤，但要求30分钟内快捷通达凤凰机场或高铁站。,崇尚度假慢生活，清晨沙滩漫步，午后椰林下午茶，酷爱轻户外及后海冲浪。,名下持有一套旧两居，置换回款 65% + 个人理财储蓄补充 + 公积金商业贷,重性价比，不盲信大牌，但要求物业管理有序、绿化修剪及时、人防技防规范。,每年11月至次年3月到此度过漫长冬季，极其依赖周边的康养及适老化服务。
三_2011_00345,三亚,2011,本地改善,38,男,2.9,15.3,0.35,32.9,4,1,是,B,agent,0.74,0.47,0.58,0.53,0.48,0.63,0.52,0.59,0.41,自住-改善,两室一厅,96,2864,国企中层管理,三口之家(学龄段),三亚中环品质两居，车位及空间极其拥挤,小区无地下车库且人车不分流，小孩在楼下玩耍或者推婴儿车极为不安全。,要求采光通透，全明户型，带多功能嵌入式收纳墙以最大化空间利用。,无需日常通勤，但要求30分钟内快捷通达凤凰机场或高铁站。,崇尚度假慢生活，清晨沙滩漫步，午后椰林下午茶，酷爱轻户外及后海冲浪。,名下持有一套旧两居，置换回款 65% + 个人理财储蓄补充 + 公积金商业贷,重性价比，不盲信大牌，但要求物业管理有序、绿化修剪及时、人防技防规范。,本地常住人口，四季生活规律，度假频次为常规年假出行。
三_2011_00346,三亚,2011,本地改善,40,女,2.8,11.9,0.35,25.5,3,0,是,B,agent,0.83,0.56,0.52,0.52,0.46,0.7,0.33,0.75,0.37,自住-改善,两室一厅,79,2592,智能新能源车企研发骨干,成熟期核心家庭,三亚中环品质两居，车位及空间极其拥挤,当前房屋属于旧多层无电梯房，父母年纪渐高每天爬楼梯极为吃力。,讲究超高得房率（超85%），主卧套房必须配备独立步入式衣帽间与干湿分离双卫。,无需日常通勤，但要求30分钟内快捷通达凤凰机场或高铁站。,崇尚度假慢生活，清晨沙滩漫步，午后椰林下午茶，酷爱轻户外及后海冲浪。,名下持有一套旧两居，置换回款 65% + 个人理财储蓄补充 + 公积金商业贷,重性价比，不盲信大牌，但要求物业管理有序、绿化修剪及时、人防技防规范。,本地常住人口，四季生活规律，度假频次为常规年假出行。
三_2011_00347,三亚,2011,本地改善,35,男,3.1,19.9,0.35,42.6,3,1,否,B,agent,0.61,0.6,0.61,0.53,0.35,0.71,0.45,0.65,0.51,自住-改善,两室两厅,69,3203,重点中学高级教师,三口之家(幼龄段),三亚中环品质两居，车位及空间极其拥挤,小区无地下车库且人车不分流，小孩在楼下玩耍或者推婴儿车极为不安全。,讲究超高得房率（超85%），主卧套房必须配备独立步入式衣帽间与干湿分离双卫。,无需日常通勤，但要求30分钟内快捷通达凤凰机场或高铁站。,崇尚度假慢生活，清晨沙滩漫步，午后椰林下午茶，酷爱轻户外及后海冲浪。,名下持有一套旧两居，置换回款 65% + 个人理财储蓄补充 + 公积金商业贷,重性价比，不盲信大牌，但要求物业管理有序、绿化修剪及时、人防技防规范。,本地常住人口，四季生活规律，度假频次为常规年假出行。
三_2011_00348,三亚,2011,外地候鸟-西北,59,女,3.5,23.6,0.5,35.4,2,0,否,C,network,0.14,0.56,0.9,0.71,0.58,0.5,0,0.11,0.58,度假,两室两厅,71,3485,西安设计院退休总建筑师,高知退休康养,与父母同住，三代人拥挤在旧区小户型老房中,老小区隔音差，邻里滋扰严重，且车位严重匮乏，每晚加班回来抢车位像打仗。,要求独立电梯入户，主次卧动线分明，配备独立保姆房和私密后院。,无需日常通勤，但要求30分钟内快捷通达凤凰机场或高铁站。,崇尚度假慢生活，清晨沙滩漫步，午后椰林下午茶，酷爱轻户外及后海冲浪。,名下持有一套旧两居，置换回款 65% + 个人理财储蓄补充 + 公积金商业贷,重性价比，不盲信大牌，但要求物业管理有序、绿化修剪及时、人防技防规范。,每年11月至次年3月到此度过漫长冬季，极其依赖周边的康养及适老化服务。
三_2011_00349,三亚,2011,外地候鸟-东北,63,女,3.5,30.0,0.5,45.0,1,0,否,C,network,0.26,0.55,0.93,0.76,0.52,0.65,0.01,0.1,0.48,度假,一室一厅,70,3719,哈尔滨私营物流老板,高知退休康养,与父母同住，三代人拥挤在旧区小户型老房中,老小区隔音差，邻里滋扰严重，且车位严重匮乏，每晚加班回来抢车位像打仗。,要求独立电梯入户，主次卧动线分明，配备独立保姆房和私密后院。,无需日常通勤，但要求30分钟内快捷通达凤凰机场或高铁站。,崇尚度假慢生活，清晨沙滩漫步，午后椰林下午茶，酷爱轻户外及后海冲浪。,名下持有一套旧两居，置换回款 65% + 个人理财储蓄补充 + 公积金商业贷,重性价比，不盲信大牌，但要求物业管理有序、绿化修剪及时、人防技防规范。,每年11月至次年3月到此度过漫长冬季，极其依赖周边的康养及适老化服务。
三_2011_00350,三亚,2011,本地改善,45,男,3.3,18.7,0.35,40.1,4,1,否,B,agent,0.76,0.45,0.6,0.45,0.37,0.74,0.4,0.63,0.51,自住-改善,一室一厅,95,2598,区级税务局一级主办,三口之家(学龄段),三亚中环品质两居，车位及空间极其拥挤,小区无地下车库且人车不分流，小孩在楼下玩耍或者推婴儿车极为不安全。,讲究超高得房率（超85%），主卧套房必须配备独立步入式衣帽间与干湿分离双卫。,无需日常通勤，但要求30分钟内快捷通达凤凰机场或高铁站。,崇尚度假慢生活，清晨沙滩漫步，午后椰林下午茶，酷爱轻户外及后海冲浪。,名下持有一套旧两居，置换回款 65% + 个人理财储蓄补充 + 公积金商业贷,重性价比，不盲信大牌，但要求物业管理有序、绿化修剪及时、人防技防规范。,本地常住人口，四季生活规律，度假频次为常规年假出行。
三_2011_00351,三亚,2011,度假投资,45,女,11.0,137.4,0.4,257.5,2,1,是,A,research,0.85,0.43,0.84,0.62,0.59,0.46,0,0.12,0.7,投资-短期,三室两厅,122,11982,知名中医药连锁投资人,三口之家(学龄段),市中心私密洋房住宅,当前房屋属于旧多层无电梯房，父母年纪渐高每天爬楼梯极为吃力。,要求有超大面宽南向双阳台（观景家政分离），主卧大飘窗能270度直面自然景观。,无需日常通勤，但要求30分钟内快捷通达凤凰机场或高铁站。,周末常去高端商圈消费，热衷打网球和马术，重度手冲咖啡及黑胶唱片发烧友。,名下已有企业股权套现或分红现金，一次性全款付清，基本不加杠杆,重性价比，不盲信大牌，但要求物业管理有序、绿化修剪及时、人防技防规范。,每年11月至次年3月到此度过漫长冬季，极其依赖周边的康养及适老化服务。
三_2011_00352,三亚,2011,外地候鸟-华北,63,男,3.4,27.2,0.5,40.9,2,1,否,B,network,0.36,0.5,1,0.67,0.6,0.42,0.15,0.21,0.61,度假,一室一厅,91,3201,央企总部退休总工,三口之家(学龄段),三亚中环品质两居，车位及空间极其拥挤,小区无地下车库且人车不分流，小孩在楼下玩耍或者推婴儿车极为不安全。,要求有超大面宽南向双阳台（观景家政分离），主卧大飘窗能270度直面自然景观。,无需日常通勤，但要求30分钟内快捷通达凤凰机场或高铁站。,崇尚度假慢生活，清晨沙滩漫步，午后椰林下午茶，酷爱轻户外及后海冲浪。,名下持有一套旧两居，置换回款 65% + 个人理财储蓄补充 + 公积金商业贷,重性价比，不盲信大牌，但要求物业管理有序、绿化修剪及时、人防技防规范。,每年11月至次年3月到此度过漫长冬季，极其依赖周边的康养及适老化服务。
三_2011_00353,三亚,2011,外地候鸟-东北,78,男,2.4,18.2,0.5,27.4,3,0,否,C,network,0.13,0.77,0.97,0.67,0.44,0.52,0.11,0.04,0.61,养老,两室两厅,67,3615,沈阳大型重工企业退休副厂长,高知退休康养,与父母同住，三代人拥挤在旧区小户型老房中,老小区隔音差，邻里滋扰严重，且车位严重匮乏，每晚加班回来抢车位像打仗。,要求有超大面宽南向双阳台（观景家政分离），主卧大飘窗能270度直面自然景观。,无需日常通勤，但要求30分钟内快捷通达凤凰机场或高铁站。,崇尚度假慢生活，清晨沙滩漫步，午后椰林下午茶，酷爱轻户外及后海冲浪。,名下持有一套旧两居，置换回款 65% + 个人理财储蓄补充 + 公积金商业贷,重性价比，不盲信大牌，但要求物业管理有序、绿化修剪及时、人防技防规范。,每年11月至次年3月到此度过漫长冬季，极其依赖周边的康养及适老化服务。
三_2011_00354,三亚,2011,外地候鸟-东北,75,男,1.4,11.9,0.5,17.9,2,0,否,C,network,0.31,0.47,0.93,0.73,0.44,0.4,0,0.08,0.45,养老,一室一厅,93,1046,哈尔滨高校退休处长,高知退休康养,与父母同住，三代人拥挤在旧区小户型老房中,老小区隔音差，邻里滋扰严重，且车位严重匮乏，每晚加班回来抢车位像打仗。,要求独立电梯入户，主次卧动线分明，配备独立保姆房和私密后院。,无需日常通勤，但要求30分钟内快捷通达凤凰机场或高铁站。,崇尚度假慢生活，清晨沙滩漫步，午后椰林下午茶，酷爱轻户外及后海冲浪。,名下持有一套旧两居，置换回款 65% + 个人理财储蓄补充 + 公积金商业贷,重性价比，不盲信大牌，但要求物业管理有序、绿化修剪及时、人防技防规范。,每年11月至次年3月到此度过漫长冬季，极其依赖周边的康养及适老化服务。
三_2011_00355,三亚,2011,外地候鸟-华北,62,女,2.2,22.4,0.5,33.6,2,0,否,B,network,0.44,0.57,0.89,0.8,0.7,0.57,0.04,0.01,0.55,度假,两室两厅,78,3090,高校资深硕导,高知退休康养,三亚中环品质两居，车位及空间极其拥挤,老小区隔音差，邻里滋扰严重，且车位严重匮乏，每晚加班回来抢车位像打仗。,要求独立电梯入户，主次卧动线分明，配备独立保姆房和私密后院。,无需日常通勤，但要求30分钟内快捷通达凤凰机场或高铁站。,崇尚度假慢生活，清晨沙滩漫步，午后椰林下午茶，酷爱轻户外及后海冲浪。,名下持有一套旧两居，置换回款 65% + 个人理财储蓄补充 + 公积金商业贷,重性价比，不盲信大牌，但要求物业管理有序、绿化修剪及时、人防技防规范。,每年11月至次年3月到此度过漫长冬季，极其依赖周边的康养及适老化服务。
三_2011_00356,三亚,2011,外地候鸟-华北,60,女,2.0,20.2,0.5,30.4,2,0,否,B,network,0.63,0.62,0.94,0.68,0.58,0.43,0,0.01,0.6,度假,一室一厅,79,1973,高校资深硕导,高知退休康养,三亚中环品质两居，车位及空间极其拥挤,老小区隔音差，邻里滋扰严重，且车位严重匮乏，每晚加班回来抢车位像打仗。,要求有超大面宽南向双阳台（观景家政分离），主卧大飘窗能270度直面自然景观。,无需日常通勤，但要求30分钟内快捷通达凤凰机场或高铁站。,崇尚度假慢生活，清晨沙滩漫步，午后椰林下午茶，酷爱轻户外及后海冲浪。,名下持有一套旧两居，置换回款 65% + 个人理财储蓄补充 + 公积金商业贷,重性价比，不盲信大牌，但要求物业管理有序、绿化修剪及时、人防技防规范。,每年11月至次年3月到此度过漫长冬季，极其依赖周边的康养及适老化服务。
三_2011_00357,三亚,2011,度假投资,55,男,5.8,68.2,0.4,127.9,3,1,否,A,research,0.89,0.4,0.9,0.54,0.51,0.43,0.0,0.07,0.77,投资-短期,一室一厅,95,7905,上市公司退休联合创始人,三口之家(学龄段),市中心私密洋房住宅,无高端私密会所及管家式物业配套，圈层鱼龙混杂，高净值居住体验差。,要求有超大面宽南向双阳台（观景家政分离），主卧大飘窗能270度直面自然景观。,无需日常通勤，但要求30分钟内快捷通达凤凰机场或高铁站。,周末常去高端商圈消费，热衷打网球和马术，重度手冲咖啡及黑胶唱片发烧友。,名下已有企业股权套现或分红现金，一次性全款付清，基本不加杠杆,非仁恒、绿城、万科等金牌开发商不买，极度看重高端精装质量与顶级物业的增值口碑。,每年11月至次年3月到此度过漫长冬季，极其依赖周边的康养及适老化服务。
三_2011_00358,三亚,2011,外地候鸟-西北,60,女,3.1,30.5,0.5,45.8,2,0,否,C,network,0.56,0.54,0.93,0.65,0.49,0.53,0,0,0.64,养老,两室两厅,51,6701,西安设计院退休总建筑师,高知退休康养,与父母同住，三代人拥挤在旧区小户型老房中,老小区隔音差，邻里滋扰严重，且车位严重匮乏，每晚加班回来抢车位像打仗。,要求有超大面宽南向双阳台（观景家政分离），主卧大飘窗能270度直面自然景观。,无需日常通勤，但要求30分钟内快捷通达凤凰机场或高铁站。,崇尚度假慢生活，清晨沙滩漫步，午后椰林下午茶，酷爱轻户外及后海冲浪。,名下持有一套旧两居，置换回款 65% + 个人理财储蓄补充 + 公积金商业贷,重性价比，不盲信大牌，但要求物业管理有序、绿化修剪及时、人防技防规范。,每年11月至次年3月到此度过漫长冬季，极其依赖周边的康养及适老化服务。
三_2011_00359,三亚,2011,本地改善,44,女,2.7,20.8,0.35,44.5,4,2,否,B,agent,0.65,0.64,0.7,0.56,0.49,0.85,0.47,0.67,0.26,自住-改善,两室两厅,85,4368,重点中学高级教师,二胎黄金期中大户型,三亚中环品质两居，车位及空间极其拥挤,小区无地下车库且人车不分流，小孩在楼下玩耍或者推婴儿车极为不安全。,讲究超高得房率（超85%），主卧套房必须配备独立步入式衣帽间与干湿分离双卫。,无需日常通勤，但要求30分钟内快捷通达凤凰机场或高铁站。,崇尚度假慢生活，清晨沙滩漫步，午后椰林下午茶，酷爱轻户外及后海冲浪。,名下持有一套旧两居，置换回款 65% + 个人理财储蓄补充 + 公积金商业贷,重性价比，不盲信大牌，但要求物业管理有序、绿化修剪及时、人防技防规范。,本地常住人口，四季生活规律，度假频次为常规年假出行。
三_2011_00360,三亚,2011,本地改善,33,女,1.8,10.1,0.35,21.6,4,0,是,B,agent,0.82,0.55,0.58,0.34,0.52,0.68,0.42,0.8,0.49,自住-改善,两室两厅,75,1810,三甲医院主治医师,新婚过渡两居,三亚中环品质两居，车位及空间极其拥挤,当前房屋属于旧多层无电梯房，父母年纪渐高每天爬楼梯极为吃力。,核心要求地块属于第一梯队名校学区，且周边500米内解决幼小衔接教育配套。,无需日常通勤，但要求30分钟内快捷通达凤凰机场或高铁站。,崇尚度假慢生活，清晨沙滩漫步，午后椰林下午茶，酷爱轻户外及后海冲浪。,名下持有一套旧两居，置换回款 65% + 个人理财储蓄补充 + 公积金商业贷,重性价比，不盲信大牌，但要求物业管理有序、绿化修剪及时、人防技防规范。,本地常住人口，四季生活规律，度假频次为常规年假出行。
三_2011_00361,三亚,2011,本地改善,36,男,2.0,15.2,0.35,32.6,4,1,是,B,agent,0.65,0.47,0.64,0.31,0.46,0.66,0.52,0.76,0.41,自住-改善,一室一厅,60,3419,区级税务局一级主办,三口之家(幼龄段),三亚中环品质两居，车位及空间极其拥挤,小区无地下车库且人车不分流，小孩在楼下玩耍或者推婴儿车极为不安全。,核心要求地块属于第一梯队名校学区，且周边500米内解决幼小衔接教育配套。,无需日常通勤，但要求30分钟内快捷通达凤凰机场或高铁站。,崇尚度假慢生活，清晨沙滩漫步，午后椰林下午茶，酷爱轻户外及后海冲浪。,名下持有一套旧两居，置换回款 65% + 个人理财储蓄补充 + 公积金商业贷,重性价比，不盲信大牌，但要求物业管理有序、绿化修剪及时、人防技防规范。,本地常住人口，四季生活规律，度假频次为常规年假出行。
三_2011_00362,三亚,2011,度假投资,50,女,9.6,109.0,0.4,204.3,3,1,是,A,research,0.74,0.5,0.75,0.54,0.51,0.45,0,0,0.88,投资-长持,两室两厅,105,17383,上市公司退休联合创始人,三口之家(学龄段),市中心私密洋房住宅,当前房屋属于旧多层无电梯房，父母年纪渐高每天爬楼梯极为吃力。,要求有超大面宽南向双阳台（观景家政分离），主卧大飘窗能270度直面自然景观。,无需日常通勤，但要求30分钟内快捷通达凤凰机场或高铁站。,周末常去高端商圈消费，热衷打网球和马术，重度手冲咖啡及黑胶唱片发烧友。,名下已有企业股权套现或分红现金，一次性全款付清，基本不加杠杆,非仁恒、绿城、万科等金牌开发商不买，极度看重高端精装质量与顶级物业的增值口碑。,每年11月至次年3月到此度过漫长冬季，极其依赖周边的康养及适老化服务。
三_2011_00363,三亚,2011,度假投资,49,女,7.1,56.3,0.4,105.5,2,1,否,A,research,0.89,0.54,0.75,0.66,0.36,0.48,0.04,0.08,0.82,投资-长持,一室一厅,52,10708,知名中医药连锁投资人,三口之家(学龄段),陆家嘴核心区江景大平层,无高端私密会所及管家式物业配套，圈层鱼龙混杂，高净值居住体验差。,要求有超大面宽南向双阳台（观景家政分离），主卧大飘窗能270度直面自然景观。,无需日常通勤，但要求30分钟内快捷通达凤凰机场或高铁站。,周末常去高端商圈消费，热衷打网球和马术，重度手冲咖啡及黑胶唱片发烧友。,名下已有企业股权套现或分红现金，一次性全款付清，基本不加杠杆,非仁恒、绿城、万科等金牌开发商不买，极度看重高端精装质量与顶级物业的增值口碑。,每年11月至次年3月到此度过漫长冬季，极其依赖周边的康养及适老化服务。
三_2011_00364,三亚,2011,外地候鸟-华北,72,女,2.2,20.2,0.5,30.3,2,0,是,B,network,0.77,0.45,1,0.57,0.51,0.55,0.02,0.02,0.72,度假,两室一厅,68,3331,高校资深硕导,高知退休康养,三亚中环品质两居，车位及空间极其拥挤,当前房屋属于旧多层无电梯房，父母年纪渐高每天爬楼梯极为吃力。,要求有超大面宽南向双阳台（观景家政分离），主卧大飘窗能270度直面自然景观。,无需日常通勤，但要求30分钟内快捷通达凤凰机场或高铁站。,崇尚度假慢生活，清晨沙滩漫步，午后椰林下午茶，酷爱轻户外及后海冲浪。,名下持有一套旧两居，置换回款 65% + 个人理财储蓄补充 + 公积金商业贷,非仁恒、绿城、万科等金牌开发商不买，极度看重高端精装质量与顶级物业的增值口碑。,每年11月至次年3月到此度过漫长冬季，极其依赖周边的康养及适老化服务。
三_2011_00365,三亚,2011,度假投资,39,男,7.6,58.5,0.4,109.7,2,0,否,A,research,0.64,0.44,0.78,0.67,0.5,0.41,0.03,0.16,0.75,度假,一室一厅,61,15373,高端海景资产收藏家,成熟期核心家庭,陆家嘴核心区江景大平层,无高端私密会所及管家式物业配套，圈层鱼龙混杂，高净值居住体验差。,要求有超大面宽南向双阳台（观景家政分离），主卧大飘窗能270度直面自然景观。,无需日常通勤，但要求30分钟内快捷通达凤凰机场或高铁站。,周末常去高端商圈消费，热衷打网球和马术，重度手冲咖啡及黑胶唱片发烧友。,名下已有企业股权套现或分红现金，一次性全款付清，基本不加杠杆,非仁恒、绿城、万科等金牌开发商不买，极度看重高端精装质量与顶级物业的增值口碑。,每年11月至次年3月到此度过漫长冬季，极其依赖周边的康养及适老化服务。
三_2011_00366,三亚,2011,度假投资,47,男,5.8,67.5,0.4,126.6,2,1,否,A,research,0.99,0.38,0.91,0.81,0.52,0.36,0,0,0.7,投资-长持,两室一厅,88,10493,高端海景资产收藏家,三口之家(学龄段),西湖边高精平层,无高端私密会所及管家式物业配套，圈层鱼龙混杂，高净值居住体验差。,要求独立电梯入户，主次卧动线分明，配备独立保姆房和私密后院。,无需日常通勤，但要求30分钟内快捷通达凤凰机场或高铁站。,周末常去高端商圈消费，热衷打网球和马术，重度手冲咖啡及黑胶唱片发烧友。,名下已有企业股权套现或分红现金，一次性全款付清，基本不加杠杆,非仁恒、绿城、万科等金牌开发商不买，极度看重高端精装质量与顶级物业的增值口碑。,每年11月至次年3月到此度过漫长冬季，极其依赖周边的康养及适老化服务。
三_2011_00367,三亚,2011,本地改善,49,男,3.0,23.3,0.35,50.0,4,1,是,B,agent,0.65,0.4,0.62,0.43,0.41,0.9,0.53,0.53,0.41,自住-改善,两室两厅,96,3004,智能新能源车企研发骨干,三口之家(学龄段),三亚中环品质两居，车位及空间极其拥挤,小区无地下车库且人车不分流，小孩在楼下玩耍或者推婴儿车极为不安全。,讲究超高得房率（超85%），主卧套房必须配备独立步入式衣帽间与干湿分离双卫。,无需日常通勤，但要求30分钟内快捷通达凤凰机场或高铁站。,崇尚度假慢生活，清晨沙滩漫步，午后椰林下午茶，酷爱轻户外及后海冲浪。,名下持有一套旧两居，置换回款 65% + 个人理财储蓄补充 + 公积金商业贷,重性价比，不盲信大牌，但要求物业管理有序、绿化修剪及时、人防技防规范。,本地常住人口，四季生活规律，度假频次为常规年假出行。
三_2011_00368,三亚,2011,外地候鸟-东北,72,男,3.1,26.4,0.5,39.5,1,0,否,C,network,0.2,0.54,0.93,0.68,0.6,0.43,0.0,0.06,0.53,养老,一室一厅,87,3589,哈尔滨私营物流老板,高知退休康养,与父母同住，三代人拥挤在旧区小户型老房中,老小区隔音差，邻里滋扰严重，且车位严重匮乏，每晚加班回来抢车位像打仗。,要求有超大面宽南向双阳台（观景家政分离），主卧大飘窗能270度直面自然景观。,无需日常通勤，但要求30分钟内快捷通达凤凰机场或高铁站。,崇尚度假慢生活，清晨沙滩漫步，午后椰林下午茶，酷爱轻户外及后海冲浪。,名下持有一套旧两居，置换回款 65% + 个人理财储蓄补充 + 公积金商业贷,重性价比，不盲信大牌，但要求物业管理有序、绿化修剪及时、人防技防规范。,每年11月至次年3月到此度过漫长冬季，极其依赖周边的康养及适老化服务。
三_2011_00369,三亚,2011,外地候鸟-东北,59,女,2.8,22.1,0.5,33.2,3,1,否,C,network,0.48,0.48,0.9,0.77,0.58,0.54,0,0.1,0.39,度假,一室一厅,57,4401,哈尔滨私营物流老板,三口之家(学龄段),与父母同住，三代人拥挤在旧区小户型老房中,小区无地下车库且人车不分流，小孩在楼下玩耍或者推婴儿车极为不安全。,要求独立电梯入户，主次卧动线分明，配备独立保姆房和私密后院。,无需日常通勤，但要求30分钟内快捷通达凤凰机场或高铁站。,崇尚度假慢生活，清晨沙滩漫步，午后椰林下午茶，酷爱轻户外及后海冲浪。,名下持有一套旧两居，置换回款 65% + 个人理财储蓄补充 + 公积金商业贷,重性价比，不盲信大牌，但要求物业管理有序、绿化修剪及时、人防技防规范。,每年11月至次年3月到此度过漫长冬季，极其依赖周边的康养及适老化服务。
三_2011_00370,三亚,2011,度假投资,54,女,7.9,71.1,0.4,133.3,4,1,否,A,research,0.7,0.48,0.84,0.67,0.52,0.48,0.07,0.01,0.71,投资-短期,两室一厅,93,9146,知名中医药连锁投资人,三口之家(学龄段),市中心私密洋房住宅,无高端私密会所及管家式物业配套，圈层鱼龙混杂，高净值居住体验差。,要求有超大面宽南向双阳台（观景家政分离），主卧大飘窗能270度直面自然景观。,无需日常通勤，但要求30分钟内快捷通达凤凰机场或高铁站。,周末常去高端商圈消费，热衷打网球和马术，重度手冲咖啡及黑胶唱片发烧友。,名下已有企业股权套现或分红现金，一次性全款付清，基本不加杠杆,非仁恒、绿城、万科等金牌开发商不买，极度看重高端精装质量与顶级物业的增值口碑。,每年11月至次年3月到此度过漫长冬季，极其依赖周边的康养及适老化服务。
三_2011_00371,三亚,2011,本地改善,34,男,2.8,21.9,0.35,47.0,4,1,否,B,agent,0.53,0.55,0.74,0.46,0.5,0.74,0.47,0.68,0.53,自住-改善,一室一厅,99,2978,智能新能源车企研发骨干,三口之家(幼龄段),三亚中环品质两居，车位及空间极其拥挤,小区无地下车库且人车不分流，小孩在楼下玩耍或者推婴儿车极为不安全。,要求有超大面宽南向双阳台（观景家政分离），主卧大飘窗能270度直面自然景观。,无需日常通勤，但要求30分钟内快捷通达凤凰机场或高铁站。,崇尚度假慢生活，清晨沙滩漫步，午后椰林下午茶，酷爱轻户外及后海冲浪。,名下持有一套旧两居，置换回款 65% + 个人理财储蓄补充 + 公积金商业贷,重性价比，不盲信大牌，但要求物业管理有序、绿化修剪及时、人防技防规范。,本地常住人口，四季生活规律，度假频次为常规年假出行。
三_2011_00372,三亚,2011,本地改善,31,女,1.7,10.6,0.35,22.8,5,1,否,B,agent,0.59,0.56,0.52,0.45,0.62,0.67,0.52,0.81,0.64,自住-改善,两室一厅,87,1990,国企中层管理,三口之家(幼龄段),三亚中环品质两居，车位及空间极其拥挤,小区无地下车库且人车不分流，小孩在楼下玩耍或者推婴儿车极为不安全。,核心要求地块属于第一梯队名校学区，且周边500米内解决幼小衔接教育配套。,无需日常通勤，但要求30分钟内快捷通达凤凰机场或高铁站。,崇尚度假慢生活，清晨沙滩漫步，午后椰林下午茶，酷爱轻户外及后海冲浪。,名下持有一套旧两居，置换回款 65% + 个人理财储蓄补充 + 公积金商业贷,重性价比，不盲信大牌，但要求物业管理有序、绿化修剪及时、人防技防规范。,本地常住人口，四季生活规律，度假频次为常规年假出行。
三_2011_00373,三亚,2011,外地候鸟-华北,61,男,4.1,39.3,0.5,58.9,2,0,否,B,network,0.43,0.47,0.98,0.76,0.55,0.59,0,0.11,0.43,度假,一室一厅,61,8121,央企总部退休总工,高知退休康养,三亚中环品质两居，车位及空间极其拥挤,老小区隔音差，邻里滋扰严重，且车位严重匮乏，每晚加班回来抢车位像打仗。,要求独立电梯入户，主次卧动线分明，配备独立保姆房和私密后院。,无需日常通勤，但要求30分钟内快捷通达凤凰机场或高铁站。,崇尚度假慢生活，清晨沙滩漫步，午后椰林下午茶，酷爱轻户外及后海冲浪。,名下持有一套旧两居，置换回款 65% + 个人理财储蓄补充 + 公积金商业贷,重性价比，不盲信大牌，但要求物业管理有序、绿化修剪及时、人防技防规范。,每年11月至次年3月到此度过漫长冬季，极其依赖周边的康养及适老化服务。
三_2011_00374,三亚,2011,外地候鸟-西北,59,男,4.7,44.7,0.5,67.1,1,0,否,C,network,0.63,0.68,1,0.57,0.54,0.59,0,0.0,0.44,度假,两室两厅,50,8297,兰州煤炭物流运输企业主,高知退休康养,与父母同住，三代人拥挤在旧区小户型老房中,老小区隔音差，邻里滋扰严重，且车位严重匮乏，每晚加班回来抢车位像打仗。,要求有超大面宽南向双阳台（观景家政分离），主卧大飘窗能270度直面自然景观。,无需日常通勤，但要求30分钟内快捷通达凤凰机场或高铁站。,崇尚度假慢生活，清晨沙滩漫步，午后椰林下午茶，酷爱轻户外及后海冲浪。,名下持有一套旧两居，置换回款 65% + 个人理财储蓄补充 + 公积金商业贷,重性价比，不盲信大牌，但要求物业管理有序、绿化修剪及时、人防技防规范。,每年11月至次年3月到此度过漫长冬季，极其依赖周边的康养及适老化服务。
三_2011_00375,三亚,2011,外地候鸟-东北,71,女,4.3,33.8,0.5,50.7,2,0,否,C,network,0.28,0.66,0.95,0.66,0.56,0.48,0.12,0,0.57,度假,两室一厅,71,5878,沈阳大型重工企业退休副厂长,高知退休康养,与父母同住，三代人拥挤在旧区小户型老房中,老小区隔音差，邻里滋扰严重，且车位严重匮乏，每晚加班回来抢车位像打仗。,要求有超大面宽南向双阳台（观景家政分离），主卧大飘窗能270度直面自然景观。,无需日常通勤，但要求30分钟内快捷通达凤凰机场或高铁站。,崇尚度假慢生活，清晨沙滩漫步，午后椰林下午茶，酷爱轻户外及后海冲浪。,名下持有一套旧两居，置换回款 65% + 个人理财储蓄补充 + 公积金商业贷,重性价比，不盲信大牌，但要求物业管理有序、绿化修剪及时、人防技防规范。,每年11月至次年3月到此度过漫长冬季，极其依赖周边的康养及适老化服务。
三_2011_00376,三亚,2011,度假投资,38,女,11.9,136.2,0.4,255.5,3,1,否,A,research,0.81,0.29,0.71,0.48,0.55,0.46,0.12,0,0.75,投资-长持,两室两厅,94,21078,高端海景资产收藏家,三口之家(学龄段),西湖边高精平层,无高端私密会所及管家式物业配套，圈层鱼龙混杂，高净值居住体验差。,要求有超大面宽南向双阳台（观景家政分离），主卧大飘窗能270度直面自然景观。,无需日常通勤，但要求30分钟内快捷通达凤凰机场或高铁站。,周末常去高端商圈消费，热衷打网球和马术，重度手冲咖啡及黑胶唱片发烧友。,名下已有企业股权套现或分红现金，一次性全款付清，基本不加杠杆,非仁恒、绿城、万科等金牌开发商不买，极度看重高端精装质量与顶级物业的增值口碑。,每年11月至次年3月到此度过漫长冬季，极其依赖周边的康养及适老化服务。
三_2011_00377,三亚,2011,本地改善,48,女,2.8,16.0,0.35,34.2,3,1,否,B,agent,0.49,0.52,0.62,0.34,0.35,0.94,0.42,0.72,0.36,自住-改善,一室一厅,95,2454,国企中层管理,三口之家(学龄段),三亚中环品质两居，车位及空间极其拥挤,小区无地下车库且人车不分流，小孩在楼下玩耍或者推婴儿车极为不安全。,讲究超高得房率（超85%），主卧套房必须配备独立步入式衣帽间与干湿分离双卫。,无需日常通勤，但要求30分钟内快捷通达凤凰机场或高铁站。,崇尚度假慢生活，清晨沙滩漫步，午后椰林下午茶，酷爱轻户外及后海冲浪。,名下持有一套旧两居，置换回款 65% + 个人理财储蓄补充 + 公积金商业贷,重性价比，不盲信大牌，但要求物业管理有序、绿化修剪及时、人防技防规范。,本地常住人口，四季生活规律，度假频次为常规年假出行。
三_2011_00378,三亚,2011,外地候鸟-华北,56,女,2.9,18.8,0.5,28.2,3,1,否,B,network,0.47,0.58,1,0.7,0.56,0.41,0.0,0,0.45,养老,一室一厅,58,3361,央企总部退休总工,三口之家(学龄段),三亚中环品质两居，车位及空间极其拥挤,小区无地下车库且人车不分流，小孩在楼下玩耍或者推婴儿车极为不安全。,要求有超大面宽南向双阳台（观景家政分离），主卧大飘窗能270度直面自然景观。,无需日常通勤，但要求30分钟内快捷通达凤凰机场或高铁站。,崇尚度假慢生活，清晨沙滩漫步，午后椰林下午茶，酷爱轻户外及后海冲浪。,名下持有一套旧两居，置换回款 65% + 个人理财储蓄补充 + 公积金商业贷,重性价比，不盲信大牌，但要求物业管理有序、绿化修剪及时、人防技防规范。,每年11月至次年3月到此度过漫长冬季，极其依赖周边的康养及适老化服务。
三_2011_00379,三亚,2011,外地候鸟-华北,72,男,1.6,13.6,0.5,20.5,1,0,否,B,network,0.42,0.62,1,0.65,0.52,0.67,0.04,0.08,0.47,度假,一室一厅,81,1506,北京三甲医院退休教授,高知退休康养,三亚中环品质两居，车位及空间极其拥挤,老小区隔音差，邻里滋扰严重，且车位严重匮乏，每晚加班回来抢车位像打仗。,要求有超大面宽南向双阳台（观景家政分离），主卧大飘窗能270度直面自然景观。,无需日常通勤，但要求30分钟内快捷通达凤凰机场或高铁站。,崇尚度假慢生活，清晨沙滩漫步，午后椰林下午茶，酷爱轻户外及后海冲浪。,名下持有一套旧两居，置换回款 65% + 个人理财储蓄补充 + 公积金商业贷,重性价比，不盲信大牌，但要求物业管理有序、绿化修剪及时、人防技防规范。,每年11月至次年3月到此度过漫长冬季，极其依赖周边的康养及适老化服务。
三_2011_00380,三亚,2011,本地改善,40,男,2.3,13.3,0.35,28.5,4,2,否,B,agent,0.84,0.49,0.58,0.47,0.38,0.67,0.67,0.62,0.41,自住-改善,两室一厅,63,3616,重点中学高级教师,二胎黄金期中大户型,三亚中环品质两居，车位及空间极其拥挤,小区无地下车库且人车不分流，小孩在楼下玩耍或者推婴儿车极为不安全。,要求采光通透，全明户型，带多功能嵌入式收纳墙以最大化空间利用。,无需日常通勤，但要求30分钟内快捷通达凤凰机场或高铁站。,崇尚度假慢生活，清晨沙滩漫步，午后椰林下午茶，酷爱轻户外及后海冲浪。,名下持有一套旧两居，置换回款 65% + 个人理财储蓄补充 + 公积金商业贷,重性价比，不盲信大牌，但要求物业管理有序、绿化修剪及时、人防技防规范。,本地常住人口，四季生活规律，度假频次为常规年假出行。
三_2011_00381,三亚,2011,外地候鸟-西北,60,女,4.6,37.7,0.5,56.5,1,0,否,C,network,0.53,0.41,0.85,0.5,0.61,0.44,0,0,0.51,养老,一室一厅,74,4972,兰州煤炭物流运输企业主,高知退休康养,与父母同住，三代人拥挤在旧区小户型老房中,老小区隔音差，邻里滋扰严重，且车位严重匮乏，每晚加班回来抢车位像打仗。,要求有超大面宽南向双阳台（观景家政分离），主卧大飘窗能270度直面自然景观。,无需日常通勤，但要求30分钟内快捷通达凤凰机场或高铁站。,崇尚度假慢生活，清晨沙滩漫步，午后椰林下午茶，酷爱轻户外及后海冲浪。,名下持有一套旧两居，置换回款 65% + 个人理财储蓄补充 + 公积金商业贷,重性价比，不盲信大牌，但要求物业管理有序、绿化修剪及时、人防技防规范。,每年11月至次年3月到此度过漫长冬季，极其依赖周边的康养及适老化服务。
三_2011_00382,三亚,2011,本地改善,34,女,3.3,24.7,0.35,52.9,5,1,是,B,agent,0.59,0.59,0.71,0.54,0.45,0.7,0.46,0.67,0.41,自住-改善,两室两厅,89,4701,三甲医院主治医师,三口之家(幼龄段),三亚中环品质两居，车位及空间极其拥挤,小区无地下车库且人车不分流，小孩在楼下玩耍或者推婴儿车极为不安全。,要求有超大面宽南向双阳台（观景家政分离），主卧大飘窗能270度直面自然景观。,无需日常通勤，但要求30分钟内快捷通达凤凰机场或高铁站。,崇尚度假慢生活，清晨沙滩漫步，午后椰林下午茶，酷爱轻户外及后海冲浪。,名下持有一套旧两居，置换回款 65% + 个人理财储蓄补充 + 公积金商业贷,重性价比，不盲信大牌，但要求物业管理有序、绿化修剪及时、人防技防规范。,本地常住人口，四季生活规律，度假频次为常规年假出行。
三_2011_00383,三亚,2011,度假投资,37,男,3.9,44.5,0.4,83.4,3,1,否,A,research,1,0.37,0.89,0.81,0.54,0.5,0,0,0.68,投资-短期,两室两厅,71,8536,上市公司退休联合创始人,三口之家(幼龄段),市中心私密洋房住宅,无高端私密会所及管家式物业配套，圈层鱼龙混杂，高净值居住体验差。,要求独立电梯入户，主次卧动线分明，配备独立保姆房和私密后院。,无需日常通勤，但要求30分钟内快捷通达凤凰机场或高铁站。,周末常去高端商圈消费，热衷打网球和马术，重度手冲咖啡及黑胶唱片发烧友。,名下已有企业股权套现或分红现金，一次性全款付清，基本不加杠杆,重性价比，不盲信大牌，但要求物业管理有序、绿化修剪及时、人防技防规范。,每年11月至次年3月到此度过漫长冬季，极其依赖周边的康养及适老化服务。
三_2011_00384,三亚,2011,度假投资,46,男,5.2,42.6,0.4,79.8,2,0,否,A,research,0.72,0.38,0.88,0.66,0.56,0.49,0.12,0.07,0.87,度假,两室一厅,94,6563,高端海景资产收藏家,成熟期核心家庭,市中心私密洋房住宅,无高端私密会所及管家式物业配套，圈层鱼龙混杂，高净值居住体验差。,要求有超大面宽南向双阳台（观景家政分离），主卧大飘窗能270度直面自然景观。,无需日常通勤，但要求30分钟内快捷通达凤凰机场或高铁站。,周末常去高端商圈消费，热衷打网球和马术，重度手冲咖啡及黑胶唱片发烧友。,名下已有企业股权套现或分红现金，一次性全款付清，基本不加杠杆,非仁恒、绿城、万科等金牌开发商不买，极度看重高端精装质量与顶级物业的增值口碑。,每年11月至次年3月到此度过漫长冬季，极其依赖周边的康养及适老化服务。
三_2011_00385,三亚,2011,高净值康养,57,女,19.9,282.7,0.6,353.3,2,0,否,A,network,0.72,0.28,0.97,0.9,0.98,0.62,0.01,0,0.78,养老,三室两厅,134,18558,高端海景资产收藏家,高知退休康养,西湖边高精平层,无高端私密会所及管家式物业配套，圈层鱼龙混杂，高净值居住体验差。,要求独立电梯入户，主次卧动线分明，配备独立保姆房和私密后院。,无需日常通勤，但要求30分钟内快捷通达凤凰机场或高铁站。,周末常去高端商圈消费，热衷打网球和马术，重度手冲咖啡及黑胶唱片发烧友。,名下已有企业股权套现或分红现金，一次性全款付清，基本不加杠杆,非仁恒、绿城、万科等金牌开发商不买，极度看重高端精装质量与顶级物业的增值口碑。,本地常住人口，四季生活规律，度假频次为常规年假出行。
三_2011_00386,三亚,2011,度假投资,40,男,2.8,20.3,0.4,38.1,3,2,否,A,research,1,0.26,0.7,0.57,0.54,0.41,0,0.07,0.8,度假,两室一厅,81,2965,高端海景资产收藏家,二胎黄金期中大户型,西湖边高精平层,无高端私密会所及管家式物业配套，圈层鱼龙混杂，高净值居住体验差。,要求有超大面宽南向双阳台（观景家政分离），主卧大飘窗能270度直面自然景观。,无需日常通勤，但要求30分钟内快捷通达凤凰机场或高铁站。,周末常去高端商圈消费，热衷打网球和马术，重度手冲咖啡及黑胶唱片发烧友。,名下已有企业股权套现或分红现金，一次性全款付清，基本不加杠杆,非仁恒、绿城、万科等金牌开发商不买，极度看重高端精装质量与顶级物业的增值口碑。,每年11月至次年3月到此度过漫长冬季，极其依赖周边的康养及适老化服务。
三_2011_00387,三亚,2011,度假投资,46,男,13.3,130.8,0.4,245.2,3,0,是,A,research,0.5,0.51,0.74,0.66,0.55,0.39,0.07,0,0.78,投资-短期,三室一厅,103,19855,知名中医药连锁投资人,成熟期核心家庭,陆家嘴核心区江景大平层,当前房屋属于旧多层无电梯房，父母年纪渐高每天爬楼梯极为吃力。,要求有超大面宽南向双阳台（观景家政分离），主卧大飘窗能270度直面自然景观。,无需日常通勤，但要求30分钟内快捷通达凤凰机场或高铁站。,周末常去高端商圈消费，热衷打网球和马术，重度手冲咖啡及黑胶唱片发烧友。,名下已有企业股权套现或分红现金，一次性全款付清，基本不加杠杆,非仁恒、绿城、万科等金牌开发商不买，极度看重高端精装质量与顶级物业的增值口碑。,每年11月至次年3月到此度过漫长冬季，极其依赖周边的康养及适老化服务。
三_2011_00388,三亚,2011,外地候鸟-西北,72,男,4.6,34.8,0.5,52.2,1,0,否,C,network,0.24,0.63,0.82,0.71,0.49,0.56,0.06,0,0.64,养老,两室两厅,94,3100,西安设计院退休总建筑师,高知退休康养,与父母同住，三代人拥挤在旧区小户型老房中,老小区隔音差，邻里滋扰严重，且车位严重匮乏，每晚加班回来抢车位像打仗。,要求独立电梯入户，主次卧动线分明，配备独立保姆房和私密后院。,无需日常通勤，但要求30分钟内快捷通达凤凰机场或高铁站。,崇尚度假慢生活，清晨沙滩漫步，午后椰林下午茶，酷爱轻户外及后海冲浪。,名下持有一套旧两居，置换回款 65% + 个人理财储蓄补充 + 公积金商业贷,重性价比，不盲信大牌，但要求物业管理有序、绿化修剪及时、人防技防规范。,每年11月至次年3月到此度过漫长冬季，极其依赖周边的康养及适老化服务。
三_2011_00389,三亚,2011,本地改善,47,男,2.2,10.9,0.35,23.3,4,2,是,B,agent,0.64,0.56,0.79,0.47,0.45,0.76,0.42,0.71,0.39,自住-改善,一室一厅,81,2385,国企中层管理,二胎黄金期中大户型,三亚中环品质两居，车位及空间极其拥挤,小区无地下车库且人车不分流，小孩在楼下玩耍或者推婴儿车极为不安全。,要求有超大面宽南向双阳台（观景家政分离），主卧大飘窗能270度直面自然景观。,无需日常通勤，但要求30分钟内快捷通达凤凰机场或高铁站。,崇尚度假慢生活，清晨沙滩漫步，午后椰林下午茶，酷爱轻户外及后海冲浪。,名下持有一套旧两居，置换回款 65% + 个人理财储蓄补充 + 公积金商业贷,重性价比，不盲信大牌，但要求物业管理有序、绿化修剪及时、人防技防规范。,本地常住人口，四季生活规律，度假频次为常规年假出行。
三_2011_00390,三亚,2011,本地改善,49,女,2.3,10.5,0.35,22.5,4,1,否,B,agent,0.67,0.56,0.53,0.42,0.47,0.85,0.53,0.68,0.39,自住-改善,一室一厅,82,2076,区级税务局一级主办,三口之家(学龄段),三亚中环品质两居，车位及空间极其拥挤,小区无地下车库且人车不分流，小孩在楼下玩耍或者推婴儿车极为不安全。,讲究超高得房率（超85%），主卧套房必须配备独立步入式衣帽间与干湿分离双卫。,无需日常通勤，但要求30分钟内快捷通达凤凰机场或高铁站。,崇尚度假慢生活，清晨沙滩漫步，午后椰林下午茶，酷爱轻户外及后海冲浪。,名下持有一套旧两居，置换回款 65% + 个人理财储蓄补充 + 公积金商业贷,重性价比，不盲信大牌，但要求物业管理有序、绿化修剪及时、人防技防规范。,本地常住人口，四季生活规律，度假频次为常规年假出行。
三_2011_00391,三亚,2011,本地改善,31,男,1.6,8.3,0.35,17.8,3,0,是,B,agent,0.69,0.59,0.61,0.39,0.36,0.58,0.51,0.67,0.46,自住-改善,两室一厅,70,1311,国企中层管理,新婚过渡两居,三亚中环品质两居，车位及空间极其拥挤,当前房屋属于旧多层无电梯房，父母年纪渐高每天爬楼梯极为吃力。,要求采光通透，全明户型，带多功能嵌入式收纳墙以最大化空间利用。,无需日常通勤，但要求30分钟内快捷通达凤凰机场或高铁站。,崇尚度假慢生活，清晨沙滩漫步，午后椰林下午茶，酷爱轻户外及后海冲浪。,名下持有一套旧两居，置换回款 65% + 个人理财储蓄补充 + 公积金商业贷,重性价比，不盲信大牌，但要求物业管理有序、绿化修剪及时、人防技防规范。,本地常住人口，四季生活规律，度假频次为常规年假出行。
三_2011_00392,三亚,2011,本地改善,33,女,3.0,14.4,0.35,30.9,6,2,是,B,agent,0.46,0.54,0.53,0.36,0.41,0.8,0.47,0.76,0.43,自住-改善,两室两厅,86,2119,区级税务局一级主办,二胎黄金期中大户型,三亚中环品质两居，车位及空间极其拥挤,小区无地下车库且人车不分流，小孩在楼下玩耍或者推婴儿车极为不安全。,讲究超高得房率（超85%），主卧套房必须配备独立步入式衣帽间与干湿分离双卫。,无需日常通勤，但要求30分钟内快捷通达凤凰机场或高铁站。,崇尚度假慢生活，清晨沙滩漫步，午后椰林下午茶，酷爱轻户外及后海冲浪。,名下持有一套旧两居，置换回款 65% + 个人理财储蓄补充 + 公积金商业贷,重性价比，不盲信大牌，但要求物业管理有序、绿化修剪及时、人防技防规范。,本地常住人口，四季生活规律，度假频次为常规年假出行。
三_2011_00393,三亚,2011,度假投资,41,女,6.6,70.0,0.4,131.2,3,1,否,A,research,0.75,0.44,0.82,0.59,0.57,0.54,0.05,0,0.79,投资-长持,两室一厅,60,16953,知名中医药连锁投资人,三口之家(学龄段),陆家嘴核心区江景大平层,无高端私密会所及管家式物业配套，圈层鱼龙混杂，高净值居住体验差。,要求有超大面宽南向双阳台（观景家政分离），主卧大飘窗能270度直面自然景观。,无需日常通勤，但要求30分钟内快捷通达凤凰机场或高铁站。,周末常去高端商圈消费，热衷打网球和马术，重度手冲咖啡及黑胶唱片发烧友。,名下已有企业股权套现或分红现金，一次性全款付清，基本不加杠杆,非仁恒、绿城、万科等金牌开发商不买，极度看重高端精装质量与顶级物业的增值口碑。,每年11月至次年3月到此度过漫长冬季，极其依赖周边的康养及适老化服务。
三_2011_00394,三亚,2011,本地改善,44,女,1.6,10.2,0.35,21.8,3,1,否,B,agent,1,0.6,0.46,0.43,0.36,0.78,0.66,0.65,0.43,自住-改善,两室一厅,96,1905,区级税务局一级主办,三口之家(学龄段),三亚中环品质两居，车位及空间极其拥挤,小区无地下车库且人车不分流，小孩在楼下玩耍或者推婴儿车极为不安全。,讲究超高得房率（超85%），主卧套房必须配备独立步入式衣帽间与干湿分离双卫。,无需日常通勤，但要求30分钟内快捷通达凤凰机场或高铁站。,崇尚度假慢生活，清晨沙滩漫步，午后椰林下午茶，酷爱轻户外及后海冲浪。,名下持有一套旧两居，置换回款 65% + 个人理财储蓄补充 + 公积金商业贷,重性价比，不盲信大牌，但要求物业管理有序、绿化修剪及时、人防技防规范。,本地常住人口，四季生活规律，度假频次为常规年假出行。
三_2011_00395,三亚,2011,外地候鸟-东北,72,女,3.7,28.6,0.5,42.9,2,0,否,C,network,0.19,0.57,0.99,0.74,0.47,0.43,0,0.05,0.54,养老,两室一厅,80,4349,沈阳大型重工企业退休副厂长,高知退休康养,与父母同住，三代人拥挤在旧区小户型老房中,老小区隔音差，邻里滋扰严重，且车位严重匮乏，每晚加班回来抢车位像打仗。,要求独立电梯入户，主次卧动线分明，配备独立保姆房和私密后院。,无需日常通勤，但要求30分钟内快捷通达凤凰机场或高铁站。,崇尚度假慢生活，清晨沙滩漫步，午后椰林下午茶，酷爱轻户外及后海冲浪。,名下持有一套旧两居，置换回款 65% + 个人理财储蓄补充 + 公积金商业贷,重性价比，不盲信大牌，但要求物业管理有序、绿化修剪及时、人防技防规范。,每年11月至次年3月到此度过漫长冬季，极其依赖周边的康养及适老化服务。
三_2011_00396,三亚,2011,外地候鸟-华北,58,男,2.6,19.4,0.5,29.0,1,0,否,B,network,0.56,0.5,1,0.74,0.63,0.5,0.03,0,0.6,度假,两室一厅,94,1655,高校资深硕导,高知退休康养,三亚中环品质两居，车位及空间极其拥挤,老小区隔音差，邻里滋扰严重，且车位严重匮乏，每晚加班回来抢车位像打仗。,要求独立电梯入户，主次卧动线分明，配备独立保姆房和私密后院。,无需日常通勤，但要求30分钟内快捷通达凤凰机场或高铁站。,崇尚度假慢生活，清晨沙滩漫步，午后椰林下午茶，酷爱轻户外及后海冲浪。,名下持有一套旧两居，置换回款 65% + 个人理财储蓄补充 + 公积金商业贷,重性价比，不盲信大牌，但要求物业管理有序、绿化修剪及时、人防技防规范。,每年11月至次年3月到此度过漫长冬季，极其依赖周边的康养及适老化服务。
三_2011_00397,三亚,2011,本地改善,44,男,1.8,12.3,0.35,26.3,5,1,是,B,agent,0.68,0.56,0.68,0.48,0.32,0.7,0.4,0.66,0.49,自住-改善,两室两厅,64,2145,三甲医院主治医师,三口之家(学龄段),三亚中环品质两居，车位及空间极其拥挤,小区无地下车库且人车不分流，小孩在楼下玩耍或者推婴儿车极为不安全。,讲究超高得房率（超85%），主卧套房必须配备独立步入式衣帽间与干湿分离双卫。,无需日常通勤，但要求30分钟内快捷通达凤凰机场或高铁站。,崇尚度假慢生活，清晨沙滩漫步，午后椰林下午茶，酷爱轻户外及后海冲浪。,名下持有一套旧两居，置换回款 65% + 个人理财储蓄补充 + 公积金商业贷,重性价比，不盲信大牌，但要求物业管理有序、绿化修剪及时、人防技防规范。,本地常住人口，四季生活规律，度假频次为常规年假出行。
三_2011_00398,三亚,2011,度假投资,36,男,8.9,109.8,0.4,205.8,3,2,否,A,research,1,0.29,0.71,0.71,0.56,0.42,0,0.05,0.69,度假,三室两厅,90,18511,上市公司退休联合创始人,二胎黄金期中大户型,西湖边高精平层,无高端私密会所及管家式物业配套，圈层鱼龙混杂，高净值居住体验差。,要求独立电梯入户，主次卧动线分明，配备独立保姆房和私密后院。,无需日常通勤，但要求30分钟内快捷通达凤凰机场或高铁站。,周末常去高端商圈消费，热衷打网球和马术，重度手冲咖啡及黑胶唱片发烧友。,名下已有企业股权套现或分红现金，一次性全款付清，基本不加杠杆,重性价比，不盲信大牌，但要求物业管理有序、绿化修剪及时、人防技防规范。,每年11月至次年3月到此度过漫长冬季，极其依赖周边的康养及适老化服务。
三_2011_00399,三亚,2011,外地候鸟-东北,71,男,2.8,22.9,0.5,34.3,2,0,否,C,network,0.38,0.7,0.87,0.69,0.5,0.49,0.07,0.04,0.53,度假,两室一厅,63,3424,哈尔滨高校退休处长,高知退休康养,与父母同住，三代人拥挤在旧区小户型老房中,老小区隔音差，邻里滋扰严重，且车位严重匮乏，每晚加班回来抢车位像打仗。,要求有超大面宽南向双阳台（观景家政分离），主卧大飘窗能270度直面自然景观。,无需日常通勤，但要求30分钟内快捷通达凤凰机场或高铁站。,崇尚度假慢生活，清晨沙滩漫步，午后椰林下午茶，酷爱轻户外及后海冲浪。,名下持有一套旧两居，置换回款 65% + 个人理财储蓄补充 + 公积金商业贷,重性价比，不盲信大牌，但要求物业管理有序、绿化修剪及时、人防技防规范。,每年11月至次年3月到此度过漫长冬季，极其依赖周边的康养及适老化服务。
三_2011_00400,三亚,2011,本地改善,30,男,2.0,12.2,0.35,26.2,4,1,是,B,agent,0.87,0.51,0.63,0.39,0.45,0.7,0.61,0.56,0.4,自住-改善,两室一厅,74,2703,国企中层管理,三口之家(幼龄段),三亚中环品质两居，车位及空间极其拥挤,小区无地下车库且人车不分流，小孩在楼下玩耍或者推婴儿车极为不安全。,要求采光通透，全明户型，带多功能嵌入式收纳墙以最大化空间利用。,无需日常通勤，但要求30分钟内快捷通达凤凰机场或高铁站。,崇尚度假慢生活，清晨沙滩漫步，午后椰林下午茶，酷爱轻户外及后海冲浪。,名下持有一套旧两居，置换回款 65% + 个人理财储蓄补充 + 公积金商业贷,重性价比，不盲信大牌，但要求物业管理有序、绿化修剪及时、人防技防规范。,本地常住人口，四季生活规律，度假频次为常规年假出行。
三_2011_00401,三亚,2011,本地改善,38,男,2.8,13.1,0.35,28.1,3,0,是,B,agent,0.56,0.44,0.73,0.57,0.29,0.89,0.52,0.64,0.46,自住-改善,两室一厅,98,1786,重点中学高级教师,成熟期核心家庭,三亚中环品质两居，车位及空间极其拥挤,当前房屋属于旧多层无电梯房，父母年纪渐高每天爬楼梯极为吃力。,要求有超大面宽南向双阳台（观景家政分离），主卧大飘窗能270度直面自然景观。,无需日常通勤，但要求30分钟内快捷通达凤凰机场或高铁站。,崇尚度假慢生活，清晨沙滩漫步，午后椰林下午茶，酷爱轻户外及后海冲浪。,名下持有一套旧两居，置换回款 65% + 个人理财储蓄补充 + 公积金商业贷,重性价比，不盲信大牌，但要求物业管理有序、绿化修剪及时、人防技防规范。,本地常住人口，四季生活规律，度假频次为常规年假出行。
三_2011_00402,三亚,2011,外地候鸟-东北,74,女,4.5,24.3,0.5,36.4,3,0,否,C,network,0.49,0.59,1,0.76,0.52,0.45,0,0,0.6,度假,两室一厅,86,2453,沈阳大型重工企业退休副厂长,高知退休康养,与父母同住，三代人拥挤在旧区小户型老房中,老小区隔音差，邻里滋扰严重，且车位严重匮乏，每晚加班回来抢车位像打仗。,要求独立电梯入户，主次卧动线分明，配备独立保姆房和私密后院。,无需日常通勤，但要求30分钟内快捷通达凤凰机场或高铁站。,崇尚度假慢生活，清晨沙滩漫步，午后椰林下午茶，酷爱轻户外及后海冲浪。,名下持有一套旧两居，置换回款 65% + 个人理财储蓄补充 + 公积金商业贷,重性价比，不盲信大牌，但要求物业管理有序、绿化修剪及时、人防技防规范。,每年11月至次年3月到此度过漫长冬季，极其依赖周边的康养及适老化服务。
三_2011_00403,三亚,2011,本地改善,31,女,2.7,16.5,0.35,35.4,4,1,是,B,agent,0.95,0.62,0.58,0.52,0.34,0.89,0.52,0.8,0.41,自住-改善,两室两厅,76,3101,重点中学高级教师,三口之家(幼龄段),三亚中环品质两居，车位及空间极其拥挤,小区无地下车库且人车不分流，小孩在楼下玩耍或者推婴儿车极为不安全。,讲究超高得房率（超85%），主卧套房必须配备独立步入式衣帽间与干湿分离双卫。,无需日常通勤，但要求30分钟内快捷通达凤凰机场或高铁站。,崇尚度假慢生活，清晨沙滩漫步，午后椰林下午茶，酷爱轻户外及后海冲浪。,名下持有一套旧两居，置换回款 65% + 个人理财储蓄补充 + 公积金商业贷,重性价比，不盲信大牌，但要求物业管理有序、绿化修剪及时、人防技防规范。,本地常住人口，四季生活规律，度假频次为常规年假出行。
三_2011_00404,三亚,2011,本地改善,36,女,2.9,17.0,0.35,36.3,5,1,否,B,agent,0.69,0.4,0.63,0.47,0.38,0.88,0.38,0.74,0.52,自住-改善,一室一厅,89,2352,国企中层管理,三口之家(幼龄段),三亚中环品质两居，车位及空间极其拥挤,小区无地下车库且人车不分流，小孩在楼下玩耍或者推婴儿车极为不安全。,讲究超高得房率（超85%），主卧套房必须配备独立步入式衣帽间与干湿分离双卫。,无需日常通勤，但要求30分钟内快捷通达凤凰机场或高铁站。,崇尚度假慢生活，清晨沙滩漫步，午后椰林下午茶，酷爱轻户外及后海冲浪。,名下持有一套旧两居，置换回款 65% + 个人理财储蓄补充 + 公积金商业贷,重性价比，不盲信大牌，但要求物业管理有序、绿化修剪及时、人防技防规范。,本地常住人口，四季生活规律，度假频次为常规年假出行。
三_2011_00405,三亚,2011,本地改善,48,女,4.2,22.0,0.35,47.2,5,1,是,B,agent,0.64,0.48,0.59,0.38,0.43,0.83,0.44,0.57,0.53,自住-改善,一室一厅,67,6316,三甲医院主治医师,三口之家(学龄段),三亚中环品质两居，车位及空间极其拥挤,小区无地下车库且人车不分流，小孩在楼下玩耍或者推婴儿车极为不安全。,讲究超高得房率（超85%），主卧套房必须配备独立步入式衣帽间与干湿分离双卫。,无需日常通勤，但要求30分钟内快捷通达凤凰机场或高铁站。,崇尚度假慢生活，清晨沙滩漫步，午后椰林下午茶，酷爱轻户外及后海冲浪。,名下持有一套旧两居，置换回款 65% + 个人理财储蓄补充 + 公积金商业贷,重性价比，不盲信大牌，但要求物业管理有序、绿化修剪及时、人防技防规范。,本地常住人口，四季生活规律，度假频次为常规年假出行。
三_2011_00406,三亚,2011,本地改善,37,男,2.6,17.8,0.35,38.2,4,2,否,B,agent,0.6,0.47,0.59,0.36,0.45,0.69,0.52,0.71,0.4,自住-改善,两室两厅,51,5071,智能新能源车企研发骨干,二胎黄金期中大户型,三亚中环品质两居，车位及空间极其拥挤,小区无地下车库且人车不分流，小孩在楼下玩耍或者推婴儿车极为不安全。,核心要求地块属于第一梯队名校学区，且周边500米内解决幼小衔接教育配套。,无需日常通勤，但要求30分钟内快捷通达凤凰机场或高铁站。,崇尚度假慢生活，清晨沙滩漫步，午后椰林下午茶，酷爱轻户外及后海冲浪。,名下持有一套旧两居，置换回款 65% + 个人理财储蓄补充 + 公积金商业贷,重性价比，不盲信大牌，但要求物业管理有序、绿化修剪及时、人防技防规范。,本地常住人口，四季生活规律，度假频次为常规年假出行。
三_2011_00407,三亚,2011,本地改善,35,男,2.8,18.1,0.35,38.7,4,2,是,B,agent,0.94,0.44,0.61,0.56,0.47,0.86,0.48,0.67,0.5,自住-改善,两室两厅,60,4239,三甲医院主治医师,二胎黄金期中大户型,三亚中环品质两居，车位及空间极其拥挤,小区无地下车库且人车不分流，小孩在楼下玩耍或者推婴儿车极为不安全。,讲究超高得房率（超85%），主卧套房必须配备独立步入式衣帽间与干湿分离双卫。,无需日常通勤，但要求30分钟内快捷通达凤凰机场或高铁站。,崇尚度假慢生活，清晨沙滩漫步，午后椰林下午茶，酷爱轻户外及后海冲浪。,名下持有一套旧两居，置换回款 65% + 个人理财储蓄补充 + 公积金商业贷,重性价比，不盲信大牌，但要求物业管理有序、绿化修剪及时、人防技防规范。,本地常住人口，四季生活规律，度假频次为常规年假出行。
三_2011_00408,三亚,2011,本地改善,50,男,2.3,14.7,0.35,31.4,4,1,是,B,agent,0.88,0.39,0.69,0.39,0.34,0.91,0.48,0.83,0.45,自住-改善,两室两厅,91,2063,三甲医院主治医师,三口之家(学龄段),三亚中环品质两居，车位及空间极其拥挤,小区无地下车库且人车不分流，小孩在楼下玩耍或者推婴儿车极为不安全。,讲究超高得房率（超85%），主卧套房必须配备独立步入式衣帽间与干湿分离双卫。,无需日常通勤，但要求30分钟内快捷通达凤凰机场或高铁站。,崇尚度假慢生活，清晨沙滩漫步，午后椰林下午茶，酷爱轻户外及后海冲浪。,名下持有一套旧两居，置换回款 65% + 个人理财储蓄补充 + 公积金商业贷,重性价比，不盲信大牌，但要求物业管理有序、绿化修剪及时、人防技防规范。,本地常住人口，四季生活规律，度假频次为常规年假出行。
三_2011_00409,三亚,2011,外地候鸟-东北,58,女,2.2,12.4,0.5,18.6,2,0,否,C,network,0.4,0.6,1,0.66,0.51,0.56,0.04,0.07,0.6,度假,一室一厅,71,2088,哈尔滨私营物流老板,高知退休康养,与父母同住，三代人拥挤在旧区小户型老房中,老小区隔音差，邻里滋扰严重，且车位严重匮乏，每晚加班回来抢车位像打仗。,要求有超大面宽南向双阳台（观景家政分离），主卧大飘窗能270度直面自然景观。,无需日常通勤，但要求30分钟内快捷通达凤凰机场或高铁站。,崇尚度假慢生活，清晨沙滩漫步，午后椰林下午茶，酷爱轻户外及后海冲浪。,名下持有一套旧两居，置换回款 65% + 个人理财储蓄补充 + 公积金商业贷,重性价比，不盲信大牌，但要求物业管理有序、绿化修剪及时、人防技防规范。,每年11月至次年3月到此度过漫长冬季，极其依赖周边的康养及适老化服务。
三_2011_00410,三亚,2011,度假投资,35,女,10.7,99.1,0.4,185.9,4,2,否,A,research,0.84,0.34,0.88,0.57,0.58,0.59,0.01,0,0.75,投资-长持,三室一厅,129,12548,上市公司退休联合创始人,二胎黄金期中大户型,西湖边高精平层,无高端私密会所及管家式物业配套，圈层鱼龙混杂，高净值居住体验差。,要求有超大面宽南向双阳台（观景家政分离），主卧大飘窗能270度直面自然景观。,无需日常通勤，但要求30分钟内快捷通达凤凰机场或高铁站。,周末常去高端商圈消费，热衷打网球和马术，重度手冲咖啡及黑胶唱片发烧友。,名下已有企业股权套现或分红现金，一次性全款付清，基本不加杠杆,非仁恒、绿城、万科等金牌开发商不买，极度看重高端精装质量与顶级物业的增值口碑。,每年11月至次年3月到此度过漫长冬季，极其依赖周边的康养及适老化服务。
三_2011_00411,三亚,2011,本地改善,47,男,1.8,13.8,0.35,29.7,4,1,否,B,agent,0.86,0.5,0.57,0.31,0.39,0.87,0.42,0.66,0.4,自住-改善,两室两厅,95,2114,国企中层管理,三口之家(学龄段),三亚中环品质两居，车位及空间极其拥挤,小区无地下车库且人车不分流，小孩在楼下玩耍或者推婴儿车极为不安全。,讲究超高得房率（超85%），主卧套房必须配备独立步入式衣帽间与干湿分离双卫。,无需日常通勤，但要求30分钟内快捷通达凤凰机场或高铁站。,崇尚度假慢生活，清晨沙滩漫步，午后椰林下午茶，酷爱轻户外及后海冲浪。,名下持有一套旧两居，置换回款 65% + 个人理财储蓄补充 + 公积金商业贷,重性价比，不盲信大牌，但要求物业管理有序、绿化修剪及时、人防技防规范。,本地常住人口，四季生活规律，度假频次为常规年假出行。
三_2011_00412,三亚,2011,度假投资,38,女,8.0,70.9,0.4,133.0,2,1,否,A,research,0.58,0.39,0.84,0.55,0.56,0.47,0,0.07,0.75,投资-长持,两室一厅,71,15764,上市公司退休联合创始人,三口之家(学龄段),市中心私密洋房住宅,无高端私密会所及管家式物业配套，圈层鱼龙混杂，高净值居住体验差。,要求有超大面宽南向双阳台（观景家政分离），主卧大飘窗能270度直面自然景观。,无需日常通勤，但要求30分钟内快捷通达凤凰机场或高铁站。,周末常去高端商圈消费，热衷打网球和马术，重度手冲咖啡及黑胶唱片发烧友。,名下已有企业股权套现或分红现金，一次性全款付清，基本不加杠杆,非仁恒、绿城、万科等金牌开发商不买，极度看重高端精装质量与顶级物业的增值口碑。,每年11月至次年3月到此度过漫长冬季，极其依赖周边的康养及适老化服务。
三_2011_00413,三亚,2011,外地候鸟-华北,55,男,5.0,48.3,0.5,72.5,2,1,否,B,network,0.61,0.46,0.99,0.67,0.65,0.58,0,0.06,0.52,养老,一室一厅,60,6496,央企总部退休总工,三口之家(学龄段),三亚中环品质两居，车位及空间极其拥挤,小区无地下车库且人车不分流，小孩在楼下玩耍或者推婴儿车极为不安全。,要求有超大面宽南向双阳台（观景家政分离），主卧大飘窗能270度直面自然景观。,无需日常通勤，但要求30分钟内快捷通达凤凰机场或高铁站。,崇尚度假慢生活，清晨沙滩漫步，午后椰林下午茶，酷爱轻户外及后海冲浪。,名下持有一套旧两居，置换回款 65% + 个人理财储蓄补充 + 公积金商业贷,重性价比，不盲信大牌，但要求物业管理有序、绿化修剪及时、人防技防规范。,每年11月至次年3月到此度过漫长冬季，极其依赖周边的康养及适老化服务。
三_2011_00414,三亚,2011,本地改善,30,男,4.3,27.4,0.35,58.7,4,1,是,B,agent,0.78,0.65,0.61,0.36,0.41,0.73,0.52,0.85,0.51,自住-改善,一室一厅,63,8257,智能新能源车企研发骨干,三口之家(幼龄段),三亚中环品质两居，车位及空间极其拥挤,小区无地下车库且人车不分流，小孩在楼下玩耍或者推婴儿车极为不安全。,讲究超高得房率（超85%），主卧套房必须配备独立步入式衣帽间与干湿分离双卫。,无需日常通勤，但要求30分钟内快捷通达凤凰机场或高铁站。,崇尚度假慢生活，清晨沙滩漫步，午后椰林下午茶，酷爱轻户外及后海冲浪。,名下持有一套旧两居，置换回款 65% + 个人理财储蓄补充 + 公积金商业贷,重性价比，不盲信大牌，但要求物业管理有序、绿化修剪及时、人防技防规范。,本地常住人口，四季生活规律，度假频次为常规年假出行。
三_2011_00415,三亚,2011,外地候鸟-华北,60,女,5.1,37.9,0.5,56.8,2,0,否,B,network,0.66,0.57,0.94,0.75,0.62,0.55,0,0.08,0.59,度假,一室一厅,80,6071,北京三甲医院退休教授,高知退休康养,三亚中环品质两居，车位及空间极其拥挤,老小区隔音差，邻里滋扰严重，且车位严重匮乏，每晚加班回来抢车位像打仗。,要求独立电梯入户，主次卧动线分明，配备独立保姆房和私密后院。,无需日常通勤，但要求30分钟内快捷通达凤凰机场或高铁站。,崇尚度假慢生活，清晨沙滩漫步，午后椰林下午茶，酷爱轻户外及后海冲浪。,名下持有一套旧两居，置换回款 65% + 个人理财储蓄补充 + 公积金商业贷,重性价比，不盲信大牌，但要求物业管理有序、绿化修剪及时、人防技防规范。,每年11月至次年3月到此度过漫长冬季，极其依赖周边的康养及适老化服务。
三_2011_00416,三亚,2011,度假投资,51,女,10.8,138.7,0.4,260.1,2,1,否,A,research,0.77,0.46,0.82,0.53,0.63,0.37,0,0,0.68,度假,三室两厅,104,12543,知名中医药连锁投资人,三口之家(学龄段),西湖边高精平层,无高端私密会所及管家式物业配套，圈层鱼龙混杂，高净值居住体验差。,要求有超大面宽南向双阳台（观景家政分离），主卧大飘窗能270度直面自然景观。,无需日常通勤，但要求30分钟内快捷通达凤凰机场或高铁站。,周末常去高端商圈消费，热衷打网球和马术，重度手冲咖啡及黑胶唱片发烧友。,名下已有企业股权套现或分红现金，一次性全款付清，基本不加杠杆,重性价比，不盲信大牌，但要求物业管理有序、绿化修剪及时、人防技防规范。,每年11月至次年3月到此度过漫长冬季，极其依赖周边的康养及适老化服务。
三_2011_00417,三亚,2011,本地改善,46,男,2.0,9.7,0.35,20.9,5,1,否,B,agent,0.86,0.48,0.55,0.43,0.38,0.83,0.69,0.79,0.49,自住-改善,两室一厅,74,1995,智能新能源车企研发骨干,三口之家(学龄段),三亚中环品质两居，车位及空间极其拥挤,小区无地下车库且人车不分流，小孩在楼下玩耍或者推婴儿车极为不安全。,讲究超高得房率（超85%），主卧套房必须配备独立步入式衣帽间与干湿分离双卫。,无需日常通勤，但要求30分钟内快捷通达凤凰机场或高铁站。,崇尚度假慢生活，清晨沙滩漫步，午后椰林下午茶，酷爱轻户外及后海冲浪。,名下持有一套旧两居，置换回款 65% + 个人理财储蓄补充 + 公积金商业贷,重性价比，不盲信大牌，但要求物业管理有序、绿化修剪及时、人防技防规范。,本地常住人口，四季生活规律，度假频次为常规年假出行。
三_2011_00418,三亚,2011,外地候鸟-东北,65,男,2.7,21.2,0.5,31.7,2,0,否,C,network,0.4,0.52,0.94,0.72,0.36,0.62,0,0,0.52,养老,两室两厅,68,3762,哈尔滨私营物流老板,高知退休康养,与父母同住，三代人拥挤在旧区小户型老房中,老小区隔音差，邻里滋扰严重，且车位严重匮乏，每晚加班回来抢车位像打仗。,要求独立电梯入户，主次卧动线分明，配备独立保姆房和私密后院。,无需日常通勤，但要求30分钟内快捷通达凤凰机场或高铁站。,崇尚度假慢生活，清晨沙滩漫步，午后椰林下午茶，酷爱轻户外及后海冲浪。,名下持有一套旧两居，置换回款 65% + 个人理财储蓄补充 + 公积金商业贷,重性价比，不盲信大牌，但要求物业管理有序、绿化修剪及时、人防技防规范。,每年11月至次年3月到此度过漫长冬季，极其依赖周边的康养及适老化服务。
三_2011_00419,三亚,2011,本地改善,33,女,3.5,23.8,0.35,51.0,4,1,否,B,agent,0.9,0.64,0.54,0.41,0.34,0.7,0.51,0.71,0.46,自住-改善,一室一厅,98,3777,重点中学高级教师,三口之家(幼龄段),三亚中环品质两居，车位及空间极其拥挤,小区无地下车库且人车不分流，小孩在楼下玩耍或者推婴儿车极为不安全。,核心要求地块属于第一梯队名校学区，且周边500米内解决幼小衔接教育配套。,无需日常通勤，但要求30分钟内快捷通达凤凰机场或高铁站。,崇尚度假慢生活，清晨沙滩漫步，午后椰林下午茶，酷爱轻户外及后海冲浪。,名下持有一套旧两居，置换回款 65% + 个人理财储蓄补充 + 公积金商业贷,重性价比，不盲信大牌，但要求物业管理有序、绿化修剪及时、人防技防规范。,本地常住人口，四季生活规律，度假频次为常规年假出行。
三_2011_00420,三亚,2011,本地改善,44,女,3.5,23.2,0.35,49.8,3,1,否,B,agent,0.97,0.51,0.66,0.47,0.55,0.77,0.43,0.78,0.39,自住-改善,两室两厅,85,5048,三甲医院主治医师,三口之家(学龄段),三亚中环品质两居，车位及空间极其拥挤,小区无地下车库且人车不分流，小孩在楼下玩耍或者推婴儿车极为不安全。,讲究超高得房率（超85%），主卧套房必须配备独立步入式衣帽间与干湿分离双卫。,无需日常通勤，但要求30分钟内快捷通达凤凰机场或高铁站。,崇尚度假慢生活，清晨沙滩漫步，午后椰林下午茶，酷爱轻户外及后海冲浪。,名下持有一套旧两居，置换回款 65% + 个人理财储蓄补充 + 公积金商业贷,重性价比，不盲信大牌，但要求物业管理有序、绿化修剪及时、人防技防规范。,本地常住人口，四季生活规律，度假频次为常规年假出行。
三_2011_00421,三亚,2011,外地候鸟-西北,60,男,5.2,37.9,0.5,56.8,3,0,否,C,network,0.3,0.54,0.87,0.74,0.55,0.59,0.05,0,0.47,度假,两室两厅,73,6065,西安设计院退休总建筑师,高知退休康养,与父母同住，三代人拥挤在旧区小户型老房中,老小区隔音差，邻里滋扰严重，且车位严重匮乏，每晚加班回来抢车位像打仗。,要求独立电梯入户，主次卧动线分明，配备独立保姆房和私密后院。,无需日常通勤，但要求30分钟内快捷通达凤凰机场或高铁站。,崇尚度假慢生活，清晨沙滩漫步，午后椰林下午茶，酷爱轻户外及后海冲浪。,名下持有一套旧两居，置换回款 65% + 个人理财储蓄补充 + 公积金商业贷,重性价比，不盲信大牌，但要求物业管理有序、绿化修剪及时、人防技防规范。,每年11月至次年3月到此度过漫长冬季，极其依赖周边的康养及适老化服务。
三_2011_00422,三亚,2011,外地候鸟-华北,75,女,5.0,43.4,0.5,65.1,1,0,否,B,network,0.49,0.51,0.88,0.64,0.66,0.54,0.05,0.12,0.49,度假,两室两厅,98,5314,北京三甲医院退休教授,高知退休康养,三亚中环品质两居，车位及空间极其拥挤,老小区隔音差，邻里滋扰严重，且车位严重匮乏，每晚加班回来抢车位像打仗。,要求有超大面宽南向双阳台（观景家政分离），主卧大飘窗能270度直面自然景观。,无需日常通勤，但要求30分钟内快捷通达凤凰机场或高铁站。,崇尚度假慢生活，清晨沙滩漫步，午后椰林下午茶，酷爱轻户外及后海冲浪。,名下持有一套旧两居，置换回款 65% + 个人理财储蓄补充 + 公积金商业贷,重性价比，不盲信大牌，但要求物业管理有序、绿化修剪及时、人防技防规范。,每年11月至次年3月到此度过漫长冬季，极其依赖周边的康养及适老化服务。
三_2011_00423,三亚,2011,本地改善,48,男,3.3,25.1,0.35,53.7,4,1,否,B,agent,0.61,0.56,0.6,0.21,0.44,0.7,0.29,0.72,0.4,自住-改善,两室两厅,70,4380,区级税务局一级主办,三口之家(学龄段),三亚中环品质两居，车位及空间极其拥挤,小区无地下车库且人车不分流，小孩在楼下玩耍或者推婴儿车极为不安全。,核心要求地块属于第一梯队名校学区，且周边500米内解决幼小衔接教育配套。,无需日常通勤，但要求30分钟内快捷通达凤凰机场或高铁站。,崇尚度假慢生活，清晨沙滩漫步，午后椰林下午茶，酷爱轻户外及后海冲浪。,名下持有一套旧两居，置换回款 65% + 个人理财储蓄补充 + 公积金商业贷,重性价比，不盲信大牌，但要求物业管理有序、绿化修剪及时、人防技防规范。,本地常住人口，四季生活规律，度假频次为常规年假出行。
三_2011_00424,三亚,2011,外地候鸟-东北,67,男,3.2,26.1,0.5,39.2,2,0,否,C,network,0.6,0.74,0.92,0.86,0.79,0.43,0.06,0,0.47,养老,一室一厅,58,4076,哈尔滨私营物流老板,高知退休康养,与父母同住，三代人拥挤在旧区小户型老房中,老小区隔音差，邻里滋扰严重，且车位严重匮乏，每晚加班回来抢车位像打仗。,要求独立电梯入户，主次卧动线分明，配备独立保姆房和私密后院。,无需日常通勤，但要求30分钟内快捷通达凤凰机场或高铁站。,崇尚度假慢生活，清晨沙滩漫步，午后椰林下午茶，酷爱轻户外及后海冲浪。,名下持有一套旧两居，置换回款 65% + 个人理财储蓄补充 + 公积金商业贷,重性价比，不盲信大牌，但要求物业管理有序、绿化修剪及时、人防技防规范。,每年11月至次年3月到此度过漫长冬季，极其依赖周边的康养及适老化服务。
三_2011_00425,三亚,2011,外地候鸟-华北,72,男,3.9,33.6,0.5,50.3,2,1,是,B,network,0.62,0.58,0.94,0.62,0.71,0.61,0,0,0.61,度假,两室两厅,55,4807,高校资深硕导,三口之家(学龄段),三亚中环品质两居，车位及空间极其拥挤,小区无地下车库且人车不分流，小孩在楼下玩耍或者推婴儿车极为不安全。,要求有超大面宽南向双阳台（观景家政分离），主卧大飘窗能270度直面自然景观。,无需日常通勤，但要求30分钟内快捷通达凤凰机场或高铁站。,崇尚度假慢生活，清晨沙滩漫步，午后椰林下午茶，酷爱轻户外及后海冲浪。,名下持有一套旧两居，置换回款 65% + 个人理财储蓄补充 + 公积金商业贷,重性价比，不盲信大牌，但要求物业管理有序、绿化修剪及时、人防技防规范。,每年11月至次年3月到此度过漫长冬季，极其依赖周边的康养及适老化服务。
三_2011_00426,三亚,2011,本地改善,40,男,2.0,14.6,0.35,31.2,5,1,是,B,agent,0.77,0.57,0.66,0.68,0.38,0.66,0.29,0.53,0.46,自住-改善,一室一厅,70,2522,三甲医院主治医师,三口之家(学龄段),三亚中环品质两居，车位及空间极其拥挤,小区无地下车库且人车不分流，小孩在楼下玩耍或者推婴儿车极为不安全。,要求采光通透，全明户型，带多功能嵌入式收纳墙以最大化空间利用。,无需日常通勤，但要求30分钟内快捷通达凤凰机场或高铁站。,崇尚度假慢生活，清晨沙滩漫步，午后椰林下午茶，酷爱轻户外及后海冲浪。,名下持有一套旧两居，置换回款 65% + 个人理财储蓄补充 + 公积金商业贷,重性价比，不盲信大牌，但要求物业管理有序、绿化修剪及时、人防技防规范。,本地常住人口，四季生活规律，度假频次为常规年假出行。
三_2011_00427,三亚,2011,度假投资,44,男,8.3,107.8,0.4,202.2,3,0,否,A,research,0.86,0.4,0.9,0.65,0.54,0.49,0.07,0,0.76,度假,三室一厅,111,15557,知名中医药连锁投资人,成熟期核心家庭,西湖边高精平层,无高端私密会所及管家式物业配套，圈层鱼龙混杂，高净值居住体验差。,要求有超大面宽南向双阳台（观景家政分离），主卧大飘窗能270度直面自然景观。,无需日常通勤，但要求30分钟内快捷通达凤凰机场或高铁站。,周末常去高端商圈消费，热衷打网球和马术，重度手冲咖啡及黑胶唱片发烧友。,名下已有企业股权套现或分红现金，一次性全款付清，基本不加杠杆,非仁恒、绿城、万科等金牌开发商不买，极度看重高端精装质量与顶级物业的增值口碑。,每年11月至次年3月到此度过漫长冬季，极其依赖周边的康养及适老化服务。
三_2011_00428,三亚,2011,本地改善,50,男,2.4,13.9,0.35,29.7,3,2,否,B,agent,1,0.46,0.62,0.39,0.4,0.87,0.4,0.75,0.39,自住-改善,一室一厅,80,2968,重点中学高级教师,二胎黄金期中大户型,三亚中环品质两居，车位及空间极其拥挤,小区无地下车库且人车不分流，小孩在楼下玩耍或者推婴儿车极为不安全。,讲究超高得房率（超85%），主卧套房必须配备独立步入式衣帽间与干湿分离双卫。,无需日常通勤，但要求30分钟内快捷通达凤凰机场或高铁站。,崇尚度假慢生活，清晨沙滩漫步，午后椰林下午茶，酷爱轻户外及后海冲浪。,名下持有一套旧两居，置换回款 65% + 个人理财储蓄补充 + 公积金商业贷,重性价比，不盲信大牌，但要求物业管理有序、绿化修剪及时、人防技防规范。,本地常住人口，四季生活规律，度假频次为常规年假出行。
三_2011_00429,三亚,2011,外地候鸟-东北,78,女,4.7,38.5,0.5,57.8,2,0,否,C,network,0.23,0.49,0.95,0.76,0.49,0.57,0.15,0,0.49,度假,两室一厅,83,5099,沈阳大型重工企业退休副厂长,高知退休康养,与父母同住，三代人拥挤在旧区小户型老房中,老小区隔音差，邻里滋扰严重，且车位严重匮乏，每晚加班回来抢车位像打仗。,要求独立电梯入户，主次卧动线分明，配备独立保姆房和私密后院。,无需日常通勤，但要求30分钟内快捷通达凤凰机场或高铁站。,崇尚度假慢生活，清晨沙滩漫步，午后椰林下午茶，酷爱轻户外及后海冲浪。,名下持有一套旧两居，置换回款 65% + 个人理财储蓄补充 + 公积金商业贷,重性价比，不盲信大牌，但要求物业管理有序、绿化修剪及时、人防技防规范。,每年11月至次年3月到此度过漫长冬季，极其依赖周边的康养及适老化服务。
三_2011_00430,三亚,2011,度假投资,36,女,11.7,84.8,0.4,159.1,3,1,否,A,research,0.81,0.52,0.83,0.64,0.59,0.63,0,0.07,0.8,投资-短期,三室两厅,135,9257,上市公司退休联合创始人,三口之家(幼龄段),西湖边高精平层,无高端私密会所及管家式物业配套，圈层鱼龙混杂，高净值居住体验差。,要求有超大面宽南向双阳台（观景家政分离），主卧大飘窗能270度直面自然景观。,无需日常通勤，但要求30分钟内快捷通达凤凰机场或高铁站。,周末常去高端商圈消费，热衷打网球和马术，重度手冲咖啡及黑胶唱片发烧友。,名下已有企业股权套现或分红现金，一次性全款付清，基本不加杠杆,非仁恒、绿城、万科等金牌开发商不买，极度看重高端精装质量与顶级物业的增值口碑。,每年11月至次年3月到此度过漫长冬季，极其依赖周边的康养及适老化服务。
三_2011_00431,三亚,2011,本地改善,37,女,3.0,21.3,0.35,45.6,3,0,否,B,agent,1.0,0.66,0.35,0.41,0.48,0.84,0.45,0.66,0.32,自住-改善,两室两厅,67,4527,重点中学高级教师,成熟期核心家庭,三亚中环品质两居，车位及空间极其拥挤,老小区隔音差，邻里滋扰严重，且车位严重匮乏，每晚加班回来抢车位像打仗。,讲究超高得房率（超85%），主卧套房必须配备独立步入式衣帽间与干湿分离双卫。,无需日常通勤，但要求30分钟内快捷通达凤凰机场或高铁站。,崇尚度假慢生活，清晨沙滩漫步，午后椰林下午茶，酷爱轻户外及后海冲浪。,名下持有一套旧两居，置换回款 65% + 个人理财储蓄补充 + 公积金商业贷,重性价比，不盲信大牌，但要求物业管理有序、绿化修剪及时、人防技防规范。,本地常住人口，四季生活规律，度假频次为常规年假出行。
三_2011_00432,三亚,2011,本地改善,30,男,1.8,12.7,0.35,27.1,4,2,否,B,agent,0.98,0.65,0.74,0.42,0.37,0.75,0.51,0.83,0.45,自住-改善,两室一厅,94,2319,国企中层管理,二胎黄金期中大户型,三亚中环品质两居，车位及空间极其拥挤,小区无地下车库且人车不分流，小孩在楼下玩耍或者推婴儿车极为不安全。,要求有超大面宽南向双阳台（观景家政分离），主卧大飘窗能270度直面自然景观。,无需日常通勤，但要求30分钟内快捷通达凤凰机场或高铁站。,崇尚度假慢生活，清晨沙滩漫步，午后椰林下午茶，酷爱轻户外及后海冲浪。,名下持有一套旧两居，置换回款 65% + 个人理财储蓄补充 + 公积金商业贷,重性价比，不盲信大牌，但要求物业管理有序、绿化修剪及时、人防技防规范。,本地常住人口，四季生活规律，度假频次为常规年假出行。
三_2011_00433,三亚,2011,度假投资,36,女,7.4,54.6,0.4,102.3,4,1,否,A,research,0.8,0.33,0.84,0.71,0.38,0.48,0,0.09,0.86,投资-长持,两室两厅,90,6861,上市公司退休联合创始人,三口之家(幼龄段),西湖边高精平层,无高端私密会所及管家式物业配套，圈层鱼龙混杂，高净值居住体验差。,要求独立电梯入户，主次卧动线分明，配备独立保姆房和私密后院。,无需日常通勤，但要求30分钟内快捷通达凤凰机场或高铁站。,周末常去高端商圈消费，热衷打网球和马术，重度手冲咖啡及黑胶唱片发烧友。,名下已有企业股权套现或分红现金，一次性全款付清，基本不加杠杆,非仁恒、绿城、万科等金牌开发商不买，极度看重高端精装质量与顶级物业的增值口碑。,每年11月至次年3月到此度过漫长冬季，极其依赖周边的康养及适老化服务。
三_2011_00434,三亚,2011,本地改善,38,女,3.9,29.9,0.35,64.1,5,3,是,B,agent,0.92,0.41,0.77,0.42,0.42,0.69,0.4,0.68,0.51,自住-改善,两室两厅,89,4897,国企中层管理,二胎黄金期中大户型,三亚中环品质两居，车位及空间极其拥挤,小区无地下车库且人车不分流，小孩在楼下玩耍或者推婴儿车极为不安全。,要求有超大面宽南向双阳台（观景家政分离），主卧大飘窗能270度直面自然景观。,无需日常通勤，但要求30分钟内快捷通达凤凰机场或高铁站。,崇尚度假慢生活，清晨沙滩漫步，午后椰林下午茶，酷爱轻户外及后海冲浪。,名下持有一套旧两居，置换回款 65% + 个人理财储蓄补充 + 公积金商业贷,重性价比，不盲信大牌，但要求物业管理有序、绿化修剪及时、人防技防规范。,本地常住人口，四季生活规律，度假频次为常规年假出行。
三_2011_00435,三亚,2011,本地改善,32,男,3.6,26.4,0.35,56.6,4,1,是,B,agent,0.71,0.61,0.53,0.48,0.37,0.82,0.59,0.76,0.49,自住-改善,一室一厅,95,3156,重点中学高级教师,三口之家(幼龄段),三亚中环品质两居，车位及空间极其拥挤,小区无地下车库且人车不分流，小孩在楼下玩耍或者推婴儿车极为不安全。,讲究超高得房率（超85%），主卧套房必须配备独立步入式衣帽间与干湿分离双卫。,无需日常通勤，但要求30分钟内快捷通达凤凰机场或高铁站。,崇尚度假慢生活，清晨沙滩漫步，午后椰林下午茶，酷爱轻户外及后海冲浪。,名下持有一套旧两居，置换回款 65% + 个人理财储蓄补充 + 公积金商业贷,重性价比，不盲信大牌，但要求物业管理有序、绿化修剪及时、人防技防规范。,本地常住人口，四季生活规律，度假频次为常规年假出行。
三_2011_00436,三亚,2011,外地候鸟-华北,63,男,4.4,30.8,0.5,46.2,2,0,否,B,network,0.65,0.59,1,0.73,0.5,0.36,0,0,0.47,度假,两室两厅,86,3928,高校资深硕导,高知退休康养,三亚中环品质两居，车位及空间极其拥挤,老小区隔音差，邻里滋扰严重，且车位严重匮乏，每晚加班回来抢车位像打仗。,要求独立电梯入户，主次卧动线分明，配备独立保姆房和私密后院。,无需日常通勤，但要求30分钟内快捷通达凤凰机场或高铁站。,崇尚度假慢生活，清晨沙滩漫步，午后椰林下午茶，酷爱轻户外及后海冲浪。,名下持有一套旧两居，置换回款 65% + 个人理财储蓄补充 + 公积金商业贷,重性价比，不盲信大牌，但要求物业管理有序、绿化修剪及时、人防技防规范。,每年11月至次年3月到此度过漫长冬季，极其依赖周边的康养及适老化服务。
三_2011_00437,三亚,2011,外地候鸟-西北,58,女,3.4,23.7,0.5,35.6,3,0,否,C,network,0.4,0.54,0.89,0.73,0.56,0.45,0,0.07,0.58,养老,一室一厅,82,2995,兰州煤炭物流运输企业主,高知退休康养,与父母同住，三代人拥挤在旧区小户型老房中,老小区隔音差，邻里滋扰严重，且车位严重匮乏，每晚加班回来抢车位像打仗。,要求独立电梯入户，主次卧动线分明，配备独立保姆房和私密后院。,无需日常通勤，但要求30分钟内快捷通达凤凰机场或高铁站。,崇尚度假慢生活，清晨沙滩漫步，午后椰林下午茶，酷爱轻户外及后海冲浪。,名下持有一套旧两居，置换回款 65% + 个人理财储蓄补充 + 公积金商业贷,重性价比，不盲信大牌，但要求物业管理有序、绿化修剪及时、人防技防规范。,每年11月至次年3月到此度过漫长冬季，极其依赖周边的康养及适老化服务。
三_2011_00438,三亚,2011,外地候鸟-西北,63,女,2.7,25.3,0.5,37.9,3,1,否,C,network,0.17,0.53,0.79,0.56,0.65,0.4,0,0,0.5,度假,两室一厅,82,3814,西安设计院退休总建筑师,三口之家(学龄段),与父母同住，三代人拥挤在旧区小户型老房中,小区无地下车库且人车不分流，小孩在楼下玩耍或者推婴儿车极为不安全。,要求有超大面宽南向双阳台（观景家政分离），主卧大飘窗能270度直面自然景观。,无需日常通勤，但要求30分钟内快捷通达凤凰机场或高铁站。,崇尚度假慢生活，清晨沙滩漫步，午后椰林下午茶，酷爱轻户外及后海冲浪。,名下持有一套旧两居，置换回款 65% + 个人理财储蓄补充 + 公积金商业贷,重性价比，不盲信大牌，但要求物业管理有序、绿化修剪及时、人防技防规范。,每年11月至次年3月到此度过漫长冬季，极其依赖周边的康养及适老化服务。
三_2011_00439,三亚,2011,外地候鸟-华北,55,男,3.1,17.9,0.5,26.9,2,1,否,B,network,0.39,0.51,0.87,0.76,0.64,0.65,0.03,0.11,0.6,养老,两室两厅,83,2790,高校资深硕导,三口之家(学龄段),三亚中环品质两居，车位及空间极其拥挤,小区无地下车库且人车不分流，小孩在楼下玩耍或者推婴儿车极为不安全。,要求独立电梯入户，主次卧动线分明，配备独立保姆房和私密后院。,无需日常通勤，但要求30分钟内快捷通达凤凰机场或高铁站。,崇尚度假慢生活，清晨沙滩漫步，午后椰林下午茶，酷爱轻户外及后海冲浪。,名下持有一套旧两居，置换回款 65% + 个人理财储蓄补充 + 公积金商业贷,重性价比，不盲信大牌，但要求物业管理有序、绿化修剪及时、人防技防规范。,每年11月至次年3月到此度过漫长冬季，极其依赖周边的康养及适老化服务。
三_2011_00440,三亚,2011,本地改善,35,女,1.7,11.9,0.35,25.5,4,2,否,B,agent,0.63,0.66,0.44,0.37,0.3,0.87,0.45,0.8,0.5,自住-改善,两室一厅,93,2279,智能新能源车企研发骨干,二胎黄金期中大户型,三亚中环品质两居，车位及空间极其拥挤,小区无地下车库且人车不分流，小孩在楼下玩耍或者推婴儿车极为不安全。,讲究超高得房率（超85%），主卧套房必须配备独立步入式衣帽间与干湿分离双卫。,无需日常通勤，但要求30分钟内快捷通达凤凰机场或高铁站。,崇尚度假慢生活，清晨沙滩漫步，午后椰林下午茶，酷爱轻户外及后海冲浪。,名下持有一套旧两居，置换回款 65% + 个人理财储蓄补充 + 公积金商业贷,重性价比，不盲信大牌，但要求物业管理有序、绿化修剪及时、人防技防规范。,本地常住人口，四季生活规律，度假频次为常规年假出行。
三_2011_00441,三亚,2011,本地改善,48,女,2.7,12.3,0.35,26.4,4,1,否,B,agent,0.39,0.73,0.56,0.53,0.42,0.78,0.43,0.65,0.53,自住-改善,一室一厅,55,3581,重点中学高级教师,三口之家(学龄段),三亚中环品质两居，车位及空间极其拥挤,小区无地下车库且人车不分流，小孩在楼下玩耍或者推婴儿车极为不安全。,讲究超高得房率（超85%），主卧套房必须配备独立步入式衣帽间与干湿分离双卫。,无需日常通勤，但要求30分钟内快捷通达凤凰机场或高铁站。,崇尚度假慢生活，清晨沙滩漫步，午后椰林下午茶，酷爱轻户外及后海冲浪。,名下持有一套旧两居，置换回款 65% + 个人理财储蓄补充 + 公积金商业贷,重性价比，不盲信大牌，但要求物业管理有序、绿化修剪及时、人防技防规范。,本地常住人口，四季生活规律，度假频次为常规年假出行。
三_2011_00442,三亚,2011,本地改善,30,男,2.0,11.2,0.35,24.0,5,1,是,B,agent,0.78,0.65,0.64,0.5,0.47,0.73,0.42,0.67,0.54,自住-改善,两室两厅,63,2100,三甲医院主治医师,三口之家(幼龄段),三亚中环品质两居，车位及空间极其拥挤,小区无地下车库且人车不分流，小孩在楼下玩耍或者推婴儿车极为不安全。,讲究超高得房率（超85%），主卧套房必须配备独立步入式衣帽间与干湿分离双卫。,无需日常通勤，但要求30分钟内快捷通达凤凰机场或高铁站。,崇尚度假慢生活，清晨沙滩漫步，午后椰林下午茶，酷爱轻户外及后海冲浪。,名下持有一套旧两居，置换回款 65% + 个人理财储蓄补充 + 公积金商业贷,重性价比，不盲信大牌，但要求物业管理有序、绿化修剪及时、人防技防规范。,本地常住人口，四季生活规律，度假频次为常规年假出行。
三_2011_00443,三亚,2011,高净值康养,66,男,13.8,204.8,0.6,256.0,2,0,否,A,network,0.46,0.21,0.85,0.92,0.93,0.47,0,0.02,0.88,养老,两室两厅,135,12623,上市公司退休联合创始人,高知退休康养,市中心私密洋房住宅,无高端私密会所及管家式物业配套，圈层鱼龙混杂，高净值居住体验差。,要求独立电梯入户，主次卧动线分明，配备独立保姆房和私密后院。,无需日常通勤，但要求30分钟内快捷通达凤凰机场或高铁站。,周末常去高端商圈消费，热衷打网球和马术，重度手冲咖啡及黑胶唱片发烧友。,名下已有企业股权套现或分红现金，一次性全款付清，基本不加杠杆,非仁恒、绿城、万科等金牌开发商不买，极度看重高端精装质量与顶级物业的增值口碑。,本地常住人口，四季生活规律，度假频次为常规年假出行。
三_2011_00444,三亚,2011,度假投资,39,男,13.7,123.6,0.4,231.7,3,2,否,A,research,0.96,0.2,0.79,0.45,0.55,0.41,0,0,0.82,投资-长持,三室两厅,120,10164,上市公司退休联合创始人,二胎黄金期中大户型,西湖边高精平层,无高端私密会所及管家式物业配套，圈层鱼龙混杂，高净值居住体验差。,要求有超大面宽南向双阳台（观景家政分离），主卧大飘窗能270度直面自然景观。,无需日常通勤，但要求30分钟内快捷通达凤凰机场或高铁站。,周末常去高端商圈消费，热衷打网球和马术，重度手冲咖啡及黑胶唱片发烧友。,名下已有企业股权套现或分红现金，一次性全款付清，基本不加杠杆,非仁恒、绿城、万科等金牌开发商不买，极度看重高端精装质量与顶级物业的增值口碑。,每年11月至次年3月到此度过漫长冬季，极其依赖周边的康养及适老化服务。
三_2011_00445,三亚,2011,本地改善,50,男,2.2,11.6,0.35,24.8,3,0,否,B,agent,1,0.68,0.62,0.41,0.45,0.81,0.55,0.69,0.41,自住-改善,两室一厅,87,1925,区级税务局一级主办,成熟期核心家庭,三亚中环品质两居，车位及空间极其拥挤,老小区隔音差，邻里滋扰严重，且车位严重匮乏，每晚加班回来抢车位像打仗。,讲究超高得房率（超85%），主卧套房必须配备独立步入式衣帽间与干湿分离双卫。,无需日常通勤，但要求30分钟内快捷通达凤凰机场或高铁站。,崇尚度假慢生活，清晨沙滩漫步，午后椰林下午茶，酷爱轻户外及后海冲浪。,名下持有一套旧两居，置换回款 65% + 个人理财储蓄补充 + 公积金商业贷,重性价比，不盲信大牌，但要求物业管理有序、绿化修剪及时、人防技防规范。,本地常住人口，四季生活规律，度假频次为常规年假出行。
三_2011_00446,三亚,2011,度假投资,42,女,7.9,56.6,0.4,106.1,4,2,否,A,research,0.83,0.24,0.84,0.71,0.58,0.44,0.08,0.0,0.78,投资-长持,一室一厅,58,15638,上市公司退休联合创始人,二胎黄金期中大户型,陆家嘴核心区江景大平层,无高端私密会所及管家式物业配套，圈层鱼龙混杂，高净值居住体验差。,要求独立电梯入户，主次卧动线分明，配备独立保姆房和私密后院。,无需日常通勤，但要求30分钟内快捷通达凤凰机场或高铁站。,周末常去高端商圈消费，热衷打网球和马术，重度手冲咖啡及黑胶唱片发烧友。,名下已有企业股权套现或分红现金，一次性全款付清，基本不加杠杆,非仁恒、绿城、万科等金牌开发商不买，极度看重高端精装质量与顶级物业的增值口碑。,每年11月至次年3月到此度过漫长冬季，极其依赖周边的康养及适老化服务。
三_2011_00447,三亚,2011,度假投资,43,女,4.5,33.5,0.4,62.8,4,1,否,A,research,0.66,0.35,0.88,0.65,0.51,0.41,0,0,0.71,度假,两室一厅,79,6517,高端海景资产收藏家,三口之家(学龄段),西湖边高精平层,无高端私密会所及管家式物业配套，圈层鱼龙混杂，高净值居住体验差。,要求有超大面宽南向双阳台（观景家政分离），主卧大飘窗能270度直面自然景观。,无需日常通勤，但要求30分钟内快捷通达凤凰机场或高铁站。,周末常去高端商圈消费，热衷打网球和马术，重度手冲咖啡及黑胶唱片发烧友。,名下已有企业股权套现或分红现金，一次性全款付清，基本不加杠杆,非仁恒、绿城、万科等金牌开发商不买，极度看重高端精装质量与顶级物业的增值口碑。,每年11月至次年3月到此度过漫长冬季，极其依赖周边的康养及适老化服务。
三_2011_00448,三亚,2011,度假投资,50,男,8.0,68.8,0.4,128.9,3,1,否,A,research,0.96,0.5,0.86,0.55,0.48,0.5,0,0.0,0.83,度假,两室两厅,75,8660,上市公司退休联合创始人,三口之家(学龄段),西湖边高精平层,无高端私密会所及管家式物业配套，圈层鱼龙混杂，高净值居住体验差。,要求有超大面宽南向双阳台（观景家政分离），主卧大飘窗能270度直面自然景观。,无需日常通勤，但要求30分钟内快捷通达凤凰机场或高铁站。,周末常去高端商圈消费，热衷打网球和马术，重度手冲咖啡及黑胶唱片发烧友。,名下已有企业股权套现或分红现金，一次性全款付清，基本不加杠杆,非仁恒、绿城、万科等金牌开发商不买，极度看重高端精装质量与顶级物业的增值口碑。,每年11月至次年3月到此度过漫长冬季，极其依赖周边的康养及适老化服务。
三_2011_00449,三亚,2011,本地改善,42,女,3.3,23.7,0.35,50.7,4,2,是,B,agent,0.7,0.7,0.76,0.49,0.37,0.85,0.41,0.66,0.38,自住-改善,一室一厅,99,4119,国企中层管理,二胎黄金期中大户型,三亚中环品质两居，车位及空间极其拥挤,小区无地下车库且人车不分流，小孩在楼下玩耍或者推婴儿车极为不安全。,要求有超大面宽南向双阳台（观景家政分离），主卧大飘窗能270度直面自然景观。,无需日常通勤，但要求30分钟内快捷通达凤凰机场或高铁站。,崇尚度假慢生活，清晨沙滩漫步，午后椰林下午茶，酷爱轻户外及后海冲浪。,名下持有一套旧两居，置换回款 65% + 个人理财储蓄补充 + 公积金商业贷,重性价比，不盲信大牌，但要求物业管理有序、绿化修剪及时、人防技防规范。,本地常住人口，四季生活规律，度假频次为常规年假出行。
三_2011_00450,三亚,2011,度假投资,40,男,5.2,64.7,0.4,121.4,3,1,否,A,research,0.84,0.35,0.81,0.62,0.52,0.41,0.0,0.1,0.66,度假,两室一厅,56,13294,知名中医药连锁投资人,三口之家(学龄段),市中心私密洋房住宅,无高端私密会所及管家式物业配套，圈层鱼龙混杂，高净值居住体验差。,要求有超大面宽南向双阳台（观景家政分离），主卧大飘窗能270度直面自然景观。,无需日常通勤，但要求30分钟内快捷通达凤凰机场或高铁站。,周末常去高端商圈消费，热衷打网球和马术，重度手冲咖啡及黑胶唱片发烧友。,名下已有企业股权套现或分红现金，一次性全款付清，基本不加杠杆,重性价比，不盲信大牌，但要求物业管理有序、绿化修剪及时、人防技防规范。,每年11月至次年3月到此度过漫长冬季，极其依赖周边的康养及适老化服务。
三_2011_00451,三亚,2011,高净值康养,68,男,31.9,349.6,0.6,437.0,2,0,否,A,network,0.63,0.24,0.95,0.99,0.94,0.54,0,0,0.89,养老,四室两厅,125,17980,知名中医药连锁投资人,高知退休康养,西湖边高精平层,无高端私密会所及管家式物业配套，圈层鱼龙混杂，高净值居住体验差。,要求独立电梯入户，主次卧动线分明，配备独立保姆房和私密后院。,无需日常通勤，但要求30分钟内快捷通达凤凰机场或高铁站。,周末常去高端商圈消费，热衷打网球和马术，重度手冲咖啡及黑胶唱片发烧友。,名下已有企业股权套现或分红现金，一次性全款付清，基本不加杠杆,非仁恒、绿城、万科等金牌开发商不买，极度看重高端精装质量与顶级物业的增值口碑。,本地常住人口，四季生活规律，度假频次为常规年假出行。
三_2011_00452,三亚,2011,本地改善,39,男,2.5,11.9,0.35,25.5,4,2,否,B,agent,0.54,0.53,0.72,0.53,0.45,0.72,0.55,0.64,0.38,自住-改善,一室一厅,89,1958,三甲医院主治医师,二胎黄金期中大户型,三亚中环品质两居，车位及空间极其拥挤,小区无地下车库且人车不分流，小孩在楼下玩耍或者推婴儿车极为不安全。,要求有超大面宽南向双阳台（观景家政分离），主卧大飘窗能270度直面自然景观。,无需日常通勤，但要求30分钟内快捷通达凤凰机场或高铁站。,崇尚度假慢生活，清晨沙滩漫步，午后椰林下午茶，酷爱轻户外及后海冲浪。,名下持有一套旧两居，置换回款 65% + 个人理财储蓄补充 + 公积金商业贷,重性价比，不盲信大牌，但要求物业管理有序、绿化修剪及时、人防技防规范。,本地常住人口，四季生活规律，度假频次为常规年假出行。
三_2011_00453,三亚,2011,本地改善,41,男,2.5,14.7,0.35,31.5,3,1,是,B,agent,0.63,0.64,0.67,0.49,0.38,0.74,0.44,0.63,0.42,自住-改善,一室一厅,92,2653,智能新能源车企研发骨干,三口之家(学龄段),三亚中环品质两居，车位及空间极其拥挤,小区无地下车库且人车不分流，小孩在楼下玩耍或者推婴儿车极为不安全。,讲究超高得房率（超85%），主卧套房必须配备独立步入式衣帽间与干湿分离双卫。,无需日常通勤，但要求30分钟内快捷通达凤凰机场或高铁站。,崇尚度假慢生活，清晨沙滩漫步，午后椰林下午茶，酷爱轻户外及后海冲浪。,名下持有一套旧两居，置换回款 65% + 个人理财储蓄补充 + 公积金商业贷,重性价比，不盲信大牌，但要求物业管理有序、绿化修剪及时、人防技防规范。,本地常住人口，四季生活规律，度假频次为常规年假出行。
三_2011_00454,三亚,2011,外地候鸟-华北,62,女,3.2,26.3,0.5,39.4,2,0,否,B,network,0.28,0.67,0.95,0.6,0.51,0.45,0.05,0.01,0.54,度假,两室两厅,87,2433,央企总部退休总工,高知退休康养,三亚中环品质两居，车位及空间极其拥挤,老小区隔音差，邻里滋扰严重，且车位严重匮乏，每晚加班回来抢车位像打仗。,要求有超大面宽南向双阳台（观景家政分离），主卧大飘窗能270度直面自然景观。,无需日常通勤，但要求30分钟内快捷通达凤凰机场或高铁站。,崇尚度假慢生活，清晨沙滩漫步，午后椰林下午茶，酷爱轻户外及后海冲浪。,名下持有一套旧两居，置换回款 65% + 个人理财储蓄补充 + 公积金商业贷,重性价比，不盲信大牌，但要求物业管理有序、绿化修剪及时、人防技防规范。,每年11月至次年3月到此度过漫长冬季，极其依赖周边的康养及适老化服务。
三_2011_00455,三亚,2011,本地改善,30,男,2.9,16.6,0.35,35.6,4,1,否,B,agent,0.44,0.53,0.66,0.48,0.26,0.7,0.59,0.74,0.44,自住-改善,两室一厅,97,3164,智能新能源车企研发骨干,三口之家(幼龄段),三亚中环品质两居，车位及空间极其拥挤,小区无地下车库且人车不分流，小孩在楼下玩耍或者推婴儿车极为不安全。,核心要求地块属于第一梯队名校学区，且周边500米内解决幼小衔接教育配套。,无需日常通勤，但要求30分钟内快捷通达凤凰机场或高铁站。,崇尚度假慢生活，清晨沙滩漫步，午后椰林下午茶，酷爱轻户外及后海冲浪。,名下持有一套旧两居，置换回款 65% + 个人理财储蓄补充 + 公积金商业贷,重性价比，不盲信大牌，但要求物业管理有序、绿化修剪及时、人防技防规范。,本地常住人口，四季生活规律，度假频次为常规年假出行。
三_2011_00456,三亚,2011,本地改善,41,男,3.1,23.4,0.35,50.2,3,1,是,B,agent,0.9,0.52,0.62,0.43,0.42,0.77,0.47,0.74,0.44,自住-改善,两室两厅,100,3099,重点中学高级教师,三口之家(学龄段),三亚中环品质两居，车位及空间极其拥挤,小区无地下车库且人车不分流，小孩在楼下玩耍或者推婴儿车极为不安全。,讲究超高得房率（超85%），主卧套房必须配备独立步入式衣帽间与干湿分离双卫。,无需日常通勤，但要求30分钟内快捷通达凤凰机场或高铁站。,崇尚度假慢生活，清晨沙滩漫步，午后椰林下午茶，酷爱轻户外及后海冲浪。,名下持有一套旧两居，置换回款 65% + 个人理财储蓄补充 + 公积金商业贷,重性价比，不盲信大牌，但要求物业管理有序、绿化修剪及时、人防技防规范。,本地常住人口，四季生活规律，度假频次为常规年假出行。
三_2011_00457,三亚,2011,外地候鸟-华北,70,女,3.7,28.8,0.5,43.2,2,1,否,B,network,0.75,0.5,0.98,0.81,0.54,0.53,0,0.01,0.7,养老,两室一厅,94,2879,央企总部退休总工,三口之家(学龄段),三亚中环品质两居，车位及空间极其拥挤,小区无地下车库且人车不分流，小孩在楼下玩耍或者推婴儿车极为不安全。,要求独立电梯入户，主次卧动线分明，配备独立保姆房和私密后院。,无需日常通勤，但要求30分钟内快捷通达凤凰机场或高铁站。,崇尚度假慢生活，清晨沙滩漫步，午后椰林下午茶，酷爱轻户外及后海冲浪。,名下持有一套旧两居，置换回款 65% + 个人理财储蓄补充 + 公积金商业贷,非仁恒、绿城、万科等金牌开发商不买，极度看重高端精装质量与顶级物业的增值口碑。,每年11月至次年3月到此度过漫长冬季，极其依赖周边的康养及适老化服务。
三_2011_00458,三亚,2011,外地候鸟-华北,57,女,6.2,59.5,0.5,89.3,3,0,否,B,network,0.79,0.65,0.94,0.69,0.74,0.6,0,0.03,0.55,养老,两室两厅,50,11576,北京三甲医院退休教授,高知退休康养,三亚中环品质两居，车位及空间极其拥挤,老小区隔音差，邻里滋扰严重，且车位严重匮乏，每晚加班回来抢车位像打仗。,要求有超大面宽南向双阳台（观景家政分离），主卧大飘窗能270度直面自然景观。,无需日常通勤，但要求30分钟内快捷通达凤凰机场或高铁站。,崇尚度假慢生活，清晨沙滩漫步，午后椰林下午茶，酷爱轻户外及后海冲浪。,名下持有一套旧两居，置换回款 65% + 个人理财储蓄补充 + 公积金商业贷,重性价比，不盲信大牌，但要求物业管理有序、绿化修剪及时、人防技防规范。,每年11月至次年3月到此度过漫长冬季，极其依赖周边的康养及适老化服务。
三_2011_00459,三亚,2011,外地候鸟-西北,65,男,3.8,35.0,0.5,52.5,3,0,否,C,network,0.12,0.55,0.98,0.64,0.44,0.39,0,0.01,0.55,度假,两室两厅,92,3198,西安设计院退休总建筑师,高知退休康养,与父母同住，三代人拥挤在旧区小户型老房中,老小区隔音差，邻里滋扰严重，且车位严重匮乏，每晚加班回来抢车位像打仗。,要求有超大面宽南向双阳台（观景家政分离），主卧大飘窗能270度直面自然景观。,无需日常通勤，但要求30分钟内快捷通达凤凰机场或高铁站。,崇尚度假慢生活，清晨沙滩漫步，午后椰林下午茶，酷爱轻户外及后海冲浪。,名下持有一套旧两居，置换回款 65% + 个人理财储蓄补充 + 公积金商业贷,重性价比，不盲信大牌，但要求物业管理有序、绿化修剪及时、人防技防规范。,每年11月至次年3月到此度过漫长冬季，极其依赖周边的康养及适老化服务。
三_2011_00460,三亚,2011,外地候鸟-华北,65,女,2.6,15.1,0.5,22.6,2,0,是,B,network,0.62,0.58,0.98,0.68,0.66,0.44,0,0,0.59,养老,一室一厅,78,2456,高校资深硕导,高知退休康养,三亚中环品质两居，车位及空间极其拥挤,当前房屋属于旧多层无电梯房，父母年纪渐高每天爬楼梯极为吃力。,要求有超大面宽南向双阳台（观景家政分离），主卧大飘窗能270度直面自然景观。,无需日常通勤，但要求30分钟内快捷通达凤凰机场或高铁站。,崇尚度假慢生活，清晨沙滩漫步，午后椰林下午茶，酷爱轻户外及后海冲浪。,名下持有一套旧两居，置换回款 65% + 个人理财储蓄补充 + 公积金商业贷,重性价比，不盲信大牌，但要求物业管理有序、绿化修剪及时、人防技防规范。,每年11月至次年3月到此度过漫长冬季，极其依赖周边的康养及适老化服务。
三_2011_00461,三亚,2011,外地候鸟-华北,73,女,2.5,24.8,0.5,37.1,2,0,否,B,network,0.59,0.64,0.83,0.63,0.65,0.4,0,0,0.55,度假,两室一厅,52,4614,高校资深硕导,高知退休康养,三亚中环品质两居，车位及空间极其拥挤,老小区隔音差，邻里滋扰严重，且车位严重匮乏，每晚加班回来抢车位像打仗。,要求有超大面宽南向双阳台（观景家政分离），主卧大飘窗能270度直面自然景观。,无需日常通勤，但要求30分钟内快捷通达凤凰机场或高铁站。,崇尚度假慢生活，清晨沙滩漫步，午后椰林下午茶，酷爱轻户外及后海冲浪。,名下持有一套旧两居，置换回款 65% + 个人理财储蓄补充 + 公积金商业贷,重性价比，不盲信大牌，但要求物业管理有序、绿化修剪及时、人防技防规范。,每年11月至次年3月到此度过漫长冬季，极其依赖周边的康养及适老化服务。
三_2011_00462,三亚,2011,度假投资,46,女,11.9,117.3,0.4,219.9,3,1,是,A,research,0.9,0.31,0.89,0.63,0.45,0.43,0,0,0.67,度假,两室两厅,132,13905,高端海景资产收藏家,三口之家(学龄段),市中心私密洋房住宅,当前房屋属于旧多层无电梯房，父母年纪渐高每天爬楼梯极为吃力。,要求有超大面宽南向双阳台（观景家政分离），主卧大飘窗能270度直面自然景观。,无需日常通勤，但要求30分钟内快捷通达凤凰机场或高铁站。,周末常去高端商圈消费，热衷打网球和马术，重度手冲咖啡及黑胶唱片发烧友。,名下已有企业股权套现或分红现金，一次性全款付清，基本不加杠杆,重性价比，不盲信大牌，但要求物业管理有序、绿化修剪及时、人防技防规范。,每年11月至次年3月到此度过漫长冬季，极其依赖周边的康养及适老化服务。
三_2011_00463,三亚,2011,本地改善,31,男,2.6,19.2,0.35,41.1,5,0,是,B,agent,0.94,0.55,0.68,0.3,0.27,0.69,0.54,0.75,0.44,自住-改善,两室两厅,75,4483,三甲医院主治医师,新婚过渡两居,三亚中环品质两居，车位及空间极其拥挤,当前房屋属于旧多层无电梯房，父母年纪渐高每天爬楼梯极为吃力。,核心要求地块属于第一梯队名校学区，且周边500米内解决幼小衔接教育配套。,无需日常通勤，但要求30分钟内快捷通达凤凰机场或高铁站。,崇尚度假慢生活，清晨沙滩漫步，午后椰林下午茶，酷爱轻户外及后海冲浪。,名下持有一套旧两居，置换回款 65% + 个人理财储蓄补充 + 公积金商业贷,重性价比，不盲信大牌，但要求物业管理有序、绿化修剪及时、人防技防规范。,本地常住人口，四季生活规律，度假频次为常规年假出行。
三_2011_00464,三亚,2011,外地候鸟-华北,69,男,1.3,10.5,0.5,15.8,2,0,否,B,network,0.45,0.51,0.9,0.87,0.69,0.46,0.01,0,0.54,度假,一室一厅,50,2119,央企总部退休总工,高知退休康养,三亚中环品质两居，车位及空间极其拥挤,老小区隔音差，邻里滋扰严重，且车位严重匮乏，每晚加班回来抢车位像打仗。,要求独立电梯入户，主次卧动线分明，配备独立保姆房和私密后院。,无需日常通勤，但要求30分钟内快捷通达凤凰机场或高铁站。,崇尚度假慢生活，清晨沙滩漫步，午后椰林下午茶，酷爱轻户外及后海冲浪。,名下持有一套旧两居，置换回款 65% + 个人理财储蓄补充 + 公积金商业贷,重性价比，不盲信大牌，但要求物业管理有序、绿化修剪及时、人防技防规范。,每年11月至次年3月到此度过漫长冬季，极其依赖周边的康养及适老化服务。
三_2011_00465,三亚,2011,外地候鸟-西北,55,女,3.3,34.1,0.5,51.1,2,0,否,C,network,0.36,0.5,0.92,0.6,0.55,0.64,0.08,0,0.43,度假,两室两厅,51,5529,西安设计院退休总建筑师,高知退休康养,与父母同住，三代人拥挤在旧区小户型老房中,老小区隔音差，邻里滋扰严重，且车位严重匮乏，每晚加班回来抢车位像打仗。,要求有超大面宽南向双阳台（观景家政分离），主卧大飘窗能270度直面自然景观。,无需日常通勤，但要求30分钟内快捷通达凤凰机场或高铁站。,崇尚度假慢生活，清晨沙滩漫步，午后椰林下午茶，酷爱轻户外及后海冲浪。,名下持有一套旧两居，置换回款 65% + 个人理财储蓄补充 + 公积金商业贷,重性价比，不盲信大牌，但要求物业管理有序、绿化修剪及时、人防技防规范。,每年11月至次年3月到此度过漫长冬季，极其依赖周边的康养及适老化服务。
三_2011_00466,三亚,2011,外地候鸟-西北,63,男,3.9,37.8,0.5,56.7,1,0,否,C,network,0.29,0.48,0.89,0.73,0.46,0.71,0,0,0.4,养老,一室一厅,76,4565,西安设计院退休总建筑师,高知退休康养,与父母同住，三代人拥挤在旧区小户型老房中,老小区隔音差，邻里滋扰严重，且车位严重匮乏，每晚加班回来抢车位像打仗。,要求独立电梯入户，主次卧动线分明，配备独立保姆房和私密后院。,无需日常通勤，但要求30分钟内快捷通达凤凰机场或高铁站。,崇尚度假慢生活，清晨沙滩漫步，午后椰林下午茶，酷爱轻户外及后海冲浪。,名下持有一套旧两居，置换回款 65% + 个人理财储蓄补充 + 公积金商业贷,重性价比，不盲信大牌，但要求物业管理有序、绿化修剪及时、人防技防规范。,每年11月至次年3月到此度过漫长冬季，极其依赖周边的康养及适老化服务。
三_2011_00467,三亚,2011,本地改善,40,男,3.4,26.1,0.35,55.9,4,1,否,B,agent,0.71,0.63,0.67,0.5,0.47,0.63,0.54,0.64,0.35,自住-改善,两室一厅,58,5203,国企中层管理,三口之家(学龄段),三亚中环品质两居，车位及空间极其拥挤,小区无地下车库且人车不分流，小孩在楼下玩耍或者推婴儿车极为不安全。,要求采光通透，全明户型，带多功能嵌入式收纳墙以最大化空间利用。,无需日常通勤，但要求30分钟内快捷通达凤凰机场或高铁站。,崇尚度假慢生活，清晨沙滩漫步，午后椰林下午茶，酷爱轻户外及后海冲浪。,名下持有一套旧两居，置换回款 65% + 个人理财储蓄补充 + 公积金商业贷,重性价比，不盲信大牌，但要求物业管理有序、绿化修剪及时、人防技防规范。,本地常住人口，四季生活规律，度假频次为常规年假出行。
三_2011_00468,三亚,2011,本地改善,41,女,1.5,7.5,0.35,16.1,4,1,否,B,agent,0.83,0.55,0.6,0.45,0.47,0.63,0.47,0.77,0.52,自住-改善,一室一厅,51,1683,重点中学高级教师,三口之家(学龄段),三亚中环品质两居，车位及空间极其拥挤,小区无地下车库且人车不分流，小孩在楼下玩耍或者推婴儿车极为不安全。,核心要求地块属于第一梯队名校学区，且周边500米内解决幼小衔接教育配套。,无需日常通勤，但要求30分钟内快捷通达凤凰机场或高铁站。,崇尚度假慢生活，清晨沙滩漫步，午后椰林下午茶，酷爱轻户外及后海冲浪。,名下持有一套旧两居，置换回款 65% + 个人理财储蓄补充 + 公积金商业贷,重性价比，不盲信大牌，但要求物业管理有序、绿化修剪及时、人防技防规范。,本地常住人口，四季生活规律，度假频次为常规年假出行。
三_2011_00469,三亚,2011,本地改善,38,男,2.1,9.4,0.35,20.2,4,1,否,B,agent,0.76,0.65,0.65,0.65,0.41,0.72,0.59,0.63,0.54,自住-改善,两室一厅,94,1607,智能新能源车企研发骨干,三口之家(学龄段),三亚中环品质两居，车位及空间极其拥挤,小区无地下车库且人车不分流，小孩在楼下玩耍或者推婴儿车极为不安全。,讲究超高得房率（超85%），主卧套房必须配备独立步入式衣帽间与干湿分离双卫。,无需日常通勤，但要求30分钟内快捷通达凤凰机场或高铁站。,崇尚度假慢生活，清晨沙滩漫步，午后椰林下午茶，酷爱轻户外及后海冲浪。,名下持有一套旧两居，置换回款 65% + 个人理财储蓄补充 + 公积金商业贷,重性价比，不盲信大牌，但要求物业管理有序、绿化修剪及时、人防技防规范。,本地常住人口，四季生活规律，度假频次为常规年假出行。
三_2011_00470,三亚,2011,本地改善,45,女,3.7,24.1,0.35,51.5,3,1,否,B,agent,0.78,0.66,0.55,0.44,0.38,0.88,0.55,0.76,0.48,自住-改善,一室一厅,53,7086,三甲医院主治医师,三口之家(学龄段),三亚中环品质两居，车位及空间极其拥挤,小区无地下车库且人车不分流，小孩在楼下玩耍或者推婴儿车极为不安全。,讲究超高得房率（超85%），主卧套房必须配备独立步入式衣帽间与干湿分离双卫。,无需日常通勤，但要求30分钟内快捷通达凤凰机场或高铁站。,崇尚度假慢生活，清晨沙滩漫步，午后椰林下午茶，酷爱轻户外及后海冲浪。,名下持有一套旧两居，置换回款 65% + 个人理财储蓄补充 + 公积金商业贷,重性价比，不盲信大牌，但要求物业管理有序、绿化修剪及时、人防技防规范。,本地常住人口，四季生活规律，度假频次为常规年假出行。
三_2011_00471,三亚,2011,本地改善,36,男,2.2,9.1,0.35,19.6,4,1,是,B,agent,0.71,0.65,0.58,0.43,0.5,0.72,0.47,0.79,0.42,自住-改善,两室一厅,85,1653,重点中学高级教师,三口之家(幼龄段),三亚中环品质两居，车位及空间极其拥挤,小区无地下车库且人车不分流，小孩在楼下玩耍或者推婴儿车极为不安全。,讲究超高得房率（超85%），主卧套房必须配备独立步入式衣帽间与干湿分离双卫。,无需日常通勤，但要求30分钟内快捷通达凤凰机场或高铁站。,崇尚度假慢生活，清晨沙滩漫步，午后椰林下午茶，酷爱轻户外及后海冲浪。,名下持有一套旧两居，置换回款 65% + 个人理财储蓄补充 + 公积金商业贷,重性价比，不盲信大牌，但要求物业管理有序、绿化修剪及时、人防技防规范。,本地常住人口，四季生活规律，度假频次为常规年假出行。
三_2011_00472,三亚,2011,外地候鸟-华北,57,男,3.5,33.0,0.5,49.5,2,0,否,B,network,0.52,0.55,1,0.65,0.53,0.67,0.1,0,0.44,度假,两室两厅,83,4740,央企总部退休总工,高知退休康养,三亚中环品质两居，车位及空间极其拥挤,老小区隔音差，邻里滋扰严重，且车位严重匮乏，每晚加班回来抢车位像打仗。,要求有超大面宽南向双阳台（观景家政分离），主卧大飘窗能270度直面自然景观。,无需日常通勤，但要求30分钟内快捷通达凤凰机场或高铁站。,崇尚度假慢生活，清晨沙滩漫步，午后椰林下午茶，酷爱轻户外及后海冲浪。,名下持有一套旧两居，置换回款 65% + 个人理财储蓄补充 + 公积金商业贷,重性价比，不盲信大牌，但要求物业管理有序、绿化修剪及时、人防技防规范。,每年11月至次年3月到此度过漫长冬季，极其依赖周边的康养及适老化服务。
三_2011_00473,三亚,2011,外地候鸟-华北,71,女,3.1,26.8,0.5,40.2,2,0,否,B,network,0.67,0.43,0.85,0.64,0.73,0.55,0,0.0,0.52,度假,两室两厅,62,5111,央企总部退休总工,高知退休康养,三亚中环品质两居，车位及空间极其拥挤,老小区隔音差，邻里滋扰严重，且车位严重匮乏，每晚加班回来抢车位像打仗。,要求有超大面宽南向双阳台（观景家政分离），主卧大飘窗能270度直面自然景观。,无需日常通勤，但要求30分钟内快捷通达凤凰机场或高铁站。,崇尚度假慢生活，清晨沙滩漫步，午后椰林下午茶，酷爱轻户外及后海冲浪。,名下持有一套旧两居，置换回款 65% + 个人理财储蓄补充 + 公积金商业贷,重性价比，不盲信大牌，但要求物业管理有序、绿化修剪及时、人防技防规范。,每年11月至次年3月到此度过漫长冬季，极其依赖周边的康养及适老化服务。
三_2011_00474,三亚,2011,度假投资,55,男,8.2,74.2,0.4,139.1,3,1,否,A,research,0.91,0.41,0.87,0.72,0.53,0.43,0.07,0,0.82,投资-短期,两室两厅,87,10638,知名中医药连锁投资人,三口之家(学龄段),市中心私密洋房住宅,无高端私密会所及管家式物业配套，圈层鱼龙混杂，高净值居住体验差。,要求独立电梯入户，主次卧动线分明，配备独立保姆房和私密后院。,无需日常通勤，但要求30分钟内快捷通达凤凰机场或高铁站。,周末常去高端商圈消费，热衷打网球和马术，重度手冲咖啡及黑胶唱片发烧友。,名下已有企业股权套现或分红现金，一次性全款付清，基本不加杠杆,非仁恒、绿城、万科等金牌开发商不买，极度看重高端精装质量与顶级物业的增值口碑。,每年11月至次年3月到此度过漫长冬季，极其依赖周边的康养及适老化服务。
三_2011_00475,三亚,2011,外地候鸟-东北,64,男,3.9,33.4,0.5,50.0,2,0,否,C,network,0.21,0.58,0.96,0.87,0.48,0.53,0.08,0,0.24,养老,一室一厅,85,3661,哈尔滨私营物流老板,高知退休康养,与父母同住，三代人拥挤在旧区小户型老房中,老小区隔音差，邻里滋扰严重，且车位严重匮乏，每晚加班回来抢车位像打仗。,要求独立电梯入户，主次卧动线分明，配备独立保姆房和私密后院。,无需日常通勤，但要求30分钟内快捷通达凤凰机场或高铁站。,崇尚度假慢生活，清晨沙滩漫步，午后椰林下午茶，酷爱轻户外及后海冲浪。,名下持有一套旧两居，置换回款 65% + 个人理财储蓄补充 + 公积金商业贷,重性价比，不盲信大牌，但要求物业管理有序、绿化修剪及时、人防技防规范。,每年11月至次年3月到此度过漫长冬季，极其依赖周边的康养及适老化服务。
三_2011_00476,三亚,2011,度假投资,39,男,1.2,11.4,0.4,21.3,3,2,否,A,research,0.9,0.35,0.74,0.71,0.49,0.49,0.1,0,0.69,投资-短期,两室一厅,94,1424,高端海景资产收藏家,二胎黄金期中大户型,陆家嘴核心区江景大平层,无高端私密会所及管家式物业配套，圈层鱼龙混杂，高净值居住体验差。,要求独立电梯入户，主次卧动线分明，配备独立保姆房和私密后院。,无需日常通勤，但要求30分钟内快捷通达凤凰机场或高铁站。,周末常去高端商圈消费，热衷打网球和马术，重度手冲咖啡及黑胶唱片发烧友。,名下已有企业股权套现或分红现金，一次性全款付清，基本不加杠杆,重性价比，不盲信大牌，但要求物业管理有序、绿化修剪及时、人防技防规范。,每年11月至次年3月到此度过漫长冬季，极其依赖周边的康养及适老化服务。
三_2011_00477,三亚,2011,本地改善,41,女,1.6,8.4,0.35,18.0,4,1,是,B,agent,0.63,0.46,0.53,0.47,0.37,0.72,0.54,0.76,0.43,自住-改善,两室一厅,62,2307,区级税务局一级主办,三口之家(学龄段),三亚中环品质两居，车位及空间极其拥挤,小区无地下车库且人车不分流，小孩在楼下玩耍或者推婴儿车极为不安全。,讲究超高得房率（超85%），主卧套房必须配备独立步入式衣帽间与干湿分离双卫。,无需日常通勤，但要求30分钟内快捷通达凤凰机场或高铁站。,崇尚度假慢生活，清晨沙滩漫步，午后椰林下午茶，酷爱轻户外及后海冲浪。,名下持有一套旧两居，置换回款 65% + 个人理财储蓄补充 + 公积金商业贷,重性价比，不盲信大牌，但要求物业管理有序、绿化修剪及时、人防技防规范。,本地常住人口，四季生活规律，度假频次为常规年假出行。
三_2011_00478,三亚,2011,外地候鸟-西北,68,男,5.6,35.9,0.5,53.8,2,0,否,C,network,0.15,0.59,0.92,0.62,0.52,0.63,0.01,0,0.43,度假,两室两厅,98,3750,兰州煤炭物流运输企业主,高知退休康养,与父母同住，三代人拥挤在旧区小户型老房中,老小区隔音差，邻里滋扰严重，且车位严重匮乏，每晚加班回来抢车位像打仗。,要求有超大面宽南向双阳台（观景家政分离），主卧大飘窗能270度直面自然景观。,无需日常通勤，但要求30分钟内快捷通达凤凰机场或高铁站。,崇尚度假慢生活，清晨沙滩漫步，午后椰林下午茶，酷爱轻户外及后海冲浪。,名下持有一套旧两居，置换回款 65% + 个人理财储蓄补充 + 公积金商业贷,重性价比，不盲信大牌，但要求物业管理有序、绿化修剪及时、人防技防规范。,每年11月至次年3月到此度过漫长冬季，极其依赖周边的康养及适老化服务。
三_2011_00479,三亚,2011,外地候鸟-华北,60,女,5.3,35.7,0.5,53.5,3,0,否,B,network,0.33,0.48,0.99,0.69,0.6,0.51,0.09,0.05,0.59,养老,两室两厅,73,5866,北京三甲医院退休教授,高知退休康养,三亚中环品质两居，车位及空间极其拥挤,老小区隔音差，邻里滋扰严重，且车位严重匮乏，每晚加班回来抢车位像打仗。,要求有超大面宽南向双阳台（观景家政分离），主卧大飘窗能270度直面自然景观。,无需日常通勤，但要求30分钟内快捷通达凤凰机场或高铁站。,崇尚度假慢生活，清晨沙滩漫步，午后椰林下午茶，酷爱轻户外及后海冲浪。,名下持有一套旧两居，置换回款 65% + 个人理财储蓄补充 + 公积金商业贷,重性价比，不盲信大牌，但要求物业管理有序、绿化修剪及时、人防技防规范。,每年11月至次年3月到此度过漫长冬季，极其依赖周边的康养及适老化服务。
三_2011_00480,三亚,2011,外地候鸟-华北,61,女,7.9,74.8,0.5,112.2,2,0,否,B,network,0.7,0.42,0.86,0.78,0.73,0.49,0,0.02,0.61,度假,两室一厅,75,8366,北京三甲医院退休教授,高知退休康养,三亚中环品质两居，车位及空间极其拥挤,老小区隔音差，邻里滋扰严重，且车位严重匮乏，每晚加班回来抢车位像打仗。,要求独立电梯入户，主次卧动线分明，配备独立保姆房和私密后院。,无需日常通勤，但要求30分钟内快捷通达凤凰机场或高铁站。,崇尚度假慢生活，清晨沙滩漫步，午后椰林下午茶，酷爱轻户外及后海冲浪。,名下持有一套旧两居，置换回款 65% + 个人理财储蓄补充 + 公积金商业贷,重性价比，不盲信大牌，但要求物业管理有序、绿化修剪及时、人防技防规范。,每年11月至次年3月到此度过漫长冬季，极其依赖周边的康养及适老化服务。
三_2011_00481,三亚,2011,外地候鸟-华北,55,女,3.1,24.8,0.5,37.2,2,0,否,B,network,0.45,0.39,0.98,0.8,0.56,0.53,0.03,0.0,0.51,养老,两室两厅,83,3099,高校资深硕导,高知退休康养,三亚中环品质两居，车位及空间极其拥挤,老小区隔音差，邻里滋扰严重，且车位严重匮乏，每晚加班回来抢车位像打仗。,要求独立电梯入户，主次卧动线分明，配备独立保姆房和私密后院。,无需日常通勤，但要求30分钟内快捷通达凤凰机场或高铁站。,崇尚度假慢生活，清晨沙滩漫步，午后椰林下午茶，酷爱轻户外及后海冲浪。,名下持有一套旧两居，置换回款 65% + 个人理财储蓄补充 + 公积金商业贷,重性价比，不盲信大牌，但要求物业管理有序、绿化修剪及时、人防技防规范。,每年11月至次年3月到此度过漫长冬季，极其依赖周边的康养及适老化服务。
三_2011_00482,三亚,2011,本地改善,49,女,3.6,15.4,0.35,32.9,4,1,否,B,agent,0.51,0.53,0.63,0.31,0.31,0.74,0.56,0.78,0.5,自住-改善,一室一厅,89,2685,国企中层管理,三口之家(学龄段),三亚中环品质两居，车位及空间极其拥挤,小区无地下车库且人车不分流，小孩在楼下玩耍或者推婴儿车极为不安全。,讲究超高得房率（超85%），主卧套房必须配备独立步入式衣帽间与干湿分离双卫。,无需日常通勤，但要求30分钟内快捷通达凤凰机场或高铁站。,崇尚度假慢生活，清晨沙滩漫步，午后椰林下午茶，酷爱轻户外及后海冲浪。,名下持有一套旧两居，置换回款 65% + 个人理财储蓄补充 + 公积金商业贷,重性价比，不盲信大牌，但要求物业管理有序、绿化修剪及时、人防技防规范。,本地常住人口，四季生活规律，度假频次为常规年假出行。
三_2011_00483,三亚,2011,本地改善,37,男,1.4,8.9,0.35,19.0,4,0,否,B,agent,1,0.51,0.53,0.5,0.38,0.75,0.43,0.68,0.47,自住-改善,一室一厅,55,3007,三甲医院主治医师,成熟期核心家庭,三亚中环品质两居，车位及空间极其拥挤,老小区隔音差，邻里滋扰严重，且车位严重匮乏，每晚加班回来抢车位像打仗。,讲究超高得房率（超85%），主卧套房必须配备独立步入式衣帽间与干湿分离双卫。,无需日常通勤，但要求30分钟内快捷通达凤凰机场或高铁站。,崇尚度假慢生活，清晨沙滩漫步，午后椰林下午茶，酷爱轻户外及后海冲浪。,名下持有一套旧两居，置换回款 65% + 个人理财储蓄补充 + 公积金商业贷,重性价比，不盲信大牌，但要求物业管理有序、绿化修剪及时、人防技防规范。,本地常住人口，四季生活规律，度假频次为常规年假出行。
三_2011_00484,三亚,2011,外地候鸟-华北,73,女,4.2,41.1,0.5,61.7,1,0,否,B,network,0.29,0.64,0.9,0.73,0.46,0.43,0.02,0,0.61,度假,一室一厅,100,3218,高校资深硕导,高知退休康养,三亚中环品质两居，车位及空间极其拥挤,老小区隔音差，邻里滋扰严重，且车位严重匮乏，每晚加班回来抢车位像打仗。,要求独立电梯入户，主次卧动线分明，配备独立保姆房和私密后院。,无需日常通勤，但要求30分钟内快捷通达凤凰机场或高铁站。,崇尚度假慢生活，清晨沙滩漫步，午后椰林下午茶，酷爱轻户外及后海冲浪。,名下持有一套旧两居，置换回款 65% + 个人理财储蓄补充 + 公积金商业贷,重性价比，不盲信大牌，但要求物业管理有序、绿化修剪及时、人防技防规范。,每年11月至次年3月到此度过漫长冬季，极其依赖周边的康养及适老化服务。
三_2011_00485,三亚,2011,外地候鸟-东北,63,女,1.9,15.2,0.5,22.9,2,0,否,C,network,0.44,0.69,0.95,0.82,0.5,0.52,0,0.1,0.55,度假,两室一厅,55,2088,哈尔滨私营物流老板,高知退休康养,与父母同住，三代人拥挤在旧区小户型老房中,老小区隔音差，邻里滋扰严重，且车位严重匮乏，每晚加班回来抢车位像打仗。,要求独立电梯入户，主次卧动线分明，配备独立保姆房和私密后院。,无需日常通勤，但要求30分钟内快捷通达凤凰机场或高铁站。,崇尚度假慢生活，清晨沙滩漫步，午后椰林下午茶，酷爱轻户外及后海冲浪。,名下持有一套旧两居，置换回款 65% + 个人理财储蓄补充 + 公积金商业贷,重性价比，不盲信大牌，但要求物业管理有序、绿化修剪及时、人防技防规范。,每年11月至次年3月到此度过漫长冬季，极其依赖周边的康养及适老化服务。
三_2011_00486,三亚,2011,外地候鸟-东北,64,女,3.4,19.0,0.5,28.6,3,1,否,C,network,0.6,0.42,1,0.82,0.51,0.54,0.01,0.06,0.49,度假,两室两厅,92,2391,哈尔滨高校退休处长,三口之家(学龄段),与父母同住，三代人拥挤在旧区小户型老房中,小区无地下车库且人车不分流，小孩在楼下玩耍或者推婴儿车极为不安全。,要求独立电梯入户，主次卧动线分明，配备独立保姆房和私密后院。,无需日常通勤，但要求30分钟内快捷通达凤凰机场或高铁站。,崇尚度假慢生活，清晨沙滩漫步，午后椰林下午茶，酷爱轻户外及后海冲浪。,名下持有一套旧两居，置换回款 65% + 个人理财储蓄补充 + 公积金商业贷,重性价比，不盲信大牌，但要求物业管理有序、绿化修剪及时、人防技防规范。,每年11月至次年3月到此度过漫长冬季，极其依赖周边的康养及适老化服务。
三_2011_00487,三亚,2011,度假投资,46,男,6.8,54.4,0.4,102.1,3,0,否,A,research,0.75,0.49,0.87,0.61,0.68,0.47,0.03,0,0.78,度假,一室一厅,70,9499,知名中医药连锁投资人,成熟期核心家庭,西湖边高精平层,无高端私密会所及管家式物业配套，圈层鱼龙混杂，高净值居住体验差。,要求有超大面宽南向双阳台（观景家政分离），主卧大飘窗能270度直面自然景观。,无需日常通勤，但要求30分钟内快捷通达凤凰机场或高铁站。,周末常去高端商圈消费，热衷打网球和马术，重度手冲咖啡及黑胶唱片发烧友。,名下已有企业股权套现或分红现金，一次性全款付清，基本不加杠杆,非仁恒、绿城、万科等金牌开发商不买，极度看重高端精装质量与顶级物业的增值口碑。,每年11月至次年3月到此度过漫长冬季，极其依赖周边的康养及适老化服务。
三_2011_00488,三亚,2011,外地候鸟-东北,77,女,3.7,25.1,0.5,37.7,3,0,否,C,network,0.43,0.73,0.9,0.8,0.36,0.68,0,0,0.43,养老,两室一厅,96,3054,哈尔滨私营物流老板,高知退休康养,与父母同住，三代人拥挤在旧区小户型老房中,老小区隔音差，邻里滋扰严重，且车位严重匮乏，每晚加班回来抢车位像打仗。,要求独立电梯入户，主次卧动线分明，配备独立保姆房和私密后院。,无需日常通勤，但要求30分钟内快捷通达凤凰机场或高铁站。,崇尚度假慢生活，清晨沙滩漫步，午后椰林下午茶，酷爱轻户外及后海冲浪。,名下持有一套旧两居，置换回款 65% + 个人理财储蓄补充 + 公积金商业贷,重性价比，不盲信大牌，但要求物业管理有序、绿化修剪及时、人防技防规范。,每年11月至次年3月到此度过漫长冬季，极其依赖周边的康养及适老化服务。
三_2011_00489,三亚,2011,度假投资,40,男,6.8,69.9,0.4,131.1,3,1,否,A,research,0.92,0.17,0.93,0.56,0.56,0.29,0.12,0,0.76,投资-短期,两室两厅,89,12330,上市公司退休联合创始人,三口之家(学龄段),陆家嘴核心区江景大平层,无高端私密会所及管家式物业配套，圈层鱼龙混杂，高净值居住体验差。,要求有超大面宽南向双阳台（观景家政分离），主卧大飘窗能270度直面自然景观。,无需日常通勤，但要求30分钟内快捷通达凤凰机场或高铁站。,周末常去高端商圈消费，热衷打网球和马术，重度手冲咖啡及黑胶唱片发烧友。,名下已有企业股权套现或分红现金，一次性全款付清，基本不加杠杆,非仁恒、绿城、万科等金牌开发商不买，极度看重高端精装质量与顶级物业的增值口碑。,每年11月至次年3月到此度过漫长冬季，极其依赖周边的康养及适老化服务。
三_2011_00490,三亚,2011,度假投资,54,男,7.2,66.8,0.4,125.3,4,1,否,A,research,0.82,0.36,0.86,0.66,0.62,0.51,0.03,0,0.81,投资-长持,两室两厅,67,9874,上市公司退休联合创始人,三口之家(学龄段),市中心私密洋房住宅,无高端私密会所及管家式物业配套，圈层鱼龙混杂，高净值居住体验差。,要求有超大面宽南向双阳台（观景家政分离），主卧大飘窗能270度直面自然景观。,无需日常通勤，但要求30分钟内快捷通达凤凰机场或高铁站。,周末常去高端商圈消费，热衷打网球和马术，重度手冲咖啡及黑胶唱片发烧友。,名下已有企业股权套现或分红现金，一次性全款付清，基本不加杠杆,非仁恒、绿城、万科等金牌开发商不买，极度看重高端精装质量与顶级物业的增值口碑。,每年11月至次年3月到此度过漫长冬季，极其依赖周边的康养及适老化服务。
三_2011_00491,三亚,2011,外地候鸟-华北,66,男,4.2,30.6,0.5,45.9,1,0,否,B,network,0.6,0.66,0.89,0.72,0.5,0.35,0.06,0.01,0.53,养老,两室一厅,62,4439,北京三甲医院退休教授,高知退休康养,三亚中环品质两居，车位及空间极其拥挤,老小区隔音差，邻里滋扰严重，且车位严重匮乏，每晚加班回来抢车位像打仗。,要求独立电梯入户，主次卧动线分明，配备独立保姆房和私密后院。,无需日常通勤，但要求30分钟内快捷通达凤凰机场或高铁站。,崇尚度假慢生活，清晨沙滩漫步，午后椰林下午茶，酷爱轻户外及后海冲浪。,名下持有一套旧两居，置换回款 65% + 个人理财储蓄补充 + 公积金商业贷,重性价比，不盲信大牌，但要求物业管理有序、绿化修剪及时、人防技防规范。,每年11月至次年3月到此度过漫长冬季，极其依赖周边的康养及适老化服务。
三_2011_00492,三亚,2011,外地候鸟-东北,64,男,3.1,24.4,0.5,36.6,2,0,否,C,network,0.12,0.47,1,0.78,0.42,0.5,0.08,0,0.44,度假,一室一厅,89,3494,哈尔滨私营物流老板,高知退休康养,与父母同住，三代人拥挤在旧区小户型老房中,老小区隔音差，邻里滋扰严重，且车位严重匮乏，每晚加班回来抢车位像打仗。,要求独立电梯入户，主次卧动线分明，配备独立保姆房和私密后院。,无需日常通勤，但要求30分钟内快捷通达凤凰机场或高铁站。,崇尚度假慢生活，清晨沙滩漫步，午后椰林下午茶，酷爱轻户外及后海冲浪。,名下持有一套旧两居，置换回款 65% + 个人理财储蓄补充 + 公积金商业贷,重性价比，不盲信大牌，但要求物业管理有序、绿化修剪及时、人防技防规范。,每年11月至次年3月到此度过漫长冬季，极其依赖周边的康养及适老化服务。
三_2011_00493,三亚,2011,本地改善,44,女,1.3,6.2,0.35,13.3,4,0,否,B,agent,0.84,0.56,0.56,0.43,0.43,0.75,0.47,0.72,0.44,自住-改善,两室一厅,77,1001,区级税务局一级主办,成熟期核心家庭,三亚中环品质两居，车位及空间极其拥挤,老小区隔音差，邻里滋扰严重，且车位严重匮乏，每晚加班回来抢车位像打仗。,讲究超高得房率（超85%），主卧套房必须配备独立步入式衣帽间与干湿分离双卫。,无需日常通勤，但要求30分钟内快捷通达凤凰机场或高铁站。,崇尚度假慢生活，清晨沙滩漫步，午后椰林下午茶，酷爱轻户外及后海冲浪。,名下持有一套旧两居，置换回款 65% + 个人理财储蓄补充 + 公积金商业贷,重性价比，不盲信大牌，但要求物业管理有序、绿化修剪及时、人防技防规范。,本地常住人口，四季生活规律，度假频次为常规年假出行。
三_2011_00494,三亚,2011,外地候鸟-东北,60,女,2.0,9.8,0.5,14.7,3,1,否,C,network,0.25,0.69,0.91,0.82,0.49,0.68,0,0.17,0.5,度假,一室一厅,68,1292,沈阳大型重工企业退休副厂长,三口之家(学龄段),与父母同住，三代人拥挤在旧区小户型老房中,小区无地下车库且人车不分流，小孩在楼下玩耍或者推婴儿车极为不安全。,要求独立电梯入户，主次卧动线分明，配备独立保姆房和私密后院。,无需日常通勤，但要求30分钟内快捷通达凤凰机场或高铁站。,崇尚度假慢生活，清晨沙滩漫步，午后椰林下午茶，酷爱轻户外及后海冲浪。,名下持有一套旧两居，置换回款 65% + 个人理财储蓄补充 + 公积金商业贷,重性价比，不盲信大牌，但要求物业管理有序、绿化修剪及时、人防技防规范。,每年11月至次年3月到此度过漫长冬季，极其依赖周边的康养及适老化服务。
三_2011_00495,三亚,2011,外地候鸟-华北,58,男,5.0,50.5,0.5,75.7,2,0,否,B,network,0.55,0.51,1,0.63,0.67,0.4,0.11,0,0.61,养老,一室一厅,50,13534,北京三甲医院退休教授,高知退休康养,三亚中环品质两居，车位及空间极其拥挤,老小区隔音差，邻里滋扰严重，且车位严重匮乏，每晚加班回来抢车位像打仗。,要求有超大面宽南向双阳台（观景家政分离），主卧大飘窗能270度直面自然景观。,无需日常通勤，但要求30分钟内快捷通达凤凰机场或高铁站。,崇尚度假慢生活，清晨沙滩漫步，午后椰林下午茶，酷爱轻户外及后海冲浪。,名下持有一套旧两居，置换回款 65% + 个人理财储蓄补充 + 公积金商业贷,重性价比，不盲信大牌，但要求物业管理有序、绿化修剪及时、人防技防规范。,每年11月至次年3月到此度过漫长冬季，极其依赖周边的康养及适老化服务。
三_2011_00496,三亚,2011,外地候鸟-东北,64,女,2.1,12.2,0.5,18.3,1,0,否,C,network,0.5,0.55,1,0.65,0.44,0.55,0.03,0.01,0.5,度假,一室一厅,69,1959,哈尔滨私营物流老板,高知退休康养,与父母同住，三代人拥挤在旧区小户型老房中,老小区隔音差，邻里滋扰严重，且车位严重匮乏，每晚加班回来抢车位像打仗。,要求有超大面宽南向双阳台（观景家政分离），主卧大飘窗能270度直面自然景观。,无需日常通勤，但要求30分钟内快捷通达凤凰机场或高铁站。,崇尚度假慢生活，清晨沙滩漫步，午后椰林下午茶，酷爱轻户外及后海冲浪。,名下持有一套旧两居，置换回款 65% + 个人理财储蓄补充 + 公积金商业贷,重性价比，不盲信大牌，但要求物业管理有序、绿化修剪及时、人防技防规范。,每年11月至次年3月到此度过漫长冬季，极其依赖周边的康养及适老化服务。
三_2011_00497,三亚,2011,外地候鸟-华北,63,男,2.4,17.1,0.5,25.6,2,0,否,B,network,0.39,0.47,0.96,0.73,0.7,0.54,0.01,0.03,0.64,养老,两室一厅,85,2399,高校资深硕导,高知退休康养,三亚中环品质两居，车位及空间极其拥挤,老小区隔音差，邻里滋扰严重，且车位严重匮乏，每晚加班回来抢车位像打仗。,要求独立电梯入户，主次卧动线分明，配备独立保姆房和私密后院。,无需日常通勤，但要求30分钟内快捷通达凤凰机场或高铁站。,崇尚度假慢生活，清晨沙滩漫步，午后椰林下午茶，酷爱轻户外及后海冲浪。,名下持有一套旧两居，置换回款 65% + 个人理财储蓄补充 + 公积金商业贷,重性价比，不盲信大牌，但要求物业管理有序、绿化修剪及时、人防技防规范。,每年11月至次年3月到此度过漫长冬季，极其依赖周边的康养及适老化服务。
三_2011_00498,三亚,2011,外地候鸟-华北,63,男,4.6,34.9,0.5,52.4,2,0,否,B,network,0.2,0.55,0.89,0.76,0.58,0.59,0.01,0.07,0.66,养老,一室一厅,62,4775,央企总部退休总工,高知退休康养,三亚中环品质两居，车位及空间极其拥挤,老小区隔音差，邻里滋扰严重，且车位严重匮乏，每晚加班回来抢车位像打仗。,要求独立电梯入户，主次卧动线分明，配备独立保姆房和私密后院。,无需日常通勤，但要求30分钟内快捷通达凤凰机场或高铁站。,崇尚度假慢生活，清晨沙滩漫步，午后椰林下午茶，酷爱轻户外及后海冲浪。,名下持有一套旧两居，置换回款 65% + 个人理财储蓄补充 + 公积金商业贷,重性价比，不盲信大牌，但要求物业管理有序、绿化修剪及时、人防技防规范。,每年11月至次年3月到此度过漫长冬季，极其依赖周边的康养及适老化服务。
三_2011_00499,三亚,2011,高净值康养,66,女,25.6,224.3,0.6,280.3,2,0,是,A,network,0.66,0.26,0.8,0.91,0.8,0.59,0.02,0,0.92,养老,三室一厅,140,13109,上市公司退休联合创始人,高知退休康养,市中心私密洋房住宅,当前房屋属于旧多层无电梯房，父母年纪渐高每天爬楼梯极为吃力。,要求独立电梯入户，主次卧动线分明，配备独立保姆房和私密后院。,无需日常通勤，但要求30分钟内快捷通达凤凰机场或高铁站。,周末常去高端商圈消费，热衷打网球和马术，重度手冲咖啡及黑胶唱片发烧友。,名下已有企业股权套现或分红现金，一次性全款付清，基本不加杠杆,非仁恒、绿城、万科等金牌开发商不买，极度看重高端精装质量与顶级物业的增值口碑。,本地常住人口，四季生活规律，度假频次为常规年假出行。
三_2011_00500,三亚,2011,本地改善,46,男,2.7,19.8,0.35,42.4,4,1,是,B,agent,0.78,0.55,0.71,0.46,0.22,0.89,0.48,0.78,0.49,自住-改善,两室两厅,100,2297,智能新能源车企研发骨干,三口之家(学龄段),三亚中环品质两居，车位及空间极其拥挤,小区无地下车库且人车不分流，小孩在楼下玩耍或者推婴儿车极为不安全。,要求有超大面宽南向双阳台（观景家政分离），主卧大飘窗能270度直面自然景观。,无需日常通勤，但要求30分钟内快捷通达凤凰机场或高铁站。,崇尚度假慢生活，清晨沙滩漫步，午后椰林下午茶，酷爱轻户外及后海冲浪。,名下持有一套旧两居，置换回款 65% + 个人理财储蓄补充 + 公积金商业贷,重性价比，不盲信大牌，但要求物业管理有序、绿化修剪及时、人防技防规范。,本地常住人口，四季生活规律，度假频次为常规年假出行。
三_2011_00501,三亚,2011,度假投资,36,女,7.4,81.6,0.4,153.1,2,1,否,A,research,0.54,0.43,1,0.49,0.61,0.47,0.09,0.06,0.77,度假,三室两厅,143,6221,上市公司退休联合创始人,三口之家(幼龄段),市中心私密洋房住宅,无高端私密会所及管家式物业配套，圈层鱼龙混杂，高净值居住体验差。,要求有超大面宽南向双阳台（观景家政分离），主卧大飘窗能270度直面自然景观。,无需日常通勤，但要求30分钟内快捷通达凤凰机场或高铁站。,周末常去高端商圈消费，热衷打网球和马术，重度手冲咖啡及黑胶唱片发烧友。,名下已有企业股权套现或分红现金，一次性全款付清，基本不加杠杆,非仁恒、绿城、万科等金牌开发商不买，极度看重高端精装质量与顶级物业的增值口碑。,每年11月至次年3月到此度过漫长冬季，极其依赖周边的康养及适老化服务。
三_2011_00502,三亚,2011,度假投资,42,女,8.9,90.4,0.4,169.5,3,1,否,A,research,0.96,0.38,0.8,0.66,0.58,0.44,0,0,0.61,投资-短期,三室两厅,132,9553,知名中医药连锁投资人,三口之家(学龄段),西湖边高精平层,无高端私密会所及管家式物业配套，圈层鱼龙混杂，高净值居住体验差。,要求有超大面宽南向双阳台（观景家政分离），主卧大飘窗能270度直面自然景观。,无需日常通勤，但要求30分钟内快捷通达凤凰机场或高铁站。,周末常去高端商圈消费，热衷打网球和马术，重度手冲咖啡及黑胶唱片发烧友。,名下已有企业股权套现或分红现金，一次性全款付清，基本不加杠杆,重性价比，不盲信大牌，但要求物业管理有序、绿化修剪及时、人防技防规范。,每年11月至次年3月到此度过漫长冬季，极其依赖周边的康养及适老化服务。
三_2011_00503,三亚,2011,本地改善,35,男,2.0,10.8,0.35,23.1,4,0,是,B,agent,0.58,0.52,0.55,0.56,0.43,0.67,0.64,0.74,0.48,自住-改善,两室两厅,86,2261,区级税务局一级主办,新婚过渡两居,三亚中环品质两居，车位及空间极其拥挤,当前房屋属于旧多层无电梯房，父母年纪渐高每天爬楼梯极为吃力。,核心要求地块属于第一梯队名校学区，且周边500米内解决幼小衔接教育配套。,无需日常通勤，但要求30分钟内快捷通达凤凰机场或高铁站。,崇尚度假慢生活，清晨沙滩漫步，午后椰林下午茶，酷爱轻户外及后海冲浪。,名下持有一套旧两居，置换回款 65% + 个人理财储蓄补充 + 公积金商业贷,重性价比，不盲信大牌，但要求物业管理有序、绿化修剪及时、人防技防规范。,本地常住人口，四季生活规律，度假频次为常规年假出行。
三_2011_00504,三亚,2011,外地候鸟-华北,72,女,4.1,26.9,0.5,40.4,2,0,否,B,network,0.34,0.6,0.76,0.76,0.62,0.51,0.1,0,0.5,养老,一室一厅,55,6243,央企总部退休总工,高知退休康养,三亚中环品质两居，车位及空间极其拥挤,老小区隔音差，邻里滋扰严重，且车位严重匮乏，每晚加班回来抢车位像打仗。,要求独立电梯入户，主次卧动线分明，配备独立保姆房和私密后院。,无需日常通勤，但要求30分钟内快捷通达凤凰机场或高铁站。,崇尚度假慢生活，清晨沙滩漫步，午后椰林下午茶，酷爱轻户外及后海冲浪。,名下持有一套旧两居，置换回款 65% + 个人理财储蓄补充 + 公积金商业贷,重性价比，不盲信大牌，但要求物业管理有序、绿化修剪及时、人防技防规范。,每年11月至次年3月到此度过漫长冬季，极其依赖周边的康养及适老化服务。
三_2011_00505,三亚,2011,外地候鸟-东北,67,女,3.7,33.5,0.5,50.2,2,0,否,C,network,0.15,0.77,0.99,0.79,0.37,0.55,0.05,0.03,0.47,度假,一室一厅,70,5458,哈尔滨私营物流老板,高知退休康养,与父母同住，三代人拥挤在旧区小户型老房中,老小区隔音差，邻里滋扰严重，且车位严重匮乏，每晚加班回来抢车位像打仗。,要求独立电梯入户，主次卧动线分明，配备独立保姆房和私密后院。,无需日常通勤，但要求30分钟内快捷通达凤凰机场或高铁站。,崇尚度假慢生活，清晨沙滩漫步，午后椰林下午茶，酷爱轻户外及后海冲浪。,名下持有一套旧两居，置换回款 65% + 个人理财储蓄补充 + 公积金商业贷,重性价比，不盲信大牌，但要求物业管理有序、绿化修剪及时、人防技防规范。,每年11月至次年3月到此度过漫长冬季，极其依赖周边的康养及适老化服务。
三_2011_00506,三亚,2011,度假投资,35,女,2.9,29.7,0.4,55.7,3,2,否,A,research,1,0.37,0.86,0.63,0.43,0.64,0,0.0,0.75,投资-长持,两室一厅,72,4807,知名中医药连锁投资人,二胎黄金期中大户型,西湖边高精平层,无高端私密会所及管家式物业配套，圈层鱼龙混杂，高净值居住体验差。,要求有超大面宽南向双阳台（观景家政分离），主卧大飘窗能270度直面自然景观。,无需日常通勤，但要求30分钟内快捷通达凤凰机场或高铁站。,周末常去高端商圈消费，热衷打网球和马术，重度手冲咖啡及黑胶唱片发烧友。,名下已有企业股权套现或分红现金，一次性全款付清，基本不加杠杆,非仁恒、绿城、万科等金牌开发商不买，极度看重高端精装质量与顶级物业的增值口碑。,每年11月至次年3月到此度过漫长冬季，极其依赖周边的康养及适老化服务。
三_2011_00507,三亚,2011,度假投资,52,男,8.4,68.9,0.4,129.1,3,2,否,A,research,0.78,0.55,0.99,0.59,0.5,0.55,0.04,0,0.7,投资-短期,两室一厅,62,11797,知名中医药连锁投资人,二胎黄金期中大户型,陆家嘴核心区江景大平层,无高端私密会所及管家式物业配套，圈层鱼龙混杂，高净值居住体验差。,要求有超大面宽南向双阳台（观景家政分离），主卧大飘窗能270度直面自然景观。,无需日常通勤，但要求30分钟内快捷通达凤凰机场或高铁站。,周末常去高端商圈消费，热衷打网球和马术，重度手冲咖啡及黑胶唱片发烧友。,名下已有企业股权套现或分红现金，一次性全款付清，基本不加杠杆,非仁恒、绿城、万科等金牌开发商不买，极度看重高端精装质量与顶级物业的增值口碑。,每年11月至次年3月到此度过漫长冬季，极其依赖周边的康养及适老化服务。
三_2011_00508,三亚,2011,外地候鸟-东北,62,男,1.7,12.8,0.5,19.1,2,0,否,C,network,0.35,0.61,0.82,0.73,0.47,0.5,0,0.04,0.51,养老,两室两厅,61,2084,哈尔滨私营物流老板,高知退休康养,与父母同住，三代人拥挤在旧区小户型老房中,老小区隔音差，邻里滋扰严重，且车位严重匮乏，每晚加班回来抢车位像打仗。,要求独立电梯入户，主次卧动线分明，配备独立保姆房和私密后院。,无需日常通勤，但要求30分钟内快捷通达凤凰机场或高铁站。,崇尚度假慢生活，清晨沙滩漫步，午后椰林下午茶，酷爱轻户外及后海冲浪。,名下持有一套旧两居，置换回款 65% + 个人理财储蓄补充 + 公积金商业贷,重性价比，不盲信大牌，但要求物业管理有序、绿化修剪及时、人防技防规范。,每年11月至次年3月到此度过漫长冬季，极其依赖周边的康养及适老化服务。
三_2011_00509,三亚,2011,本地改善,48,男,1.4,8.2,0.35,17.5,4,2,是,B,agent,1,0.57,0.57,0.56,0.31,0.69,0.57,0.77,0.4,自住-改善,两室两厅,66,2324,国企中层管理,二胎黄金期中大户型,三亚中环品质两居，车位及空间极其拥挤,小区无地下车库且人车不分流，小孩在楼下玩耍或者推婴儿车极为不安全。,核心要求地块属于第一梯队名校学区，且周边500米内解决幼小衔接教育配套。,无需日常通勤，但要求30分钟内快捷通达凤凰机场或高铁站。,崇尚度假慢生活，清晨沙滩漫步，午后椰林下午茶，酷爱轻户外及后海冲浪。,名下持有一套旧两居，置换回款 65% + 个人理财储蓄补充 + 公积金商业贷,重性价比，不盲信大牌，但要求物业管理有序、绿化修剪及时、人防技防规范。,本地常住人口，四季生活规律，度假频次为常规年假出行。
三_2011_00510,三亚,2011,外地候鸟-东北,66,女,4.3,28.5,0.5,42.8,2,0,否,C,network,0.45,0.57,1,0.79,0.59,0.45,0,0.12,0.64,度假,两室两厅,86,2862,哈尔滨高校退休处长,高知退休康养,与父母同住，三代人拥挤在旧区小户型老房中,老小区隔音差，邻里滋扰严重，且车位严重匮乏，每晚加班回来抢车位像打仗。,要求独立电梯入户，主次卧动线分明，配备独立保姆房和私密后院。,无需日常通勤，但要求30分钟内快捷通达凤凰机场或高铁站。,崇尚度假慢生活，清晨沙滩漫步，午后椰林下午茶，酷爱轻户外及后海冲浪。,名下持有一套旧两居，置换回款 65% + 个人理财储蓄补充 + 公积金商业贷,重性价比，不盲信大牌，但要求物业管理有序、绿化修剪及时、人防技防规范。,每年11月至次年3月到此度过漫长冬季，极其依赖周边的康养及适老化服务。
三_2011_00511,三亚,2011,度假投资,37,男,12.0,98.1,0.4,183.9,4,1,否,A,research,0.73,0.38,0.74,0.75,0.44,0.5,0.1,0,0.71,投资-长持,三室一厅,114,9346,上市公司退休联合创始人,三口之家(幼龄段),市中心私密洋房住宅,无高端私密会所及管家式物业配套，圈层鱼龙混杂，高净值居住体验差。,要求独立电梯入户，主次卧动线分明，配备独立保姆房和私密后院。,无需日常通勤，但要求30分钟内快捷通达凤凰机场或高铁站。,周末常去高端商圈消费，热衷打网球和马术，重度手冲咖啡及黑胶唱片发烧友。,名下已有企业股权套现或分红现金，一次性全款付清，基本不加杠杆,非仁恒、绿城、万科等金牌开发商不买，极度看重高端精装质量与顶级物业的增值口碑。,每年11月至次年3月到此度过漫长冬季，极其依赖周边的康养及适老化服务。
三_2011_00512,三亚,2011,外地候鸟-西北,63,女,1.4,9.0,0.5,13.5,2,0,否,C,network,0.29,0.66,0.89,0.59,0.41,0.51,0.07,0.02,0.41,养老,两室两厅,67,1398,兰州煤炭物流运输企业主,高知退休康养,与父母同住，三代人拥挤在旧区小户型老房中,老小区隔音差，邻里滋扰严重，且车位严重匮乏，每晚加班回来抢车位像打仗。,要求有超大面宽南向双阳台（观景家政分离），主卧大飘窗能270度直面自然景观。,无需日常通勤，但要求30分钟内快捷通达凤凰机场或高铁站。,崇尚度假慢生活，清晨沙滩漫步，午后椰林下午茶，酷爱轻户外及后海冲浪。,名下持有一套旧两居，置换回款 65% + 个人理财储蓄补充 + 公积金商业贷,重性价比，不盲信大牌，但要求物业管理有序、绿化修剪及时、人防技防规范。,每年11月至次年3月到此度过漫长冬季，极其依赖周边的康养及适老化服务。
三_2011_00513,三亚,2011,外地候鸟-东北,72,男,2.5,13.9,0.5,20.9,2,0,否,C,network,0.16,0.53,0.9,0.69,0.62,0.49,0.03,0.08,0.63,度假,一室一厅,63,1947,沈阳大型重工企业退休副厂长,高知退休康养,与父母同住，三代人拥挤在旧区小户型老房中,老小区隔音差，邻里滋扰严重，且车位严重匮乏，每晚加班回来抢车位像打仗。,要求有超大面宽南向双阳台（观景家政分离），主卧大飘窗能270度直面自然景观。,无需日常通勤，但要求30分钟内快捷通达凤凰机场或高铁站。,崇尚度假慢生活，清晨沙滩漫步，午后椰林下午茶，酷爱轻户外及后海冲浪。,名下持有一套旧两居，置换回款 65% + 个人理财储蓄补充 + 公积金商业贷,重性价比，不盲信大牌，但要求物业管理有序、绿化修剪及时、人防技防规范。,每年11月至次年3月到此度过漫长冬季，极其依赖周边的康养及适老化服务。
三_2011_00514,三亚,2011,度假投资,46,男,11.5,126.3,0.4,236.9,2,1,否,A,research,0.79,0.49,0.99,0.48,0.58,0.43,0,0,0.8,度假,两室两厅,133,11764,上市公司退休联合创始人,三口之家(学龄段),西湖边高精平层,无高端私密会所及管家式物业配套，圈层鱼龙混杂，高净值居住体验差。,要求有超大面宽南向双阳台（观景家政分离），主卧大飘窗能270度直面自然景观。,无需日常通勤，但要求30分钟内快捷通达凤凰机场或高铁站。,周末常去高端商圈消费，热衷打网球和马术，重度手冲咖啡及黑胶唱片发烧友。,名下已有企业股权套现或分红现金，一次性全款付清，基本不加杠杆,非仁恒、绿城、万科等金牌开发商不买，极度看重高端精装质量与顶级物业的增值口碑。,每年11月至次年3月到此度过漫长冬季，极其依赖周边的康养及适老化服务。
三_2011_00515,三亚,2011,本地改善,37,男,3.0,18.5,0.35,39.6,5,2,否,B,agent,0.73,0.31,0.58,0.61,0.28,0.54,0.56,0.65,0.33,自住-改善,两室一厅,66,5204,区级税务局一级主办,二胎黄金期中大户型,三亚中环品质两居，车位及空间极其拥挤,小区无地下车库且人车不分流，小孩在楼下玩耍或者推婴儿车极为不安全。,要求采光通透，全明户型，带多功能嵌入式收纳墙以最大化空间利用。,无需日常通勤，但要求30分钟内快捷通达凤凰机场或高铁站。,崇尚度假慢生活，清晨沙滩漫步，午后椰林下午茶，酷爱轻户外及后海冲浪。,名下持有一套旧两居，置换回款 65% + 个人理财储蓄补充 + 公积金商业贷,重性价比，不盲信大牌，但要求物业管理有序、绿化修剪及时、人防技防规范。,本地常住人口，四季生活规律，度假频次为常规年假出行。
三_2011_00516,三亚,2011,本地改善,48,男,2.9,18.3,0.35,39.2,3,0,否,B,agent,0.72,0.43,0.58,0.54,0.4,0.65,0.51,0.59,0.34,自住-改善,两室一厅,85,3946,国企中层管理,成熟期核心家庭,三亚中环品质两居，车位及空间极其拥挤,老小区隔音差，邻里滋扰严重，且车位严重匮乏，每晚加班回来抢车位像打仗。,要求采光通透，全明户型，带多功能嵌入式收纳墙以最大化空间利用。,无需日常通勤，但要求30分钟内快捷通达凤凰机场或高铁站。,崇尚度假慢生活，清晨沙滩漫步，午后椰林下午茶，酷爱轻户外及后海冲浪。,名下持有一套旧两居，置换回款 65% + 个人理财储蓄补充 + 公积金商业贷,重性价比，不盲信大牌，但要求物业管理有序、绿化修剪及时、人防技防规范。,本地常住人口，四季生活规律，度假频次为常规年假出行。
三_2011_00517,三亚,2011,外地候鸟-东北,73,女,3.4,24.7,0.5,37.1,2,0,否,C,network,0.33,0.57,0.94,0.73,0.52,0.4,0.09,0.03,0.63,养老,两室两厅,60,4670,哈尔滨私营物流老板,高知退休康养,与父母同住，三代人拥挤在旧区小户型老房中,老小区隔音差，邻里滋扰严重，且车位严重匮乏，每晚加班回来抢车位像打仗。,要求独立电梯入户，主次卧动线分明，配备独立保姆房和私密后院。,无需日常通勤，但要求30分钟内快捷通达凤凰机场或高铁站。,崇尚度假慢生活，清晨沙滩漫步，午后椰林下午茶，酷爱轻户外及后海冲浪。,名下持有一套旧两居，置换回款 65% + 个人理财储蓄补充 + 公积金商业贷,重性价比，不盲信大牌，但要求物业管理有序、绿化修剪及时、人防技防规范。,每年11月至次年3月到此度过漫长冬季，极其依赖周边的康养及适老化服务。
三_2011_00518,三亚,2011,本地改善,34,男,2.9,20.9,0.35,44.8,4,0,是,B,agent,0.61,0.54,0.68,0.4,0.5,0.76,0.48,0.86,0.35,自住-改善,两室一厅,64,6092,智能新能源车企研发骨干,新婚过渡两居,三亚中环品质两居，车位及空间极其拥挤,当前房屋属于旧多层无电梯房，父母年纪渐高每天爬楼梯极为吃力。,讲究超高得房率（超85%），主卧套房必须配备独立步入式衣帽间与干湿分离双卫。,无需日常通勤，但要求30分钟内快捷通达凤凰机场或高铁站。,崇尚度假慢生活，清晨沙滩漫步，午后椰林下午茶，酷爱轻户外及后海冲浪。,名下持有一套旧两居，置换回款 65% + 个人理财储蓄补充 + 公积金商业贷,重性价比，不盲信大牌，但要求物业管理有序、绿化修剪及时、人防技防规范。,本地常住人口，四季生活规律，度假频次为常规年假出行。
三_2011_00519,三亚,2011,外地候鸟-华北,67,女,2.4,22.9,0.5,34.3,2,1,否,B,network,0.66,0.59,0.95,0.73,0.7,0.47,0.15,0,0.57,养老,两室两厅,89,1956,央企总部退休总工,三口之家(学龄段),三亚中环品质两居，车位及空间极其拥挤,小区无地下车库且人车不分流，小孩在楼下玩耍或者推婴儿车极为不安全。,要求独立电梯入户，主次卧动线分明，配备独立保姆房和私密后院。,无需日常通勤，但要求30分钟内快捷通达凤凰机场或高铁站。,崇尚度假慢生活，清晨沙滩漫步，午后椰林下午茶，酷爱轻户外及后海冲浪。,名下持有一套旧两居，置换回款 65% + 个人理财储蓄补充 + 公积金商业贷,重性价比，不盲信大牌，但要求物业管理有序、绿化修剪及时、人防技防规范。,每年11月至次年3月到此度过漫长冬季，极其依赖周边的康养及适老化服务。
三_2011_00520,三亚,2011,度假投资,50,女,8.4,59.2,0.4,111.1,3,0,否,A,research,0.51,0.52,0.93,0.55,0.69,0.55,0,0,0.85,度假,一室一厅,82,11726,知名中医药连锁投资人,成熟期核心家庭,市中心私密洋房住宅,无高端私密会所及管家式物业配套，圈层鱼龙混杂，高净值居住体验差。,要求有超大面宽南向双阳台（观景家政分离），主卧大飘窗能270度直面自然景观。,无需日常通勤，但要求30分钟内快捷通达凤凰机场或高铁站。,周末常去高端商圈消费，热衷打网球和马术，重度手冲咖啡及黑胶唱片发烧友。,名下已有企业股权套现或分红现金，一次性全款付清，基本不加杠杆,非仁恒、绿城、万科等金牌开发商不买，极度看重高端精装质量与顶级物业的增值口碑。,每年11月至次年3月到此度过漫长冬季，极其依赖周边的康养及适老化服务。
三_2011_00521,三亚,2011,本地改善,30,女,2.5,19.1,0.35,40.9,3,1,是,B,agent,0.72,0.53,0.44,0.45,0.32,0.76,0.45,0.79,0.44,自住-改善,两室两厅,69,5060,智能新能源车企研发骨干,三口之家(幼龄段),三亚中环品质两居，车位及空间极其拥挤,小区无地下车库且人车不分流，小孩在楼下玩耍或者推婴儿车极为不安全。,讲究超高得房率（超85%），主卧套房必须配备独立步入式衣帽间与干湿分离双卫。,无需日常通勤，但要求30分钟内快捷通达凤凰机场或高铁站。,崇尚度假慢生活，清晨沙滩漫步，午后椰林下午茶，酷爱轻户外及后海冲浪。,名下持有一套旧两居，置换回款 65% + 个人理财储蓄补充 + 公积金商业贷,重性价比，不盲信大牌，但要求物业管理有序、绿化修剪及时、人防技防规范。,本地常住人口，四季生活规律，度假频次为常规年假出行。
三_2011_00522,三亚,2011,高净值康养,52,女,21.9,330.8,0.6,413.5,2,0,否,A,network,0.67,0.25,1,0.92,0.92,0.64,0,0.01,0.87,度假,三室两厅,198,16879,高端海景资产收藏家,成熟期核心家庭,市中心私密洋房住宅,无高端私密会所及管家式物业配套，圈层鱼龙混杂，高净值居住体验差。,要求独立电梯入户，主次卧动线分明，配备独立保姆房和私密后院。,无需日常通勤，但要求30分钟内快捷通达凤凰机场或高铁站。,周末常去高端商圈消费，热衷打网球和马术，重度手冲咖啡及黑胶唱片发烧友。,名下已有企业股权套现或分红现金，一次性全款付清，基本不加杠杆,非仁恒、绿城、万科等金牌开发商不买，极度看重高端精装质量与顶级物业的增值口碑。,本地常住人口，四季生活规律，度假频次为常规年假出行。
三_2011_00523,三亚,2011,度假投资,43,男,8.4,108.4,0.4,203.3,4,0,否,A,research,0.85,0.39,0.64,0.63,0.46,0.43,0,0,0.79,投资-短期,三室两厅,147,9848,高端海景资产收藏家,成熟期核心家庭,西湖边高精平层,无高端私密会所及管家式物业配套，圈层鱼龙混杂，高净值居住体验差。,要求采光通透，全明户型，带多功能嵌入式收纳墙以最大化空间利用。,无需日常通勤，但要求30分钟内快捷通达凤凰机场或高铁站。,周末常去高端商圈消费，热衷打网球和马术，重度手冲咖啡及黑胶唱片发烧友。,名下已有企业股权套现或分红现金，一次性全款付清，基本不加杠杆,非仁恒、绿城、万科等金牌开发商不买，极度看重高端精装质量与顶级物业的增值口碑。,每年11月至次年3月到此度过漫长冬季，极其依赖周边的康养及适老化服务。
三_2011_00524,三亚,2011,高净值康养,62,女,18.8,264.1,0.6,330.2,1,0,否,A,network,0.57,0.21,0.94,0.99,0.85,0.64,0.09,0.08,0.93,养老,四室两厅,141,19354,知名中医药连锁投资人,高知退休康养,陆家嘴核心区江景大平层,无高端私密会所及管家式物业配套，圈层鱼龙混杂，高净值居住体验差。,要求独立电梯入户，主次卧动线分明，配备独立保姆房和私密后院。,无需日常通勤，但要求30分钟内快捷通达凤凰机场或高铁站。,周末常去高端商圈消费，热衷打网球和马术，重度手冲咖啡及黑胶唱片发烧友。,名下已有企业股权套现或分红现金，一次性全款付清，基本不加杠杆,非仁恒、绿城、万科等金牌开发商不买，极度看重高端精装质量与顶级物业的增值口碑。,本地常住人口，四季生活规律，度假频次为常规年假出行。
三_2011_00525,三亚,2011,外地候鸟-华北,57,男,4.3,37.9,0.5,56.9,3,0,否,B,network,0.61,0.63,0.89,0.55,0.65,0.49,0.02,0,0.61,养老,两室两厅,62,4959,央企总部退休总工,高知退休康养,三亚中环品质两居，车位及空间极其拥挤,老小区隔音差，邻里滋扰严重，且车位严重匮乏，每晚加班回来抢车位像打仗。,要求有超大面宽南向双阳台（观景家政分离），主卧大飘窗能270度直面自然景观。,无需日常通勤，但要求30分钟内快捷通达凤凰机场或高铁站。,崇尚度假慢生活，清晨沙滩漫步，午后椰林下午茶，酷爱轻户外及后海冲浪。,名下持有一套旧两居，置换回款 65% + 个人理财储蓄补充 + 公积金商业贷,重性价比，不盲信大牌，但要求物业管理有序、绿化修剪及时、人防技防规范。,每年11月至次年3月到此度过漫长冬季，极其依赖周边的康养及适老化服务。
三_2011_00526,三亚,2011,本地改善,45,男,2.8,16.4,0.35,35.0,4,1,否,B,agent,0.61,0.58,0.5,0.64,0.39,0.89,0.64,0.72,0.42,自住-改善,两室两厅,86,2376,区级税务局一级主办,三口之家(学龄段),三亚中环品质两居，车位及空间极其拥挤,小区无地下车库且人车不分流，小孩在楼下玩耍或者推婴儿车极为不安全。,讲究超高得房率（超85%），主卧套房必须配备独立步入式衣帽间与干湿分离双卫。,无需日常通勤，但要求30分钟内快捷通达凤凰机场或高铁站。,崇尚度假慢生活，清晨沙滩漫步，午后椰林下午茶，酷爱轻户外及后海冲浪。,名下持有一套旧两居，置换回款 65% + 个人理财储蓄补充 + 公积金商业贷,重性价比，不盲信大牌，但要求物业管理有序、绿化修剪及时、人防技防规范。,本地常住人口，四季生活规律，度假频次为常规年假出行。
三_2011_00527,三亚,2011,度假投资,37,男,6.9,51.8,0.4,97.2,2,1,否,A,research,0.97,0.4,0.81,0.64,0.52,0.34,0,0,0.87,投资-短期,两室两厅,84,8799,知名中医药连锁投资人,三口之家(幼龄段),市中心私密洋房住宅,无高端私密会所及管家式物业配套，圈层鱼龙混杂，高净值居住体验差。,要求有超大面宽南向双阳台（观景家政分离），主卧大飘窗能270度直面自然景观。,无需日常通勤，但要求30分钟内快捷通达凤凰机场或高铁站。,周末常去高端商圈消费，热衷打网球和马术，重度手冲咖啡及黑胶唱片发烧友。,名下已有企业股权套现或分红现金，一次性全款付清，基本不加杠杆,非仁恒、绿城、万科等金牌开发商不买，极度看重高端精装质量与顶级物业的增值口碑。,每年11月至次年3月到此度过漫长冬季，极其依赖周边的康养及适老化服务。
三_2011_00528,三亚,2011,本地改善,33,男,2.1,10.8,0.35,23.1,4,1,是,B,agent,0.95,0.67,0.45,0.51,0.29,0.64,0.43,0.72,0.48,自住-改善,一室一厅,95,1722,三甲医院主治医师,三口之家(幼龄段),三亚中环品质两居，车位及空间极其拥挤,小区无地下车库且人车不分流，小孩在楼下玩耍或者推婴儿车极为不安全。,核心要求地块属于第一梯队名校学区，且周边500米内解决幼小衔接教育配套。,无需日常通勤，但要求30分钟内快捷通达凤凰机场或高铁站。,崇尚度假慢生活，清晨沙滩漫步，午后椰林下午茶，酷爱轻户外及后海冲浪。,名下持有一套旧两居，置换回款 65% + 个人理财储蓄补充 + 公积金商业贷,重性价比，不盲信大牌，但要求物业管理有序、绿化修剪及时、人防技防规范。,本地常住人口，四季生活规律，度假频次为常规年假出行。
三_2011_00529,三亚,2011,本地改善,42,女,1.5,10.5,0.35,22.6,3,1,否,B,agent,0.82,0.72,0.64,0.43,0.4,0.78,0.58,0.72,0.46,自住-改善,两室一厅,93,1932,区级税务局一级主办,三口之家(学龄段),三亚中环品质两居，车位及空间极其拥挤,小区无地下车库且人车不分流，小孩在楼下玩耍或者推婴儿车极为不安全。,讲究超高得房率（超85%），主卧套房必须配备独立步入式衣帽间与干湿分离双卫。,无需日常通勤，但要求30分钟内快捷通达凤凰机场或高铁站。,崇尚度假慢生活，清晨沙滩漫步，午后椰林下午茶，酷爱轻户外及后海冲浪。,名下持有一套旧两居，置换回款 65% + 个人理财储蓄补充 + 公积金商业贷,重性价比，不盲信大牌，但要求物业管理有序、绿化修剪及时、人防技防规范。,本地常住人口，四季生活规律，度假频次为常规年假出行。
三_2011_00530,三亚,2011,本地改善,47,男,1.9,9.5,0.35,20.4,4,1,否,B,agent,0.8,0.36,0.71,0.41,0.4,0.62,0.43,0.71,0.43,自住-改善,两室两厅,67,1842,重点中学高级教师,三口之家(学龄段),三亚中环品质两居，车位及空间极其拥挤,小区无地下车库且人车不分流，小孩在楼下玩耍或者推婴儿车极为不安全。,要求有超大面宽南向双阳台（观景家政分离），主卧大飘窗能270度直面自然景观。,无需日常通勤，但要求30分钟内快捷通达凤凰机场或高铁站。,崇尚度假慢生活，清晨沙滩漫步，午后椰林下午茶，酷爱轻户外及后海冲浪。,名下持有一套旧两居，置换回款 65% + 个人理财储蓄补充 + 公积金商业贷,重性价比，不盲信大牌，但要求物业管理有序、绿化修剪及时、人防技防规范。,本地常住人口，四季生活规律，度假频次为常规年假出行。
三_2011_00531,三亚,2011,本地改善,33,女,1.8,8.2,0.35,17.7,3,1,否,B,agent,0.88,0.6,0.56,0.57,0.32,0.88,0.41,0.63,0.56,自住-改善,两室两厅,55,2045,三甲医院主治医师,三口之家(幼龄段),三亚中环品质两居，车位及空间极其拥挤,小区无地下车库且人车不分流，小孩在楼下玩耍或者推婴儿车极为不安全。,讲究超高得房率（超85%），主卧套房必须配备独立步入式衣帽间与干湿分离双卫。,无需日常通勤，但要求30分钟内快捷通达凤凰机场或高铁站。,崇尚度假慢生活，清晨沙滩漫步，午后椰林下午茶，酷爱轻户外及后海冲浪。,名下持有一套旧两居，置换回款 65% + 个人理财储蓄补充 + 公积金商业贷,重性价比，不盲信大牌，但要求物业管理有序、绿化修剪及时、人防技防规范。,本地常住人口，四季生活规律，度假频次为常规年假出行。
三_2011_00532,三亚,2011,本地改善,40,女,3.2,14.6,0.35,31.2,4,1,否,B,agent,0.95,0.6,0.46,0.48,0.39,0.91,0.64,0.76,0.44,自住-改善,一室一厅,57,3378,重点中学高级教师,三口之家(学龄段),三亚中环品质两居，车位及空间极其拥挤,小区无地下车库且人车不分流，小孩在楼下玩耍或者推婴儿车极为不安全。,讲究超高得房率（超85%），主卧套房必须配备独立步入式衣帽间与干湿分离双卫。,无需日常通勤，但要求30分钟内快捷通达凤凰机场或高铁站。,崇尚度假慢生活，清晨沙滩漫步，午后椰林下午茶，酷爱轻户外及后海冲浪。,名下持有一套旧两居，置换回款 65% + 个人理财储蓄补充 + 公积金商业贷,重性价比，不盲信大牌，但要求物业管理有序、绿化修剪及时、人防技防规范。,本地常住人口，四季生活规律，度假频次为常规年假出行。
三_2011_00533,三亚,2011,外地候鸟-华北,57,女,5.2,41.8,0.5,62.7,2,0,否,B,network,0.52,0.72,0.94,0.62,0.56,0.5,0,0,0.49,度假,两室两厅,88,5670,北京三甲医院退休教授,高知退休康养,三亚中环品质两居，车位及空间极其拥挤,老小区隔音差，邻里滋扰严重，且车位严重匮乏，每晚加班回来抢车位像打仗。,要求有超大面宽南向双阳台（观景家政分离），主卧大飘窗能270度直面自然景观。,无需日常通勤，但要求30分钟内快捷通达凤凰机场或高铁站。,崇尚度假慢生活，清晨沙滩漫步，午后椰林下午茶，酷爱轻户外及后海冲浪。,名下持有一套旧两居，置换回款 65% + 个人理财储蓄补充 + 公积金商业贷,重性价比，不盲信大牌，但要求物业管理有序、绿化修剪及时、人防技防规范。,每年11月至次年3月到此度过漫长冬季，极其依赖周边的康养及适老化服务。
三_2011_00534,三亚,2011,外地候鸟-华北,69,女,5.2,38.4,0.5,57.7,3,0,否,B,network,0.58,0.48,1,0.65,0.73,0.34,0,0.09,0.5,度假,两室一厅,80,4970,央企总部退休总工,高知退休康养,三亚中环品质两居，车位及空间极其拥挤,老小区隔音差，邻里滋扰严重，且车位严重匮乏，每晚加班回来抢车位像打仗。,要求有超大面宽南向双阳台（观景家政分离），主卧大飘窗能270度直面自然景观。,无需日常通勤，但要求30分钟内快捷通达凤凰机场或高铁站。,崇尚度假慢生活，清晨沙滩漫步，午后椰林下午茶，酷爱轻户外及后海冲浪。,名下持有一套旧两居，置换回款 65% + 个人理财储蓄补充 + 公积金商业贷,重性价比，不盲信大牌，但要求物业管理有序、绿化修剪及时、人防技防规范。,每年11月至次年3月到此度过漫长冬季，极其依赖周边的康养及适老化服务。
三_2011_00535,三亚,2011,本地改善,30,女,2.6,19.0,0.35,40.7,5,0,是,B,agent,0.61,0.57,0.55,0.57,0.29,0.71,0.4,0.78,0.53,自住-改善,两室一厅,64,5675,区级税务局一级主办,新婚过渡两居,三亚中环品质两居，车位及空间极其拥挤,当前房屋属于旧多层无电梯房，父母年纪渐高每天爬楼梯极为吃力。,讲究超高得房率（超85%），主卧套房必须配备独立步入式衣帽间与干湿分离双卫。,无需日常通勤，但要求30分钟内快捷通达凤凰机场或高铁站。,崇尚度假慢生活，清晨沙滩漫步，午后椰林下午茶，酷爱轻户外及后海冲浪。,名下持有一套旧两居，置换回款 65% + 个人理财储蓄补充 + 公积金商业贷,重性价比，不盲信大牌，但要求物业管理有序、绿化修剪及时、人防技防规范。,本地常住人口，四季生活规律，度假频次为常规年假出行。
三_2011_00536,三亚,2011,外地候鸟-西北,74,男,2.4,22.1,0.5,33.2,2,0,否,C,network,0.33,0.66,0.91,0.55,0.51,0.46,0.08,0.03,0.31,度假,两室一厅,83,2661,兰州煤炭物流运输企业主,高知退休康养,与父母同住，三代人拥挤在旧区小户型老房中,老小区隔音差，邻里滋扰严重，且车位严重匮乏，每晚加班回来抢车位像打仗。,要求有超大面宽南向双阳台（观景家政分离），主卧大飘窗能270度直面自然景观。,无需日常通勤，但要求30分钟内快捷通达凤凰机场或高铁站。,崇尚度假慢生活，清晨沙滩漫步，午后椰林下午茶，酷爱轻户外及后海冲浪。,名下持有一套旧两居，置换回款 65% + 个人理财储蓄补充 + 公积金商业贷,重性价比，不盲信大牌，但要求物业管理有序、绿化修剪及时、人防技防规范。,每年11月至次年3月到此度过漫长冬季，极其依赖周边的康养及适老化服务。
三_2011_00537,三亚,2011,度假投资,47,女,10.7,129.1,0.4,242.0,3,1,否,A,research,0.94,0.43,0.71,0.55,0.55,0.39,0.04,0.12,0.63,投资-短期,三室一厅,94,21251,高端海景资产收藏家,三口之家(学龄段),市中心私密洋房住宅,无高端私密会所及管家式物业配套，圈层鱼龙混杂，高净值居住体验差。,要求有超大面宽南向双阳台（观景家政分离），主卧大飘窗能270度直面自然景观。,无需日常通勤，但要求30分钟内快捷通达凤凰机场或高铁站。,周末常去高端商圈消费，热衷打网球和马术，重度手冲咖啡及黑胶唱片发烧友。,名下已有企业股权套现或分红现金，一次性全款付清，基本不加杠杆,重性价比，不盲信大牌，但要求物业管理有序、绿化修剪及时、人防技防规范。,每年11月至次年3月到此度过漫长冬季，极其依赖周边的康养及适老化服务。
三_2011_00538,三亚,2011,外地候鸟-西北,57,男,2.8,17.4,0.5,26.0,3,0,否,C,network,0.32,0.6,0.99,0.74,0.33,0.41,0.01,0.01,0.57,度假,一室一厅,67,2405,西安设计院退休总建筑师,高知退休康养,与父母同住，三代人拥挤在旧区小户型老房中,老小区隔音差，邻里滋扰严重，且车位严重匮乏，每晚加班回来抢车位像打仗。,要求独立电梯入户，主次卧动线分明，配备独立保姆房和私密后院。,无需日常通勤，但要求30分钟内快捷通达凤凰机场或高铁站。,崇尚度假慢生活，清晨沙滩漫步，午后椰林下午茶，酷爱轻户外及后海冲浪。,名下持有一套旧两居，置换回款 65% + 个人理财储蓄补充 + 公积金商业贷,重性价比，不盲信大牌，但要求物业管理有序、绿化修剪及时、人防技防规范。,每年11月至次年3月到此度过漫长冬季，极其依赖周边的康养及适老化服务。
三_2011_00539,三亚,2011,外地候鸟-东北,58,男,2.8,16.1,0.5,24.2,3,0,否,C,network,0.17,0.64,0.97,0.79,0.42,0.47,0,0.01,0.61,度假,两室一厅,66,2796,沈阳大型重工企业退休副厂长,高知退休康养,与父母同住，三代人拥挤在旧区小户型老房中,老小区隔音差，邻里滋扰严重，且车位严重匮乏，每晚加班回来抢车位像打仗。,要求独立电梯入户，主次卧动线分明，配备独立保姆房和私密后院。,无需日常通勤，但要求30分钟内快捷通达凤凰机场或高铁站。,崇尚度假慢生活，清晨沙滩漫步，午后椰林下午茶，酷爱轻户外及后海冲浪。,名下持有一套旧两居，置换回款 65% + 个人理财储蓄补充 + 公积金商业贷,重性价比，不盲信大牌，但要求物业管理有序、绿化修剪及时、人防技防规范。,每年11月至次年3月到此度过漫长冬季，极其依赖周边的康养及适老化服务。
三_2011_00540,三亚,2011,外地候鸟-华北,67,男,2.7,26.3,0.5,39.5,2,1,否,B,network,0.51,0.64,1,0.73,0.56,0.49,0,0.12,0.47,养老,一室一厅,81,4073,北京三甲医院退休教授,三口之家(学龄段),三亚中环品质两居，车位及空间极其拥挤,小区无地下车库且人车不分流，小孩在楼下玩耍或者推婴儿车极为不安全。,要求独立电梯入户，主次卧动线分明，配备独立保姆房和私密后院。,无需日常通勤，但要求30分钟内快捷通达凤凰机场或高铁站。,崇尚度假慢生活，清晨沙滩漫步，午后椰林下午茶，酷爱轻户外及后海冲浪。,名下持有一套旧两居，置换回款 65% + 个人理财储蓄补充 + 公积金商业贷,重性价比，不盲信大牌，但要求物业管理有序、绿化修剪及时、人防技防规范。,每年11月至次年3月到此度过漫长冬季，极其依赖周边的康养及适老化服务。
三_2011_00541,三亚,2011,外地候鸟-华北,63,女,6.6,49.1,0.5,73.6,2,1,是,B,network,0.38,0.64,0.96,0.68,0.69,0.37,0,0.1,0.69,度假,两室两厅,83,6322,高校资深硕导,三口之家(学龄段),三亚中环品质两居，车位及空间极其拥挤,小区无地下车库且人车不分流，小孩在楼下玩耍或者推婴儿车极为不安全。,要求有超大面宽南向双阳台（观景家政分离），主卧大飘窗能270度直面自然景观。,无需日常通勤，但要求30分钟内快捷通达凤凰机场或高铁站。,崇尚度假慢生活，清晨沙滩漫步，午后椰林下午茶，酷爱轻户外及后海冲浪。,名下持有一套旧两居，置换回款 65% + 个人理财储蓄补充 + 公积金商业贷,重性价比，不盲信大牌，但要求物业管理有序、绿化修剪及时、人防技防规范。,每年11月至次年3月到此度过漫长冬季，极其依赖周边的康养及适老化服务。
三_2011_00542,三亚,2011,度假投资,54,女,4.2,40.4,0.4,75.7,2,1,否,A,research,0.91,0.36,0.94,0.51,0.55,0.35,0,0.0,0.75,投资-短期,一室一厅,66,8176,上市公司退休联合创始人,三口之家(学龄段),西湖边高精平层,无高端私密会所及管家式物业配套，圈层鱼龙混杂，高净值居住体验差。,要求有超大面宽南向双阳台（观景家政分离），主卧大飘窗能270度直面自然景观。,无需日常通勤，但要求30分钟内快捷通达凤凰机场或高铁站。,周末常去高端商圈消费，热衷打网球和马术，重度手冲咖啡及黑胶唱片发烧友。,名下已有企业股权套现或分红现金，一次性全款付清，基本不加杠杆,非仁恒、绿城、万科等金牌开发商不买，极度看重高端精装质量与顶级物业的增值口碑。,每年11月至次年3月到此度过漫长冬季，极其依赖周边的康养及适老化服务。
三_2011_00543,三亚,2011,度假投资,43,女,11.5,114.0,0.4,213.7,3,1,是,A,research,0.84,0.36,0.86,0.46,0.57,0.4,0,0.09,0.76,投资-长持,三室两厅,125,10448,上市公司退休联合创始人,三口之家(学龄段),陆家嘴核心区江景大平层,当前房屋属于旧多层无电梯房，父母年纪渐高每天爬楼梯极为吃力。,要求有超大面宽南向双阳台（观景家政分离），主卧大飘窗能270度直面自然景观。,无需日常通勤，但要求30分钟内快捷通达凤凰机场或高铁站。,周末常去高端商圈消费，热衷打网球和马术，重度手冲咖啡及黑胶唱片发烧友。,名下已有企业股权套现或分红现金，一次性全款付清，基本不加杠杆,非仁恒、绿城、万科等金牌开发商不买，极度看重高端精装质量与顶级物业的增值口碑。,每年11月至次年3月到此度过漫长冬季，极其依赖周边的康养及适老化服务。
三_2011_00544,三亚,2011,外地候鸟-西北,64,男,1.6,15.2,0.5,22.8,2,0,否,C,network,0.03,0.68,0.88,0.56,0.53,0.57,0.07,0.11,0.55,养老,两室两厅,82,2107,兰州煤炭物流运输企业主,高知退休康养,与父母同住，三代人拥挤在旧区小户型老房中,老小区隔音差，邻里滋扰严重，且车位严重匮乏，每晚加班回来抢车位像打仗。,要求有超大面宽南向双阳台（观景家政分离），主卧大飘窗能270度直面自然景观。,无需日常通勤，但要求30分钟内快捷通达凤凰机场或高铁站。,崇尚度假慢生活，清晨沙滩漫步，午后椰林下午茶，酷爱轻户外及后海冲浪。,名下持有一套旧两居，置换回款 65% + 个人理财储蓄补充 + 公积金商业贷,重性价比，不盲信大牌，但要求物业管理有序、绿化修剪及时、人防技防规范。,每年11月至次年3月到此度过漫长冬季，极其依赖周边的康养及适老化服务。
三_2011_00545,三亚,2011,本地改善,49,男,3.1,14.5,0.35,31.0,4,2,否,B,agent,0.81,0.5,0.63,0.53,0.41,0.86,0.52,0.65,0.35,自住-改善,一室一厅,74,3205,重点中学高级教师,二胎黄金期中大户型,三亚中环品质两居，车位及空间极其拥挤,小区无地下车库且人车不分流，小孩在楼下玩耍或者推婴儿车极为不安全。,讲究超高得房率（超85%），主卧套房必须配备独立步入式衣帽间与干湿分离双卫。,无需日常通勤，但要求30分钟内快捷通达凤凰机场或高铁站。,崇尚度假慢生活，清晨沙滩漫步，午后椰林下午茶，酷爱轻户外及后海冲浪。,名下持有一套旧两居，置换回款 65% + 个人理财储蓄补充 + 公积金商业贷,重性价比，不盲信大牌，但要求物业管理有序、绿化修剪及时、人防技防规范。,本地常住人口，四季生活规律，度假频次为常规年假出行。
三_2011_00546,三亚,2011,度假投资,38,男,7.5,75.8,0.4,142.1,3,1,否,A,research,0.91,0.42,0.81,0.56,0.47,0.48,0,0,0.66,投资-长持,两室两厅,50,17168,高端海景资产收藏家,三口之家(学龄段),西湖边高精平层,无高端私密会所及管家式物业配套，圈层鱼龙混杂，高净值居住体验差。,要求有超大面宽南向双阳台（观景家政分离），主卧大飘窗能270度直面自然景观。,无需日常通勤，但要求30分钟内快捷通达凤凰机场或高铁站。,周末常去高端商圈消费，热衷打网球和马术，重度手冲咖啡及黑胶唱片发烧友。,名下已有企业股权套现或分红现金，一次性全款付清，基本不加杠杆,重性价比，不盲信大牌，但要求物业管理有序、绿化修剪及时、人防技防规范。,每年11月至次年3月到此度过漫长冬季，极其依赖周边的康养及适老化服务。
三_2011_00547,三亚,2011,本地改善,42,男,1.3,9.1,0.35,19.5,4,1,否,B,agent,0.78,0.64,0.68,0.33,0.4,0.62,0.43,0.69,0.4,自住-改善,两室两厅,53,2062,国企中层管理,三口之家(学龄段),三亚中环品质两居，车位及空间极其拥挤,小区无地下车库且人车不分流，小孩在楼下玩耍或者推婴儿车极为不安全。,要求采光通透，全明户型，带多功能嵌入式收纳墙以最大化空间利用。,无需日常通勤，但要求30分钟内快捷通达凤凰机场或高铁站。,崇尚度假慢生活，清晨沙滩漫步，午后椰林下午茶，酷爱轻户外及后海冲浪。,名下持有一套旧两居，置换回款 65% + 个人理财储蓄补充 + 公积金商业贷,重性价比，不盲信大牌，但要求物业管理有序、绿化修剪及时、人防技防规范。,本地常住人口，四季生活规律，度假频次为常规年假出行。
三_2011_00548,三亚,2011,度假投资,46,女,10.5,82.0,0.4,153.8,3,1,否,A,research,0.76,0.41,0.79,0.61,0.63,0.48,0,0,0.8,投资-长持,三室一厅,140,6012,上市公司退休联合创始人,三口之家(学龄段),陆家嘴核心区江景大平层,无高端私密会所及管家式物业配套，圈层鱼龙混杂，高净值居住体验差。,要求有超大面宽南向双阳台（观景家政分离），主卧大飘窗能270度直面自然景观。,无需日常通勤，但要求30分钟内快捷通达凤凰机场或高铁站。,周末常去高端商圈消费，热衷打网球和马术，重度手冲咖啡及黑胶唱片发烧友。,名下已有企业股权套现或分红现金，一次性全款付清，基本不加杠杆,非仁恒、绿城、万科等金牌开发商不买，极度看重高端精装质量与顶级物业的增值口碑。,每年11月至次年3月到此度过漫长冬季，极其依赖周边的康养及适老化服务。
三_2011_00549,三亚,2011,本地改善,47,男,2.8,19.2,0.35,41.1,3,1,否,B,agent,0.97,0.55,0.5,0.44,0.18,0.69,0.52,0.74,0.54,自住-改善,两室两厅,92,2650,重点中学高级教师,三口之家(学龄段),三亚中环品质两居，车位及空间极其拥挤,小区无地下车库且人车不分流，小孩在楼下玩耍或者推婴儿车极为不安全。,核心要求地块属于第一梯队名校学区，且周边500米内解决幼小衔接教育配套。,无需日常通勤，但要求30分钟内快捷通达凤凰机场或高铁站。,崇尚度假慢生活，清晨沙滩漫步，午后椰林下午茶，酷爱轻户外及后海冲浪。,名下持有一套旧两居，置换回款 65% + 个人理财储蓄补充 + 公积金商业贷,重性价比，不盲信大牌，但要求物业管理有序、绿化修剪及时、人防技防规范。,本地常住人口，四季生活规律，度假频次为常规年假出行。
三_2011_00550,三亚,2011,度假投资,55,女,6.4,51.6,0.4,96.7,3,1,否,A,research,0.81,0.46,0.81,0.48,0.53,0.42,0,0.1,0.9,投资-短期,一室一厅,65,9896,知名中医药连锁投资人,三口之家(学龄段),市中心私密洋房住宅,无高端私密会所及管家式物业配套，圈层鱼龙混杂，高净值居住体验差。,要求有超大面宽南向双阳台（观景家政分离），主卧大飘窗能270度直面自然景观。,无需日常通勤，但要求30分钟内快捷通达凤凰机场或高铁站。,周末常去高端商圈消费，热衷打网球和马术，重度手冲咖啡及黑胶唱片发烧友。,名下已有企业股权套现或分红现金，一次性全款付清，基本不加杠杆,非仁恒、绿城、万科等金牌开发商不买，极度看重高端精装质量与顶级物业的增值口碑。,每年11月至次年3月到此度过漫长冬季，极其依赖周边的康养及适老化服务。
三_2011_00551,三亚,2011,度假投资,43,女,9.4,74.0,0.4,138.8,3,0,否,A,research,0.62,0.45,0.95,0.57,0.63,0.49,0.07,0,0.69,度假,两室一厅,76,10348,知名中医药连锁投资人,成熟期核心家庭,市中心私密洋房住宅,无高端私密会所及管家式物业配套，圈层鱼龙混杂，高净值居住体验差。,要求有超大面宽南向双阳台（观景家政分离），主卧大飘窗能270度直面自然景观。,无需日常通勤，但要求30分钟内快捷通达凤凰机场或高铁站。,周末常去高端商圈消费，热衷打网球和马术，重度手冲咖啡及黑胶唱片发烧友。,名下已有企业股权套现或分红现金，一次性全款付清，基本不加杠杆,重性价比，不盲信大牌，但要求物业管理有序、绿化修剪及时、人防技防规范。,每年11月至次年3月到此度过漫长冬季，极其依赖周边的康养及适老化服务。
三_2011_00552,三亚,2011,外地候鸟-东北,67,女,3.7,24.4,0.5,36.6,2,0,否,C,network,0.41,0.61,1.0,0.68,0.46,0.35,0.06,0.12,0.4,度假,两室一厅,97,2790,沈阳大型重工企业退休副厂长,高知退休康养,与父母同住，三代人拥挤在旧区小户型老房中,老小区隔音差，邻里滋扰严重，且车位严重匮乏，每晚加班回来抢车位像打仗。,要求有超大面宽南向双阳台（观景家政分离），主卧大飘窗能270度直面自然景观。,无需日常通勤，但要求30分钟内快捷通达凤凰机场或高铁站。,崇尚度假慢生活，清晨沙滩漫步，午后椰林下午茶，酷爱轻户外及后海冲浪。,名下持有一套旧两居，置换回款 65% + 个人理财储蓄补充 + 公积金商业贷,重性价比，不盲信大牌，但要求物业管理有序、绿化修剪及时、人防技防规范。,每年11月至次年3月到此度过漫长冬季，极其依赖周边的康养及适老化服务。
三_2011_00553,三亚,2011,外地候鸟-西北,56,女,3.3,32.2,0.5,48.2,1,0,否,C,network,0.26,0.68,1,0.61,0.42,0.64,0,0,0.54,养老,两室一厅,99,3393,西安设计院退休总建筑师,高知退休康养,与父母同住，三代人拥挤在旧区小户型老房中,老小区隔音差，邻里滋扰严重，且车位严重匮乏，每晚加班回来抢车位像打仗。,要求有超大面宽南向双阳台（观景家政分离），主卧大飘窗能270度直面自然景观。,无需日常通勤，但要求30分钟内快捷通达凤凰机场或高铁站。,崇尚度假慢生活，清晨沙滩漫步，午后椰林下午茶，酷爱轻户外及后海冲浪。,名下持有一套旧两居，置换回款 65% + 个人理财储蓄补充 + 公积金商业贷,重性价比，不盲信大牌，但要求物业管理有序、绿化修剪及时、人防技防规范。,每年11月至次年3月到此度过漫长冬季，极其依赖周边的康养及适老化服务。
三_2011_00554,三亚,2011,本地改善,39,女,1.9,13.4,0.35,28.6,5,1,是,B,agent,0.87,0.49,0.7,0.52,0.41,0.79,0.54,0.59,0.51,自住-改善,两室两厅,89,1736,区级税务局一级主办,三口之家(学龄段),三亚中环品质两居，车位及空间极其拥挤,小区无地下车库且人车不分流，小孩在楼下玩耍或者推婴儿车极为不安全。,讲究超高得房率（超85%），主卧套房必须配备独立步入式衣帽间与干湿分离双卫。,无需日常通勤，但要求30分钟内快捷通达凤凰机场或高铁站。,崇尚度假慢生活，清晨沙滩漫步，午后椰林下午茶，酷爱轻户外及后海冲浪。,名下持有一套旧两居，置换回款 65% + 个人理财储蓄补充 + 公积金商业贷,重性价比，不盲信大牌，但要求物业管理有序、绿化修剪及时、人防技防规范。,本地常住人口，四季生活规律，度假频次为常规年假出行。
三_2011_00555,三亚,2011,本地改善,36,女,3.2,17.3,0.35,37.0,3,1,是,B,agent,0.83,0.56,0.55,0.44,0.36,0.77,0.62,0.75,0.42,自住-改善,两室两厅,76,2753,重点中学高级教师,三口之家(幼龄段),三亚中环品质两居，车位及空间极其拥挤,小区无地下车库且人车不分流，小孩在楼下玩耍或者推婴儿车极为不安全。,讲究超高得房率（超85%），主卧套房必须配备独立步入式衣帽间与干湿分离双卫。,无需日常通勤，但要求30分钟内快捷通达凤凰机场或高铁站。,崇尚度假慢生活，清晨沙滩漫步，午后椰林下午茶，酷爱轻户外及后海冲浪。,名下持有一套旧两居，置换回款 65% + 个人理财储蓄补充 + 公积金商业贷,重性价比，不盲信大牌，但要求物业管理有序、绿化修剪及时、人防技防规范。,本地常住人口，四季生活规律，度假频次为常规年假出行。
三_2011_00556,三亚,2011,本地改善,48,男,3.9,18.7,0.35,40.0,4,2,是,B,agent,0.59,0.6,0.53,0.5,0.46,0.85,0.57,0.64,0.48,自住-改善,一室一厅,92,3854,智能新能源车企研发骨干,二胎黄金期中大户型,三亚中环品质两居，车位及空间极其拥挤,小区无地下车库且人车不分流，小孩在楼下玩耍或者推婴儿车极为不安全。,讲究超高得房率（超85%），主卧套房必须配备独立步入式衣帽间与干湿分离双卫。,无需日常通勤，但要求30分钟内快捷通达凤凰机场或高铁站。,崇尚度假慢生活，清晨沙滩漫步，午后椰林下午茶，酷爱轻户外及后海冲浪。,名下持有一套旧两居，置换回款 65% + 个人理财储蓄补充 + 公积金商业贷,重性价比，不盲信大牌，但要求物业管理有序、绿化修剪及时、人防技防规范。,本地常住人口，四季生活规律，度假频次为常规年假出行。
三_2011_00557,三亚,2011,度假投资,43,女,12.3,95.7,0.4,179.5,3,1,否,A,research,0.81,0.36,0.92,0.51,0.62,0.41,0.02,0,0.64,投资-短期,两室两厅,124,7976,高端海景资产收藏家,三口之家(学龄段),西湖边高精平层,无高端私密会所及管家式物业配套，圈层鱼龙混杂，高净值居住体验差。,要求有超大面宽南向双阳台（观景家政分离），主卧大飘窗能270度直面自然景观。,无需日常通勤，但要求30分钟内快捷通达凤凰机场或高铁站。,周末常去高端商圈消费，热衷打网球和马术，重度手冲咖啡及黑胶唱片发烧友。,名下已有企业股权套现或分红现金，一次性全款付清，基本不加杠杆,重性价比，不盲信大牌，但要求物业管理有序、绿化修剪及时、人防技防规范。,每年11月至次年3月到此度过漫长冬季，极其依赖周边的康养及适老化服务。
三_2011_00558,三亚,2011,外地候鸟-华北,75,女,2.9,16.5,0.5,24.7,2,1,否,B,network,0.25,0.48,0.93,0.69,0.62,0.48,0.12,0.06,0.53,度假,两室一厅,68,2742,北京三甲医院退休教授,三口之家(学龄段),三亚中环品质两居，车位及空间极其拥挤,小区无地下车库且人车不分流，小孩在楼下玩耍或者推婴儿车极为不安全。,要求有超大面宽南向双阳台（观景家政分离），主卧大飘窗能270度直面自然景观。,无需日常通勤，但要求30分钟内快捷通达凤凰机场或高铁站。,崇尚度假慢生活，清晨沙滩漫步，午后椰林下午茶，酷爱轻户外及后海冲浪。,名下持有一套旧两居，置换回款 65% + 个人理财储蓄补充 + 公积金商业贷,重性价比，不盲信大牌，但要求物业管理有序、绿化修剪及时、人防技防规范。,每年11月至次年3月到此度过漫长冬季，极其依赖周边的康养及适老化服务。
三_2011_00559,三亚,2011,外地候鸟-华北,61,男,4.2,43.8,0.5,65.8,2,0,否,B,network,0.34,0.58,0.82,0.74,0.55,0.46,0,0.03,0.37,养老,一室一厅,66,5581,北京三甲医院退休教授,高知退休康养,三亚中环品质两居，车位及空间极其拥挤,老小区隔音差，邻里滋扰严重，且车位严重匮乏，每晚加班回来抢车位像打仗。,要求独立电梯入户，主次卧动线分明，配备独立保姆房和私密后院。,无需日常通勤，但要求30分钟内快捷通达凤凰机场或高铁站。,崇尚度假慢生活，清晨沙滩漫步，午后椰林下午茶，酷爱轻户外及后海冲浪。,名下持有一套旧两居，置换回款 65% + 个人理财储蓄补充 + 公积金商业贷,重性价比，不盲信大牌，但要求物业管理有序、绿化修剪及时、人防技防规范。,每年11月至次年3月到此度过漫长冬季，极其依赖周边的康养及适老化服务。
三_2011_00560,三亚,2011,度假投资,38,女,3.3,23.7,0.4,44.5,4,1,否,A,research,0.68,0.32,0.89,0.69,0.44,0.35,0,0.08,0.74,度假,一室一厅,61,4343,高端海景资产收藏家,三口之家(学龄段),西湖边高精平层,无高端私密会所及管家式物业配套，圈层鱼龙混杂，高净值居住体验差。,要求有超大面宽南向双阳台（观景家政分离），主卧大飘窗能270度直面自然景观。,无需日常通勤，但要求30分钟内快捷通达凤凰机场或高铁站。,周末常去高端商圈消费，热衷打网球和马术，重度手冲咖啡及黑胶唱片发烧友。,名下已有企业股权套现或分红现金，一次性全款付清，基本不加杠杆,非仁恒、绿城、万科等金牌开发商不买，极度看重高端精装质量与顶级物业的增值口碑。,每年11月至次年3月到此度过漫长冬季，极其依赖周边的康养及适老化服务。
三_2011_00561,三亚,2011,度假投资,49,女,7.1,74.4,0.4,139.5,4,0,否,A,research,1,0.46,0.86,0.54,0.56,0.35,0.08,0,0.83,度假,两室两厅,53,22387,上市公司退休联合创始人,成熟期核心家庭,陆家嘴核心区江景大平层,无高端私密会所及管家式物业配套，圈层鱼龙混杂，高净值居住体验差。,要求有超大面宽南向双阳台（观景家政分离），主卧大飘窗能270度直面自然景观。,无需日常通勤，但要求30分钟内快捷通达凤凰机场或高铁站。,周末常去高端商圈消费，热衷打网球和马术，重度手冲咖啡及黑胶唱片发烧友。,名下已有企业股权套现或分红现金，一次性全款付清，基本不加杠杆,非仁恒、绿城、万科等金牌开发商不买，极度看重高端精装质量与顶级物业的增值口碑。,每年11月至次年3月到此度过漫长冬季，极其依赖周边的康养及适老化服务。
三_2011_00562,三亚,2011,度假投资,50,女,1.2,12.9,0.4,24.2,3,0,否,A,research,0.89,0.38,1,0.57,0.62,0.44,0.06,0.09,0.62,投资-短期,两室两厅,76,2125,知名中医药连锁投资人,成熟期核心家庭,西湖边高精平层,无高端私密会所及管家式物业配套，圈层鱼龙混杂，高净值居住体验差。,要求有超大面宽南向双阳台（观景家政分离），主卧大飘窗能270度直面自然景观。,无需日常通勤，但要求30分钟内快捷通达凤凰机场或高铁站。,周末常去高端商圈消费，热衷打网球和马术，重度手冲咖啡及黑胶唱片发烧友。,名下已有企业股权套现或分红现金，一次性全款付清，基本不加杠杆,重性价比，不盲信大牌，但要求物业管理有序、绿化修剪及时、人防技防规范。,每年11月至次年3月到此度过漫长冬季，极其依赖周边的康养及适老化服务。
三_2011_00563,三亚,2011,本地改善,39,男,3.1,18.3,0.35,39.1,5,1,是,B,agent,0.77,0.54,0.63,0.47,0.5,0.79,0.47,0.73,0.46,自住-改善,一室一厅,98,2278,国企中层管理,三口之家(学龄段),三亚中环品质两居，车位及空间极其拥挤,小区无地下车库且人车不分流，小孩在楼下玩耍或者推婴儿车极为不安全。,讲究超高得房率（超85%），主卧套房必须配备独立步入式衣帽间与干湿分离双卫。,无需日常通勤，但要求30分钟内快捷通达凤凰机场或高铁站。,崇尚度假慢生活，清晨沙滩漫步，午后椰林下午茶，酷爱轻户外及后海冲浪。,名下持有一套旧两居，置换回款 65% + 个人理财储蓄补充 + 公积金商业贷,重性价比，不盲信大牌，但要求物业管理有序、绿化修剪及时、人防技防规范。,本地常住人口，四季生活规律，度假频次为常规年假出行。
三_2011_00564,三亚,2011,度假投资,49,女,7.7,92.5,0.4,173.4,4,2,否,A,research,1,0.39,0.77,0.66,0.73,0.33,0.02,0.01,0.95,投资-长持,三室一厅,95,11299,上市公司退休联合创始人,二胎黄金期中大户型,陆家嘴核心区江景大平层,无高端私密会所及管家式物业配套，圈层鱼龙混杂，高净值居住体验差。,要求有超大面宽南向双阳台（观景家政分离），主卧大飘窗能270度直面自然景观。,无需日常通勤，但要求30分钟内快捷通达凤凰机场或高铁站。,周末常去高端商圈消费，热衷打网球和马术，重度手冲咖啡及黑胶唱片发烧友。,名下已有企业股权套现或分红现金，一次性全款付清，基本不加杠杆,非仁恒、绿城、万科等金牌开发商不买，极度看重高端精装质量与顶级物业的增值口碑。,每年11月至次年3月到此度过漫长冬季，极其依赖周边的康养及适老化服务。
三_2011_00565,三亚,2011,外地候鸟-华北,67,女,4.9,37.0,0.5,55.6,3,0,否,B,network,0.67,0.45,0.89,0.77,0.6,0.52,0,0,0.72,度假,一室一厅,79,4406,高校资深硕导,高知退休康养,三亚中环品质两居，车位及空间极其拥挤,老小区隔音差，邻里滋扰严重，且车位严重匮乏，每晚加班回来抢车位像打仗。,要求独立电梯入户，主次卧动线分明，配备独立保姆房和私密后院。,无需日常通勤，但要求30分钟内快捷通达凤凰机场或高铁站。,崇尚度假慢生活，清晨沙滩漫步，午后椰林下午茶，酷爱轻户外及后海冲浪。,名下持有一套旧两居，置换回款 65% + 个人理财储蓄补充 + 公积金商业贷,非仁恒、绿城、万科等金牌开发商不买，极度看重高端精装质量与顶级物业的增值口碑。,每年11月至次年3月到此度过漫长冬季，极其依赖周边的康养及适老化服务。
三_2011_00566,三亚,2011,外地候鸟-西北,74,女,3.8,21.8,0.5,32.7,2,0,否,C,network,0.29,0.66,0.85,0.63,0.48,0.52,0,0.03,0.54,养老,一室一厅,96,2928,西安设计院退休总建筑师,高知退休康养,与父母同住，三代人拥挤在旧区小户型老房中,老小区隔音差，邻里滋扰严重，且车位严重匮乏，每晚加班回来抢车位像打仗。,要求有超大面宽南向双阳台（观景家政分离），主卧大飘窗能270度直面自然景观。,无需日常通勤，但要求30分钟内快捷通达凤凰机场或高铁站。,崇尚度假慢生活，清晨沙滩漫步，午后椰林下午茶，酷爱轻户外及后海冲浪。,名下持有一套旧两居，置换回款 65% + 个人理财储蓄补充 + 公积金商业贷,重性价比，不盲信大牌，但要求物业管理有序、绿化修剪及时、人防技防规范。,每年11月至次年3月到此度过漫长冬季，极其依赖周边的康养及适老化服务。
三_2011_00567,三亚,2011,本地改善,50,女,3.2,24.4,0.35,52.2,4,0,否,B,agent,0.68,0.5,0.65,0.4,0.31,0.79,0.51,0.71,0.4,自住-改善,两室两厅,81,5231,国企中层管理,成熟期核心家庭,三亚中环品质两居，车位及空间极其拥挤,老小区隔音差，邻里滋扰严重，且车位严重匮乏，每晚加班回来抢车位像打仗。,讲究超高得房率（超85%），主卧套房必须配备独立步入式衣帽间与干湿分离双卫。,无需日常通勤，但要求30分钟内快捷通达凤凰机场或高铁站。,崇尚度假慢生活，清晨沙滩漫步，午后椰林下午茶，酷爱轻户外及后海冲浪。,名下持有一套旧两居，置换回款 65% + 个人理财储蓄补充 + 公积金商业贷,重性价比，不盲信大牌，但要求物业管理有序、绿化修剪及时、人防技防规范。,本地常住人口，四季生活规律，度假频次为常规年假出行。
三_2011_00568,三亚,2011,本地改善,42,女,3.0,20.9,0.35,44.9,4,1,否,B,agent,0.78,0.4,0.58,0.43,0.42,0.75,0.51,0.56,0.53,自住-改善,两室一厅,73,3305,重点中学高级教师,三口之家(学龄段),三亚中环品质两居，车位及空间极其拥挤,小区无地下车库且人车不分流，小孩在楼下玩耍或者推婴儿车极为不安全。,讲究超高得房率（超85%），主卧套房必须配备独立步入式衣帽间与干湿分离双卫。,无需日常通勤，但要求30分钟内快捷通达凤凰机场或高铁站。,崇尚度假慢生活，清晨沙滩漫步，午后椰林下午茶，酷爱轻户外及后海冲浪。,名下持有一套旧两居，置换回款 65% + 个人理财储蓄补充 + 公积金商业贷,重性价比，不盲信大牌，但要求物业管理有序、绿化修剪及时、人防技防规范。,本地常住人口，四季生活规律，度假频次为常规年假出行。
三_2011_00569,三亚,2011,度假投资,51,女,6.4,49.6,0.4,92.9,3,1,否,A,research,0.68,0.52,0.88,0.55,0.5,0.36,0.02,0,0.75,度假,一室一厅,63,10787,知名中医药连锁投资人,三口之家(学龄段),市中心私密洋房住宅,无高端私密会所及管家式物业配套，圈层鱼龙混杂，高净值居住体验差。,要求有超大面宽南向双阳台（观景家政分离），主卧大飘窗能270度直面自然景观。,无需日常通勤，但要求30分钟内快捷通达凤凰机场或高铁站。,周末常去高端商圈消费，热衷打网球和马术，重度手冲咖啡及黑胶唱片发烧友。,名下已有企业股权套现或分红现金，一次性全款付清，基本不加杠杆,非仁恒、绿城、万科等金牌开发商不买，极度看重高端精装质量与顶级物业的增值口碑。,每年11月至次年3月到此度过漫长冬季，极其依赖周边的康养及适老化服务。
三_2011_00570,三亚,2011,本地改善,31,男,1.9,10.6,0.35,22.7,5,1,否,B,agent,0.67,0.68,0.68,0.51,0.31,0.78,0.54,0.77,0.52,自住-改善,两室两厅,82,1664,三甲医院主治医师,三口之家(幼龄段),三亚中环品质两居，车位及空间极其拥挤,小区无地下车库且人车不分流，小孩在楼下玩耍或者推婴儿车极为不安全。,讲究超高得房率（超85%），主卧套房必须配备独立步入式衣帽间与干湿分离双卫。,无需日常通勤，但要求30分钟内快捷通达凤凰机场或高铁站。,崇尚度假慢生活，清晨沙滩漫步，午后椰林下午茶，酷爱轻户外及后海冲浪。,名下持有一套旧两居，置换回款 65% + 个人理财储蓄补充 + 公积金商业贷,重性价比，不盲信大牌，但要求物业管理有序、绿化修剪及时、人防技防规范。,本地常住人口，四季生活规律，度假频次为常规年假出行。
三_2011_00571,三亚,2011,度假投资,47,女,7.3,62.3,0.4,116.8,4,1,否,A,research,0.81,0.21,0.81,0.61,0.63,0.49,0.03,0,0.92,度假,一室一厅,99,9368,上市公司退休联合创始人,三口之家(学龄段),西湖边高精平层,无高端私密会所及管家式物业配套，圈层鱼龙混杂，高净值居住体验差。,要求有超大面宽南向双阳台（观景家政分离），主卧大飘窗能270度直面自然景观。,无需日常通勤，但要求30分钟内快捷通达凤凰机场或高铁站。,周末常去高端商圈消费，热衷打网球和马术，重度手冲咖啡及黑胶唱片发烧友。,名下已有企业股权套现或分红现金，一次性全款付清，基本不加杠杆,非仁恒、绿城、万科等金牌开发商不买，极度看重高端精装质量与顶级物业的增值口碑。,每年11月至次年3月到此度过漫长冬季，极其依赖周边的康养及适老化服务。
三_2011_00572,三亚,2011,度假投资,47,女,8.6,72.2,0.4,135.4,3,1,否,A,research,0.74,0.34,0.96,0.68,0.5,0.52,0,0,1,度假,两室一厅,54,16788,高端海景资产收藏家,三口之家(学龄段),西湖边高精平层,无高端私密会所及管家式物业配套，圈层鱼龙混杂，高净值居住体验差。,要求有超大面宽南向双阳台（观景家政分离），主卧大飘窗能270度直面自然景观。,无需日常通勤，但要求30分钟内快捷通达凤凰机场或高铁站。,周末常去高端商圈消费，热衷打网球和马术，重度手冲咖啡及黑胶唱片发烧友。,名下已有企业股权套现或分红现金，一次性全款付清，基本不加杠杆,非仁恒、绿城、万科等金牌开发商不买，极度看重高端精装质量与顶级物业的增值口碑。,每年11月至次年3月到此度过漫长冬季，极其依赖周边的康养及适老化服务。
三_2011_00573,三亚,2011,外地候鸟-东北,63,女,5.3,27.5,0.5,41.3,2,1,否,C,network,0.33,0.63,0.91,0.66,0.5,0.5,0.06,0.03,0.58,养老,两室一厅,63,3728,哈尔滨高校退休处长,三口之家(学龄段),与父母同住，三代人拥挤在旧区小户型老房中,小区无地下车库且人车不分流，小孩在楼下玩耍或者推婴儿车极为不安全。,要求有超大面宽南向双阳台（观景家政分离），主卧大飘窗能270度直面自然景观。,无需日常通勤，但要求30分钟内快捷通达凤凰机场或高铁站。,崇尚度假慢生活，清晨沙滩漫步，午后椰林下午茶，酷爱轻户外及后海冲浪。,名下持有一套旧两居，置换回款 65% + 个人理财储蓄补充 + 公积金商业贷,重性价比，不盲信大牌，但要求物业管理有序、绿化修剪及时、人防技防规范。,每年11月至次年3月到此度过漫长冬季，极其依赖周边的康养及适老化服务。
三_2011_00574,三亚,2011,本地改善,43,女,3.1,19.1,0.35,41.0,3,1,是,B,agent,0.69,0.52,0.56,0.51,0.35,0.82,0.29,0.66,0.41,自住-改善,一室一厅,71,4887,重点中学高级教师,三口之家(学龄段),三亚中环品质两居，车位及空间极其拥挤,小区无地下车库且人车不分流，小孩在楼下玩耍或者推婴儿车极为不安全。,讲究超高得房率（超85%），主卧套房必须配备独立步入式衣帽间与干湿分离双卫。,无需日常通勤，但要求30分钟内快捷通达凤凰机场或高铁站。,崇尚度假慢生活，清晨沙滩漫步，午后椰林下午茶，酷爱轻户外及后海冲浪。,名下持有一套旧两居，置换回款 65% + 个人理财储蓄补充 + 公积金商业贷,重性价比，不盲信大牌，但要求物业管理有序、绿化修剪及时、人防技防规范。,本地常住人口，四季生活规律，度假频次为常规年假出行。
三_2011_00575,三亚,2011,度假投资,49,男,7.0,56.0,0.4,105.0,2,1,否,A,research,0.97,0.48,0.87,0.61,0.59,0.61,0.08,0,0.83,度假,两室两厅,55,11455,高端海景资产收藏家,三口之家(学龄段),陆家嘴核心区江景大平层,无高端私密会所及管家式物业配套，圈层鱼龙混杂，高净值居住体验差。,要求有超大面宽南向双阳台（观景家政分离），主卧大飘窗能270度直面自然景观。,无需日常通勤，但要求30分钟内快捷通达凤凰机场或高铁站。,周末常去高端商圈消费，热衷打网球和马术，重度手冲咖啡及黑胶唱片发烧友。,名下已有企业股权套现或分红现金，一次性全款付清，基本不加杠杆,非仁恒、绿城、万科等金牌开发商不买，极度看重高端精装质量与顶级物业的增值口碑。,每年11月至次年3月到此度过漫长冬季，极其依赖周边的康养及适老化服务。
三_2011_00576,三亚,2011,度假投资,49,男,9.1,93.8,0.4,175.9,4,1,否,A,research,0.88,0.39,0.79,0.51,0.61,0.48,0,0,0.89,投资-长持,两室两厅,137,7539,上市公司退休联合创始人,三口之家(学龄段),市中心私密洋房住宅,无高端私密会所及管家式物业配套，圈层鱼龙混杂，高净值居住体验差。,要求有超大面宽南向双阳台（观景家政分离），主卧大飘窗能270度直面自然景观。,无需日常通勤，但要求30分钟内快捷通达凤凰机场或高铁站。,周末常去高端商圈消费，热衷打网球和马术，重度手冲咖啡及黑胶唱片发烧友。,名下已有企业股权套现或分红现金，一次性全款付清，基本不加杠杆,非仁恒、绿城、万科等金牌开发商不买，极度看重高端精装质量与顶级物业的增值口碑。,每年11月至次年3月到此度过漫长冬季，极其依赖周边的康养及适老化服务。
三_2011_00577,三亚,2011,度假投资,50,男,12.8,142.5,0.4,267.2,3,1,否,A,research,0.81,0.47,0.8,0.69,0.49,0.51,0.09,0.09,0.72,度假,两室两厅,117,19755,上市公司退休联合创始人,三口之家(学龄段),陆家嘴核心区江景大平层,无高端私密会所及管家式物业配套，圈层鱼龙混杂，高净值居住体验差。,要求有超大面宽南向双阳台（观景家政分离），主卧大飘窗能270度直面自然景观。,无需日常通勤，但要求30分钟内快捷通达凤凰机场或高铁站。,周末常去高端商圈消费，热衷打网球和马术，重度手冲咖啡及黑胶唱片发烧友。,名下已有企业股权套现或分红现金，一次性全款付清，基本不加杠杆,非仁恒、绿城、万科等金牌开发商不买，极度看重高端精装质量与顶级物业的增值口碑。,每年11月至次年3月到此度过漫长冬季，极其依赖周边的康养及适老化服务。
三_2011_00578,三亚,2011,度假投资,45,男,3.3,25.5,0.4,47.8,4,1,否,A,research,0.95,0.31,0.89,0.5,0.77,0.5,0,0.05,0.64,投资-长持,两室两厅,62,4977,知名中医药连锁投资人,三口之家(学龄段),陆家嘴核心区江景大平层,无高端私密会所及管家式物业配套，圈层鱼龙混杂，高净值居住体验差。,要求有超大面宽南向双阳台（观景家政分离），主卧大飘窗能270度直面自然景观。,无需日常通勤，但要求30分钟内快捷通达凤凰机场或高铁站。,周末常去高端商圈消费，热衷打网球和马术，重度手冲咖啡及黑胶唱片发烧友。,名下已有企业股权套现或分红现金，一次性全款付清，基本不加杠杆,重性价比，不盲信大牌，但要求物业管理有序、绿化修剪及时、人防技防规范。,每年11月至次年3月到此度过漫长冬季，极其依赖周边的康养及适老化服务。
三_2011_00579,三亚,2011,度假投资,38,男,10.1,108.5,0.4,203.4,3,1,否,A,research,1,0.3,0.92,0.75,0.6,0.37,0.03,0.11,0.71,度假,三室一厅,146,7836,高端海景资产收藏家,三口之家(学龄段),陆家嘴核心区江景大平层,无高端私密会所及管家式物业配套，圈层鱼龙混杂，高净值居住体验差。,要求独立电梯入户，主次卧动线分明，配备独立保姆房和私密后院。,无需日常通勤，但要求30分钟内快捷通达凤凰机场或高铁站。,周末常去高端商圈消费，热衷打网球和马术，重度手冲咖啡及黑胶唱片发烧友。,名下已有企业股权套现或分红现金，一次性全款付清，基本不加杠杆,非仁恒、绿城、万科等金牌开发商不买，极度看重高端精装质量与顶级物业的增值口碑。,每年11月至次年3月到此度过漫长冬季，极其依赖周边的康养及适老化服务。
三_2011_00580,三亚,2011,度假投资,55,女,10.3,129.8,0.4,243.4,3,1,否,A,research,0.69,0.43,0.85,0.71,0.55,0.32,0,0,0.71,度假,三室两厅,140,14666,高端海景资产收藏家,三口之家(学龄段),陆家嘴核心区江景大平层,无高端私密会所及管家式物业配套，圈层鱼龙混杂，高净值居住体验差。,要求独立电梯入户，主次卧动线分明，配备独立保姆房和私密后院。,无需日常通勤，但要求30分钟内快捷通达凤凰机场或高铁站。,周末常去高端商圈消费，热衷打网球和马术，重度手冲咖啡及黑胶唱片发烧友。,名下已有企业股权套现或分红现金，一次性全款付清，基本不加杠杆,非仁恒、绿城、万科等金牌开发商不买，极度看重高端精装质量与顶级物业的增值口碑。,每年11月至次年3月到此度过漫长冬季，极其依赖周边的康养及适老化服务。
三_2011_00581,三亚,2011,度假投资,39,男,10.7,96.5,0.4,181.0,2,1,否,A,research,0.75,0.43,0.76,0.52,0.45,0.49,0.04,0,0.66,度假,三室两厅,123,8258,上市公司退休联合创始人,三口之家(学龄段),陆家嘴核心区江景大平层,无高端私密会所及管家式物业配套，圈层鱼龙混杂，高净值居住体验差。,要求有超大面宽南向双阳台（观景家政分离），主卧大飘窗能270度直面自然景观。,无需日常通勤，但要求30分钟内快捷通达凤凰机场或高铁站。,周末常去高端商圈消费，热衷打网球和马术，重度手冲咖啡及黑胶唱片发烧友。,名下已有企业股权套现或分红现金，一次性全款付清，基本不加杠杆,重性价比，不盲信大牌，但要求物业管理有序、绿化修剪及时、人防技防规范。,每年11月至次年3月到此度过漫长冬季，极其依赖周边的康养及适老化服务。
三_2011_00582,三亚,2011,本地改善,49,女,1.5,8.4,0.35,18.0,4,1,否,B,agent,0.92,0.34,0.57,0.43,0.31,0.76,0.51,0.83,0.59,自住-改善,一室一厅,78,1446,三甲医院主治医师,三口之家(学龄段),三亚中环品质两居，车位及空间极其拥挤,小区无地下车库且人车不分流，小孩在楼下玩耍或者推婴儿车极为不安全。,讲究超高得房率（超85%），主卧套房必须配备独立步入式衣帽间与干湿分离双卫。,无需日常通勤，但要求30分钟内快捷通达凤凰机场或高铁站。,崇尚度假慢生活，清晨沙滩漫步，午后椰林下午茶，酷爱轻户外及后海冲浪。,名下持有一套旧两居，置换回款 65% + 个人理财储蓄补充 + 公积金商业贷,重性价比，不盲信大牌，但要求物业管理有序、绿化修剪及时、人防技防规范。,本地常住人口，四季生活规律，度假频次为常规年假出行。
三_2011_00583,三亚,2011,本地改善,48,男,4.3,27.1,0.35,58.1,4,2,是,B,agent,0.63,0.43,0.65,0.53,0.56,0.66,0.47,0.68,0.41,自住-改善,两室一厅,53,6876,智能新能源车企研发骨干,二胎黄金期中大户型,三亚中环品质两居，车位及空间极其拥挤,小区无地下车库且人车不分流，小孩在楼下玩耍或者推婴儿车极为不安全。,要求采光通透，全明户型，带多功能嵌入式收纳墙以最大化空间利用。,无需日常通勤，但要求30分钟内快捷通达凤凰机场或高铁站。,崇尚度假慢生活，清晨沙滩漫步，午后椰林下午茶，酷爱轻户外及后海冲浪。,名下持有一套旧两居，置换回款 65% + 个人理财储蓄补充 + 公积金商业贷,重性价比，不盲信大牌，但要求物业管理有序、绿化修剪及时、人防技防规范。,本地常住人口，四季生活规律，度假频次为常规年假出行。
三_2011_00584,三亚,2011,本地改善,39,女,2.0,11.2,0.35,24.1,4,1,是,B,agent,0.87,0.59,0.64,0.35,0.35,0.79,0.51,0.51,0.48,自住-改善,两室两厅,71,2463,三甲医院主治医师,三口之家(学龄段),三亚中环品质两居，车位及空间极其拥挤,小区无地下车库且人车不分流，小孩在楼下玩耍或者推婴儿车极为不安全。,讲究超高得房率（超85%），主卧套房必须配备独立步入式衣帽间与干湿分离双卫。,无需日常通勤，但要求30分钟内快捷通达凤凰机场或高铁站。,崇尚度假慢生活，清晨沙滩漫步，午后椰林下午茶，酷爱轻户外及后海冲浪。,名下持有一套旧两居，置换回款 65% + 个人理财储蓄补充 + 公积金商业贷,重性价比，不盲信大牌，但要求物业管理有序、绿化修剪及时、人防技防规范。,本地常住人口，四季生活规律，度假频次为常规年假出行。
三_2011_00585,三亚,2011,本地改善,30,男,1.6,8.0,0.35,17.2,5,2,否,B,agent,0.91,0.66,0.59,0.38,0.44,0.83,0.48,0.58,0.44,自住-改善,两室一厅,90,1001,重点中学高级教师,二胎黄金期中大户型,三亚中环品质两居，车位及空间极其拥挤,小区无地下车库且人车不分流，小孩在楼下玩耍或者推婴儿车极为不安全。,讲究超高得房率（超85%），主卧套房必须配备独立步入式衣帽间与干湿分离双卫。,无需日常通勤，但要求30分钟内快捷通达凤凰机场或高铁站。,崇尚度假慢生活，清晨沙滩漫步，午后椰林下午茶，酷爱轻户外及后海冲浪。,名下持有一套旧两居，置换回款 65% + 个人理财储蓄补充 + 公积金商业贷,重性价比，不盲信大牌，但要求物业管理有序、绿化修剪及时、人防技防规范。,本地常住人口，四季生活规律，度假频次为常规年假出行。
三_2011_00586,三亚,2011,度假投资,40,女,13.1,125.2,0.4,234.7,3,2,否,A,research,0.8,0.32,0.96,0.49,0.45,0.47,0.04,0.01,0.74,度假,三室两厅,143,11420,高端海景资产收藏家,二胎黄金期中大户型,陆家嘴核心区江景大平层,无高端私密会所及管家式物业配套，圈层鱼龙混杂，高净值居住体验差。,要求有超大面宽南向双阳台（观景家政分离），主卧大飘窗能270度直面自然景观。,无需日常通勤，但要求30分钟内快捷通达凤凰机场或高铁站。,周末常去高端商圈消费，热衷打网球和马术，重度手冲咖啡及黑胶唱片发烧友。,名下已有企业股权套现或分红现金，一次性全款付清，基本不加杠杆,非仁恒、绿城、万科等金牌开发商不买，极度看重高端精装质量与顶级物业的增值口碑。,每年11月至次年3月到此度过漫长冬季，极其依赖周边的康养及适老化服务。
三_2011_00587,三亚,2011,本地改善,41,女,4.7,25.1,0.35,53.8,5,1,否,B,agent,0.94,0.59,0.6,0.35,0.26,0.54,0.48,0.7,0.56,自住-改善,两室一厅,79,6045,智能新能源车企研发骨干,三口之家(学龄段),三亚中环品质两居，车位及空间极其拥挤,小区无地下车库且人车不分流，小孩在楼下玩耍或者推婴儿车极为不安全。,核心要求地块属于第一梯队名校学区，且周边500米内解决幼小衔接教育配套。,无需日常通勤，但要求30分钟内快捷通达凤凰机场或高铁站。,崇尚度假慢生活，清晨沙滩漫步，午后椰林下午茶，酷爱轻户外及后海冲浪。,名下持有一套旧两居，置换回款 65% + 个人理财储蓄补充 + 公积金商业贷,重性价比，不盲信大牌，但要求物业管理有序、绿化修剪及时、人防技防规范。,本地常住人口，四季生活规律，度假频次为常规年假出行。
三_2011_00588,三亚,2011,度假投资,53,女,3.4,36.8,0.4,69.1,3,1,否,A,research,0.9,0.43,0.88,0.75,0.68,0.49,0.03,0.03,0.7,投资-短期,一室一厅,85,5203,知名中医药连锁投资人,三口之家(学龄段),陆家嘴核心区江景大平层,无高端私密会所及管家式物业配套，圈层鱼龙混杂，高净值居住体验差。,要求独立电梯入户，主次卧动线分明，配备独立保姆房和私密后院。,无需日常通勤，但要求30分钟内快捷通达凤凰机场或高铁站。,周末常去高端商圈消费，热衷打网球和马术，重度手冲咖啡及黑胶唱片发烧友。,名下已有企业股权套现或分红现金，一次性全款付清，基本不加杠杆,非仁恒、绿城、万科等金牌开发商不买，极度看重高端精装质量与顶级物业的增值口碑。,每年11月至次年3月到此度过漫长冬季，极其依赖周边的康养及适老化服务。
三_2011_00589,三亚,2011,度假投资,37,男,7.0,74.8,0.4,140.3,4,2,是,A,research,0.78,0.5,0.88,0.65,0.59,0.29,0.03,0,0.67,投资-长持,两室一厅,88,8437,上市公司退休联合创始人,二胎黄金期中大户型,市中心私密洋房住宅,当前房屋属于旧多层无电梯房，父母年纪渐高每天爬楼梯极为吃力。,要求有超大面宽南向双阳台（观景家政分离），主卧大飘窗能270度直面自然景观。,无需日常通勤，但要求30分钟内快捷通达凤凰机场或高铁站。,周末常去高端商圈消费，热衷打网球和马术，重度手冲咖啡及黑胶唱片发烧友。,名下已有企业股权套现或分红现金，一次性全款付清，基本不加杠杆,重性价比，不盲信大牌，但要求物业管理有序、绿化修剪及时、人防技防规范。,每年11月至次年3月到此度过漫长冬季，极其依赖周边的康养及适老化服务。
三_2011_00590,三亚,2011,外地候鸟-华北,60,男,3.3,25.6,0.5,38.4,2,0,否,B,network,0.39,0.48,1,0.55,0.64,0.45,0.07,0.04,0.65,养老,一室一厅,51,5697,北京三甲医院退休教授,高知退休康养,三亚中环品质两居，车位及空间极其拥挤,老小区隔音差，邻里滋扰严重，且车位严重匮乏，每晚加班回来抢车位像打仗。,要求有超大面宽南向双阳台（观景家政分离），主卧大飘窗能270度直面自然景观。,无需日常通勤，但要求30分钟内快捷通达凤凰机场或高铁站。,崇尚度假慢生活，清晨沙滩漫步，午后椰林下午茶，酷爱轻户外及后海冲浪。,名下持有一套旧两居，置换回款 65% + 个人理财储蓄补充 + 公积金商业贷,重性价比，不盲信大牌，但要求物业管理有序、绿化修剪及时、人防技防规范。,每年11月至次年3月到此度过漫长冬季，极其依赖周边的康养及适老化服务。
三_2011_00591,三亚,2011,本地改善,45,女,1.3,8.6,0.35,18.4,3,0,是,B,agent,0.78,0.6,0.63,0.5,0.44,0.75,0.6,0.67,0.28,自住-改善,两室两厅,90,1130,区级税务局一级主办,成熟期核心家庭,三亚中环品质两居，车位及空间极其拥挤,当前房屋属于旧多层无电梯房，父母年纪渐高每天爬楼梯极为吃力。,讲究超高得房率（超85%），主卧套房必须配备独立步入式衣帽间与干湿分离双卫。,无需日常通勤，但要求30分钟内快捷通达凤凰机场或高铁站。,崇尚度假慢生活，清晨沙滩漫步，午后椰林下午茶，酷爱轻户外及后海冲浪。,名下持有一套旧两居，置换回款 65% + 个人理财储蓄补充 + 公积金商业贷,重性价比，不盲信大牌，但要求物业管理有序、绿化修剪及时、人防技防规范。,本地常住人口，四季生活规律，度假频次为常规年假出行。
三_2011_00592,三亚,2011,本地改善,30,男,2.1,11.5,0.35,24.5,5,1,是,B,agent,0.82,0.62,0.6,0.48,0.27,0.73,0.37,0.69,0.43,自住-改善,一室一厅,63,2053,国企中层管理,三口之家(幼龄段),三亚中环品质两居，车位及空间极其拥挤,小区无地下车库且人车不分流，小孩在楼下玩耍或者推婴儿车极为不安全。,讲究超高得房率（超85%），主卧套房必须配备独立步入式衣帽间与干湿分离双卫。,无需日常通勤，但要求30分钟内快捷通达凤凰机场或高铁站。,崇尚度假慢生活，清晨沙滩漫步，午后椰林下午茶，酷爱轻户外及后海冲浪。,名下持有一套旧两居，置换回款 65% + 个人理财储蓄补充 + 公积金商业贷,重性价比，不盲信大牌，但要求物业管理有序、绿化修剪及时、人防技防规范。,本地常住人口，四季生活规律，度假频次为常规年假出行。
三_2011_00593,三亚,2011,外地候鸟-西北,74,女,2.7,19.5,0.5,29.3,1,0,否,C,network,0.3,0.69,1,0.74,0.54,0.54,0,0,0.62,度假,两室两厅,92,2715,兰州煤炭物流运输企业主,高知退休康养,与父母同住，三代人拥挤在旧区小户型老房中,老小区隔音差，邻里滋扰严重，且车位严重匮乏，每晚加班回来抢车位像打仗。,要求独立电梯入户，主次卧动线分明，配备独立保姆房和私密后院。,无需日常通勤，但要求30分钟内快捷通达凤凰机场或高铁站。,崇尚度假慢生活，清晨沙滩漫步，午后椰林下午茶，酷爱轻户外及后海冲浪。,名下持有一套旧两居，置换回款 65% + 个人理财储蓄补充 + 公积金商业贷,重性价比，不盲信大牌，但要求物业管理有序、绿化修剪及时、人防技防规范。,每年11月至次年3月到此度过漫长冬季，极其依赖周边的康养及适老化服务。
三_2011_00594,三亚,2011,本地改善,30,女,1.5,7.2,0.35,15.5,4,1,否,B,agent,0.75,0.48,0.51,0.46,0.43,0.8,0.58,0.63,0.49,自住-改善,两室一厅,66,1691,重点中学高级教师,三口之家(幼龄段),三亚中环品质两居，车位及空间极其拥挤,小区无地下车库且人车不分流，小孩在楼下玩耍或者推婴儿车极为不安全。,讲究超高得房率（超85%），主卧套房必须配备独立步入式衣帽间与干湿分离双卫。,无需日常通勤，但要求30分钟内快捷通达凤凰机场或高铁站。,崇尚度假慢生活，清晨沙滩漫步，午后椰林下午茶，酷爱轻户外及后海冲浪。,名下持有一套旧两居，置换回款 65% + 个人理财储蓄补充 + 公积金商业贷,重性价比，不盲信大牌，但要求物业管理有序、绿化修剪及时、人防技防规范。,本地常住人口，四季生活规律，度假频次为常规年假出行。
三_2011_00595,三亚,2011,本地改善,50,男,2.8,19.7,0.35,42.3,4,1,是,B,agent,0.59,0.6,0.61,0.25,0.4,0.85,0.53,0.74,0.38,自住-改善,一室一厅,58,5438,重点中学高级教师,三口之家(学龄段),三亚中环品质两居，车位及空间极其拥挤,小区无地下车库且人车不分流，小孩在楼下玩耍或者推婴儿车极为不安全。,讲究超高得房率（超85%），主卧套房必须配备独立步入式衣帽间与干湿分离双卫。,无需日常通勤，但要求30分钟内快捷通达凤凰机场或高铁站。,崇尚度假慢生活，清晨沙滩漫步，午后椰林下午茶，酷爱轻户外及后海冲浪。,名下持有一套旧两居，置换回款 65% + 个人理财储蓄补充 + 公积金商业贷,重性价比，不盲信大牌，但要求物业管理有序、绿化修剪及时、人防技防规范。,本地常住人口，四季生活规律，度假频次为常规年假出行。
三_2011_00596,三亚,2011,外地候鸟-华北,69,女,2.6,16.9,0.5,25.4,2,1,否,B,network,0.57,0.62,0.88,0.8,0.63,0.47,0.08,0.02,0.56,度假,两室两厅,69,2520,北京三甲医院退休教授,三口之家(学龄段),三亚中环品质两居，车位及空间极其拥挤,小区无地下车库且人车不分流，小孩在楼下玩耍或者推婴儿车极为不安全。,要求独立电梯入户，主次卧动线分明，配备独立保姆房和私密后院。,无需日常通勤，但要求30分钟内快捷通达凤凰机场或高铁站。,崇尚度假慢生活，清晨沙滩漫步，午后椰林下午茶，酷爱轻户外及后海冲浪。,名下持有一套旧两居，置换回款 65% + 个人理财储蓄补充 + 公积金商业贷,重性价比，不盲信大牌，但要求物业管理有序、绿化修剪及时、人防技防规范。,每年11月至次年3月到此度过漫长冬季，极其依赖周边的康养及适老化服务。
三_2011_00597,三亚,2011,度假投资,43,男,1.2,15.8,0.4,29.6,4,1,否,A,research,0.83,0.43,0.78,0.65,0.41,0.47,0.04,0.05,0.63,度假,一室一厅,72,2571,知名中医药连锁投资人,三口之家(学龄段),西湖边高精平层,无高端私密会所及管家式物业配套，圈层鱼龙混杂，高净值居住体验差。,要求有超大面宽南向双阳台（观景家政分离），主卧大飘窗能270度直面自然景观。,无需日常通勤，但要求30分钟内快捷通达凤凰机场或高铁站。,周末常去高端商圈消费，热衷打网球和马术，重度手冲咖啡及黑胶唱片发烧友。,名下已有企业股权套现或分红现金，一次性全款付清，基本不加杠杆,重性价比，不盲信大牌，但要求物业管理有序、绿化修剪及时、人防技防规范。,每年11月至次年3月到此度过漫长冬季，极其依赖周边的康养及适老化服务。
三_2011_00598,三亚,2011,外地候鸟-华北,68,女,5.1,42.5,0.5,63.8,2,0,否,B,network,0.27,0.54,0.95,0.85,0.65,0.51,0.07,0.06,0.48,养老,两室两厅,74,4559,央企总部退休总工,高知退休康养,三亚中环品质两居，车位及空间极其拥挤,老小区隔音差，邻里滋扰严重，且车位严重匮乏，每晚加班回来抢车位像打仗。,要求独立电梯入户，主次卧动线分明，配备独立保姆房和私密后院。,无需日常通勤，但要求30分钟内快捷通达凤凰机场或高铁站。,崇尚度假慢生活，清晨沙滩漫步，午后椰林下午茶，酷爱轻户外及后海冲浪。,名下持有一套旧两居，置换回款 65% + 个人理财储蓄补充 + 公积金商业贷,重性价比，不盲信大牌，但要求物业管理有序、绿化修剪及时、人防技防规范。,每年11月至次年3月到此度过漫长冬季，极其依赖周边的康养及适老化服务。
三_2011_00599,三亚,2011,外地候鸟-西北,59,男,2.3,22.2,0.5,33.3,1,0,否,C,network,0.35,0.68,0.78,0.6,0.53,0.5,0,0.18,0.59,养老,两室两厅,67,3629,西安设计院退休总建筑师,高知退休康养,与父母同住，三代人拥挤在旧区小户型老房中,老小区隔音差，邻里滋扰严重，且车位严重匮乏，每晚加班回来抢车位像打仗。,要求有超大面宽南向双阳台（观景家政分离），主卧大飘窗能270度直面自然景观。,无需日常通勤，但要求30分钟内快捷通达凤凰机场或高铁站。,崇尚度假慢生活，清晨沙滩漫步，午后椰林下午茶，酷爱轻户外及后海冲浪。,名下持有一套旧两居，置换回款 65% + 个人理财储蓄补充 + 公积金商业贷,重性价比，不盲信大牌，但要求物业管理有序、绿化修剪及时、人防技防规范。,每年11月至次年3月到此度过漫长冬季，极其依赖周边的康养及适老化服务。
三_2011_00600,三亚,2011,外地候鸟-东北,68,男,3.2,25.2,0.5,37.8,3,0,否,C,network,0.27,0.61,0.95,0.74,0.5,0.61,0,0.08,0.56,养老,两室两厅,88,3145,沈阳大型重工企业退休副厂长,高知退休康养,与父母同住，三代人拥挤在旧区小户型老房中,老小区隔音差，邻里滋扰严重，且车位严重匮乏，每晚加班回来抢车位像打仗。,要求独立电梯入户，主次卧动线分明，配备独立保姆房和私密后院。,无需日常通勤，但要求30分钟内快捷通达凤凰机场或高铁站。,崇尚度假慢生活，清晨沙滩漫步，午后椰林下午茶，酷爱轻户外及后海冲浪。,名下持有一套旧两居，置换回款 65% + 个人理财储蓄补充 + 公积金商业贷,重性价比，不盲信大牌，但要求物业管理有序、绿化修剪及时、人防技防规范。,每年11月至次年3月到此度过漫长冬季，极其依赖周边的康养及适老化服务。
三_2011_00601,三亚,2011,外地候鸟-东北,75,男,2.6,23.2,0.5,34.7,2,0,否,C,network,0.41,0.53,0.94,0.76,0.65,0.53,0,0.03,0.54,度假,两室两厅,61,4789,哈尔滨私营物流老板,高知退休康养,与父母同住，三代人拥挤在旧区小户型老房中,老小区隔音差，邻里滋扰严重，且车位严重匮乏，每晚加班回来抢车位像打仗。,要求独立电梯入户，主次卧动线分明，配备独立保姆房和私密后院。,无需日常通勤，但要求30分钟内快捷通达凤凰机场或高铁站。,崇尚度假慢生活，清晨沙滩漫步，午后椰林下午茶，酷爱轻户外及后海冲浪。,名下持有一套旧两居，置换回款 65% + 个人理财储蓄补充 + 公积金商业贷,重性价比，不盲信大牌，但要求物业管理有序、绿化修剪及时、人防技防规范。,每年11月至次年3月到此度过漫长冬季，极其依赖周边的康养及适老化服务。
三_2011_00602,三亚,2011,外地候鸟-东北,75,女,3.6,19.4,0.5,29.2,3,0,否,C,network,0.36,0.52,0.98,0.82,0.57,0.55,0.07,0.1,0.37,度假,两室两厅,89,2914,哈尔滨私营物流老板,高知退休康养,与父母同住，三代人拥挤在旧区小户型老房中,老小区隔音差，邻里滋扰严重，且车位严重匮乏，每晚加班回来抢车位像打仗。,要求独立电梯入户，主次卧动线分明，配备独立保姆房和私密后院。,无需日常通勤，但要求30分钟内快捷通达凤凰机场或高铁站。,崇尚度假慢生活，清晨沙滩漫步，午后椰林下午茶，酷爱轻户外及后海冲浪。,名下持有一套旧两居，置换回款 65% + 个人理财储蓄补充 + 公积金商业贷,重性价比，不盲信大牌，但要求物业管理有序、绿化修剪及时、人防技防规范。,每年11月至次年3月到此度过漫长冬季，极其依赖周边的康养及适老化服务。
三_2011_00603,三亚,2011,本地改善,38,女,2.7,12.5,0.35,26.9,5,1,是,B,agent,0.7,0.49,0.54,0.49,0.34,0.75,0.53,0.6,0.51,自住-改善,一室一厅,72,2969,区级税务局一级主办,三口之家(学龄段),三亚中环品质两居，车位及空间极其拥挤,小区无地下车库且人车不分流，小孩在楼下玩耍或者推婴儿车极为不安全。,讲究超高得房率（超85%），主卧套房必须配备独立步入式衣帽间与干湿分离双卫。,无需日常通勤，但要求30分钟内快捷通达凤凰机场或高铁站。,崇尚度假慢生活，清晨沙滩漫步，午后椰林下午茶，酷爱轻户外及后海冲浪。,名下持有一套旧两居，置换回款 65% + 个人理财储蓄补充 + 公积金商业贷,重性价比，不盲信大牌，但要求物业管理有序、绿化修剪及时、人防技防规范。,本地常住人口，四季生活规律，度假频次为常规年假出行。
三_2011_00604,三亚,2011,外地候鸟-华北,68,男,5.2,34.6,0.5,52.0,2,0,否,B,network,0.93,0.47,1,0.72,0.72,0.68,0.08,0,0.4,养老,两室两厅,59,5663,北京三甲医院退休教授,高知退休康养,三亚中环品质两居，车位及空间极其拥挤,老小区隔音差，邻里滋扰严重，且车位严重匮乏，每晚加班回来抢车位像打仗。,要求独立电梯入户，主次卧动线分明，配备独立保姆房和私密后院。,无需日常通勤，但要求30分钟内快捷通达凤凰机场或高铁站。,崇尚度假慢生活，清晨沙滩漫步，午后椰林下午茶，酷爱轻户外及后海冲浪。,名下持有一套旧两居，置换回款 65% + 个人理财储蓄补充 + 公积金商业贷,重性价比，不盲信大牌，但要求物业管理有序、绿化修剪及时、人防技防规范。,每年11月至次年3月到此度过漫长冬季，极其依赖周边的康养及适老化服务。
三_2011_00605,三亚,2011,本地改善,32,女,2.9,16.1,0.35,34.6,4,0,是,B,agent,0.77,0.75,0.65,0.51,0.39,0.83,0.57,0.77,0.48,自住-改善,两室一厅,64,4445,国企中层管理,新婚过渡两居,三亚中环品质两居，车位及空间极其拥挤,当前房屋属于旧多层无电梯房，父母年纪渐高每天爬楼梯极为吃力。,讲究超高得房率（超85%），主卧套房必须配备独立步入式衣帽间与干湿分离双卫。,无需日常通勤，但要求30分钟内快捷通达凤凰机场或高铁站。,崇尚度假慢生活，清晨沙滩漫步，午后椰林下午茶，酷爱轻户外及后海冲浪。,名下持有一套旧两居，置换回款 65% + 个人理财储蓄补充 + 公积金商业贷,重性价比，不盲信大牌，但要求物业管理有序、绿化修剪及时、人防技防规范。,本地常住人口，四季生活规律，度假频次为常规年假出行。
三_2011_00606,三亚,2011,外地候鸟-西北,66,男,2.5,15.9,0.5,23.8,2,0,否,C,network,0.32,0.56,0.92,0.61,0.46,0.49,0,0,0.38,养老,两室一厅,100,2087,西安设计院退休总建筑师,高知退休康养,与父母同住，三代人拥挤在旧区小户型老房中,老小区隔音差，邻里滋扰严重，且车位严重匮乏，每晚加班回来抢车位像打仗。,要求有超大面宽南向双阳台（观景家政分离），主卧大飘窗能270度直面自然景观。,无需日常通勤，但要求30分钟内快捷通达凤凰机场或高铁站。,崇尚度假慢生活，清晨沙滩漫步，午后椰林下午茶，酷爱轻户外及后海冲浪。,名下持有一套旧两居，置换回款 65% + 个人理财储蓄补充 + 公积金商业贷,重性价比，不盲信大牌，但要求物业管理有序、绿化修剪及时、人防技防规范。,每年11月至次年3月到此度过漫长冬季，极其依赖周边的康养及适老化服务。
三_2011_00607,三亚,2011,本地改善,46,女,1.2,5.2,0.35,11.2,3,1,否,B,agent,0.69,0.44,0.56,0.32,0.55,0.72,0.51,0.72,0.4,自住-改善,两室一厅,58,1437,重点中学高级教师,三口之家(学龄段),三亚中环品质两居，车位及空间极其拥挤,小区无地下车库且人车不分流，小孩在楼下玩耍或者推婴儿车极为不安全。,讲究超高得房率（超85%），主卧套房必须配备独立步入式衣帽间与干湿分离双卫。,无需日常通勤，但要求30分钟内快捷通达凤凰机场或高铁站。,崇尚度假慢生活，清晨沙滩漫步，午后椰林下午茶，酷爱轻户外及后海冲浪。,名下持有一套旧两居，置换回款 65% + 个人理财储蓄补充 + 公积金商业贷,重性价比，不盲信大牌，但要求物业管理有序、绿化修剪及时、人防技防规范。,本地常住人口，四季生活规律，度假频次为常规年假出行。
三_2011_00608,三亚,2011,外地候鸟-华北,67,男,2.7,27.1,0.5,40.7,2,1,否,B,network,0.52,0.57,0.92,0.74,0.52,0.58,0,0,0.71,养老,两室两厅,73,4606,北京三甲医院退休教授,三口之家(学龄段),三亚中环品质两居，车位及空间极其拥挤,小区无地下车库且人车不分流，小孩在楼下玩耍或者推婴儿车极为不安全。,要求独立电梯入户，主次卧动线分明，配备独立保姆房和私密后院。,无需日常通勤，但要求30分钟内快捷通达凤凰机场或高铁站。,崇尚度假慢生活，清晨沙滩漫步，午后椰林下午茶，酷爱轻户外及后海冲浪。,名下持有一套旧两居，置换回款 65% + 个人理财储蓄补充 + 公积金商业贷,非仁恒、绿城、万科等金牌开发商不买，极度看重高端精装质量与顶级物业的增值口碑。,每年11月至次年3月到此度过漫长冬季，极其依赖周边的康养及适老化服务。
三_2011_00609,三亚,2011,度假投资,41,女,9.4,85.2,0.4,159.8,4,1,否,A,research,0.66,0.4,0.82,0.65,0.7,0.28,0.0,0.09,0.7,投资-长持,三室两厅,100,8653,上市公司退休联合创始人,三口之家(学龄段),市中心私密洋房住宅,无高端私密会所及管家式物业配套，圈层鱼龙混杂，高净值居住体验差。,要求有超大面宽南向双阳台（观景家政分离），主卧大飘窗能270度直面自然景观。,无需日常通勤，但要求30分钟内快捷通达凤凰机场或高铁站。,周末常去高端商圈消费，热衷打网球和马术，重度手冲咖啡及黑胶唱片发烧友。,名下已有企业股权套现或分红现金，一次性全款付清，基本不加杠杆,非仁恒、绿城、万科等金牌开发商不买，极度看重高端精装质量与顶级物业的增值口碑。,每年11月至次年3月到此度过漫长冬季，极其依赖周边的康养及适老化服务。
三_2011_00610,三亚,2011,外地候鸟-东北,68,女,4.6,32.0,0.5,48.0,1,1,否,C,network,0.23,0.37,0.97,0.7,0.52,0.44,0.14,0,0.33,养老,两室两厅,76,5578,沈阳大型重工企业退休副厂长,三口之家(学龄段),与父母同住，三代人拥挤在旧区小户型老房中,小区无地下车库且人车不分流，小孩在楼下玩耍或者推婴儿车极为不安全。,要求有超大面宽南向双阳台（观景家政分离），主卧大飘窗能270度直面自然景观。,无需日常通勤，但要求30分钟内快捷通达凤凰机场或高铁站。,崇尚度假慢生活，清晨沙滩漫步，午后椰林下午茶，酷爱轻户外及后海冲浪。,名下持有一套旧两居，置换回款 65% + 个人理财储蓄补充 + 公积金商业贷,重性价比，不盲信大牌，但要求物业管理有序、绿化修剪及时、人防技防规范。,每年11月至次年3月到此度过漫长冬季，极其依赖周边的康养及适老化服务。
三_2011_00611,三亚,2011,度假投资,38,男,8.5,81.1,0.4,152.0,3,1,否,A,research,1,0.33,0.84,0.58,0.57,0.42,0,0,0.75,投资-长持,两室两厅,96,13513,知名中医药连锁投资人,三口之家(学龄段),市中心私密洋房住宅,无高端私密会所及管家式物业配套，圈层鱼龙混杂，高净值居住体验差。,要求有超大面宽南向双阳台（观景家政分离），主卧大飘窗能270度直面自然景观。,无需日常通勤，但要求30分钟内快捷通达凤凰机场或高铁站。,周末常去高端商圈消费，热衷打网球和马术，重度手冲咖啡及黑胶唱片发烧友。,名下已有企业股权套现或分红现金，一次性全款付清，基本不加杠杆,非仁恒、绿城、万科等金牌开发商不买，极度看重高端精装质量与顶级物业的增值口碑。,每年11月至次年3月到此度过漫长冬季，极其依赖周边的康养及适老化服务。
三_2011_00612,三亚,2011,度假投资,46,男,13.4,146.3,0.4,274.3,2,1,否,A,research,0.71,0.47,0.92,0.7,0.35,0.54,0,0.05,0.65,投资-短期,三室两厅,113,17013,高端海景资产收藏家,三口之家(学龄段),西湖边高精平层,无高端私密会所及管家式物业配套，圈层鱼龙混杂，高净值居住体验差。,要求有超大面宽南向双阳台（观景家政分离），主卧大飘窗能270度直面自然景观。,无需日常通勤，但要求30分钟内快捷通达凤凰机场或高铁站。,周末常去高端商圈消费，热衷打网球和马术，重度手冲咖啡及黑胶唱片发烧友。,名下已有企业股权套现或分红现金，一次性全款付清，基本不加杠杆,重性价比，不盲信大牌，但要求物业管理有序、绿化修剪及时、人防技防规范。,每年11月至次年3月到此度过漫长冬季，极其依赖周边的康养及适老化服务。
三_2011_00613,三亚,2011,外地候鸟-华北,73,女,5.2,36.4,0.5,54.6,2,0,否,B,network,0.52,0.47,0.9,0.62,0.64,0.47,0.02,0,0.45,度假,两室两厅,98,3265,高校资深硕导,高知退休康养,三亚中环品质两居，车位及空间极其拥挤,老小区隔音差，邻里滋扰严重，且车位严重匮乏，每晚加班回来抢车位像打仗。,要求有超大面宽南向双阳台（观景家政分离），主卧大飘窗能270度直面自然景观。,无需日常通勤，但要求30分钟内快捷通达凤凰机场或高铁站。,崇尚度假慢生活，清晨沙滩漫步，午后椰林下午茶，酷爱轻户外及后海冲浪。,名下持有一套旧两居，置换回款 65% + 个人理财储蓄补充 + 公积金商业贷,重性价比，不盲信大牌，但要求物业管理有序、绿化修剪及时、人防技防规范。,每年11月至次年3月到此度过漫长冬季，极其依赖周边的康养及适老化服务。
三_2011_00614,三亚,2011,外地候鸟-华北,68,女,3.0,18.7,0.5,28.1,2,0,否,B,network,0.19,0.67,0.88,0.76,0.56,0.44,0.08,0.06,0.42,养老,两室两厅,73,3022,高校资深硕导,高知退休康养,三亚中环品质两居，车位及空间极其拥挤,老小区隔音差，邻里滋扰严重，且车位严重匮乏，每晚加班回来抢车位像打仗。,要求独立电梯入户，主次卧动线分明，配备独立保姆房和私密后院。,无需日常通勤，但要求30分钟内快捷通达凤凰机场或高铁站。,崇尚度假慢生活，清晨沙滩漫步，午后椰林下午茶，酷爱轻户外及后海冲浪。,名下持有一套旧两居，置换回款 65% + 个人理财储蓄补充 + 公积金商业贷,重性价比，不盲信大牌，但要求物业管理有序、绿化修剪及时、人防技防规范。,每年11月至次年3月到此度过漫长冬季，极其依赖周边的康养及适老化服务。
三_2011_00615,三亚,2011,外地候鸟-华北,61,女,2.9,17.7,0.5,26.6,3,0,否,B,network,0.42,0.45,0.94,0.53,0.39,0.55,0,0,0.57,度假,两室一厅,79,2068,央企总部退休总工,高知退休康养,三亚中环品质两居，车位及空间极其拥挤,老小区隔音差，邻里滋扰严重，且车位严重匮乏，每晚加班回来抢车位像打仗。,要求有超大面宽南向双阳台（观景家政分离），主卧大飘窗能270度直面自然景观。,无需日常通勤，但要求30分钟内快捷通达凤凰机场或高铁站。,崇尚度假慢生活，清晨沙滩漫步，午后椰林下午茶，酷爱轻户外及后海冲浪。,名下持有一套旧两居，置换回款 65% + 个人理财储蓄补充 + 公积金商业贷,重性价比，不盲信大牌，但要求物业管理有序、绿化修剪及时、人防技防规范。,每年11月至次年3月到此度过漫长冬季，极其依赖周边的康养及适老化服务。
三_2011_00616,三亚,2011,度假投资,47,男,3.5,32.1,0.4,60.3,2,2,否,A,research,0.88,0.44,0.77,0.65,0.67,0.35,0,0,0.7,投资-长持,两室两厅,54,6649,上市公司退休联合创始人,二胎黄金期中大户型,陆家嘴核心区江景大平层,无高端私密会所及管家式物业配套，圈层鱼龙混杂，高净值居住体验差。,要求有超大面宽南向双阳台（观景家政分离），主卧大飘窗能270度直面自然景观。,无需日常通勤，但要求30分钟内快捷通达凤凰机场或高铁站。,周末常去高端商圈消费，热衷打网球和马术，重度手冲咖啡及黑胶唱片发烧友。,名下已有企业股权套现或分红现金，一次性全款付清，基本不加杠杆,非仁恒、绿城、万科等金牌开发商不买，极度看重高端精装质量与顶级物业的增值口碑。,每年11月至次年3月到此度过漫长冬季，极其依赖周边的康养及适老化服务。
三_2011_00617,三亚,2011,度假投资,54,男,12.2,111.1,0.4,208.4,2,0,否,A,research,0.93,0.27,0.95,0.72,0.4,0.5,0,0,0.71,度假,三室两厅,130,13254,高端海景资产收藏家,成熟期核心家庭,市中心私密洋房住宅,无高端私密会所及管家式物业配套，圈层鱼龙混杂，高净值居住体验差。,要求独立电梯入户，主次卧动线分明，配备独立保姆房和私密后院。,无需日常通勤，但要求30分钟内快捷通达凤凰机场或高铁站。,周末常去高端商圈消费，热衷打网球和马术，重度手冲咖啡及黑胶唱片发烧友。,名下已有企业股权套现或分红现金，一次性全款付清，基本不加杠杆,非仁恒、绿城、万科等金牌开发商不买，极度看重高端精装质量与顶级物业的增值口碑。,每年11月至次年3月到此度过漫长冬季，极其依赖周边的康养及适老化服务。
三_2011_00618,三亚,2011,度假投资,40,女,5.1,36.3,0.4,68.0,2,1,否,A,research,1,0.47,0.82,0.59,0.56,0.46,0,0,0.79,度假,一室一厅,52,7182,上市公司退休联合创始人,三口之家(学龄段),西湖边高精平层,无高端私密会所及管家式物业配套，圈层鱼龙混杂，高净值居住体验差。,要求有超大面宽南向双阳台（观景家政分离），主卧大飘窗能270度直面自然景观。,无需日常通勤，但要求30分钟内快捷通达凤凰机场或高铁站。,周末常去高端商圈消费，热衷打网球和马术，重度手冲咖啡及黑胶唱片发烧友。,名下已有企业股权套现或分红现金，一次性全款付清，基本不加杠杆,非仁恒、绿城、万科等金牌开发商不买，极度看重高端精装质量与顶级物业的增值口碑。,每年11月至次年3月到此度过漫长冬季，极其依赖周边的康养及适老化服务。
三_2011_00619,三亚,2011,本地改善,48,女,2.2,16.5,0.35,35.3,4,1,否,B,agent,0.91,0.64,0.56,0.49,0.26,0.86,0.49,0.72,0.4,自住-改善,一室一厅,52,5050,三甲医院主治医师,三口之家(学龄段),三亚中环品质两居，车位及空间极其拥挤,小区无地下车库且人车不分流，小孩在楼下玩耍或者推婴儿车极为不安全。,讲究超高得房率（超85%），主卧套房必须配备独立步入式衣帽间与干湿分离双卫。,无需日常通勤，但要求30分钟内快捷通达凤凰机场或高铁站。,崇尚度假慢生活，清晨沙滩漫步，午后椰林下午茶，酷爱轻户外及后海冲浪。,名下持有一套旧两居，置换回款 65% + 个人理财储蓄补充 + 公积金商业贷,重性价比，不盲信大牌，但要求物业管理有序、绿化修剪及时、人防技防规范。,本地常住人口，四季生活规律，度假频次为常规年假出行。
三_2011_00620,三亚,2011,本地改善,48,女,2.2,9.8,0.35,21.0,3,1,否,B,agent,0.98,0.66,0.6,0.52,0.39,0.77,0.47,0.61,0.44,自住-改善,两室两厅,83,1385,三甲医院主治医师,三口之家(学龄段),三亚中环品质两居，车位及空间极其拥挤,小区无地下车库且人车不分流，小孩在楼下玩耍或者推婴儿车极为不安全。,讲究超高得房率（超85%），主卧套房必须配备独立步入式衣帽间与干湿分离双卫。,无需日常通勤，但要求30分钟内快捷通达凤凰机场或高铁站。,崇尚度假慢生活，清晨沙滩漫步，午后椰林下午茶，酷爱轻户外及后海冲浪。,名下持有一套旧两居，置换回款 65% + 个人理财储蓄补充 + 公积金商业贷,重性价比，不盲信大牌，但要求物业管理有序、绿化修剪及时、人防技防规范。,本地常住人口，四季生活规律，度假频次为常规年假出行。
三_2011_00621,三亚,2011,外地候鸟-华北,57,女,4.9,28.0,0.5,42.0,3,0,否,B,network,0.38,0.5,0.92,0.9,0.64,0.51,0.12,0.1,0.56,养老,两室一厅,100,3558,北京三甲医院退休教授,高知退休康养,三亚中环品质两居，车位及空间极其拥挤,老小区隔音差，邻里滋扰严重，且车位严重匮乏，每晚加班回来抢车位像打仗。,要求独立电梯入户，主次卧动线分明，配备独立保姆房和私密后院。,无需日常通勤，但要求30分钟内快捷通达凤凰机场或高铁站。,崇尚度假慢生活，清晨沙滩漫步，午后椰林下午茶，酷爱轻户外及后海冲浪。,名下持有一套旧两居，置换回款 65% + 个人理财储蓄补充 + 公积金商业贷,重性价比，不盲信大牌，但要求物业管理有序、绿化修剪及时、人防技防规范。,每年11月至次年3月到此度过漫长冬季，极其依赖周边的康养及适老化服务。
三_2011_00622,三亚,2011,本地改善,46,男,2.2,15.2,0.35,32.6,6,0,是,B,agent,0.57,0.62,0.55,0.38,0.47,0.68,0.55,0.63,0.51,自住-改善,两室一厅,79,3651,区级税务局一级主办,成熟期核心家庭,三亚中环品质两居，车位及空间极其拥挤,当前房屋属于旧多层无电梯房，父母年纪渐高每天爬楼梯极为吃力。,要求采光通透，全明户型，带多功能嵌入式收纳墙以最大化空间利用。,无需日常通勤，但要求30分钟内快捷通达凤凰机场或高铁站。,崇尚度假慢生活，清晨沙滩漫步，午后椰林下午茶，酷爱轻户外及后海冲浪。,名下持有一套旧两居，置换回款 65% + 个人理财储蓄补充 + 公积金商业贷,重性价比，不盲信大牌，但要求物业管理有序、绿化修剪及时、人防技防规范。,本地常住人口，四季生活规律，度假频次为常规年假出行。
三_2011_00623,三亚,2011,度假投资,44,男,14.3,181.9,0.4,341.1,3,2,否,A,research,0.94,0.38,0.98,0.44,0.57,0.4,0.08,0.08,0.71,度假,四室两厅,130,21105,高端海景资产收藏家,二胎黄金期中大户型,陆家嘴核心区江景大平层,无高端私密会所及管家式物业配套，圈层鱼龙混杂，高净值居住体验差。,要求有超大面宽南向双阳台（观景家政分离），主卧大飘窗能270度直面自然景观。,无需日常通勤，但要求30分钟内快捷通达凤凰机场或高铁站。,周末常去高端商圈消费，热衷打网球和马术，重度手冲咖啡及黑胶唱片发烧友。,名下已有企业股权套现或分红现金，一次性全款付清，基本不加杠杆,非仁恒、绿城、万科等金牌开发商不买，极度看重高端精装质量与顶级物业的增值口碑。,每年11月至次年3月到此度过漫长冬季，极其依赖周边的康养及适老化服务。
三_2011_00624,三亚,2011,本地改善,40,男,3.0,16.8,0.35,36.0,3,2,是,B,agent,0.68,0.64,0.6,0.31,0.36,0.74,0.48,0.69,0.4,自住-改善,两室两厅,50,6117,国企中层管理,二胎黄金期中大户型,三亚中环品质两居，车位及空间极其拥挤,小区无地下车库且人车不分流，小孩在楼下玩耍或者推婴儿车极为不安全。,讲究超高得房率（超85%），主卧套房必须配备独立步入式衣帽间与干湿分离双卫。,无需日常通勤，但要求30分钟内快捷通达凤凰机场或高铁站。,崇尚度假慢生活，清晨沙滩漫步，午后椰林下午茶，酷爱轻户外及后海冲浪。,名下持有一套旧两居，置换回款 65% + 个人理财储蓄补充 + 公积金商业贷,重性价比，不盲信大牌，但要求物业管理有序、绿化修剪及时、人防技防规范。,本地常住人口，四季生活规律，度假频次为常规年假出行。
三_2011_00625,三亚,2011,外地候鸟-东北,72,女,2.2,16.9,0.5,25.3,2,1,否,C,network,0.27,0.6,1,0.67,0.52,0.45,0.01,0,0.58,度假,一室一厅,79,2147,沈阳大型重工企业退休副厂长,三口之家(学龄段),与父母同住，三代人拥挤在旧区小户型老房中,小区无地下车库且人车不分流，小孩在楼下玩耍或者推婴儿车极为不安全。,要求有超大面宽南向双阳台（观景家政分离），主卧大飘窗能270度直面自然景观。,无需日常通勤，但要求30分钟内快捷通达凤凰机场或高铁站。,崇尚度假慢生活，清晨沙滩漫步，午后椰林下午茶，酷爱轻户外及后海冲浪。,名下持有一套旧两居，置换回款 65% + 个人理财储蓄补充 + 公积金商业贷,重性价比，不盲信大牌，但要求物业管理有序、绿化修剪及时、人防技防规范。,每年11月至次年3月到此度过漫长冬季，极其依赖周边的康养及适老化服务。
三_2011_00626,三亚,2011,外地候鸟-西北,56,男,2.7,24.1,0.5,36.1,1,0,是,C,network,0.39,0.66,0.86,0.71,0.59,0.65,0,0.16,0.71,度假,一室一厅,96,2929,西安设计院退休总建筑师,高知退休康养,与父母同住，三代人拥挤在旧区小户型老房中,当前房屋属于旧多层无电梯房，父母年纪渐高每天爬楼梯极为吃力。,要求独立电梯入户，主次卧动线分明，配备独立保姆房和私密后院。,无需日常通勤，但要求30分钟内快捷通达凤凰机场或高铁站。,崇尚度假慢生活，清晨沙滩漫步，午后椰林下午茶，酷爱轻户外及后海冲浪。,名下持有一套旧两居，置换回款 65% + 个人理财储蓄补充 + 公积金商业贷,非仁恒、绿城、万科等金牌开发商不买，极度看重高端精装质量与顶级物业的增值口碑。,每年11月至次年3月到此度过漫长冬季，极其依赖周边的康养及适老化服务。
三_2011_00627,三亚,2011,本地改善,40,女,1.9,13.0,0.35,27.8,3,2,是,B,agent,1,0.53,0.63,0.35,0.43,0.72,0.64,0.75,0.39,自住-改善,两室两厅,100,2419,重点中学高级教师,二胎黄金期中大户型,三亚中环品质两居，车位及空间极其拥挤,小区无地下车库且人车不分流，小孩在楼下玩耍或者推婴儿车极为不安全。,讲究超高得房率（超85%），主卧套房必须配备独立步入式衣帽间与干湿分离双卫。,无需日常通勤，但要求30分钟内快捷通达凤凰机场或高铁站。,崇尚度假慢生活，清晨沙滩漫步，午后椰林下午茶，酷爱轻户外及后海冲浪。,名下持有一套旧两居，置换回款 65% + 个人理财储蓄补充 + 公积金商业贷,重性价比，不盲信大牌，但要求物业管理有序、绿化修剪及时、人防技防规范。,本地常住人口，四季生活规律，度假频次为常规年假出行。
三_2011_00628,三亚,2011,度假投资,46,男,6.7,80.6,0.4,151.1,3,1,否,A,research,0.87,0.37,0.83,0.62,0.65,0.49,0,0.15,0.75,投资-短期,三室一厅,118,7414,知名中医药连锁投资人,三口之家(学龄段),市中心私密洋房住宅,无高端私密会所及管家式物业配套，圈层鱼龙混杂，高净值居住体验差。,要求有超大面宽南向双阳台（观景家政分离），主卧大飘窗能270度直面自然景观。,无需日常通勤，但要求30分钟内快捷通达凤凰机场或高铁站。,周末常去高端商圈消费，热衷打网球和马术，重度手冲咖啡及黑胶唱片发烧友。,名下已有企业股权套现或分红现金，一次性全款付清，基本不加杠杆,非仁恒、绿城、万科等金牌开发商不买，极度看重高端精装质量与顶级物业的增值口碑。,每年11月至次年3月到此度过漫长冬季，极其依赖周边的康养及适老化服务。
三_2011_00629,三亚,2011,本地改善,33,女,2.2,16.2,0.35,34.7,3,1,是,B,agent,0.84,0.49,0.55,0.41,0.34,0.82,0.7,0.59,0.48,自住-改善,一室一厅,51,4510,国企中层管理,三口之家(幼龄段),三亚中环品质两居，车位及空间极其拥挤,小区无地下车库且人车不分流，小孩在楼下玩耍或者推婴儿车极为不安全。,讲究超高得房率（超85%），主卧套房必须配备独立步入式衣帽间与干湿分离双卫。,无需日常通勤，但要求30分钟内快捷通达凤凰机场或高铁站。,崇尚度假慢生活，清晨沙滩漫步，午后椰林下午茶，酷爱轻户外及后海冲浪。,名下持有一套旧两居，置换回款 65% + 个人理财储蓄补充 + 公积金商业贷,重性价比，不盲信大牌，但要求物业管理有序、绿化修剪及时、人防技防规范。,本地常住人口，四季生活规律，度假频次为常规年假出行。
三_2011_00630,三亚,2011,本地改善,42,女,2.1,12.5,0.35,26.9,4,1,是,B,agent,0.71,0.54,0.51,0.46,0.53,0.77,0.68,0.74,0.47,自住-改善,一室一厅,70,1951,三甲医院主治医师,三口之家(学龄段),三亚中环品质两居，车位及空间极其拥挤,小区无地下车库且人车不分流，小孩在楼下玩耍或者推婴儿车极为不安全。,讲究超高得房率（超85%），主卧套房必须配备独立步入式衣帽间与干湿分离双卫。,无需日常通勤，但要求30分钟内快捷通达凤凰机场或高铁站。,崇尚度假慢生活，清晨沙滩漫步，午后椰林下午茶，酷爱轻户外及后海冲浪。,名下持有一套旧两居，置换回款 65% + 个人理财储蓄补充 + 公积金商业贷,重性价比，不盲信大牌，但要求物业管理有序、绿化修剪及时、人防技防规范。,本地常住人口，四季生活规律，度假频次为常规年假出行。
三_2011_00631,三亚,2011,本地改善,43,男,1.8,10.4,0.35,22.2,4,1,是,B,agent,0.68,0.58,0.6,0.55,0.49,0.72,0.56,0.73,0.54,自住-改善,一室一厅,73,2482,国企中层管理,三口之家(学龄段),三亚中环品质两居，车位及空间极其拥挤,小区无地下车库且人车不分流，小孩在楼下玩耍或者推婴儿车极为不安全。,讲究超高得房率（超85%），主卧套房必须配备独立步入式衣帽间与干湿分离双卫。,无需日常通勤，但要求30分钟内快捷通达凤凰机场或高铁站。,崇尚度假慢生活，清晨沙滩漫步，午后椰林下午茶，酷爱轻户外及后海冲浪。,名下持有一套旧两居，置换回款 65% + 个人理财储蓄补充 + 公积金商业贷,重性价比，不盲信大牌，但要求物业管理有序、绿化修剪及时、人防技防规范。,本地常住人口，四季生活规律，度假频次为常规年假出行。
三_2011_00632,三亚,2011,本地改善,39,男,3.0,12.7,0.35,27.2,4,1,否,B,agent,0.63,0.35,0.56,0.54,0.32,0.74,0.41,0.63,0.44,自住-改善,两室一厅,53,4121,国企中层管理,三口之家(学龄段),三亚中环品质两居，车位及空间极其拥挤,小区无地下车库且人车不分流，小孩在楼下玩耍或者推婴儿车极为不安全。,讲究超高得房率（超85%），主卧套房必须配备独立步入式衣帽间与干湿分离双卫。,无需日常通勤，但要求30分钟内快捷通达凤凰机场或高铁站。,崇尚度假慢生活，清晨沙滩漫步，午后椰林下午茶，酷爱轻户外及后海冲浪。,名下持有一套旧两居，置换回款 65% + 个人理财储蓄补充 + 公积金商业贷,重性价比，不盲信大牌，但要求物业管理有序、绿化修剪及时、人防技防规范。,本地常住人口，四季生活规律，度假频次为常规年假出行。
三_2011_00633,三亚,2011,外地候鸟-华北,66,女,2.1,17.2,0.5,25.8,2,1,是,B,network,0.38,0.57,0.98,0.63,0.68,0.69,0,0,0.57,养老,两室两厅,63,2908,北京三甲医院退休教授,三口之家(学龄段),三亚中环品质两居，车位及空间极其拥挤,小区无地下车库且人车不分流，小孩在楼下玩耍或者推婴儿车极为不安全。,要求有超大面宽南向双阳台（观景家政分离），主卧大飘窗能270度直面自然景观。,无需日常通勤，但要求30分钟内快捷通达凤凰机场或高铁站。,崇尚度假慢生活，清晨沙滩漫步，午后椰林下午茶，酷爱轻户外及后海冲浪。,名下持有一套旧两居，置换回款 65% + 个人理财储蓄补充 + 公积金商业贷,重性价比，不盲信大牌，但要求物业管理有序、绿化修剪及时、人防技防规范。,每年11月至次年3月到此度过漫长冬季，极其依赖周边的康养及适老化服务。
三_2011_00634,三亚,2011,本地改善,44,男,1.3,9.9,0.35,21.3,4,1,是,B,agent,0.94,0.58,0.47,0.44,0.31,0.94,0.48,0.59,0.4,自住-改善,两室两厅,54,3273,国企中层管理,三口之家(学龄段),三亚中环品质两居，车位及空间极其拥挤,小区无地下车库且人车不分流，小孩在楼下玩耍或者推婴儿车极为不安全。,讲究超高得房率（超85%），主卧套房必须配备独立步入式衣帽间与干湿分离双卫。,无需日常通勤，但要求30分钟内快捷通达凤凰机场或高铁站。,崇尚度假慢生活，清晨沙滩漫步，午后椰林下午茶，酷爱轻户外及后海冲浪。,名下持有一套旧两居，置换回款 65% + 个人理财储蓄补充 + 公积金商业贷,重性价比，不盲信大牌，但要求物业管理有序、绿化修剪及时、人防技防规范。,本地常住人口，四季生活规律，度假频次为常规年假出行。
三_2011_00635,三亚,2011,外地候鸟-华北,57,男,2.1,17.5,0.5,26.3,2,0,否,B,network,0.6,0.67,1.0,0.69,0.59,0.42,0.26,0,0.52,度假,两室两厅,83,1679,高校资深硕导,高知退休康养,三亚中环品质两居，车位及空间极其拥挤,老小区隔音差，邻里滋扰严重，且车位严重匮乏，每晚加班回来抢车位像打仗。,要求有超大面宽南向双阳台（观景家政分离），主卧大飘窗能270度直面自然景观。,无需日常通勤，但要求30分钟内快捷通达凤凰机场或高铁站。,崇尚度假慢生活，清晨沙滩漫步，午后椰林下午茶，酷爱轻户外及后海冲浪。,名下持有一套旧两居，置换回款 65% + 个人理财储蓄补充 + 公积金商业贷,重性价比，不盲信大牌，但要求物业管理有序、绿化修剪及时、人防技防规范。,每年11月至次年3月到此度过漫长冬季，极其依赖周边的康养及适老化服务。
三_2011_00636,三亚,2011,本地改善,49,男,1.7,10.8,0.35,23.1,5,1,否,B,agent,1,0.66,0.51,0.5,0.36,0.84,0.6,0.65,0.4,自住-改善,两室两厅,79,1485,重点中学高级教师,三口之家(学龄段),三亚中环品质两居，车位及空间极其拥挤,小区无地下车库且人车不分流，小孩在楼下玩耍或者推婴儿车极为不安全。,讲究超高得房率（超85%），主卧套房必须配备独立步入式衣帽间与干湿分离双卫。,无需日常通勤，但要求30分钟内快捷通达凤凰机场或高铁站。,崇尚度假慢生活，清晨沙滩漫步，午后椰林下午茶，酷爱轻户外及后海冲浪。,名下持有一套旧两居，置换回款 65% + 个人理财储蓄补充 + 公积金商业贷,重性价比，不盲信大牌，但要求物业管理有序、绿化修剪及时、人防技防规范。,本地常住人口，四季生活规律，度假频次为常规年假出行。
三_2011_00637,三亚,2011,本地改善,33,男,3.2,18.5,0.35,39.7,5,0,是,B,agent,0.45,0.53,0.56,0.39,0.31,0.66,0.49,0.67,0.38,自住-改善,一室一厅,56,5618,重点中学高级教师,新婚过渡两居,三亚中环品质两居，车位及空间极其拥挤,当前房屋属于旧多层无电梯房，父母年纪渐高每天爬楼梯极为吃力。,要求采光通透，全明户型，带多功能嵌入式收纳墙以最大化空间利用。,无需日常通勤，但要求30分钟内快捷通达凤凰机场或高铁站。,崇尚度假慢生活，清晨沙滩漫步，午后椰林下午茶，酷爱轻户外及后海冲浪。,名下持有一套旧两居，置换回款 65% + 个人理财储蓄补充 + 公积金商业贷,重性价比，不盲信大牌，但要求物业管理有序、绿化修剪及时、人防技防规范。,本地常住人口，四季生活规律，度假频次为常规年假出行。
三_2011_00638,三亚,2011,度假投资,37,女,7.3,92.9,0.4,174.2,2,1,否,A,research,0.89,0.33,0.73,0.56,0.57,0.45,0.02,0.06,0.71,投资-长持,三室两厅,133,6864,知名中医药连锁投资人,三口之家(幼龄段),西湖边高精平层,无高端私密会所及管家式物业配套，圈层鱼龙混杂，高净值居住体验差。,要求有超大面宽南向双阳台（观景家政分离），主卧大飘窗能270度直面自然景观。,无需日常通勤，但要求30分钟内快捷通达凤凰机场或高铁站。,周末常去高端商圈消费，热衷打网球和马术，重度手冲咖啡及黑胶唱片发烧友。,名下已有企业股权套现或分红现金，一次性全款付清，基本不加杠杆,非仁恒、绿城、万科等金牌开发商不买，极度看重高端精装质量与顶级物业的增值口碑。,每年11月至次年3月到此度过漫长冬季，极其依赖周边的康养及适老化服务。
三_2011_00639,三亚,2011,本地改善,41,女,1.2,6.4,0.35,13.7,4,1,是,B,agent,0.64,0.6,0.52,0.45,0.42,0.79,0.55,0.64,0.49,自住-改善,一室一厅,93,844,国企中层管理,三口之家(学龄段),三亚中环品质两居，车位及空间极其拥挤,小区无地下车库且人车不分流，小孩在楼下玩耍或者推婴儿车极为不安全。,讲究超高得房率（超85%），主卧套房必须配备独立步入式衣帽间与干湿分离双卫。,无需日常通勤，但要求30分钟内快捷通达凤凰机场或高铁站。,崇尚度假慢生活，清晨沙滩漫步，午后椰林下午茶，酷爱轻户外及后海冲浪。,名下持有一套旧两居，置换回款 65% + 个人理财储蓄补充 + 公积金商业贷,重性价比，不盲信大牌，但要求物业管理有序、绿化修剪及时、人防技防规范。,本地常住人口，四季生活规律，度假频次为常规年假出行。
三_2011_00640,三亚,2011,外地候鸟-东北,64,女,2.6,19.3,0.5,28.9,2,0,否,C,network,0.28,0.6,0.83,0.78,0.38,0.53,0.07,0.05,0.49,养老,两室一厅,83,2102,哈尔滨私营物流老板,高知退休康养,与父母同住，三代人拥挤在旧区小户型老房中,老小区隔音差，邻里滋扰严重，且车位严重匮乏，每晚加班回来抢车位像打仗。,要求独立电梯入户，主次卧动线分明，配备独立保姆房和私密后院。,无需日常通勤，但要求30分钟内快捷通达凤凰机场或高铁站。,崇尚度假慢生活，清晨沙滩漫步，午后椰林下午茶，酷爱轻户外及后海冲浪。,名下持有一套旧两居，置换回款 65% + 个人理财储蓄补充 + 公积金商业贷,重性价比，不盲信大牌，但要求物业管理有序、绿化修剪及时、人防技防规范。,每年11月至次年3月到此度过漫长冬季，极其依赖周边的康养及适老化服务。
三_2011_00641,三亚,2011,本地改善,39,女,2.1,9.4,0.35,20.1,4,1,否,B,agent,0.75,0.49,0.59,0.58,0.38,0.77,0.5,0.71,0.36,自住-改善,两室一厅,78,1377,国企中层管理,三口之家(学龄段),三亚中环品质两居，车位及空间极其拥挤,小区无地下车库且人车不分流，小孩在楼下玩耍或者推婴儿车极为不安全。,讲究超高得房率（超85%），主卧套房必须配备独立步入式衣帽间与干湿分离双卫。,无需日常通勤，但要求30分钟内快捷通达凤凰机场或高铁站。,崇尚度假慢生活，清晨沙滩漫步，午后椰林下午茶，酷爱轻户外及后海冲浪。,名下持有一套旧两居，置换回款 65% + 个人理财储蓄补充 + 公积金商业贷,重性价比，不盲信大牌，但要求物业管理有序、绿化修剪及时、人防技防规范。,本地常住人口，四季生活规律，度假频次为常规年假出行。
三_2011_00642,三亚,2011,本地改善,50,男,1.9,11.5,0.35,24.7,4,1,否,B,agent,0.71,0.55,0.49,0.4,0.26,0.65,0.62,0.68,0.33,自住-改善,两室一厅,90,2437,智能新能源车企研发骨干,三口之家(学龄段),三亚中环品质两居，车位及空间极其拥挤,小区无地下车库且人车不分流，小孩在楼下玩耍或者推婴儿车极为不安全。,要求采光通透，全明户型，带多功能嵌入式收纳墙以最大化空间利用。,无需日常通勤，但要求30分钟内快捷通达凤凰机场或高铁站。,崇尚度假慢生活，清晨沙滩漫步，午后椰林下午茶，酷爱轻户外及后海冲浪。,名下持有一套旧两居，置换回款 65% + 个人理财储蓄补充 + 公积金商业贷,重性价比，不盲信大牌，但要求物业管理有序、绿化修剪及时、人防技防规范。,本地常住人口，四季生活规律，度假频次为常规年假出行。
三_2011_00643,三亚,2011,外地候鸟-东北,70,男,4.1,24.3,0.5,36.5,2,0,否,C,network,0.44,0.62,0.98,0.73,0.58,0.58,0,0.13,0.33,养老,两室两厅,75,3233,哈尔滨高校退休处长,高知退休康养,与父母同住，三代人拥挤在旧区小户型老房中,老小区隔音差，邻里滋扰严重，且车位严重匮乏，每晚加班回来抢车位像打仗。,要求独立电梯入户，主次卧动线分明，配备独立保姆房和私密后院。,无需日常通勤，但要求30分钟内快捷通达凤凰机场或高铁站。,崇尚度假慢生活，清晨沙滩漫步，午后椰林下午茶，酷爱轻户外及后海冲浪。,名下持有一套旧两居，置换回款 65% + 个人理财储蓄补充 + 公积金商业贷,重性价比，不盲信大牌，但要求物业管理有序、绿化修剪及时、人防技防规范。,每年11月至次年3月到此度过漫长冬季，极其依赖周边的康养及适老化服务。
三_2011_00644,三亚,2011,度假投资,47,女,8.9,110.9,0.4,208.0,2,0,否,A,research,0.69,0.29,0.73,0.65,0.54,0.53,0.03,0.02,0.73,投资-短期,三室一厅,125,14479,上市公司退休联合创始人,成熟期核心家庭,陆家嘴核心区江景大平层,无高端私密会所及管家式物业配套，圈层鱼龙混杂，高净值居住体验差。,要求有超大面宽南向双阳台（观景家政分离），主卧大飘窗能270度直面自然景观。,无需日常通勤，但要求30分钟内快捷通达凤凰机场或高铁站。,周末常去高端商圈消费，热衷打网球和马术，重度手冲咖啡及黑胶唱片发烧友。,名下已有企业股权套现或分红现金，一次性全款付清，基本不加杠杆,非仁恒、绿城、万科等金牌开发商不买，极度看重高端精装质量与顶级物业的增值口碑。,每年11月至次年3月到此度过漫长冬季，极其依赖周边的康养及适老化服务。
三_2011_00645,三亚,2011,度假投资,39,男,10.4,86.9,0.4,162.9,5,1,否,A,research,0.77,0.49,0.79,0.54,0.61,0.29,0.01,0.17,0.82,投资-长持,三室一厅,103,12117,上市公司退休联合创始人,三口之家(学龄段),西湖边高精平层,无高端私密会所及管家式物业配套，圈层鱼龙混杂，高净值居住体验差。,要求有超大面宽南向双阳台（观景家政分离），主卧大飘窗能270度直面自然景观。,无需日常通勤，但要求30分钟内快捷通达凤凰机场或高铁站。,周末常去高端商圈消费，热衷打网球和马术，重度手冲咖啡及黑胶唱片发烧友。,名下已有企业股权套现或分红现金，一次性全款付清，基本不加杠杆,非仁恒、绿城、万科等金牌开发商不买，极度看重高端精装质量与顶级物业的增值口碑。,每年11月至次年3月到此度过漫长冬季，极其依赖周边的康养及适老化服务。
三_2011_00646,三亚,2011,度假投资,44,女,8.0,75.5,0.4,141.6,3,1,否,A,research,0.92,0.51,1,0.62,0.51,0.4,0.06,0,0.85,度假,两室一厅,65,18164,高端海景资产收藏家,三口之家(学龄段),陆家嘴核心区江景大平层,无高端私密会所及管家式物业配套，圈层鱼龙混杂，高净值居住体验差。,要求有超大面宽南向双阳台（观景家政分离），主卧大飘窗能270度直面自然景观。,无需日常通勤，但要求30分钟内快捷通达凤凰机场或高铁站。,周末常去高端商圈消费，热衷打网球和马术，重度手冲咖啡及黑胶唱片发烧友。,名下已有企业股权套现或分红现金，一次性全款付清，基本不加杠杆,非仁恒、绿城、万科等金牌开发商不买，极度看重高端精装质量与顶级物业的增值口碑。,每年11月至次年3月到此度过漫长冬季，极其依赖周边的康养及适老化服务。
三_2011_00647,三亚,2011,度假投资,50,男,9.1,76.9,0.4,144.2,3,2,否,A,research,0.85,0.42,0.94,0.57,0.58,0.51,0.05,0,0.77,投资-长持,两室两厅,80,12130,知名中医药连锁投资人,二胎黄金期中大户型,西湖边高精平层,无高端私密会所及管家式物业配套，圈层鱼龙混杂，高净值居住体验差。,要求有超大面宽南向双阳台（观景家政分离），主卧大飘窗能270度直面自然景观。,无需日常通勤，但要求30分钟内快捷通达凤凰机场或高铁站。,周末常去高端商圈消费，热衷打网球和马术，重度手冲咖啡及黑胶唱片发烧友。,名下已有企业股权套现或分红现金，一次性全款付清，基本不加杠杆,非仁恒、绿城、万科等金牌开发商不买，极度看重高端精装质量与顶级物业的增值口碑。,每年11月至次年3月到此度过漫长冬季，极其依赖周边的康养及适老化服务。
三_2011_00648,三亚,2011,外地候鸟-东北,71,女,1.8,14.1,0.5,21.1,2,0,否,C,network,0.31,0.67,0.98,0.75,0.57,0.59,0.08,0.02,0.68,养老,一室一厅,95,1531,哈尔滨私营物流老板,高知退休康养,与父母同住，三代人拥挤在旧区小户型老房中,老小区隔音差，邻里滋扰严重，且车位严重匮乏，每晚加班回来抢车位像打仗。,要求独立电梯入户，主次卧动线分明，配备独立保姆房和私密后院。,无需日常通勤，但要求30分钟内快捷通达凤凰机场或高铁站。,崇尚度假慢生活，清晨沙滩漫步，午后椰林下午茶，酷爱轻户外及后海冲浪。,名下持有一套旧两居，置换回款 65% + 个人理财储蓄补充 + 公积金商业贷,重性价比，不盲信大牌，但要求物业管理有序、绿化修剪及时、人防技防规范。,每年11月至次年3月到此度过漫长冬季，极其依赖周边的康养及适老化服务。
三_2011_00649,三亚,2011,度假投资,36,男,6.8,85.3,0.4,159.9,2,1,否,A,research,0.87,0.35,0.9,0.54,0.69,0.38,0.07,0,0.92,投资-短期,三室一厅,116,7931,知名中医药连锁投资人,三口之家(幼龄段),市中心私密洋房住宅,无高端私密会所及管家式物业配套，圈层鱼龙混杂，高净值居住体验差。,要求有超大面宽南向双阳台（观景家政分离），主卧大飘窗能270度直面自然景观。,无需日常通勤，但要求30分钟内快捷通达凤凰机场或高铁站。,周末常去高端商圈消费，热衷打网球和马术，重度手冲咖啡及黑胶唱片发烧友。,名下已有企业股权套现或分红现金，一次性全款付清，基本不加杠杆,非仁恒、绿城、万科等金牌开发商不买，极度看重高端精装质量与顶级物业的增值口碑。,每年11月至次年3月到此度过漫长冬季，极其依赖周边的康养及适老化服务。
三_2011_00650,三亚,2011,外地候鸟-华北,75,女,3.8,29.4,0.5,44.0,2,0,否,B,network,0.23,0.61,0.81,0.68,0.55,0.59,0.06,0.12,0.54,养老,两室两厅,97,2358,央企总部退休总工,高知退休康养,三亚中环品质两居，车位及空间极其拥挤,老小区隔音差，邻里滋扰严重，且车位严重匮乏，每晚加班回来抢车位像打仗。,要求有超大面宽南向双阳台（观景家政分离），主卧大飘窗能270度直面自然景观。,无需日常通勤，但要求30分钟内快捷通达凤凰机场或高铁站。,崇尚度假慢生活，清晨沙滩漫步，午后椰林下午茶，酷爱轻户外及后海冲浪。,名下持有一套旧两居，置换回款 65% + 个人理财储蓄补充 + 公积金商业贷,重性价比，不盲信大牌，但要求物业管理有序、绿化修剪及时、人防技防规范。,每年11月至次年3月到此度过漫长冬季，极其依赖周边的康养及适老化服务。
三_2011_00651,三亚,2011,外地候鸟-西北,67,女,3.4,33.7,0.5,50.6,2,0,否,C,network,0,0.69,1,0.61,0.45,0.61,0.06,0,0.54,度假,两室两厅,100,3781,西安设计院退休总建筑师,高知退休康养,与父母同住，三代人拥挤在旧区小户型老房中,老小区隔音差，邻里滋扰严重，且车位严重匮乏，每晚加班回来抢车位像打仗。,要求有超大面宽南向双阳台（观景家政分离），主卧大飘窗能270度直面自然景观。,无需日常通勤，但要求30分钟内快捷通达凤凰机场或高铁站。,崇尚度假慢生活，清晨沙滩漫步，午后椰林下午茶，酷爱轻户外及后海冲浪。,名下持有一套旧两居，置换回款 65% + 个人理财储蓄补充 + 公积金商业贷,重性价比，不盲信大牌，但要求物业管理有序、绿化修剪及时、人防技防规范。,每年11月至次年3月到此度过漫长冬季，极其依赖周边的康养及适老化服务。
三_2011_00652,三亚,2011,外地候鸟-华北,61,男,4.4,34.3,0.5,51.5,3,0,否,B,network,0.55,0.53,1,0.75,0.5,0.48,0,0.01,0.41,养老,两室两厅,82,5214,北京三甲医院退休教授,高知退休康养,三亚中环品质两居，车位及空间极其拥挤,老小区隔音差，邻里滋扰严重，且车位严重匮乏，每晚加班回来抢车位像打仗。,要求独立电梯入户，主次卧动线分明，配备独立保姆房和私密后院。,无需日常通勤，但要求30分钟内快捷通达凤凰机场或高铁站。,崇尚度假慢生活，清晨沙滩漫步，午后椰林下午茶，酷爱轻户外及后海冲浪。,名下持有一套旧两居，置换回款 65% + 个人理财储蓄补充 + 公积金商业贷,重性价比，不盲信大牌，但要求物业管理有序、绿化修剪及时、人防技防规范。,每年11月至次年3月到此度过漫长冬季，极其依赖周边的康养及适老化服务。
三_2011_00653,三亚,2011,本地改善,45,女,2.1,13.9,0.35,29.7,4,0,是,B,agent,0.92,0.66,0.58,0.45,0.46,0.8,0.5,0.64,0.53,自住-改善,两室两厅,99,2658,三甲医院主治医师,成熟期核心家庭,三亚中环品质两居，车位及空间极其拥挤,当前房屋属于旧多层无电梯房，父母年纪渐高每天爬楼梯极为吃力。,讲究超高得房率（超85%），主卧套房必须配备独立步入式衣帽间与干湿分离双卫。,无需日常通勤，但要求30分钟内快捷通达凤凰机场或高铁站。,崇尚度假慢生活，清晨沙滩漫步，午后椰林下午茶，酷爱轻户外及后海冲浪。,名下持有一套旧两居，置换回款 65% + 个人理财储蓄补充 + 公积金商业贷,重性价比，不盲信大牌，但要求物业管理有序、绿化修剪及时、人防技防规范。,本地常住人口，四季生活规律，度假频次为常规年假出行。
三_2011_00654,三亚,2011,外地候鸟-华北,73,女,3.4,31.5,0.5,47.3,1,0,否,B,network,0.4,0.6,0.88,0.61,0.53,0.59,0,0.06,0.57,度假,两室一厅,53,4924,央企总部退休总工,高知退休康养,三亚中环品质两居，车位及空间极其拥挤,老小区隔音差，邻里滋扰严重，且车位严重匮乏，每晚加班回来抢车位像打仗。,要求有超大面宽南向双阳台（观景家政分离），主卧大飘窗能270度直面自然景观。,无需日常通勤，但要求30分钟内快捷通达凤凰机场或高铁站。,崇尚度假慢生活，清晨沙滩漫步，午后椰林下午茶，酷爱轻户外及后海冲浪。,名下持有一套旧两居，置换回款 65% + 个人理财储蓄补充 + 公积金商业贷,重性价比，不盲信大牌，但要求物业管理有序、绿化修剪及时、人防技防规范。,每年11月至次年3月到此度过漫长冬季，极其依赖周边的康养及适老化服务。
三_2011_00655,三亚,2011,本地改善,43,女,1.7,12.5,0.35,26.8,4,2,是,B,agent,0.94,0.43,0.59,0.58,0.43,0.9,0.31,0.77,0.45,自住-改善,一室一厅,72,3311,重点中学高级教师,二胎黄金期中大户型,三亚中环品质两居，车位及空间极其拥挤,小区无地下车库且人车不分流，小孩在楼下玩耍或者推婴儿车极为不安全。,讲究超高得房率（超85%），主卧套房必须配备独立步入式衣帽间与干湿分离双卫。,无需日常通勤，但要求30分钟内快捷通达凤凰机场或高铁站。,崇尚度假慢生活，清晨沙滩漫步，午后椰林下午茶，酷爱轻户外及后海冲浪。,名下持有一套旧两居，置换回款 65% + 个人理财储蓄补充 + 公积金商业贷,重性价比，不盲信大牌，但要求物业管理有序、绿化修剪及时、人防技防规范。,本地常住人口，四季生活规律，度假频次为常规年假出行。
三_2011_00656,三亚,2011,外地候鸟-东北,77,女,1.6,12.0,0.5,18.0,3,0,否,C,network,0.27,0.66,0.91,0.74,0.46,0.5,0,0,0.46,养老,两室两厅,76,1940,沈阳大型重工企业退休副厂长,高知退休康养,与父母同住，三代人拥挤在旧区小户型老房中,老小区隔音差，邻里滋扰严重，且车位严重匮乏，每晚加班回来抢车位像打仗。,要求独立电梯入户，主次卧动线分明，配备独立保姆房和私密后院。,无需日常通勤，但要求30分钟内快捷通达凤凰机场或高铁站。,崇尚度假慢生活，清晨沙滩漫步，午后椰林下午茶，酷爱轻户外及后海冲浪。,名下持有一套旧两居，置换回款 65% + 个人理财储蓄补充 + 公积金商业贷,重性价比，不盲信大牌，但要求物业管理有序、绿化修剪及时、人防技防规范。,每年11月至次年3月到此度过漫长冬季，极其依赖周边的康养及适老化服务。
三_2011_00657,三亚,2011,外地候鸟-华北,73,男,6.9,49.9,0.5,74.8,2,1,否,B,network,0.44,0.56,0.95,0.79,0.73,0.61,0,0,0.54,度假,一室一厅,57,11536,央企总部退休总工,三口之家(学龄段),三亚中环品质两居，车位及空间极其拥挤,小区无地下车库且人车不分流，小孩在楼下玩耍或者推婴儿车极为不安全。,要求独立电梯入户，主次卧动线分明，配备独立保姆房和私密后院。,无需日常通勤，但要求30分钟内快捷通达凤凰机场或高铁站。,崇尚度假慢生活，清晨沙滩漫步，午后椰林下午茶，酷爱轻户外及后海冲浪。,名下持有一套旧两居，置换回款 65% + 个人理财储蓄补充 + 公积金商业贷,重性价比，不盲信大牌，但要求物业管理有序、绿化修剪及时、人防技防规范。,每年11月至次年3月到此度过漫长冬季，极其依赖周边的康养及适老化服务。
三_2011_00658,三亚,2011,外地候鸟-华北,57,女,3.0,27.5,0.5,41.3,2,0,否,B,network,0.48,0.69,0.99,0.68,0.57,0.67,0.0,0.1,0.62,养老,两室两厅,91,3769,高校资深硕导,高知退休康养,三亚中环品质两居，车位及空间极其拥挤,老小区隔音差，邻里滋扰严重，且车位严重匮乏，每晚加班回来抢车位像打仗。,要求有超大面宽南向双阳台（观景家政分离），主卧大飘窗能270度直面自然景观。,无需日常通勤，但要求30分钟内快捷通达凤凰机场或高铁站。,崇尚度假慢生活，清晨沙滩漫步，午后椰林下午茶，酷爱轻户外及后海冲浪。,名下持有一套旧两居，置换回款 65% + 个人理财储蓄补充 + 公积金商业贷,重性价比，不盲信大牌，但要求物业管理有序、绿化修剪及时、人防技防规范。,每年11月至次年3月到此度过漫长冬季，极其依赖周边的康养及适老化服务。
三_2011_00659,三亚,2011,本地改善,30,男,1.8,8.3,0.35,17.7,5,0,是,B,agent,0.68,0.69,0.63,0.35,0.4,0.97,0.51,0.65,0.39,自住-改善,两室一厅,50,2066,区级税务局一级主办,新婚过渡两居,三亚中环品质两居，车位及空间极其拥挤,当前房屋属于旧多层无电梯房，父母年纪渐高每天爬楼梯极为吃力。,讲究超高得房率（超85%），主卧套房必须配备独立步入式衣帽间与干湿分离双卫。,无需日常通勤，但要求30分钟内快捷通达凤凰机场或高铁站。,崇尚度假慢生活，清晨沙滩漫步，午后椰林下午茶，酷爱轻户外及后海冲浪。,名下持有一套旧两居，置换回款 65% + 个人理财储蓄补充 + 公积金商业贷,重性价比，不盲信大牌，但要求物业管理有序、绿化修剪及时、人防技防规范。,本地常住人口，四季生活规律，度假频次为常规年假出行。
三_2011_00660,三亚,2011,度假投资,51,女,12.1,103.3,0.4,193.7,5,2,否,A,research,1,0.5,0.85,0.64,0.6,0.44,0,0,0.75,投资-长持,三室一厅,124,11515,高端海景资产收藏家,二胎黄金期中大户型,陆家嘴核心区江景大平层,无高端私密会所及管家式物业配套，圈层鱼龙混杂，高净值居住体验差。,要求有超大面宽南向双阳台（观景家政分离），主卧大飘窗能270度直面自然景观。,无需日常通勤，但要求30分钟内快捷通达凤凰机场或高铁站。,周末常去高端商圈消费，热衷打网球和马术，重度手冲咖啡及黑胶唱片发烧友。,名下已有企业股权套现或分红现金，一次性全款付清，基本不加杠杆,非仁恒、绿城、万科等金牌开发商不买，极度看重高端精装质量与顶级物业的增值口碑。,每年11月至次年3月到此度过漫长冬季，极其依赖周边的康养及适老化服务。
三_2011_00661,三亚,2011,本地改善,35,女,2.4,18.4,0.35,39.5,4,1,否,B,agent,0.75,0.56,0.58,0.51,0.5,0.68,0.58,0.8,0.44,自住-改善,两室两厅,54,4835,区级税务局一级主办,三口之家(幼龄段),三亚中环品质两居，车位及空间极其拥挤,小区无地下车库且人车不分流，小孩在楼下玩耍或者推婴儿车极为不安全。,核心要求地块属于第一梯队名校学区，且周边500米内解决幼小衔接教育配套。,无需日常通勤，但要求30分钟内快捷通达凤凰机场或高铁站。,崇尚度假慢生活，清晨沙滩漫步，午后椰林下午茶，酷爱轻户外及后海冲浪。,名下持有一套旧两居，置换回款 65% + 个人理财储蓄补充 + 公积金商业贷,重性价比，不盲信大牌，但要求物业管理有序、绿化修剪及时、人防技防规范。,本地常住人口，四季生活规律，度假频次为常规年假出行。
三_2011_00662,三亚,2011,外地候鸟-华北,68,男,1.2,12.1,0.5,18.2,2,0,否,B,network,0.29,0.69,1,0.79,0.52,0.42,0,0.02,0.43,度假,两室一厅,55,1655,央企总部退休总工,高知退休康养,三亚中环品质两居，车位及空间极其拥挤,老小区隔音差，邻里滋扰严重，且车位严重匮乏，每晚加班回来抢车位像打仗。,要求独立电梯入户，主次卧动线分明，配备独立保姆房和私密后院。,无需日常通勤，但要求30分钟内快捷通达凤凰机场或高铁站。,崇尚度假慢生活，清晨沙滩漫步，午后椰林下午茶，酷爱轻户外及后海冲浪。,名下持有一套旧两居，置换回款 65% + 个人理财储蓄补充 + 公积金商业贷,重性价比，不盲信大牌，但要求物业管理有序、绿化修剪及时、人防技防规范。,每年11月至次年3月到此度过漫长冬季，极其依赖周边的康养及适老化服务。
三_2011_00663,三亚,2011,本地改善,31,女,3.1,14.6,0.35,31.2,5,1,否,B,agent,0.61,0.55,0.6,0.4,0.49,0.76,0.5,1,0.27,自住-改善,两室两厅,52,3411,重点中学高级教师,三口之家(幼龄段),三亚中环品质两居，车位及空间极其拥挤,小区无地下车库且人车不分流，小孩在楼下玩耍或者推婴儿车极为不安全。,讲究超高得房率（超85%），主卧套房必须配备独立步入式衣帽间与干湿分离双卫。,无需日常通勤，但要求30分钟内快捷通达凤凰机场或高铁站。,崇尚度假慢生活，清晨沙滩漫步，午后椰林下午茶，酷爱轻户外及后海冲浪。,名下持有一套旧两居，置换回款 65% + 个人理财储蓄补充 + 公积金商业贷,重性价比，不盲信大牌，但要求物业管理有序、绿化修剪及时、人防技防规范。,本地常住人口，四季生活规律，度假频次为常规年假出行。
三_2011_00664,三亚,2011,度假投资,51,女,11.2,124.9,0.4,234.2,3,1,否,A,research,0.7,0.38,0.88,0.74,0.54,0.43,0,0.12,0.8,投资-长持,三室两厅,150,12157,上市公司退休联合创始人,三口之家(学龄段),市中心私密洋房住宅,无高端私密会所及管家式物业配套，圈层鱼龙混杂，高净值居住体验差。,要求独立电梯入户，主次卧动线分明，配备独立保姆房和私密后院。,无需日常通勤，但要求30分钟内快捷通达凤凰机场或高铁站。,周末常去高端商圈消费，热衷打网球和马术，重度手冲咖啡及黑胶唱片发烧友。,名下已有企业股权套现或分红现金，一次性全款付清，基本不加杠杆,非仁恒、绿城、万科等金牌开发商不买，极度看重高端精装质量与顶级物业的增值口碑。,每年11月至次年3月到此度过漫长冬季，极其依赖周边的康养及适老化服务。
三_2011_00665,三亚,2011,高净值康养,62,男,8.5,129.9,0.6,162.4,3,0,否,A,network,0.62,0.32,0.99,0.93,0.95,0.61,0,0,0.84,养老,三室两厅,147,6201,知名中医药连锁投资人,高知退休康养,陆家嘴核心区江景大平层,无高端私密会所及管家式物业配套，圈层鱼龙混杂，高净值居住体验差。,要求独立电梯入户，主次卧动线分明，配备独立保姆房和私密后院。,无需日常通勤，但要求30分钟内快捷通达凤凰机场或高铁站。,周末常去高端商圈消费，热衷打网球和马术，重度手冲咖啡及黑胶唱片发烧友。,名下已有企业股权套现或分红现金，一次性全款付清，基本不加杠杆,非仁恒、绿城、万科等金牌开发商不买，极度看重高端精装质量与顶级物业的增值口碑。,本地常住人口，四季生活规律，度假频次为常规年假出行。
三_2011_00666,三亚,2011,外地候鸟-华北,58,男,2.4,14.5,0.5,21.7,2,0,否,B,network,0.68,0.6,0.96,0.76,0.64,0.45,0.05,0.04,0.55,养老,一室一厅,93,1327,北京三甲医院退休教授,高知退休康养,三亚中环品质两居，车位及空间极其拥挤,老小区隔音差，邻里滋扰严重，且车位严重匮乏，每晚加班回来抢车位像打仗。,要求独立电梯入户，主次卧动线分明，配备独立保姆房和私密后院。,无需日常通勤，但要求30分钟内快捷通达凤凰机场或高铁站。,崇尚度假慢生活，清晨沙滩漫步，午后椰林下午茶，酷爱轻户外及后海冲浪。,名下持有一套旧两居，置换回款 65% + 个人理财储蓄补充 + 公积金商业贷,重性价比，不盲信大牌，但要求物业管理有序、绿化修剪及时、人防技防规范。,每年11月至次年3月到此度过漫长冬季，极其依赖周边的康养及适老化服务。
三_2011_00667,三亚,2011,外地候鸟-东北,67,男,2.3,16.7,0.5,25.0,2,0,否,C,network,0.45,0.51,0.74,0.63,0.46,0.51,0.18,0,0.43,养老,两室两厅,96,1811,沈阳大型重工企业退休副厂长,高知退休康养,与父母同住，三代人拥挤在旧区小户型老房中,老小区隔音差，邻里滋扰严重，且车位严重匮乏，每晚加班回来抢车位像打仗。,要求有超大面宽南向双阳台（观景家政分离），主卧大飘窗能270度直面自然景观。,无需日常通勤，但要求30分钟内快捷通达凤凰机场或高铁站。,崇尚度假慢生活，清晨沙滩漫步，午后椰林下午茶，酷爱轻户外及后海冲浪。,名下持有一套旧两居，置换回款 65% + 个人理财储蓄补充 + 公积金商业贷,重性价比，不盲信大牌，但要求物业管理有序、绿化修剪及时、人防技防规范。,每年11月至次年3月到此度过漫长冬季，极其依赖周边的康养及适老化服务。
三_2011_00668,三亚,2011,度假投资,39,女,9.0,114.3,0.4,214.2,3,1,否,A,research,0.76,0.41,0.9,0.57,0.53,0.57,0,0.07,0.86,投资-长持,两室两厅,99,15476,上市公司退休联合创始人,三口之家(学龄段),西湖边高精平层,无高端私密会所及管家式物业配套，圈层鱼龙混杂，高净值居住体验差。,要求有超大面宽南向双阳台（观景家政分离），主卧大飘窗能270度直面自然景观。,无需日常通勤，但要求30分钟内快捷通达凤凰机场或高铁站。,周末常去高端商圈消费，热衷打网球和马术，重度手冲咖啡及黑胶唱片发烧友。,名下已有企业股权套现或分红现金，一次性全款付清，基本不加杠杆,非仁恒、绿城、万科等金牌开发商不买，极度看重高端精装质量与顶级物业的增值口碑。,每年11月至次年3月到此度过漫长冬季，极其依赖周边的康养及适老化服务。
三_2011_00669,三亚,2011,外地候鸟-东北,76,男,2.6,17.0,0.5,25.5,2,0,否,C,network,0.27,0.52,0.83,0.64,0.52,0.51,0.03,0,0.47,度假,两室一厅,55,2692,沈阳大型重工企业退休副厂长,高知退休康养,与父母同住，三代人拥挤在旧区小户型老房中,老小区隔音差，邻里滋扰严重，且车位严重匮乏，每晚加班回来抢车位像打仗。,要求有超大面宽南向双阳台（观景家政分离），主卧大飘窗能270度直面自然景观。,无需日常通勤，但要求30分钟内快捷通达凤凰机场或高铁站。,崇尚度假慢生活，清晨沙滩漫步，午后椰林下午茶，酷爱轻户外及后海冲浪。,名下持有一套旧两居，置换回款 65% + 个人理财储蓄补充 + 公积金商业贷,重性价比，不盲信大牌，但要求物业管理有序、绿化修剪及时、人防技防规范。,每年11月至次年3月到此度过漫长冬季，极其依赖周边的康养及适老化服务。
三_2011_00670,三亚,2011,度假投资,38,女,5.9,45.7,0.4,85.7,3,1,否,A,research,0.85,0.53,0.89,0.68,0.63,0.54,0,0,0.63,度假,一室一厅,93,6429,上市公司退休联合创始人,三口之家(学龄段),市中心私密洋房住宅,无高端私密会所及管家式物业配套，圈层鱼龙混杂，高净值居住体验差。,要求有超大面宽南向双阳台（观景家政分离），主卧大飘窗能270度直面自然景观。,无需日常通勤，但要求30分钟内快捷通达凤凰机场或高铁站。,周末常去高端商圈消费，热衷打网球和马术，重度手冲咖啡及黑胶唱片发烧友。,名下已有企业股权套现或分红现金，一次性全款付清，基本不加杠杆,重性价比，不盲信大牌，但要求物业管理有序、绿化修剪及时、人防技防规范。,每年11月至次年3月到此度过漫长冬季，极其依赖周边的康养及适老化服务。
三_2011_00671,三亚,2011,本地改善,46,男,1.9,12.2,0.35,26.1,5,1,是,B,agent,0.75,0.59,0.56,0.56,0.44,0.67,0.49,0.53,0.59,自住-改善,一室一厅,63,3541,国企中层管理,三口之家(学龄段),三亚中环品质两居，车位及空间极其拥挤,小区无地下车库且人车不分流，小孩在楼下玩耍或者推婴儿车极为不安全。,要求采光通透，全明户型，带多功能嵌入式收纳墙以最大化空间利用。,无需日常通勤，但要求30分钟内快捷通达凤凰机场或高铁站。,崇尚度假慢生活，清晨沙滩漫步，午后椰林下午茶，酷爱轻户外及后海冲浪。,名下持有一套旧两居，置换回款 65% + 个人理财储蓄补充 + 公积金商业贷,重性价比，不盲信大牌，但要求物业管理有序、绿化修剪及时、人防技防规范。,本地常住人口，四季生活规律，度假频次为常规年假出行。
三_2011_00672,三亚,2011,本地改善,43,女,3.2,17.4,0.35,37.3,3,0,否,B,agent,0.65,0.59,0.49,0.4,0.38,0.85,0.48,0.69,0.49,自住-改善,两室两厅,56,5544,国企中层管理,成熟期核心家庭,三亚中环品质两居，车位及空间极其拥挤,老小区隔音差，邻里滋扰严重，且车位严重匮乏，每晚加班回来抢车位像打仗。,讲究超高得房率（超85%），主卧套房必须配备独立步入式衣帽间与干湿分离双卫。,无需日常通勤，但要求30分钟内快捷通达凤凰机场或高铁站。,崇尚度假慢生活，清晨沙滩漫步，午后椰林下午茶，酷爱轻户外及后海冲浪。,名下持有一套旧两居，置换回款 65% + 个人理财储蓄补充 + 公积金商业贷,重性价比，不盲信大牌，但要求物业管理有序、绿化修剪及时、人防技防规范。,本地常住人口，四季生活规律，度假频次为常规年假出行。
三_2011_00673,三亚,2011,度假投资,41,男,6.6,85.5,0.4,160.3,4,1,否,A,research,0.72,0.41,0.77,0.61,0.48,0.38,0,0.11,0.73,投资-长持,两室两厅,141,6642,高端海景资产收藏家,三口之家(学龄段),市中心私密洋房住宅,无高端私密会所及管家式物业配套，圈层鱼龙混杂，高净值居住体验差。,要求有超大面宽南向双阳台（观景家政分离），主卧大飘窗能270度直面自然景观。,无需日常通勤，但要求30分钟内快捷通达凤凰机场或高铁站。,周末常去高端商圈消费，热衷打网球和马术，重度手冲咖啡及黑胶唱片发烧友。,名下已有企业股权套现或分红现金，一次性全款付清，基本不加杠杆,非仁恒、绿城、万科等金牌开发商不买，极度看重高端精装质量与顶级物业的增值口碑。,每年11月至次年3月到此度过漫长冬季，极其依赖周边的康养及适老化服务。
三_2011_00674,三亚,2011,外地候鸟-西北,68,男,6.1,37.4,0.5,56.1,2,0,否,C,network,0.3,0.57,0.83,0.67,0.52,0.65,0,0.01,0.41,养老,一室一厅,97,3997,西安设计院退休总建筑师,高知退休康养,与父母同住，三代人拥挤在旧区小户型老房中,老小区隔音差，邻里滋扰严重，且车位严重匮乏，每晚加班回来抢车位像打仗。,要求有超大面宽南向双阳台（观景家政分离），主卧大飘窗能270度直面自然景观。,无需日常通勤，但要求30分钟内快捷通达凤凰机场或高铁站。,崇尚度假慢生活，清晨沙滩漫步，午后椰林下午茶，酷爱轻户外及后海冲浪。,名下持有一套旧两居，置换回款 65% + 个人理财储蓄补充 + 公积金商业贷,重性价比，不盲信大牌，但要求物业管理有序、绿化修剪及时、人防技防规范。,每年11月至次年3月到此度过漫长冬季，极其依赖周边的康养及适老化服务。
三_2011_00675,三亚,2011,度假投资,45,女,8.1,97.0,0.4,181.8,2,1,否,A,research,0.74,0.36,0.9,0.68,0.54,0.34,0,0,0.82,度假,两室两厅,134,6940,知名中医药连锁投资人,三口之家(学龄段),西湖边高精平层,无高端私密会所及管家式物业配套，圈层鱼龙混杂，高净值居住体验差。,要求有超大面宽南向双阳台（观景家政分离），主卧大飘窗能270度直面自然景观。,无需日常通勤，但要求30分钟内快捷通达凤凰机场或高铁站。,周末常去高端商圈消费，热衷打网球和马术，重度手冲咖啡及黑胶唱片发烧友。,名下已有企业股权套现或分红现金，一次性全款付清，基本不加杠杆,非仁恒、绿城、万科等金牌开发商不买，极度看重高端精装质量与顶级物业的增值口碑。,每年11月至次年3月到此度过漫长冬季，极其依赖周边的康养及适老化服务。
三_2011_00676,三亚,2011,本地改善,35,男,3.0,13.1,0.35,28.2,4,1,否,B,agent,0.85,0.62,0.51,0.44,0.48,0.75,0.52,0.71,0.4,自住-改善,一室一厅,54,4465,三甲医院主治医师,三口之家(幼龄段),三亚中环品质两居，车位及空间极其拥挤,小区无地下车库且人车不分流，小孩在楼下玩耍或者推婴儿车极为不安全。,讲究超高得房率（超85%），主卧套房必须配备独立步入式衣帽间与干湿分离双卫。,无需日常通勤，但要求30分钟内快捷通达凤凰机场或高铁站。,崇尚度假慢生活，清晨沙滩漫步，午后椰林下午茶，酷爱轻户外及后海冲浪。,名下持有一套旧两居，置换回款 65% + 个人理财储蓄补充 + 公积金商业贷,重性价比，不盲信大牌，但要求物业管理有序、绿化修剪及时、人防技防规范。,本地常住人口，四季生活规律，度假频次为常规年假出行。
三_2011_00677,三亚,2011,度假投资,49,女,1.4,17.5,0.4,32.7,3,2,否,A,research,0.79,0.28,0.77,0.66,0.58,0.35,0,0,0.83,度假,两室两厅,62,3528,高端海景资产收藏家,二胎黄金期中大户型,陆家嘴核心区江景大平层,无高端私密会所及管家式物业配套，圈层鱼龙混杂，高净值居住体验差。,要求有超大面宽南向双阳台（观景家政分离），主卧大飘窗能270度直面自然景观。,无需日常通勤，但要求30分钟内快捷通达凤凰机场或高铁站。,周末常去高端商圈消费，热衷打网球和马术，重度手冲咖啡及黑胶唱片发烧友。,名下已有企业股权套现或分红现金，一次性全款付清，基本不加杠杆,非仁恒、绿城、万科等金牌开发商不买，极度看重高端精装质量与顶级物业的增值口碑。,每年11月至次年3月到此度过漫长冬季，极其依赖周边的康养及适老化服务。
三_2011_00678,三亚,2011,度假投资,55,女,11.1,115.5,0.4,216.6,3,1,否,A,research,0.85,0.46,0.9,0.61,0.46,0.48,0,0.09,0.78,投资-短期,三室两厅,114,12826,上市公司退休联合创始人,三口之家(学龄段),西湖边高精平层,无高端私密会所及管家式物业配套，圈层鱼龙混杂，高净值居住体验差。,要求有超大面宽南向双阳台（观景家政分离），主卧大飘窗能270度直面自然景观。,无需日常通勤，但要求30分钟内快捷通达凤凰机场或高铁站。,周末常去高端商圈消费，热衷打网球和马术，重度手冲咖啡及黑胶唱片发烧友。,名下已有企业股权套现或分红现金，一次性全款付清，基本不加杠杆,非仁恒、绿城、万科等金牌开发商不买，极度看重高端精装质量与顶级物业的增值口碑。,每年11月至次年3月到此度过漫长冬季，极其依赖周边的康养及适老化服务。
三_2011_00679,三亚,2011,外地候鸟-华北,68,男,6.1,43.8,0.5,65.8,1,0,否,B,network,0.42,0.66,0.96,0.76,0.59,0.41,0.12,0,0.46,养老,一室一厅,54,9423,高校资深硕导,高知退休康养,三亚中环品质两居，车位及空间极其拥挤,老小区隔音差，邻里滋扰严重，且车位严重匮乏，每晚加班回来抢车位像打仗。,要求独立电梯入户，主次卧动线分明，配备独立保姆房和私密后院。,无需日常通勤，但要求30分钟内快捷通达凤凰机场或高铁站。,崇尚度假慢生活，清晨沙滩漫步，午后椰林下午茶，酷爱轻户外及后海冲浪。,名下持有一套旧两居，置换回款 65% + 个人理财储蓄补充 + 公积金商业贷,重性价比，不盲信大牌，但要求物业管理有序、绿化修剪及时、人防技防规范。,每年11月至次年3月到此度过漫长冬季，极其依赖周边的康养及适老化服务。
三_2011_00680,三亚,2011,外地候鸟-东北,63,男,4.8,28.6,0.5,42.9,1,1,否,C,network,0.39,0.47,1,0.55,0.35,0.33,0,0,0.5,度假,两室两厅,82,2644,哈尔滨私营物流老板,三口之家(学龄段),与父母同住，三代人拥挤在旧区小户型老房中,小区无地下车库且人车不分流，小孩在楼下玩耍或者推婴儿车极为不安全。,要求有超大面宽南向双阳台（观景家政分离），主卧大飘窗能270度直面自然景观。,无需日常通勤，但要求30分钟内快捷通达凤凰机场或高铁站。,崇尚度假慢生活，清晨沙滩漫步，午后椰林下午茶，酷爱轻户外及后海冲浪。,名下持有一套旧两居，置换回款 65% + 个人理财储蓄补充 + 公积金商业贷,重性价比，不盲信大牌，但要求物业管理有序、绿化修剪及时、人防技防规范。,每年11月至次年3月到此度过漫长冬季，极其依赖周边的康养及适老化服务。
三_2011_00681,三亚,2011,度假投资,42,女,7.5,67.8,0.4,127.1,4,1,否,A,research,1,0.29,0.86,0.74,0.54,0.38,0,0.01,0.75,投资-长持,两室两厅,96,10760,高端海景资产收藏家,三口之家(学龄段),陆家嘴核心区江景大平层,无高端私密会所及管家式物业配套，圈层鱼龙混杂，高净值居住体验差。,要求独立电梯入户，主次卧动线分明，配备独立保姆房和私密后院。,无需日常通勤，但要求30分钟内快捷通达凤凰机场或高铁站。,周末常去高端商圈消费，热衷打网球和马术，重度手冲咖啡及黑胶唱片发烧友。,名下已有企业股权套现或分红现金，一次性全款付清，基本不加杠杆,非仁恒、绿城、万科等金牌开发商不买，极度看重高端精装质量与顶级物业的增值口碑。,每年11月至次年3月到此度过漫长冬季，极其依赖周边的康养及适老化服务。
三_2011_00682,三亚,2011,度假投资,40,男,4.9,40.9,0.4,76.7,3,2,否,A,research,0.96,0.39,0.82,0.62,0.42,0.43,0.02,0.13,0.63,投资-长持,两室一厅,69,8799,知名中医药连锁投资人,二胎黄金期中大户型,西湖边高精平层,无高端私密会所及管家式物业配套，圈层鱼龙混杂，高净值居住体验差。,要求有超大面宽南向双阳台（观景家政分离），主卧大飘窗能270度直面自然景观。,无需日常通勤，但要求30分钟内快捷通达凤凰机场或高铁站。,周末常去高端商圈消费，热衷打网球和马术，重度手冲咖啡及黑胶唱片发烧友。,名下已有企业股权套现或分红现金，一次性全款付清，基本不加杠杆,重性价比，不盲信大牌，但要求物业管理有序、绿化修剪及时、人防技防规范。,每年11月至次年3月到此度过漫长冬季，极其依赖周边的康养及适老化服务。
三_2011_00683,三亚,2011,本地改善,44,女,2.3,17.2,0.35,36.8,5,0,否,B,agent,0.78,0.58,0.55,0.49,0.49,0.7,0.46,0.65,0.5,自住-改善,两室两厅,88,2550,三甲医院主治医师,成熟期核心家庭,三亚中环品质两居，车位及空间极其拥挤,老小区隔音差，邻里滋扰严重，且车位严重匮乏，每晚加班回来抢车位像打仗。,要求采光通透，全明户型，带多功能嵌入式收纳墙以最大化空间利用。,无需日常通勤，但要求30分钟内快捷通达凤凰机场或高铁站。,崇尚度假慢生活，清晨沙滩漫步，午后椰林下午茶，酷爱轻户外及后海冲浪。,名下持有一套旧两居，置换回款 65% + 个人理财储蓄补充 + 公积金商业贷,重性价比，不盲信大牌，但要求物业管理有序、绿化修剪及时、人防技防规范。,本地常住人口，四季生活规律，度假频次为常规年假出行。
三_2011_00684,三亚,2011,度假投资,52,男,8.6,76.5,0.4,143.4,3,2,否,A,research,0.87,0.38,0.91,0.55,0.5,0.45,0,0.07,0.77,投资-短期,一室一厅,81,9510,知名中医药连锁投资人,二胎黄金期中大户型,陆家嘴核心区江景大平层,无高端私密会所及管家式物业配套，圈层鱼龙混杂，高净值居住体验差。,要求有超大面宽南向双阳台（观景家政分离），主卧大飘窗能270度直面自然景观。,无需日常通勤，但要求30分钟内快捷通达凤凰机场或高铁站。,周末常去高端商圈消费，热衷打网球和马术，重度手冲咖啡及黑胶唱片发烧友。,名下已有企业股权套现或分红现金，一次性全款付清，基本不加杠杆,非仁恒、绿城、万科等金牌开发商不买，极度看重高端精装质量与顶级物业的增值口碑。,每年11月至次年3月到此度过漫长冬季，极其依赖周边的康养及适老化服务。
三_2011_00685,三亚,2011,外地候鸟-华北,66,女,1.7,11.3,0.5,17.0,2,0,否,B,network,0.72,0.51,1,0.8,0.52,0.54,0.07,0.09,0.69,养老,一室一厅,90,1561,北京三甲医院退休教授,高知退休康养,三亚中环品质两居，车位及空间极其拥挤,老小区隔音差，邻里滋扰严重，且车位严重匮乏，每晚加班回来抢车位像打仗。,要求独立电梯入户，主次卧动线分明，配备独立保姆房和私密后院。,无需日常通勤，但要求30分钟内快捷通达凤凰机场或高铁站。,崇尚度假慢生活，清晨沙滩漫步，午后椰林下午茶，酷爱轻户外及后海冲浪。,名下持有一套旧两居，置换回款 65% + 个人理财储蓄补充 + 公积金商业贷,重性价比，不盲信大牌，但要求物业管理有序、绿化修剪及时、人防技防规范。,每年11月至次年3月到此度过漫长冬季，极其依赖周边的康养及适老化服务。
三_2011_00686,三亚,2011,本地改善,49,女,3.5,18.6,0.35,39.8,3,1,是,B,agent,0.65,0.63,0.61,0.5,0.42,0.67,0.31,0.65,0.4,自住-改善,一室一厅,87,2500,三甲医院主治医师,三口之家(学龄段),三亚中环品质两居，车位及空间极其拥挤,小区无地下车库且人车不分流，小孩在楼下玩耍或者推婴儿车极为不安全。,要求采光通透，全明户型，带多功能嵌入式收纳墙以最大化空间利用。,无需日常通勤，但要求30分钟内快捷通达凤凰机场或高铁站。,崇尚度假慢生活，清晨沙滩漫步，午后椰林下午茶，酷爱轻户外及后海冲浪。,名下持有一套旧两居，置换回款 65% + 个人理财储蓄补充 + 公积金商业贷,重性价比，不盲信大牌，但要求物业管理有序、绿化修剪及时、人防技防规范。,本地常住人口，四季生活规律，度假频次为常规年假出行。
三_2011_00687,三亚,2011,外地候鸟-华北,75,女,5.2,30.8,0.5,46.2,2,1,否,B,network,0.45,0.51,0.87,0.61,0.59,0.44,0.03,0,0.62,养老,两室一厅,85,4219,高校资深硕导,三口之家(学龄段),三亚中环品质两居，车位及空间极其拥挤,小区无地下车库且人车不分流，小孩在楼下玩耍或者推婴儿车极为不安全。,要求有超大面宽南向双阳台（观景家政分离），主卧大飘窗能270度直面自然景观。,无需日常通勤，但要求30分钟内快捷通达凤凰机场或高铁站。,崇尚度假慢生活，清晨沙滩漫步，午后椰林下午茶，酷爱轻户外及后海冲浪。,名下持有一套旧两居，置换回款 65% + 个人理财储蓄补充 + 公积金商业贷,重性价比，不盲信大牌，但要求物业管理有序、绿化修剪及时、人防技防规范。,每年11月至次年3月到此度过漫长冬季，极其依赖周边的康养及适老化服务。
三_2011_00688,三亚,2011,度假投资,51,女,8.1,75.4,0.4,141.3,3,1,否,A,research,1,0.4,0.83,0.51,0.64,0.31,0.05,0,0.83,投资-长持,两室两厅,72,11016,知名中医药连锁投资人,三口之家(学龄段),西湖边高精平层,无高端私密会所及管家式物业配套，圈层鱼龙混杂，高净值居住体验差。,要求有超大面宽南向双阳台（观景家政分离），主卧大飘窗能270度直面自然景观。,无需日常通勤，但要求30分钟内快捷通达凤凰机场或高铁站。,周末常去高端商圈消费，热衷打网球和马术，重度手冲咖啡及黑胶唱片发烧友。,名下已有企业股权套现或分红现金，一次性全款付清，基本不加杠杆,非仁恒、绿城、万科等金牌开发商不买，极度看重高端精装质量与顶级物业的增值口碑。,每年11月至次年3月到此度过漫长冬季，极其依赖周边的康养及适老化服务。
三_2011_00689,三亚,2011,本地改善,48,男,2.3,10.6,0.35,22.7,4,0,否,B,agent,0.82,0.56,0.58,0.51,0.44,0.78,0.44,0.64,0.34,自住-改善,两室两厅,56,2404,区级税务局一级主办,成熟期核心家庭,三亚中环品质两居，车位及空间极其拥挤,老小区隔音差，邻里滋扰严重，且车位严重匮乏，每晚加班回来抢车位像打仗。,讲究超高得房率（超85%），主卧套房必须配备独立步入式衣帽间与干湿分离双卫。,无需日常通勤，但要求30分钟内快捷通达凤凰机场或高铁站。,崇尚度假慢生活，清晨沙滩漫步，午后椰林下午茶，酷爱轻户外及后海冲浪。,名下持有一套旧两居，置换回款 65% + 个人理财储蓄补充 + 公积金商业贷,重性价比，不盲信大牌，但要求物业管理有序、绿化修剪及时、人防技防规范。,本地常住人口，四季生活规律，度假频次为常规年假出行。
三_2011_00690,三亚,2011,本地改善,35,女,2.7,16.5,0.35,35.4,4,1,是,B,agent,0.95,0.63,0.66,0.3,0.37,0.68,0.57,0.66,0.44,自住-改善,两室两厅,76,3263,国企中层管理,三口之家(幼龄段),三亚中环品质两居，车位及空间极其拥挤,小区无地下车库且人车不分流，小孩在楼下玩耍或者推婴儿车极为不安全。,要求采光通透，全明户型，带多功能嵌入式收纳墙以最大化空间利用。,无需日常通勤，但要求30分钟内快捷通达凤凰机场或高铁站。,崇尚度假慢生活，清晨沙滩漫步，午后椰林下午茶，酷爱轻户外及后海冲浪。,名下持有一套旧两居，置换回款 65% + 个人理财储蓄补充 + 公积金商业贷,重性价比，不盲信大牌，但要求物业管理有序、绿化修剪及时、人防技防规范。,本地常住人口，四季生活规律，度假频次为常规年假出行。
三_2011_00691,三亚,2011,本地改善,43,男,3.1,19.7,0.35,42.3,4,1,否,B,agent,0.83,0.56,0.5,0.5,0.45,0.74,0.41,0.61,0.3,自住-改善,一室一厅,71,4610,智能新能源车企研发骨干,三口之家(学龄段),三亚中环品质两居，车位及空间极其拥挤,小区无地下车库且人车不分流，小孩在楼下玩耍或者推婴儿车极为不安全。,讲究超高得房率（超85%），主卧套房必须配备独立步入式衣帽间与干湿分离双卫。,无需日常通勤，但要求30分钟内快捷通达凤凰机场或高铁站。,崇尚度假慢生活，清晨沙滩漫步，午后椰林下午茶，酷爱轻户外及后海冲浪。,名下持有一套旧两居，置换回款 65% + 个人理财储蓄补充 + 公积金商业贷,重性价比，不盲信大牌，但要求物业管理有序、绿化修剪及时、人防技防规范。,本地常住人口，四季生活规律，度假频次为常规年假出行。
三_2011_00692,三亚,2011,度假投资,40,女,10.4,95.1,0.4,178.3,2,0,否,A,research,0.98,0.43,0.82,0.62,0.61,0.59,0,0,0.58,度假,两室两厅,149,6991,知名中医药连锁投资人,成熟期核心家庭,市中心私密洋房住宅,无高端私密会所及管家式物业配套，圈层鱼龙混杂，高净值居住体验差。,要求有超大面宽南向双阳台（观景家政分离），主卧大飘窗能270度直面自然景观。,无需日常通勤，但要求30分钟内快捷通达凤凰机场或高铁站。,周末常去高端商圈消费，热衷打网球和马术，重度手冲咖啡及黑胶唱片发烧友。,名下已有企业股权套现或分红现金，一次性全款付清，基本不加杠杆,重性价比，不盲信大牌，但要求物业管理有序、绿化修剪及时、人防技防规范。,每年11月至次年3月到此度过漫长冬季，极其依赖周边的康养及适老化服务。
三_2011_00693,三亚,2011,本地改善,49,女,2.1,10.8,0.35,23.0,4,2,是,B,agent,0.76,0.47,0.73,0.39,0.37,0.95,0.71,0.71,0.41,自住-改善,一室一厅,54,2177,区级税务局一级主办,二胎黄金期中大户型,三亚中环品质两居，车位及空间极其拥挤,小区无地下车库且人车不分流，小孩在楼下玩耍或者推婴儿车极为不安全。,要求有超大面宽南向双阳台（观景家政分离），主卧大飘窗能270度直面自然景观。,无需日常通勤，但要求30分钟内快捷通达凤凰机场或高铁站。,崇尚度假慢生活，清晨沙滩漫步，午后椰林下午茶，酷爱轻户外及后海冲浪。,名下持有一套旧两居，置换回款 65% + 个人理财储蓄补充 + 公积金商业贷,重性价比，不盲信大牌，但要求物业管理有序、绿化修剪及时、人防技防规范。,本地常住人口，四季生活规律，度假频次为常规年假出行。
三_2011_00694,三亚,2011,本地改善,49,女,1.8,8.2,0.35,17.6,5,1,是,B,agent,0.52,0.44,0.58,0.4,0.4,0.8,0.4,0.7,0.53,自住-改善,一室一厅,51,2757,区级税务局一级主办,三口之家(学龄段),三亚中环品质两居，车位及空间极其拥挤,小区无地下车库且人车不分流，小孩在楼下玩耍或者推婴儿车极为不安全。,讲究超高得房率（超85%），主卧套房必须配备独立步入式衣帽间与干湿分离双卫。,无需日常通勤，但要求30分钟内快捷通达凤凰机场或高铁站。,崇尚度假慢生活，清晨沙滩漫步，午后椰林下午茶，酷爱轻户外及后海冲浪。,名下持有一套旧两居，置换回款 65% + 个人理财储蓄补充 + 公积金商业贷,重性价比，不盲信大牌，但要求物业管理有序、绿化修剪及时、人防技防规范。,本地常住人口，四季生活规律，度假频次为常规年假出行。
三_2011_00695,三亚,2011,本地改善,46,女,2.4,13.7,0.35,29.3,4,0,是,B,agent,0.94,0.49,0.54,0.51,0.4,0.79,0.38,0.72,0.59,自住-改善,两室一厅,83,2599,智能新能源车企研发骨干,成熟期核心家庭,三亚中环品质两居，车位及空间极其拥挤,当前房屋属于旧多层无电梯房，父母年纪渐高每天爬楼梯极为吃力。,讲究超高得房率（超85%），主卧套房必须配备独立步入式衣帽间与干湿分离双卫。,无需日常通勤，但要求30分钟内快捷通达凤凰机场或高铁站。,崇尚度假慢生活，清晨沙滩漫步，午后椰林下午茶，酷爱轻户外及后海冲浪。,名下持有一套旧两居，置换回款 65% + 个人理财储蓄补充 + 公积金商业贷,重性价比，不盲信大牌，但要求物业管理有序、绿化修剪及时、人防技防规范。,本地常住人口，四季生活规律，度假频次为常规年假出行。
三_2011_00696,三亚,2011,本地改善,41,女,2.4,11.3,0.35,24.2,3,1,否,B,agent,0.73,0.48,0.65,0.35,0.35,0.81,0.48,0.7,0.45,自住-改善,两室一厅,70,3036,三甲医院主治医师,三口之家(学龄段),三亚中环品质两居，车位及空间极其拥挤,小区无地下车库且人车不分流，小孩在楼下玩耍或者推婴儿车极为不安全。,讲究超高得房率（超85%），主卧套房必须配备独立步入式衣帽间与干湿分离双卫。,无需日常通勤，但要求30分钟内快捷通达凤凰机场或高铁站。,崇尚度假慢生活，清晨沙滩漫步，午后椰林下午茶，酷爱轻户外及后海冲浪。,名下持有一套旧两居，置换回款 65% + 个人理财储蓄补充 + 公积金商业贷,重性价比，不盲信大牌，但要求物业管理有序、绿化修剪及时、人防技防规范。,本地常住人口，四季生活规律，度假频次为常规年假出行。
三_2011_00697,三亚,2011,度假投资,36,男,6.7,65.6,0.4,123.0,3,1,是,A,research,0.81,0.31,0.9,0.69,0.4,0.41,0.02,0,0.87,投资-长持,一室一厅,81,9087,高端海景资产收藏家,三口之家(幼龄段),陆家嘴核心区江景大平层,当前房屋属于旧多层无电梯房，父母年纪渐高每天爬楼梯极为吃力。,要求有超大面宽南向双阳台（观景家政分离），主卧大飘窗能270度直面自然景观。,无需日常通勤，但要求30分钟内快捷通达凤凰机场或高铁站。,周末常去高端商圈消费，热衷打网球和马术，重度手冲咖啡及黑胶唱片发烧友。,名下已有企业股权套现或分红现金，一次性全款付清，基本不加杠杆,非仁恒、绿城、万科等金牌开发商不买，极度看重高端精装质量与顶级物业的增值口碑。,每年11月至次年3月到此度过漫长冬季，极其依赖周边的康养及适老化服务。
三_2011_00698,三亚,2011,本地改善,35,女,1.5,10.6,0.35,22.7,4,0,否,B,agent,0.65,0.48,0.58,0.38,0.38,0.84,0.5,0.7,0.54,自住-改善,两室一厅,84,1501,国企中层管理,新婚过渡两居,三亚中环品质两居，车位及空间极其拥挤,老小区隔音差，邻里滋扰严重，且车位严重匮乏，每晚加班回来抢车位像打仗。,讲究超高得房率（超85%），主卧套房必须配备独立步入式衣帽间与干湿分离双卫。,无需日常通勤，但要求30分钟内快捷通达凤凰机场或高铁站。,崇尚度假慢生活，清晨沙滩漫步，午后椰林下午茶，酷爱轻户外及后海冲浪。,名下持有一套旧两居，置换回款 65% + 个人理财储蓄补充 + 公积金商业贷,重性价比，不盲信大牌，但要求物业管理有序、绿化修剪及时、人防技防规范。,本地常住人口，四季生活规律，度假频次为常规年假出行。
三_2011_00699,三亚,2011,本地改善,40,男,3.4,16.3,0.35,34.9,3,1,否,B,agent,0.85,0.54,0.69,0.6,0.54,0.57,0.47,0.64,0.31,自住-改善,一室一厅,75,2689,国企中层管理,三口之家(学龄段),三亚中环品质两居，车位及空间极其拥挤,小区无地下车库且人车不分流，小孩在楼下玩耍或者推婴儿车极为不安全。,要求采光通透，全明户型，带多功能嵌入式收纳墙以最大化空间利用。,无需日常通勤，但要求30分钟内快捷通达凤凰机场或高铁站。,崇尚度假慢生活，清晨沙滩漫步，午后椰林下午茶，酷爱轻户外及后海冲浪。,名下持有一套旧两居，置换回款 65% + 个人理财储蓄补充 + 公积金商业贷,重性价比，不盲信大牌，但要求物业管理有序、绿化修剪及时、人防技防规范。,本地常住人口，四季生活规律，度假频次为常规年假出行。
三_2011_00700,三亚,2011,本地改善,35,男,2.5,14.9,0.35,31.9,4,1,是,B,agent,0.61,0.6,0.58,0.42,0.38,0.84,0.52,0.66,0.37,自住-改善,一室一厅,55,3813,三甲医院主治医师,三口之家(幼龄段),三亚中环品质两居，车位及空间极其拥挤,小区无地下车库且人车不分流，小孩在楼下玩耍或者推婴儿车极为不安全。,讲究超高得房率（超85%），主卧套房必须配备独立步入式衣帽间与干湿分离双卫。,无需日常通勤，但要求30分钟内快捷通达凤凰机场或高铁站。,崇尚度假慢生活，清晨沙滩漫步，午后椰林下午茶，酷爱轻户外及后海冲浪。,名下持有一套旧两居，置换回款 65% + 个人理财储蓄补充 + 公积金商业贷,重性价比，不盲信大牌，但要求物业管理有序、绿化修剪及时、人防技防规范。,本地常住人口，四季生活规律，度假频次为常规年假出行。
三_2011_00701,三亚,2011,外地候鸟-西北,56,男,1.8,11.6,0.5,17.4,2,0,否,C,network,0,0.64,0.9,0.65,0.43,0.5,0.03,0,0.63,养老,两室一厅,51,2318,西安设计院退休总建筑师,高知退休康养,与父母同住，三代人拥挤在旧区小户型老房中,老小区隔音差，邻里滋扰严重，且车位严重匮乏，每晚加班回来抢车位像打仗。,要求有超大面宽南向双阳台（观景家政分离），主卧大飘窗能270度直面自然景观。,无需日常通勤，但要求30分钟内快捷通达凤凰机场或高铁站。,崇尚度假慢生活，清晨沙滩漫步，午后椰林下午茶，酷爱轻户外及后海冲浪。,名下持有一套旧两居，置换回款 65% + 个人理财储蓄补充 + 公积金商业贷,重性价比，不盲信大牌，但要求物业管理有序、绿化修剪及时、人防技防规范。,每年11月至次年3月到此度过漫长冬季，极其依赖周边的康养及适老化服务。
三_2011_00702,三亚,2011,外地候鸟-华北,63,男,3.5,20.5,0.5,30.8,1,0,否,B,network,0.48,0.63,1,0.71,0.58,0.46,0,0,0.47,养老,两室一厅,68,4066,高校资深硕导,高知退休康养,三亚中环品质两居，车位及空间极其拥挤,老小区隔音差，邻里滋扰严重，且车位严重匮乏，每晚加班回来抢车位像打仗。,要求独立电梯入户，主次卧动线分明，配备独立保姆房和私密后院。,无需日常通勤，但要求30分钟内快捷通达凤凰机场或高铁站。,崇尚度假慢生活，清晨沙滩漫步，午后椰林下午茶，酷爱轻户外及后海冲浪。,名下持有一套旧两居，置换回款 65% + 个人理财储蓄补充 + 公积金商业贷,重性价比，不盲信大牌，但要求物业管理有序、绿化修剪及时、人防技防规范。,每年11月至次年3月到此度过漫长冬季，极其依赖周边的康养及适老化服务。
三_2011_00703,三亚,2011,本地改善,30,男,1.9,12.2,0.35,26.1,4,1,是,B,agent,0.64,0.56,0.56,0.37,0.48,0.73,0.53,0.71,0.46,自住-改善,一室一厅,50,3263,智能新能源车企研发骨干,三口之家(幼龄段),三亚中环品质两居，车位及空间极其拥挤,小区无地下车库且人车不分流，小孩在楼下玩耍或者推婴儿车极为不安全。,讲究超高得房率（超85%），主卧套房必须配备独立步入式衣帽间与干湿分离双卫。,无需日常通勤，但要求30分钟内快捷通达凤凰机场或高铁站。,崇尚度假慢生活，清晨沙滩漫步，午后椰林下午茶，酷爱轻户外及后海冲浪。,名下持有一套旧两居，置换回款 65% + 个人理财储蓄补充 + 公积金商业贷,重性价比，不盲信大牌，但要求物业管理有序、绿化修剪及时、人防技防规范。,本地常住人口，四季生活规律，度假频次为常规年假出行。
三_2011_00704,三亚,2011,本地改善,31,女,2.7,20.1,0.35,43.0,4,1,是,B,agent,0.63,0.56,0.71,0.57,0.36,0.9,0.45,0.69,0.35,自住-改善,两室一厅,87,3317,重点中学高级教师,三口之家(幼龄段),三亚中环品质两居，车位及空间极其拥挤,小区无地下车库且人车不分流，小孩在楼下玩耍或者推婴儿车极为不安全。,要求有超大面宽南向双阳台（观景家政分离），主卧大飘窗能270度直面自然景观。,无需日常通勤，但要求30分钟内快捷通达凤凰机场或高铁站。,崇尚度假慢生活，清晨沙滩漫步，午后椰林下午茶，酷爱轻户外及后海冲浪。,名下持有一套旧两居，置换回款 65% + 个人理财储蓄补充 + 公积金商业贷,重性价比，不盲信大牌，但要求物业管理有序、绿化修剪及时、人防技防规范。,本地常住人口，四季生活规律，度假频次为常规年假出行。
三_2011_00705,三亚,2011,外地候鸟-东北,65,女,3.2,21.6,0.5,32.4,2,0,否,C,network,0.24,0.73,0.89,0.68,0.39,0.54,0.05,0.03,0.35,养老,两室一厅,69,4007,沈阳大型重工企业退休副厂长,高知退休康养,与父母同住，三代人拥挤在旧区小户型老房中,老小区隔音差，邻里滋扰严重，且车位严重匮乏，每晚加班回来抢车位像打仗。,要求有超大面宽南向双阳台（观景家政分离），主卧大飘窗能270度直面自然景观。,无需日常通勤，但要求30分钟内快捷通达凤凰机场或高铁站。,崇尚度假慢生活，清晨沙滩漫步，午后椰林下午茶，酷爱轻户外及后海冲浪。,名下持有一套旧两居，置换回款 65% + 个人理财储蓄补充 + 公积金商业贷,重性价比，不盲信大牌，但要求物业管理有序、绿化修剪及时、人防技防规范。,每年11月至次年3月到此度过漫长冬季，极其依赖周边的康养及适老化服务。
三_2011_00706,三亚,2011,度假投资,42,女,9.5,81.1,0.4,152.1,2,1,否,A,research,0.75,0.36,0.72,0.57,0.52,0.5,0,0.01,0.67,度假,三室两厅,102,7637,知名中医药连锁投资人,三口之家(学龄段),陆家嘴核心区江景大平层,无高端私密会所及管家式物业配套，圈层鱼龙混杂，高净值居住体验差。,要求有超大面宽南向双阳台（观景家政分离），主卧大飘窗能270度直面自然景观。,无需日常通勤，但要求30分钟内快捷通达凤凰机场或高铁站。,周末常去高端商圈消费，热衷打网球和马术，重度手冲咖啡及黑胶唱片发烧友。,名下已有企业股权套现或分红现金，一次性全款付清，基本不加杠杆,重性价比，不盲信大牌，但要求物业管理有序、绿化修剪及时、人防技防规范。,每年11月至次年3月到此度过漫长冬季，极其依赖周边的康养及适老化服务。
三_2011_00707,三亚,2011,本地改善,43,女,1.7,8.6,0.35,18.4,4,1,是,B,agent,1,0.46,0.76,0.38,0.44,0.76,0.55,0.66,0.38,自住-改善,两室两厅,74,1701,区级税务局一级主办,三口之家(学龄段),三亚中环品质两居，车位及空间极其拥挤,小区无地下车库且人车不分流，小孩在楼下玩耍或者推婴儿车极为不安全。,要求有超大面宽南向双阳台（观景家政分离），主卧大飘窗能270度直面自然景观。,无需日常通勤，但要求30分钟内快捷通达凤凰机场或高铁站。,崇尚度假慢生活，清晨沙滩漫步，午后椰林下午茶，酷爱轻户外及后海冲浪。,名下持有一套旧两居，置换回款 65% + 个人理财储蓄补充 + 公积金商业贷,重性价比，不盲信大牌，但要求物业管理有序、绿化修剪及时、人防技防规范。,本地常住人口，四季生活规律，度假频次为常规年假出行。
三_2011_00708,三亚,2011,本地改善,40,男,2.6,19.5,0.35,41.7,3,1,是,B,agent,0.81,0.49,0.59,0.61,0.36,0.81,0.47,0.72,0.37,自住-改善,两室一厅,63,5217,智能新能源车企研发骨干,三口之家(学龄段),三亚中环品质两居，车位及空间极其拥挤,小区无地下车库且人车不分流，小孩在楼下玩耍或者推婴儿车极为不安全。,讲究超高得房率（超85%），主卧套房必须配备独立步入式衣帽间与干湿分离双卫。,无需日常通勤，但要求30分钟内快捷通达凤凰机场或高铁站。,崇尚度假慢生活，清晨沙滩漫步，午后椰林下午茶，酷爱轻户外及后海冲浪。,名下持有一套旧两居，置换回款 65% + 个人理财储蓄补充 + 公积金商业贷,重性价比，不盲信大牌，但要求物业管理有序、绿化修剪及时、人防技防规范。,本地常住人口，四季生活规律，度假频次为常规年假出行。
三_2011_00709,三亚,2011,本地改善,31,男,2.0,9.5,0.35,20.4,4,1,是,B,agent,0.94,0.4,0.62,0.44,0.36,0.71,0.53,0.77,0.37,自住-改善,两室一厅,83,1447,重点中学高级教师,三口之家(幼龄段),三亚中环品质两居，车位及空间极其拥挤,小区无地下车库且人车不分流，小孩在楼下玩耍或者推婴儿车极为不安全。,讲究超高得房率（超85%），主卧套房必须配备独立步入式衣帽间与干湿分离双卫。,无需日常通勤，但要求30分钟内快捷通达凤凰机场或高铁站。,崇尚度假慢生活，清晨沙滩漫步，午后椰林下午茶，酷爱轻户外及后海冲浪。,名下持有一套旧两居，置换回款 65% + 个人理财储蓄补充 + 公积金商业贷,重性价比，不盲信大牌，但要求物业管理有序、绿化修剪及时、人防技防规范。,本地常住人口，四季生活规律，度假频次为常规年假出行。
三_2011_00710,三亚,2011,度假投资,50,男,5.3,55.1,0.4,103.3,3,1,否,A,research,0.73,0.51,1,0.46,0.62,0.35,0.11,0,0.67,投资-长持,一室一厅,92,9635,上市公司退休联合创始人,三口之家(学龄段),陆家嘴核心区江景大平层,无高端私密会所及管家式物业配套，圈层鱼龙混杂，高净值居住体验差。,要求有超大面宽南向双阳台（观景家政分离），主卧大飘窗能270度直面自然景观。,无需日常通勤，但要求30分钟内快捷通达凤凰机场或高铁站。,周末常去高端商圈消费，热衷打网球和马术，重度手冲咖啡及黑胶唱片发烧友。,名下已有企业股权套现或分红现金，一次性全款付清，基本不加杠杆,重性价比，不盲信大牌，但要求物业管理有序、绿化修剪及时、人防技防规范。,每年11月至次年3月到此度过漫长冬季，极其依赖周边的康养及适老化服务。
三_2011_00711,三亚,2011,高净值康养,68,女,21.4,293.6,0.6,367.0,3,0,是,A,network,0.72,0.09,0.98,1,0.78,0.68,0.01,0,1,养老,三室两厅,184,13143,知名中医药连锁投资人,高知退休康养,西湖边高精平层,当前房屋属于旧多层无电梯房，父母年纪渐高每天爬楼梯极为吃力。,要求独立电梯入户，主次卧动线分明，配备独立保姆房和私密后院。,无需日常通勤，但要求30分钟内快捷通达凤凰机场或高铁站。,周末常去高端商圈消费，热衷打网球和马术，重度手冲咖啡及黑胶唱片发烧友。,名下已有企业股权套现或分红现金，一次性全款付清，基本不加杠杆,非仁恒、绿城、万科等金牌开发商不买，极度看重高端精装质量与顶级物业的增值口碑。,本地常住人口，四季生活规律，度假频次为常规年假出行。
三_2011_00712,三亚,2011,度假投资,36,男,7.5,73.6,0.4,138.0,4,1,否,A,research,0.91,0.39,0.97,0.71,0.56,0.58,0.06,0,0.74,投资-短期,两室两厅,54,21567,高端海景资产收藏家,三口之家(幼龄段),西湖边高精平层,无高端私密会所及管家式物业配套，圈层鱼龙混杂，高净值居住体验差。,要求独立电梯入户，主次卧动线分明，配备独立保姆房和私密后院。,无需日常通勤，但要求30分钟内快捷通达凤凰机场或高铁站。,周末常去高端商圈消费，热衷打网球和马术，重度手冲咖啡及黑胶唱片发烧友。,名下已有企业股权套现或分红现金，一次性全款付清，基本不加杠杆,非仁恒、绿城、万科等金牌开发商不买，极度看重高端精装质量与顶级物业的增值口碑。,每年11月至次年3月到此度过漫长冬季，极其依赖周边的康养及适老化服务。
三_2011_00713,三亚,2011,本地改善,49,男,2.4,18.0,0.35,38.6,3,0,是,B,agent,0.9,0.6,0.46,0.44,0.41,0.81,0.47,0.64,0.43,自住-改善,两室一厅,82,2606,三甲医院主治医师,成熟期核心家庭,三亚中环品质两居，车位及空间极其拥挤,当前房屋属于旧多层无电梯房，父母年纪渐高每天爬楼梯极为吃力。,讲究超高得房率（超85%），主卧套房必须配备独立步入式衣帽间与干湿分离双卫。,无需日常通勤，但要求30分钟内快捷通达凤凰机场或高铁站。,崇尚度假慢生活，清晨沙滩漫步，午后椰林下午茶，酷爱轻户外及后海冲浪。,名下持有一套旧两居，置换回款 65% + 个人理财储蓄补充 + 公积金商业贷,重性价比，不盲信大牌，但要求物业管理有序、绿化修剪及时、人防技防规范。,本地常住人口，四季生活规律，度假频次为常规年假出行。
三_2011_00714,三亚,2011,本地改善,43,男,1.8,10.2,0.35,21.8,4,1,是,B,agent,0.71,0.54,0.58,0.54,0.41,0.82,0.62,0.71,0.42,自住-改善,两室一厅,66,2000,区级税务局一级主办,三口之家(学龄段),三亚中环品质两居，车位及空间极其拥挤,小区无地下车库且人车不分流，小孩在楼下玩耍或者推婴儿车极为不安全。,讲究超高得房率（超85%），主卧套房必须配备独立步入式衣帽间与干湿分离双卫。,无需日常通勤，但要求30分钟内快捷通达凤凰机场或高铁站。,崇尚度假慢生活，清晨沙滩漫步，午后椰林下午茶，酷爱轻户外及后海冲浪。,名下持有一套旧两居，置换回款 65% + 个人理财储蓄补充 + 公积金商业贷,重性价比，不盲信大牌，但要求物业管理有序、绿化修剪及时、人防技防规范。,本地常住人口，四季生活规律，度假频次为常规年假出行。
三_2011_00715,三亚,2011,外地候鸟-东北,65,女,2.2,20.2,0.5,30.3,3,0,否,C,network,0.71,0.58,1,0.71,0.64,0.54,0,0.05,0.52,养老,一室一厅,69,2364,哈尔滨高校退休处长,高知退休康养,与父母同住，三代人拥挤在旧区小户型老房中,老小区隔音差，邻里滋扰严重，且车位严重匮乏，每晚加班回来抢车位像打仗。,要求独立电梯入户，主次卧动线分明，配备独立保姆房和私密后院。,无需日常通勤，但要求30分钟内快捷通达凤凰机场或高铁站。,崇尚度假慢生活，清晨沙滩漫步，午后椰林下午茶，酷爱轻户外及后海冲浪。,名下持有一套旧两居，置换回款 65% + 个人理财储蓄补充 + 公积金商业贷,重性价比，不盲信大牌，但要求物业管理有序、绿化修剪及时、人防技防规范。,每年11月至次年3月到此度过漫长冬季，极其依赖周边的康养及适老化服务。
三_2011_00716,三亚,2011,外地候鸟-华北,73,女,5.1,35.9,0.5,53.8,3,0,否,B,network,0.28,0.59,0.99,0.72,0.61,0.44,0.07,0.22,0.55,度假,一室一厅,66,5407,北京三甲医院退休教授,高知退休康养,三亚中环品质两居，车位及空间极其拥挤,老小区隔音差，邻里滋扰严重，且车位严重匮乏，每晚加班回来抢车位像打仗。,要求独立电梯入户，主次卧动线分明，配备独立保姆房和私密后院。,无需日常通勤，但要求30分钟内快捷通达凤凰机场或高铁站。,崇尚度假慢生活，清晨沙滩漫步，午后椰林下午茶，酷爱轻户外及后海冲浪。,名下持有一套旧两居，置换回款 65% + 个人理财储蓄补充 + 公积金商业贷,重性价比，不盲信大牌，但要求物业管理有序、绿化修剪及时、人防技防规范。,每年11月至次年3月到此度过漫长冬季，极其依赖周边的康养及适老化服务。
三_2011_00717,三亚,2011,外地候鸟-华北,73,女,1.5,10.0,0.5,15.1,1,0,否,B,network,0.59,0.48,0.94,0.71,0.65,0.47,0,0,0.52,度假,两室一厅,86,1456,北京三甲医院退休教授,高知退休康养,三亚中环品质两居，车位及空间极其拥挤,老小区隔音差，邻里滋扰严重，且车位严重匮乏，每晚加班回来抢车位像打仗。,要求独立电梯入户，主次卧动线分明，配备独立保姆房和私密后院。,无需日常通勤，但要求30分钟内快捷通达凤凰机场或高铁站。,崇尚度假慢生活，清晨沙滩漫步，午后椰林下午茶，酷爱轻户外及后海冲浪。,名下持有一套旧两居，置换回款 65% + 个人理财储蓄补充 + 公积金商业贷,重性价比，不盲信大牌，但要求物业管理有序、绿化修剪及时、人防技防规范。,每年11月至次年3月到此度过漫长冬季，极其依赖周边的康养及适老化服务。
三_2011_00718,三亚,2011,外地候鸟-华北,74,男,2.1,14.4,0.5,21.6,1,0,否,B,network,0.59,0.54,0.79,0.59,0.71,0.61,0,0,0.65,度假,一室一厅,58,1946,高校资深硕导,高知退休康养,三亚中环品质两居，车位及空间极其拥挤,老小区隔音差，邻里滋扰严重，且车位严重匮乏，每晚加班回来抢车位像打仗。,要求有超大面宽南向双阳台（观景家政分离），主卧大飘窗能270度直面自然景观。,无需日常通勤，但要求30分钟内快捷通达凤凰机场或高铁站。,崇尚度假慢生活，清晨沙滩漫步，午后椰林下午茶，酷爱轻户外及后海冲浪。,名下持有一套旧两居，置换回款 65% + 个人理财储蓄补充 + 公积金商业贷,重性价比，不盲信大牌，但要求物业管理有序、绿化修剪及时、人防技防规范。,每年11月至次年3月到此度过漫长冬季，极其依赖周边的康养及适老化服务。
三_2011_00719,三亚,2011,本地改善,47,男,2.4,14.8,0.35,31.7,4,0,否,B,agent,0.81,0.61,0.58,0.54,0.44,0.59,0.45,0.69,0.23,自住-改善,两室一厅,77,2526,三甲医院主治医师,成熟期核心家庭,三亚中环品质两居，车位及空间极其拥挤,老小区隔音差，邻里滋扰严重，且车位严重匮乏，每晚加班回来抢车位像打仗。,要求采光通透，全明户型，带多功能嵌入式收纳墙以最大化空间利用。,无需日常通勤，但要求30分钟内快捷通达凤凰机场或高铁站。,崇尚度假慢生活，清晨沙滩漫步，午后椰林下午茶，酷爱轻户外及后海冲浪。,名下持有一套旧两居，置换回款 65% + 个人理财储蓄补充 + 公积金商业贷,重性价比，不盲信大牌，但要求物业管理有序、绿化修剪及时、人防技防规范。,本地常住人口，四季生活规律，度假频次为常规年假出行。
三_2011_00720,三亚,2011,外地候鸟-东北,72,男,3.7,23.0,0.5,34.6,2,0,否,C,network,0.35,0.43,1,0.77,0.55,0.57,0,0,0.58,度假,两室一厅,82,2780,哈尔滨私营物流老板,高知退休康养,与父母同住，三代人拥挤在旧区小户型老房中,老小区隔音差，邻里滋扰严重，且车位严重匮乏，每晚加班回来抢车位像打仗。,要求独立电梯入户，主次卧动线分明，配备独立保姆房和私密后院。,无需日常通勤，但要求30分钟内快捷通达凤凰机场或高铁站。,崇尚度假慢生活，清晨沙滩漫步，午后椰林下午茶，酷爱轻户外及后海冲浪。,名下持有一套旧两居，置换回款 65% + 个人理财储蓄补充 + 公积金商业贷,重性价比，不盲信大牌，但要求物业管理有序、绿化修剪及时、人防技防规范。,每年11月至次年3月到此度过漫长冬季，极其依赖周边的康养及适老化服务。
三_2011_00721,三亚,2011,本地改善,47,男,3.4,25.7,0.35,55.0,4,1,否,B,agent,0.85,0.59,0.61,0.42,0.38,0.62,0.52,0.69,0.57,自住-改善,一室一厅,63,5405,国企中层管理,三口之家(学龄段),三亚中环品质两居，车位及空间极其拥挤,小区无地下车库且人车不分流，小孩在楼下玩耍或者推婴儿车极为不安全。,要求采光通透，全明户型，带多功能嵌入式收纳墙以最大化空间利用。,无需日常通勤，但要求30分钟内快捷通达凤凰机场或高铁站。,崇尚度假慢生活，清晨沙滩漫步，午后椰林下午茶，酷爱轻户外及后海冲浪。,名下持有一套旧两居，置换回款 65% + 个人理财储蓄补充 + 公积金商业贷,重性价比，不盲信大牌，但要求物业管理有序、绿化修剪及时、人防技防规范。,本地常住人口，四季生活规律，度假频次为常规年假出行。
三_2011_00722,三亚,2011,本地改善,47,女,2.8,13.3,0.35,28.4,3,1,是,B,agent,0.67,0.63,0.73,0.52,0.29,0.71,0.49,0.87,0.51,自住-改善,两室两厅,70,3357,国企中层管理,三口之家(学龄段),三亚中环品质两居，车位及空间极其拥挤,小区无地下车库且人车不分流，小孩在楼下玩耍或者推婴儿车极为不安全。,要求有超大面宽南向双阳台（观景家政分离），主卧大飘窗能270度直面自然景观。,无需日常通勤，但要求30分钟内快捷通达凤凰机场或高铁站。,崇尚度假慢生活，清晨沙滩漫步，午后椰林下午茶，酷爱轻户外及后海冲浪。,名下持有一套旧两居，置换回款 65% + 个人理财储蓄补充 + 公积金商业贷,重性价比，不盲信大牌，但要求物业管理有序、绿化修剪及时、人防技防规范。,本地常住人口，四季生活规律，度假频次为常规年假出行。
三_2011_00723,三亚,2011,本地改善,40,女,1.9,12.0,0.35,25.7,4,2,是,B,agent,0.84,0.5,0.54,0.62,0.46,0.55,0.49,0.6,0.4,自住-改善,两室两厅,90,2327,智能新能源车企研发骨干,二胎黄金期中大户型,三亚中环品质两居，车位及空间极其拥挤,小区无地下车库且人车不分流，小孩在楼下玩耍或者推婴儿车极为不安全。,要求采光通透，全明户型，带多功能嵌入式收纳墙以最大化空间利用。,无需日常通勤，但要求30分钟内快捷通达凤凰机场或高铁站。,崇尚度假慢生活，清晨沙滩漫步，午后椰林下午茶，酷爱轻户外及后海冲浪。,名下持有一套旧两居，置换回款 65% + 个人理财储蓄补充 + 公积金商业贷,重性价比，不盲信大牌，但要求物业管理有序、绿化修剪及时、人防技防规范。,本地常住人口，四季生活规律，度假频次为常规年假出行。
三_2011_00724,三亚,2011,本地改善,30,女,1.2,6.4,0.35,13.7,4,1,是,B,agent,0.91,0.63,0.64,0.52,0.4,0.75,0.45,0.8,0.29,自住-改善,一室一厅,63,1499,区级税务局一级主办,三口之家(幼龄段),三亚中环品质两居，车位及空间极其拥挤,小区无地下车库且人车不分流，小孩在楼下玩耍或者推婴儿车极为不安全。,讲究超高得房率（超85%），主卧套房必须配备独立步入式衣帽间与干湿分离双卫。,无需日常通勤，但要求30分钟内快捷通达凤凰机场或高铁站。,崇尚度假慢生活，清晨沙滩漫步，午后椰林下午茶，酷爱轻户外及后海冲浪。,名下持有一套旧两居，置换回款 65% + 个人理财储蓄补充 + 公积金商业贷,重性价比，不盲信大牌，但要求物业管理有序、绿化修剪及时、人防技防规范。,本地常住人口，四季生活规律，度假频次为常规年假出行。
三_2011_00725,三亚,2011,度假投资,47,女,7.0,61.5,0.4,115.4,3,1,否,A,research,0.77,0.36,0.97,0.52,0.64,0.43,0.05,0.01,0.74,度假,两室一厅,81,7329,上市公司退休联合创始人,三口之家(学龄段),陆家嘴核心区江景大平层,无高端私密会所及管家式物业配套，圈层鱼龙混杂，高净值居住体验差。,要求有超大面宽南向双阳台（观景家政分离），主卧大飘窗能270度直面自然景观。,无需日常通勤，但要求30分钟内快捷通达凤凰机场或高铁站。,周末常去高端商圈消费，热衷打网球和马术，重度手冲咖啡及黑胶唱片发烧友。,名下已有企业股权套现或分红现金，一次性全款付清，基本不加杠杆,非仁恒、绿城、万科等金牌开发商不买，极度看重高端精装质量与顶级物业的增值口碑。,每年11月至次年3月到此度过漫长冬季，极其依赖周边的康养及适老化服务。
三_2011_00726,三亚,2011,外地候鸟-东北,74,女,4.6,33.1,0.5,49.6,2,0,否,C,network,0.49,0.59,0.92,0.77,0.48,0.49,0,0.0,0.54,养老,两室一厅,86,3981,哈尔滨高校退休处长,高知退休康养,与父母同住，三代人拥挤在旧区小户型老房中,老小区隔音差，邻里滋扰严重，且车位严重匮乏，每晚加班回来抢车位像打仗。,要求独立电梯入户，主次卧动线分明，配备独立保姆房和私密后院。,无需日常通勤，但要求30分钟内快捷通达凤凰机场或高铁站。,崇尚度假慢生活，清晨沙滩漫步，午后椰林下午茶，酷爱轻户外及后海冲浪。,名下持有一套旧两居，置换回款 65% + 个人理财储蓄补充 + 公积金商业贷,重性价比，不盲信大牌，但要求物业管理有序、绿化修剪及时、人防技防规范。,每年11月至次年3月到此度过漫长冬季，极其依赖周边的康养及适老化服务。
三_2011_00727,三亚,2011,外地候鸟-西北,58,男,3.5,28.0,0.5,42.1,1,0,否,C,network,0.32,0.59,0.9,0.78,0.33,0.44,0.19,0.06,0.51,养老,两室一厅,95,3760,西安设计院退休总建筑师,高知退休康养,与父母同住，三代人拥挤在旧区小户型老房中,老小区隔音差，邻里滋扰严重，且车位严重匮乏，每晚加班回来抢车位像打仗。,要求独立电梯入户，主次卧动线分明，配备独立保姆房和私密后院。,无需日常通勤，但要求30分钟内快捷通达凤凰机场或高铁站。,崇尚度假慢生活，清晨沙滩漫步，午后椰林下午茶，酷爱轻户外及后海冲浪。,名下持有一套旧两居，置换回款 65% + 个人理财储蓄补充 + 公积金商业贷,重性价比，不盲信大牌，但要求物业管理有序、绿化修剪及时、人防技防规范。,每年11月至次年3月到此度过漫长冬季，极其依赖周边的康养及适老化服务。
三_2011_00728,三亚,2011,本地改善,36,女,2.5,18.2,0.35,39.1,4,1,是,B,agent,0.63,0.54,0.53,0.29,0.31,0.71,0.5,0.64,0.4,自住-改善,一室一厅,50,6605,三甲医院主治医师,三口之家(幼龄段),三亚中环品质两居，车位及空间极其拥挤,小区无地下车库且人车不分流，小孩在楼下玩耍或者推婴儿车极为不安全。,讲究超高得房率（超85%），主卧套房必须配备独立步入式衣帽间与干湿分离双卫。,无需日常通勤，但要求30分钟内快捷通达凤凰机场或高铁站。,崇尚度假慢生活，清晨沙滩漫步，午后椰林下午茶，酷爱轻户外及后海冲浪。,名下持有一套旧两居，置换回款 65% + 个人理财储蓄补充 + 公积金商业贷,重性价比，不盲信大牌，但要求物业管理有序、绿化修剪及时、人防技防规范。,本地常住人口，四季生活规律，度假频次为常规年假出行。
三_2011_00729,三亚,2011,度假投资,52,女,8.2,85.6,0.4,160.6,4,2,否,A,research,0.83,0.29,0.86,0.55,0.53,0.52,0,0.04,0.8,投资-短期,两室两厅,143,7372,上市公司退休联合创始人,二胎黄金期中大户型,西湖边高精平层,无高端私密会所及管家式物业配套，圈层鱼龙混杂，高净值居住体验差。,要求有超大面宽南向双阳台（观景家政分离），主卧大飘窗能270度直面自然景观。,无需日常通勤，但要求30分钟内快捷通达凤凰机场或高铁站。,周末常去高端商圈消费，热衷打网球和马术，重度手冲咖啡及黑胶唱片发烧友。,名下已有企业股权套现或分红现金，一次性全款付清，基本不加杠杆,非仁恒、绿城、万科等金牌开发商不买，极度看重高端精装质量与顶级物业的增值口碑。,每年11月至次年3月到此度过漫长冬季，极其依赖周边的康养及适老化服务。
三_2011_00730,三亚,2011,外地候鸟-东北,71,女,1.3,11.5,0.5,17.3,2,0,否,C,network,0.25,0.59,0.94,0.69,0.52,0.44,0,0,0.51,养老,两室两厅,96,1460,哈尔滨私营物流老板,高知退休康养,与父母同住，三代人拥挤在旧区小户型老房中,老小区隔音差，邻里滋扰严重，且车位严重匮乏，每晚加班回来抢车位像打仗。,要求有超大面宽南向双阳台（观景家政分离），主卧大飘窗能270度直面自然景观。,无需日常通勤，但要求30分钟内快捷通达凤凰机场或高铁站。,崇尚度假慢生活，清晨沙滩漫步，午后椰林下午茶，酷爱轻户外及后海冲浪。,名下持有一套旧两居，置换回款 65% + 个人理财储蓄补充 + 公积金商业贷,重性价比，不盲信大牌，但要求物业管理有序、绿化修剪及时、人防技防规范。,每年11月至次年3月到此度过漫长冬季，极其依赖周边的康养及适老化服务。
三_2011_00731,三亚,2011,本地改善,43,女,2.7,18.4,0.35,39.5,3,1,是,B,agent,0.63,0.7,0.59,0.38,0.44,0.64,0.47,0.59,0.51,自住-改善,一室一厅,82,2827,区级税务局一级主办,三口之家(学龄段),三亚中环品质两居，车位及空间极其拥挤,小区无地下车库且人车不分流，小孩在楼下玩耍或者推婴儿车极为不安全。,要求采光通透，全明户型，带多功能嵌入式收纳墙以最大化空间利用。,无需日常通勤，但要求30分钟内快捷通达凤凰机场或高铁站。,崇尚度假慢生活，清晨沙滩漫步，午后椰林下午茶，酷爱轻户外及后海冲浪。,名下持有一套旧两居，置换回款 65% + 个人理财储蓄补充 + 公积金商业贷,重性价比，不盲信大牌，但要求物业管理有序、绿化修剪及时、人防技防规范。,本地常住人口，四季生活规律，度假频次为常规年假出行。
三_2011_00732,三亚,2011,度假投资,39,男,6.5,46.0,0.4,86.2,3,1,否,A,research,0.99,0.46,0.84,0.75,0.45,0.47,0,0.08,0.8,投资-长持,两室一厅,63,9421,知名中医药连锁投资人,三口之家(学龄段),陆家嘴核心区江景大平层,无高端私密会所及管家式物业配套，圈层鱼龙混杂，高净值居住体验差。,要求独立电梯入户，主次卧动线分明，配备独立保姆房和私密后院。,无需日常通勤，但要求30分钟内快捷通达凤凰机场或高铁站。,周末常去高端商圈消费，热衷打网球和马术，重度手冲咖啡及黑胶唱片发烧友。,名下已有企业股权套现或分红现金，一次性全款付清，基本不加杠杆,非仁恒、绿城、万科等金牌开发商不买，极度看重高端精装质量与顶级物业的增值口碑。,每年11月至次年3月到此度过漫长冬季，极其依赖周边的康养及适老化服务。
三_2011_00733,三亚,2011,本地改善,45,女,1.8,12.4,0.35,26.6,3,1,是,B,agent,0.62,0.5,0.73,0.41,0.42,0.71,0.53,0.9,0.41,自住-改善,一室一厅,84,2562,重点中学高级教师,三口之家(学龄段),三亚中环品质两居，车位及空间极其拥挤,小区无地下车库且人车不分流，小孩在楼下玩耍或者推婴儿车极为不安全。,要求有超大面宽南向双阳台（观景家政分离），主卧大飘窗能270度直面自然景观。,无需日常通勤，但要求30分钟内快捷通达凤凰机场或高铁站。,崇尚度假慢生活，清晨沙滩漫步，午后椰林下午茶，酷爱轻户外及后海冲浪。,名下持有一套旧两居，置换回款 65% + 个人理财储蓄补充 + 公积金商业贷,重性价比，不盲信大牌，但要求物业管理有序、绿化修剪及时、人防技防规范。,本地常住人口，四季生活规律，度假频次为常规年假出行。
三_2011_00734,三亚,2011,度假投资,51,女,8.0,57.6,0.4,108.0,2,2,否,A,research,1,0.51,0.87,0.58,0.58,0.44,0.12,0,0.78,度假,两室一厅,96,8831,上市公司退休联合创始人,二胎黄金期中大户型,陆家嘴核心区江景大平层,无高端私密会所及管家式物业配套，圈层鱼龙混杂，高净值居住体验差。,要求有超大面宽南向双阳台（观景家政分离），主卧大飘窗能270度直面自然景观。,无需日常通勤，但要求30分钟内快捷通达凤凰机场或高铁站。,周末常去高端商圈消费，热衷打网球和马术，重度手冲咖啡及黑胶唱片发烧友。,名下已有企业股权套现或分红现金，一次性全款付清，基本不加杠杆,非仁恒、绿城、万科等金牌开发商不买，极度看重高端精装质量与顶级物业的增值口碑。,每年11月至次年3月到此度过漫长冬季，极其依赖周边的康养及适老化服务。
三_2011_00735,三亚,2011,外地候鸟-东北,63,女,3.6,20.1,0.5,30.2,3,0,否,C,network,0.54,0.56,0.89,0.71,0.56,0.44,0.06,0.02,0.57,度假,两室两厅,57,4317,沈阳大型重工企业退休副厂长,高知退休康养,与父母同住，三代人拥挤在旧区小户型老房中,老小区隔音差，邻里滋扰严重，且车位严重匮乏，每晚加班回来抢车位像打仗。,要求独立电梯入户，主次卧动线分明，配备独立保姆房和私密后院。,无需日常通勤，但要求30分钟内快捷通达凤凰机场或高铁站。,崇尚度假慢生活，清晨沙滩漫步，午后椰林下午茶，酷爱轻户外及后海冲浪。,名下持有一套旧两居，置换回款 65% + 个人理财储蓄补充 + 公积金商业贷,重性价比，不盲信大牌，但要求物业管理有序、绿化修剪及时、人防技防规范。,每年11月至次年3月到此度过漫长冬季，极其依赖周边的康养及适老化服务。
三_2011_00736,三亚,2011,本地改善,37,女,3.6,15.6,0.35,33.4,3,2,是,B,agent,0.51,0.65,0.53,0.44,0.31,0.81,0.41,0.75,0.38,自住-改善,一室一厅,98,1920,重点中学高级教师,二胎黄金期中大户型,三亚中环品质两居，车位及空间极其拥挤,小区无地下车库且人车不分流，小孩在楼下玩耍或者推婴儿车极为不安全。,讲究超高得房率（超85%），主卧套房必须配备独立步入式衣帽间与干湿分离双卫。,无需日常通勤，但要求30分钟内快捷通达凤凰机场或高铁站。,崇尚度假慢生活，清晨沙滩漫步，午后椰林下午茶，酷爱轻户外及后海冲浪。,名下持有一套旧两居，置换回款 65% + 个人理财储蓄补充 + 公积金商业贷,重性价比，不盲信大牌，但要求物业管理有序、绿化修剪及时、人防技防规范。,本地常住人口，四季生活规律，度假频次为常规年假出行。
三_2011_00737,三亚,2011,外地候鸟-东北,60,男,4.4,32.5,0.5,48.8,2,1,否,C,network,0.3,0.7,0.87,0.74,0.48,0.58,0.0,0.07,0.54,度假,两室两厅,97,3779,哈尔滨高校退休处长,三口之家(学龄段),与父母同住，三代人拥挤在旧区小户型老房中,小区无地下车库且人车不分流，小孩在楼下玩耍或者推婴儿车极为不安全。,要求独立电梯入户，主次卧动线分明，配备独立保姆房和私密后院。,无需日常通勤，但要求30分钟内快捷通达凤凰机场或高铁站。,崇尚度假慢生活，清晨沙滩漫步，午后椰林下午茶，酷爱轻户外及后海冲浪。,名下持有一套旧两居，置换回款 65% + 个人理财储蓄补充 + 公积金商业贷,重性价比，不盲信大牌，但要求物业管理有序、绿化修剪及时、人防技防规范。,每年11月至次年3月到此度过漫长冬季，极其依赖周边的康养及适老化服务。
三_2011_00738,三亚,2011,外地候鸟-东北,58,女,2.9,15.8,0.5,23.8,2,0,否,C,network,0.46,0.66,0.95,0.76,0.43,0.43,0.03,0,0.51,度假,一室一厅,74,2080,沈阳大型重工企业退休副厂长,高知退休康养,与父母同住，三代人拥挤在旧区小户型老房中,老小区隔音差，邻里滋扰严重，且车位严重匮乏，每晚加班回来抢车位像打仗。,要求独立电梯入户，主次卧动线分明，配备独立保姆房和私密后院。,无需日常通勤，但要求30分钟内快捷通达凤凰机场或高铁站。,崇尚度假慢生活，清晨沙滩漫步，午后椰林下午茶，酷爱轻户外及后海冲浪。,名下持有一套旧两居，置换回款 65% + 个人理财储蓄补充 + 公积金商业贷,重性价比，不盲信大牌，但要求物业管理有序、绿化修剪及时、人防技防规范。,每年11月至次年3月到此度过漫长冬季，极其依赖周边的康养及适老化服务。
三_2011_00739,三亚,2011,度假投资,42,女,8.5,80.4,0.4,150.8,3,1,否,A,research,0.55,0.52,0.97,0.56,0.55,0.55,0,0,0.68,投资-长持,两室两厅,128,10133,知名中医药连锁投资人,三口之家(学龄段),市中心私密洋房住宅,无高端私密会所及管家式物业配套，圈层鱼龙混杂，高净值居住体验差。,要求有超大面宽南向双阳台（观景家政分离），主卧大飘窗能270度直面自然景观。,无需日常通勤，但要求30分钟内快捷通达凤凰机场或高铁站。,周末常去高端商圈消费，热衷打网球和马术，重度手冲咖啡及黑胶唱片发烧友。,名下已有企业股权套现或分红现金，一次性全款付清，基本不加杠杆,重性价比，不盲信大牌，但要求物业管理有序、绿化修剪及时、人防技防规范。,每年11月至次年3月到此度过漫长冬季，极其依赖周边的康养及适老化服务。
三_2011_00740,三亚,2011,本地改善,45,男,2.8,12.6,0.35,27.0,3,1,是,B,agent,0.82,0.57,0.6,0.42,0.49,0.74,0.43,0.7,0.58,自住-改善,两室一厅,83,2536,国企中层管理,三口之家(学龄段),三亚中环品质两居，车位及空间极其拥挤,小区无地下车库且人车不分流，小孩在楼下玩耍或者推婴儿车极为不安全。,讲究超高得房率（超85%），主卧套房必须配备独立步入式衣帽间与干湿分离双卫。,无需日常通勤，但要求30分钟内快捷通达凤凰机场或高铁站。,崇尚度假慢生活，清晨沙滩漫步，午后椰林下午茶，酷爱轻户外及后海冲浪。,名下持有一套旧两居，置换回款 65% + 个人理财储蓄补充 + 公积金商业贷,重性价比，不盲信大牌，但要求物业管理有序、绿化修剪及时、人防技防规范。,本地常住人口，四季生活规律，度假频次为常规年假出行。
三_2011_00741,三亚,2011,本地改善,44,女,1.7,12.2,0.35,26.1,4,1,否,B,agent,0.84,0.5,0.52,0.44,0.45,0.79,0.53,0.74,0.54,自住-改善,两室两厅,54,3775,国企中层管理,三口之家(学龄段),三亚中环品质两居，车位及空间极其拥挤,小区无地下车库且人车不分流，小孩在楼下玩耍或者推婴儿车极为不安全。,讲究超高得房率（超85%），主卧套房必须配备独立步入式衣帽间与干湿分离双卫。,无需日常通勤，但要求30分钟内快捷通达凤凰机场或高铁站。,崇尚度假慢生活，清晨沙滩漫步，午后椰林下午茶，酷爱轻户外及后海冲浪。,名下持有一套旧两居，置换回款 65% + 个人理财储蓄补充 + 公积金商业贷,重性价比，不盲信大牌，但要求物业管理有序、绿化修剪及时、人防技防规范。,本地常住人口，四季生活规律，度假频次为常规年假出行。
三_2011_00742,三亚,2011,本地改善,36,男,3.4,25.1,0.35,53.8,4,1,否,B,agent,0.58,0.54,0.56,0.42,0.44,0.72,0.62,0.48,0.56,自住-改善,两室两厅,74,5895,智能新能源车企研发骨干,三口之家(幼龄段),三亚中环品质两居，车位及空间极其拥挤,小区无地下车库且人车不分流，小孩在楼下玩耍或者推婴儿车极为不安全。,讲究超高得房率（超85%），主卧套房必须配备独立步入式衣帽间与干湿分离双卫。,无需日常通勤，但要求30分钟内快捷通达凤凰机场或高铁站。,崇尚度假慢生活，清晨沙滩漫步，午后椰林下午茶，酷爱轻户外及后海冲浪。,名下持有一套旧两居，置换回款 65% + 个人理财储蓄补充 + 公积金商业贷,重性价比，不盲信大牌，但要求物业管理有序、绿化修剪及时、人防技防规范。,本地常住人口，四季生活规律，度假频次为常规年假出行。
三_2011_00743,三亚,2011,外地候鸟-华北,70,男,4.0,30.5,0.5,45.7,1,0,否,B,network,0.47,0.39,0.86,0.69,0.57,0.36,0.05,0,0.5,度假,两室两厅,77,3415,高校资深硕导,高知退休康养,三亚中环品质两居，车位及空间极其拥挤,老小区隔音差，邻里滋扰严重，且车位严重匮乏，每晚加班回来抢车位像打仗。,要求有超大面宽南向双阳台（观景家政分离），主卧大飘窗能270度直面自然景观。,无需日常通勤，但要求30分钟内快捷通达凤凰机场或高铁站。,崇尚度假慢生活，清晨沙滩漫步，午后椰林下午茶，酷爱轻户外及后海冲浪。,名下持有一套旧两居，置换回款 65% + 个人理财储蓄补充 + 公积金商业贷,重性价比，不盲信大牌，但要求物业管理有序、绿化修剪及时、人防技防规范。,每年11月至次年3月到此度过漫长冬季，极其依赖周边的康养及适老化服务。
三_2011_00744,三亚,2011,度假投资,44,女,6.6,50.8,0.4,95.3,3,2,否,A,research,0.64,0.33,0.92,0.69,0.51,0.37,0,0.07,0.67,度假,两室两厅,90,6530,高端海景资产收藏家,二胎黄金期中大户型,市中心私密洋房住宅,无高端私密会所及管家式物业配套，圈层鱼龙混杂，高净值居住体验差。,要求有超大面宽南向双阳台（观景家政分离），主卧大飘窗能270度直面自然景观。,无需日常通勤，但要求30分钟内快捷通达凤凰机场或高铁站。,周末常去高端商圈消费，热衷打网球和马术，重度手冲咖啡及黑胶唱片发烧友。,名下已有企业股权套现或分红现金，一次性全款付清，基本不加杠杆,重性价比，不盲信大牌，但要求物业管理有序、绿化修剪及时、人防技防规范。,每年11月至次年3月到此度过漫长冬季，极其依赖周边的康养及适老化服务。
三_2011_00745,三亚,2011,度假投资,55,女,7.6,98.0,0.4,183.8,2,0,否,A,research,0.53,0.41,0.72,0.64,0.53,0.49,0,0.02,0.74,投资-长持,三室两厅,147,6808,知名中医药连锁投资人,高知退休康养,市中心私密洋房住宅,无高端私密会所及管家式物业配套，圈层鱼龙混杂，高净值居住体验差。,要求有超大面宽南向双阳台（观景家政分离），主卧大飘窗能270度直面自然景观。,无需日常通勤，但要求30分钟内快捷通达凤凰机场或高铁站。,周末常去高端商圈消费，热衷打网球和马术，重度手冲咖啡及黑胶唱片发烧友。,名下已有企业股权套现或分红现金，一次性全款付清，基本不加杠杆,非仁恒、绿城、万科等金牌开发商不买，极度看重高端精装质量与顶级物业的增值口碑。,每年11月至次年3月到此度过漫长冬季，极其依赖周边的康养及适老化服务。
三_2011_00746,三亚,2011,本地改善,44,男,1.6,7.5,0.35,16.0,5,1,是,B,agent,0.72,0.62,0.67,0.4,0.63,0.83,0.53,0.71,0.6,自住-改善,两室一厅,72,1342,重点中学高级教师,三口之家(学龄段),三亚中环品质两居，车位及空间极其拥挤,小区无地下车库且人车不分流，小孩在楼下玩耍或者推婴儿车极为不安全。,讲究超高得房率（超85%），主卧套房必须配备独立步入式衣帽间与干湿分离双卫。,无需日常通勤，但要求30分钟内快捷通达凤凰机场或高铁站。,崇尚度假慢生活，清晨沙滩漫步，午后椰林下午茶，酷爱轻户外及后海冲浪。,名下持有一套旧两居，置换回款 65% + 个人理财储蓄补充 + 公积金商业贷,重性价比，不盲信大牌，但要求物业管理有序、绿化修剪及时、人防技防规范。,本地常住人口，四季生活规律，度假频次为常规年假出行。
三_2011_00747,三亚,2011,外地候鸟-东北,71,女,1.5,7.3,0.5,11.0,2,0,否,C,network,0.33,0.61,0.94,0.88,0.54,0.63,0.01,0,0.49,养老,两室两厅,95,898,哈尔滨高校退休处长,高知退休康养,与父母同住，三代人拥挤在旧区小户型老房中,老小区隔音差，邻里滋扰严重，且车位严重匮乏，每晚加班回来抢车位像打仗。,要求独立电梯入户，主次卧动线分明，配备独立保姆房和私密后院。,无需日常通勤，但要求30分钟内快捷通达凤凰机场或高铁站。,崇尚度假慢生活，清晨沙滩漫步，午后椰林下午茶，酷爱轻户外及后海冲浪。,名下持有一套旧两居，置换回款 65% + 个人理财储蓄补充 + 公积金商业贷,重性价比，不盲信大牌，但要求物业管理有序、绿化修剪及时、人防技防规范。,每年11月至次年3月到此度过漫长冬季，极其依赖周边的康养及适老化服务。
三_2011_00748,三亚,2011,本地改善,32,男,2.2,12.9,0.35,27.6,4,1,否,B,agent,0.74,0.51,0.58,0.64,0.23,0.69,0.53,0.65,0.49,自住-改善,两室一厅,98,1894,区级税务局一级主办,三口之家(幼龄段),三亚中环品质两居，车位及空间极其拥挤,小区无地下车库且人车不分流，小孩在楼下玩耍或者推婴儿车极为不安全。,要求采光通透，全明户型，带多功能嵌入式收纳墙以最大化空间利用。,无需日常通勤，但要求30分钟内快捷通达凤凰机场或高铁站。,崇尚度假慢生活，清晨沙滩漫步，午后椰林下午茶，酷爱轻户外及后海冲浪。,名下持有一套旧两居，置换回款 65% + 个人理财储蓄补充 + 公积金商业贷,重性价比，不盲信大牌，但要求物业管理有序、绿化修剪及时、人防技防规范。,本地常住人口，四季生活规律，度假频次为常规年假出行。
三_2011_00749,三亚,2011,外地候鸟-东北,59,女,3.5,26.1,0.5,39.2,2,1,否,C,network,0.33,0.57,1,0.67,0.53,0.45,0,0.04,0.5,度假,两室两厅,65,4815,沈阳大型重工企业退休副厂长,三口之家(学龄段),与父母同住，三代人拥挤在旧区小户型老房中,小区无地下车库且人车不分流，小孩在楼下玩耍或者推婴儿车极为不安全。,要求有超大面宽南向双阳台（观景家政分离），主卧大飘窗能270度直面自然景观。,无需日常通勤，但要求30分钟内快捷通达凤凰机场或高铁站。,崇尚度假慢生活，清晨沙滩漫步，午后椰林下午茶，酷爱轻户外及后海冲浪。,名下持有一套旧两居，置换回款 65% + 个人理财储蓄补充 + 公积金商业贷,重性价比，不盲信大牌，但要求物业管理有序、绿化修剪及时、人防技防规范。,每年11月至次年3月到此度过漫长冬季，极其依赖周边的康养及适老化服务。
三_2011_00750,三亚,2011,度假投资,39,男,8.8,94.5,0.4,177.2,2,1,否,A,research,0.96,0.32,0.85,0.67,0.55,0.53,0,0,0.75,度假,三室一厅,104,9606,上市公司退休联合创始人,三口之家(学龄段),陆家嘴核心区江景大平层,无高端私密会所及管家式物业配套，圈层鱼龙混杂，高净值居住体验差。,要求有超大面宽南向双阳台（观景家政分离），主卧大飘窗能270度直面自然景观。,无需日常通勤，但要求30分钟内快捷通达凤凰机场或高铁站。,周末常去高端商圈消费，热衷打网球和马术，重度手冲咖啡及黑胶唱片发烧友。,名下已有企业股权套现或分红现金，一次性全款付清，基本不加杠杆,非仁恒、绿城、万科等金牌开发商不买，极度看重高端精装质量与顶级物业的增值口碑。,每年11月至次年3月到此度过漫长冬季，极其依赖周边的康养及适老化服务。
三_2011_00751,三亚,2011,本地改善,41,女,1.3,8.8,0.35,18.8,4,1,否,B,agent,0.66,0.57,0.5,0.32,0.55,0.76,0.47,0.71,0.4,自住-改善,两室一厅,59,2384,智能新能源车企研发骨干,三口之家(学龄段),三亚中环品质两居，车位及空间极其拥挤,小区无地下车库且人车不分流，小孩在楼下玩耍或者推婴儿车极为不安全。,讲究超高得房率（超85%），主卧套房必须配备独立步入式衣帽间与干湿分离双卫。,无需日常通勤，但要求30分钟内快捷通达凤凰机场或高铁站。,崇尚度假慢生活，清晨沙滩漫步，午后椰林下午茶，酷爱轻户外及后海冲浪。,名下持有一套旧两居，置换回款 65% + 个人理财储蓄补充 + 公积金商业贷,重性价比，不盲信大牌，但要求物业管理有序、绿化修剪及时、人防技防规范。,本地常住人口，四季生活规律，度假频次为常规年假出行。
三_2011_00752,三亚,2011,外地候鸟-东北,78,女,2.8,21.1,0.5,31.6,3,0,否,C,network,0.29,0.62,0.94,0.79,0.51,0.57,0.11,0,0.52,养老,两室一厅,81,2290,哈尔滨高校退休处长,高知退休康养,与父母同住，三代人拥挤在旧区小户型老房中,老小区隔音差，邻里滋扰严重，且车位严重匮乏，每晚加班回来抢车位像打仗。,要求独立电梯入户，主次卧动线分明，配备独立保姆房和私密后院。,无需日常通勤，但要求30分钟内快捷通达凤凰机场或高铁站。,崇尚度假慢生活，清晨沙滩漫步，午后椰林下午茶，酷爱轻户外及后海冲浪。,名下持有一套旧两居，置换回款 65% + 个人理财储蓄补充 + 公积金商业贷,重性价比，不盲信大牌，但要求物业管理有序、绿化修剪及时、人防技防规范。,每年11月至次年3月到此度过漫长冬季，极其依赖周边的康养及适老化服务。
三_2011_00753,三亚,2011,本地改善,50,女,3.0,13.0,0.35,27.9,2,1,否,B,agent,0.82,0.57,0.69,0.51,0.5,0.79,0.4,0.74,0.49,自住-改善,两室两厅,64,3183,重点中学高级教师,三口之家(学龄段),三亚中环品质两居，车位及空间极其拥挤,小区无地下车库且人车不分流，小孩在楼下玩耍或者推婴儿车极为不安全。,讲究超高得房率（超85%），主卧套房必须配备独立步入式衣帽间与干湿分离双卫。,无需日常通勤，但要求30分钟内快捷通达凤凰机场或高铁站。,崇尚度假慢生活，清晨沙滩漫步，午后椰林下午茶，酷爱轻户外及后海冲浪。,名下持有一套旧两居，置换回款 65% + 个人理财储蓄补充 + 公积金商业贷,重性价比，不盲信大牌，但要求物业管理有序、绿化修剪及时、人防技防规范。,本地常住人口，四季生活规律，度假频次为常规年假出行。
三_2011_00754,三亚,2011,本地改善,49,女,1.9,13.8,0.35,29.6,4,1,是,B,agent,0.73,0.5,0.54,0.48,0.31,0.74,0.48,0.87,0.39,自住-改善,两室一厅,80,2261,三甲医院主治医师,三口之家(学龄段),三亚中环品质两居，车位及空间极其拥挤,小区无地下车库且人车不分流，小孩在楼下玩耍或者推婴儿车极为不安全。,讲究超高得房率（超85%），主卧套房必须配备独立步入式衣帽间与干湿分离双卫。,无需日常通勤，但要求30分钟内快捷通达凤凰机场或高铁站。,崇尚度假慢生活，清晨沙滩漫步，午后椰林下午茶，酷爱轻户外及后海冲浪。,名下持有一套旧两居，置换回款 65% + 个人理财储蓄补充 + 公积金商业贷,重性价比，不盲信大牌，但要求物业管理有序、绿化修剪及时、人防技防规范。,本地常住人口，四季生活规律，度假频次为常规年假出行。
三_2011_00755,三亚,2011,本地改善,33,女,3.1,22.9,0.35,49.0,4,1,是,B,agent,0.97,0.49,0.59,0.4,0.29,0.58,0.42,0.69,0.5,自住-改善,两室一厅,62,4856,国企中层管理,三口之家(幼龄段),三亚中环品质两居，车位及空间极其拥挤,小区无地下车库且人车不分流，小孩在楼下玩耍或者推婴儿车极为不安全。,要求采光通透，全明户型，带多功能嵌入式收纳墙以最大化空间利用。,无需日常通勤，但要求30分钟内快捷通达凤凰机场或高铁站。,崇尚度假慢生活，清晨沙滩漫步，午后椰林下午茶，酷爱轻户外及后海冲浪。,名下持有一套旧两居，置换回款 65% + 个人理财储蓄补充 + 公积金商业贷,重性价比，不盲信大牌，但要求物业管理有序、绿化修剪及时、人防技防规范。,本地常住人口，四季生活规律，度假频次为常规年假出行。
三_2011_00756,三亚,2011,度假投资,39,女,7.7,58.2,0.4,109.2,3,1,否,A,research,0.83,0.31,0.85,0.59,0.52,0.38,0,0.04,0.72,投资-长持,一室一厅,78,7673,知名中医药连锁投资人,三口之家(学龄段),陆家嘴核心区江景大平层,无高端私密会所及管家式物业配套，圈层鱼龙混杂，高净值居住体验差。,要求有超大面宽南向双阳台（观景家政分离），主卧大飘窗能270度直面自然景观。,无需日常通勤，但要求30分钟内快捷通达凤凰机场或高铁站。,周末常去高端商圈消费，热衷打网球和马术，重度手冲咖啡及黑胶唱片发烧友。,名下已有企业股权套现或分红现金，一次性全款付清，基本不加杠杆,非仁恒、绿城、万科等金牌开发商不买，极度看重高端精装质量与顶级物业的增值口碑。,每年11月至次年3月到此度过漫长冬季，极其依赖周边的康养及适老化服务。
三_2011_00757,三亚,2011,外地候鸟-东北,62,男,1.7,9.9,0.5,14.9,1,0,否,C,network,0.08,0.7,0.9,0.75,0.56,0.52,0,0.02,0.54,度假,一室一厅,81,970,哈尔滨高校退休处长,高知退休康养,与父母同住，三代人拥挤在旧区小户型老房中,老小区隔音差，邻里滋扰严重，且车位严重匮乏，每晚加班回来抢车位像打仗。,要求独立电梯入户，主次卧动线分明，配备独立保姆房和私密后院。,无需日常通勤，但要求30分钟内快捷通达凤凰机场或高铁站。,崇尚度假慢生活，清晨沙滩漫步，午后椰林下午茶，酷爱轻户外及后海冲浪。,名下持有一套旧两居，置换回款 65% + 个人理财储蓄补充 + 公积金商业贷,重性价比，不盲信大牌，但要求物业管理有序、绿化修剪及时、人防技防规范。,每年11月至次年3月到此度过漫长冬季，极其依赖周边的康养及适老化服务。
三_2011_00758,三亚,2011,度假投资,45,男,7.2,75.2,0.4,141.1,3,1,否,A,research,0.75,0.41,0.81,0.51,0.59,0.39,0,0,0.67,投资-短期,两室一厅,50,20010,知名中医药连锁投资人,三口之家(学龄段),陆家嘴核心区江景大平层,无高端私密会所及管家式物业配套，圈层鱼龙混杂，高净值居住体验差。,要求有超大面宽南向双阳台（观景家政分离），主卧大飘窗能270度直面自然景观。,无需日常通勤，但要求30分钟内快捷通达凤凰机场或高铁站。,周末常去高端商圈消费，热衷打网球和马术，重度手冲咖啡及黑胶唱片发烧友。,名下已有企业股权套现或分红现金，一次性全款付清，基本不加杠杆,重性价比，不盲信大牌，但要求物业管理有序、绿化修剪及时、人防技防规范。,每年11月至次年3月到此度过漫长冬季，极其依赖周边的康养及适老化服务。
三_2011_00759,三亚,2011,外地候鸟-西北,69,男,6.0,37.9,0.5,56.9,2,0,否,C,network,0.59,0.66,0.93,0.7,0.74,0.58,0.11,0,0.44,度假,两室两厅,59,8491,兰州煤炭物流运输企业主,高知退休康养,与父母同住，三代人拥挤在旧区小户型老房中,老小区隔音差，邻里滋扰严重，且车位严重匮乏，每晚加班回来抢车位像打仗。,要求独立电梯入户，主次卧动线分明，配备独立保姆房和私密后院。,无需日常通勤，但要求30分钟内快捷通达凤凰机场或高铁站。,崇尚度假慢生活，清晨沙滩漫步，午后椰林下午茶，酷爱轻户外及后海冲浪。,名下持有一套旧两居，置换回款 65% + 个人理财储蓄补充 + 公积金商业贷,重性价比，不盲信大牌，但要求物业管理有序、绿化修剪及时、人防技防规范。,每年11月至次年3月到此度过漫长冬季，极其依赖周边的康养及适老化服务。
三_2011_00760,三亚,2011,本地改善,42,女,3.0,15.9,0.35,34.1,5,0,否,B,agent,0.72,0.63,0.63,0.39,0.37,0.89,0.49,0.83,0.4,自住-改善,一室一厅,98,1813,智能新能源车企研发骨干,成熟期核心家庭,三亚中环品质两居，车位及空间极其拥挤,老小区隔音差，邻里滋扰严重，且车位严重匮乏，每晚加班回来抢车位像打仗。,讲究超高得房率（超85%），主卧套房必须配备独立步入式衣帽间与干湿分离双卫。,无需日常通勤，但要求30分钟内快捷通达凤凰机场或高铁站。,崇尚度假慢生活，清晨沙滩漫步，午后椰林下午茶，酷爱轻户外及后海冲浪。,名下持有一套旧两居，置换回款 65% + 个人理财储蓄补充 + 公积金商业贷,重性价比，不盲信大牌，但要求物业管理有序、绿化修剪及时、人防技防规范。,本地常住人口，四季生活规律，度假频次为常规年假出行。
三_2011_00761,三亚,2011,本地改善,50,女,1.4,10.5,0.35,22.5,4,2,是,B,agent,0.62,0.49,0.49,0.41,0.39,0.95,0.53,0.82,0.34,自住-改善,两室一厅,55,2986,重点中学高级教师,二胎黄金期中大户型,三亚中环品质两居，车位及空间极其拥挤,小区无地下车库且人车不分流，小孩在楼下玩耍或者推婴儿车极为不安全。,讲究超高得房率（超85%），主卧套房必须配备独立步入式衣帽间与干湿分离双卫。,无需日常通勤，但要求30分钟内快捷通达凤凰机场或高铁站。,崇尚度假慢生活，清晨沙滩漫步，午后椰林下午茶，酷爱轻户外及后海冲浪。,名下持有一套旧两居，置换回款 65% + 个人理财储蓄补充 + 公积金商业贷,重性价比，不盲信大牌，但要求物业管理有序、绿化修剪及时、人防技防规范。,本地常住人口，四季生活规律，度假频次为常规年假出行。
三_2011_00762,三亚,2011,外地候鸟-华北,68,女,4.8,31.9,0.5,47.8,2,0,否,B,network,0.61,0.38,0.89,0.66,0.55,0.76,0.01,0,0.47,度假,两室一厅,89,2878,央企总部退休总工,高知退休康养,三亚中环品质两居，车位及空间极其拥挤,老小区隔音差，邻里滋扰严重，且车位严重匮乏，每晚加班回来抢车位像打仗。,要求有超大面宽南向双阳台（观景家政分离），主卧大飘窗能270度直面自然景观。,无需日常通勤，但要求30分钟内快捷通达凤凰机场或高铁站。,崇尚度假慢生活，清晨沙滩漫步，午后椰林下午茶，酷爱轻户外及后海冲浪。,名下持有一套旧两居，置换回款 65% + 个人理财储蓄补充 + 公积金商业贷,重性价比，不盲信大牌，但要求物业管理有序、绿化修剪及时、人防技防规范。,每年11月至次年3月到此度过漫长冬季，极其依赖周边的康养及适老化服务。
三_2011_00763,三亚,2011,度假投资,53,男,2.3,22.9,0.4,43.0,4,0,是,A,research,1.0,0.29,0.9,0.68,0.5,0.4,0,0,0.63,投资-短期,两室一厅,82,2640,知名中医药连锁投资人,成熟期核心家庭,陆家嘴核心区江景大平层,当前房屋属于旧多层无电梯房，父母年纪渐高每天爬楼梯极为吃力。,要求有超大面宽南向双阳台（观景家政分离），主卧大飘窗能270度直面自然景观。,无需日常通勤，但要求30分钟内快捷通达凤凰机场或高铁站。,周末常去高端商圈消费，热衷打网球和马术，重度手冲咖啡及黑胶唱片发烧友。,名下已有企业股权套现或分红现金，一次性全款付清，基本不加杠杆,重性价比，不盲信大牌，但要求物业管理有序、绿化修剪及时、人防技防规范。,每年11月至次年3月到此度过漫长冬季，极其依赖周边的康养及适老化服务。
三_2011_00764,三亚,2011,度假投资,55,男,7.4,80.4,0.4,150.8,3,1,否,A,research,0.8,0.46,0.82,0.41,0.61,0.57,0.04,0,0.79,度假,三室一厅,115,9835,高端海景资产收藏家,三口之家(学龄段),西湖边高精平层,无高端私密会所及管家式物业配套，圈层鱼龙混杂，高净值居住体验差。,要求有超大面宽南向双阳台（观景家政分离），主卧大飘窗能270度直面自然景观。,无需日常通勤，但要求30分钟内快捷通达凤凰机场或高铁站。,周末常去高端商圈消费，热衷打网球和马术，重度手冲咖啡及黑胶唱片发烧友。,名下已有企业股权套现或分红现金，一次性全款付清，基本不加杠杆,非仁恒、绿城、万科等金牌开发商不买，极度看重高端精装质量与顶级物业的增值口碑。,每年11月至次年3月到此度过漫长冬季，极其依赖周边的康养及适老化服务。
三_2011_00765,三亚,2011,本地改善,34,女,1.9,11.5,0.35,24.7,5,1,否,B,agent,1,0.49,0.63,0.42,0.28,0.8,0.49,0.54,0.43,自住-改善,两室两厅,79,1973,国企中层管理,三口之家(幼龄段),三亚中环品质两居，车位及空间极其拥挤,小区无地下车库且人车不分流，小孩在楼下玩耍或者推婴儿车极为不安全。,讲究超高得房率（超85%），主卧套房必须配备独立步入式衣帽间与干湿分离双卫。,无需日常通勤，但要求30分钟内快捷通达凤凰机场或高铁站。,崇尚度假慢生活，清晨沙滩漫步，午后椰林下午茶，酷爱轻户外及后海冲浪。,名下持有一套旧两居，置换回款 65% + 个人理财储蓄补充 + 公积金商业贷,重性价比，不盲信大牌，但要求物业管理有序、绿化修剪及时、人防技防规范。,本地常住人口，四季生活规律，度假频次为常规年假出行。
三_2011_00766,三亚,2011,本地改善,30,男,1.3,8.1,0.35,17.3,4,1,否,B,agent,0.78,0.53,0.68,0.43,0.45,0.67,0.47,0.7,0.41,自住-改善,两室两厅,56,2655,区级税务局一级主办,三口之家(幼龄段),三亚中环品质两居，车位及空间极其拥挤,小区无地下车库且人车不分流，小孩在楼下玩耍或者推婴儿车极为不安全。,核心要求地块属于第一梯队名校学区，且周边500米内解决幼小衔接教育配套。,无需日常通勤，但要求30分钟内快捷通达凤凰机场或高铁站。,崇尚度假慢生活，清晨沙滩漫步，午后椰林下午茶，酷爱轻户外及后海冲浪。,名下持有一套旧两居，置换回款 65% + 个人理财储蓄补充 + 公积金商业贷,重性价比，不盲信大牌，但要求物业管理有序、绿化修剪及时、人防技防规范。,本地常住人口，四季生活规律，度假频次为常规年假出行。
三_2011_00767,三亚,2011,本地改善,50,女,2.2,11.9,0.35,25.4,3,1,否,B,agent,0.6,0.59,0.56,0.32,0.33,0.9,0.49,0.78,0.4,自住-改善,两室一厅,81,1978,智能新能源车企研发骨干,三口之家(学龄段),三亚中环品质两居，车位及空间极其拥挤,小区无地下车库且人车不分流，小孩在楼下玩耍或者推婴儿车极为不安全。,讲究超高得房率（超85%），主卧套房必须配备独立步入式衣帽间与干湿分离双卫。,无需日常通勤，但要求30分钟内快捷通达凤凰机场或高铁站。,崇尚度假慢生活，清晨沙滩漫步，午后椰林下午茶，酷爱轻户外及后海冲浪。,名下持有一套旧两居，置换回款 65% + 个人理财储蓄补充 + 公积金商业贷,重性价比，不盲信大牌，但要求物业管理有序、绿化修剪及时、人防技防规范。,本地常住人口，四季生活规律，度假频次为常规年假出行。
三_2011_00768,三亚,2011,外地候鸟-华北,60,女,5.5,34.9,0.5,52.4,2,1,否,B,network,0.48,0.44,0.89,0.74,0.54,0.43,0,0,0.57,养老,两室一厅,84,3346,北京三甲医院退休教授,三口之家(学龄段),三亚中环品质两居，车位及空间极其拥挤,小区无地下车库且人车不分流，小孩在楼下玩耍或者推婴儿车极为不安全。,要求独立电梯入户，主次卧动线分明，配备独立保姆房和私密后院。,无需日常通勤，但要求30分钟内快捷通达凤凰机场或高铁站。,崇尚度假慢生活，清晨沙滩漫步，午后椰林下午茶，酷爱轻户外及后海冲浪。,名下持有一套旧两居，置换回款 65% + 个人理财储蓄补充 + 公积金商业贷,重性价比，不盲信大牌，但要求物业管理有序、绿化修剪及时、人防技防规范。,每年11月至次年3月到此度过漫长冬季，极其依赖周边的康养及适老化服务。
三_2011_00769,三亚,2011,度假投资,40,男,6.5,56.4,0.4,105.8,2,2,否,A,research,0.73,0.44,0.83,0.46,0.51,0.44,0,0.03,0.78,度假,两室两厅,50,13118,上市公司退休联合创始人,二胎黄金期中大户型,西湖边高精平层,无高端私密会所及管家式物业配套，圈层鱼龙混杂，高净值居住体验差。,要求有超大面宽南向双阳台（观景家政分离），主卧大飘窗能270度直面自然景观。,无需日常通勤，但要求30分钟内快捷通达凤凰机场或高铁站。,周末常去高端商圈消费，热衷打网球和马术，重度手冲咖啡及黑胶唱片发烧友。,名下已有企业股权套现或分红现金，一次性全款付清，基本不加杠杆,非仁恒、绿城、万科等金牌开发商不买，极度看重高端精装质量与顶级物业的增值口碑。,每年11月至次年3月到此度过漫长冬季，极其依赖周边的康养及适老化服务。
三_2011_00770,三亚,2011,本地改善,42,男,2.9,17.9,0.35,38.3,4,1,是,B,agent,0.56,0.71,0.48,0.18,0.42,0.66,0.43,0.73,0.43,自住-改善,两室一厅,82,2789,三甲医院主治医师,三口之家(学龄段),三亚中环品质两居，车位及空间极其拥挤,小区无地下车库且人车不分流，小孩在楼下玩耍或者推婴儿车极为不安全。,核心要求地块属于第一梯队名校学区，且周边500米内解决幼小衔接教育配套。,无需日常通勤，但要求30分钟内快捷通达凤凰机场或高铁站。,崇尚度假慢生活，清晨沙滩漫步，午后椰林下午茶，酷爱轻户外及后海冲浪。,名下持有一套旧两居，置换回款 65% + 个人理财储蓄补充 + 公积金商业贷,重性价比，不盲信大牌，但要求物业管理有序、绿化修剪及时、人防技防规范。,本地常住人口，四季生活规律，度假频次为常规年假出行。
三_2011_00771,三亚,2011,本地改善,43,女,3.6,21.9,0.35,47.0,5,0,否,B,agent,0.83,0.69,0.64,0.5,0.29,0.76,0.65,0.74,0.52,自住-改善,一室一厅,76,5084,智能新能源车企研发骨干,成熟期核心家庭,三亚中环品质两居，车位及空间极其拥挤,老小区隔音差，邻里滋扰严重，且车位严重匮乏，每晚加班回来抢车位像打仗。,讲究超高得房率（超85%），主卧套房必须配备独立步入式衣帽间与干湿分离双卫。,无需日常通勤，但要求30分钟内快捷通达凤凰机场或高铁站。,崇尚度假慢生活，清晨沙滩漫步，午后椰林下午茶，酷爱轻户外及后海冲浪。,名下持有一套旧两居，置换回款 65% + 个人理财储蓄补充 + 公积金商业贷,重性价比，不盲信大牌，但要求物业管理有序、绿化修剪及时、人防技防规范。,本地常住人口，四季生活规律，度假频次为常规年假出行。
三_2011_00772,三亚,2011,本地改善,41,女,2.3,15.8,0.35,33.8,4,1,否,B,agent,0.91,0.47,0.6,0.5,0.41,0.72,0.42,0.74,0.43,自住-改善,一室一厅,60,3372,国企中层管理,三口之家(学龄段),三亚中环品质两居，车位及空间极其拥挤,小区无地下车库且人车不分流，小孩在楼下玩耍或者推婴儿车极为不安全。,讲究超高得房率（超85%），主卧套房必须配备独立步入式衣帽间与干湿分离双卫。,无需日常通勤，但要求30分钟内快捷通达凤凰机场或高铁站。,崇尚度假慢生活，清晨沙滩漫步，午后椰林下午茶，酷爱轻户外及后海冲浪。,名下持有一套旧两居，置换回款 65% + 个人理财储蓄补充 + 公积金商业贷,重性价比，不盲信大牌，但要求物业管理有序、绿化修剪及时、人防技防规范。,本地常住人口，四季生活规律，度假频次为常规年假出行。
三_2011_00773,三亚,2011,本地改善,43,女,2.1,15.3,0.35,32.8,3,1,是,B,agent,0.75,0.45,0.55,0.38,0.27,0.68,0.42,0.85,0.5,自住-改善,两室一厅,70,3677,国企中层管理,三口之家(学龄段),三亚中环品质两居，车位及空间极其拥挤,小区无地下车库且人车不分流，小孩在楼下玩耍或者推婴儿车极为不安全。,核心要求地块属于第一梯队名校学区，且周边500米内解决幼小衔接教育配套。,无需日常通勤，但要求30分钟内快捷通达凤凰机场或高铁站。,崇尚度假慢生活，清晨沙滩漫步，午后椰林下午茶，酷爱轻户外及后海冲浪。,名下持有一套旧两居，置换回款 65% + 个人理财储蓄补充 + 公积金商业贷,重性价比，不盲信大牌，但要求物业管理有序、绿化修剪及时、人防技防规范。,本地常住人口，四季生活规律，度假频次为常规年假出行。
三_2011_00774,三亚,2011,外地候鸟-东北,76,女,2.0,13.4,0.5,20.1,2,0,否,C,network,0.52,0.54,0.97,0.69,0.51,0.48,0.11,0,0.62,度假,两室一厅,94,1754,哈尔滨私营物流老板,高知退休康养,与父母同住，三代人拥挤在旧区小户型老房中,老小区隔音差，邻里滋扰严重，且车位严重匮乏，每晚加班回来抢车位像打仗。,要求有超大面宽南向双阳台（观景家政分离），主卧大飘窗能270度直面自然景观。,无需日常通勤，但要求30分钟内快捷通达凤凰机场或高铁站。,崇尚度假慢生活，清晨沙滩漫步，午后椰林下午茶，酷爱轻户外及后海冲浪。,名下持有一套旧两居，置换回款 65% + 个人理财储蓄补充 + 公积金商业贷,重性价比，不盲信大牌，但要求物业管理有序、绿化修剪及时、人防技防规范。,每年11月至次年3月到此度过漫长冬季，极其依赖周边的康养及适老化服务。
三_2011_00775,三亚,2011,度假投资,44,男,1.9,16.9,0.4,31.6,4,1,否,A,research,0.75,0.5,0.82,0.6,0.46,0.51,0.07,0.09,0.76,投资-短期,一室一厅,79,2146,知名中医药连锁投资人,三口之家(学龄段),西湖边高精平层,无高端私密会所及管家式物业配套，圈层鱼龙混杂，高净值居住体验差。,要求有超大面宽南向双阳台（观景家政分离），主卧大飘窗能270度直面自然景观。,无需日常通勤，但要求30分钟内快捷通达凤凰机场或高铁站。,周末常去高端商圈消费，热衷打网球和马术，重度手冲咖啡及黑胶唱片发烧友。,名下已有企业股权套现或分红现金，一次性全款付清，基本不加杠杆,非仁恒、绿城、万科等金牌开发商不买，极度看重高端精装质量与顶级物业的增值口碑。,每年11月至次年3月到此度过漫长冬季，极其依赖周边的康养及适老化服务。
三_2011_00776,三亚,2011,外地候鸟-华北,67,女,4.5,33.3,0.5,49.9,2,1,否,B,network,0.47,0.51,0.9,0.8,0.55,0.56,0.02,0.0,0.62,养老,两室一厅,67,5048,央企总部退休总工,三口之家(学龄段),三亚中环品质两居，车位及空间极其拥挤,小区无地下车库且人车不分流，小孩在楼下玩耍或者推婴儿车极为不安全。,要求独立电梯入户，主次卧动线分明，配备独立保姆房和私密后院。,无需日常通勤，但要求30分钟内快捷通达凤凰机场或高铁站。,崇尚度假慢生活，清晨沙滩漫步，午后椰林下午茶，酷爱轻户外及后海冲浪。,名下持有一套旧两居，置换回款 65% + 个人理财储蓄补充 + 公积金商业贷,重性价比，不盲信大牌，但要求物业管理有序、绿化修剪及时、人防技防规范。,每年11月至次年3月到此度过漫长冬季，极其依赖周边的康养及适老化服务。
三_2011_00777,三亚,2011,度假投资,41,男,5.6,46.4,0.4,86.9,3,1,是,A,research,0.62,0.48,0.89,0.68,0.56,0.44,0,0.19,0.75,投资-长持,两室两厅,97,4794,知名中医药连锁投资人,三口之家(学龄段),西湖边高精平层,当前房屋属于旧多层无电梯房，父母年纪渐高每天爬楼梯极为吃力。,要求有超大面宽南向双阳台（观景家政分离），主卧大飘窗能270度直面自然景观。,无需日常通勤，但要求30分钟内快捷通达凤凰机场或高铁站。,周末常去高端商圈消费，热衷打网球和马术，重度手冲咖啡及黑胶唱片发烧友。,名下已有企业股权套现或分红现金，一次性全款付清，基本不加杠杆,非仁恒、绿城、万科等金牌开发商不买，极度看重高端精装质量与顶级物业的增值口碑。,每年11月至次年3月到此度过漫长冬季，极其依赖周边的康养及适老化服务。
三_2011_00778,三亚,2011,外地候鸟-华北,66,女,4.6,45.0,0.5,67.5,2,0,否,B,network,0.53,0.47,0.92,0.64,0.67,0.47,0.02,0,0.58,度假,两室两厅,60,8833,高校资深硕导,高知退休康养,三亚中环品质两居，车位及空间极其拥挤,老小区隔音差，邻里滋扰严重，且车位严重匮乏，每晚加班回来抢车位像打仗。,要求有超大面宽南向双阳台（观景家政分离），主卧大飘窗能270度直面自然景观。,无需日常通勤，但要求30分钟内快捷通达凤凰机场或高铁站。,崇尚度假慢生活，清晨沙滩漫步，午后椰林下午茶，酷爱轻户外及后海冲浪。,名下持有一套旧两居，置换回款 65% + 个人理财储蓄补充 + 公积金商业贷,重性价比，不盲信大牌，但要求物业管理有序、绿化修剪及时、人防技防规范。,每年11月至次年3月到此度过漫长冬季，极其依赖周边的康养及适老化服务。
三_2011_00779,三亚,2011,外地候鸟-西北,69,女,7.8,68.3,0.5,102.5,3,1,否,C,network,0.59,0.53,0.87,0.65,0.57,0.57,0.11,0,0.48,养老,一室一厅,68,13555,兰州煤炭物流运输企业主,三口之家(学龄段),与父母同住，三代人拥挤在旧区小户型老房中,小区无地下车库且人车不分流，小孩在楼下玩耍或者推婴儿车极为不安全。,要求有超大面宽南向双阳台（观景家政分离），主卧大飘窗能270度直面自然景观。,无需日常通勤，但要求30分钟内快捷通达凤凰机场或高铁站。,崇尚度假慢生活，清晨沙滩漫步，午后椰林下午茶，酷爱轻户外及后海冲浪。,名下持有一套旧两居，置换回款 65% + 个人理财储蓄补充 + 公积金商业贷,重性价比，不盲信大牌，但要求物业管理有序、绿化修剪及时、人防技防规范。,每年11月至次年3月到此度过漫长冬季，极其依赖周边的康养及适老化服务。
三_2011_00780,三亚,2011,高净值康养,60,女,15.7,187.2,0.6,234.0,2,0,否,A,network,0.52,0.3,0.91,0.92,0.79,0.53,0.01,0.03,1,养老,三室两厅,127,16331,知名中医药连锁投资人,高知退休康养,陆家嘴核心区江景大平层,无高端私密会所及管家式物业配套，圈层鱼龙混杂，高净值居住体验差。,要求独立电梯入户，主次卧动线分明，配备独立保姆房和私密后院。,无需日常通勤，但要求30分钟内快捷通达凤凰机场或高铁站。,周末常去高端商圈消费，热衷打网球和马术，重度手冲咖啡及黑胶唱片发烧友。,名下已有企业股权套现或分红现金，一次性全款付清，基本不加杠杆,非仁恒、绿城、万科等金牌开发商不买，极度看重高端精装质量与顶级物业的增值口碑。,本地常住人口，四季生活规律，度假频次为常规年假出行。
三_2011_00781,三亚,2011,本地改善,33,女,2.8,14.7,0.35,31.4,3,1,否,B,agent,0.81,0.61,0.57,0.47,0.41,0.73,0.44,0.59,0.42,自住-改善,两室一厅,56,4919,国企中层管理,三口之家(幼龄段),三亚中环品质两居，车位及空间极其拥挤,小区无地下车库且人车不分流，小孩在楼下玩耍或者推婴儿车极为不安全。,讲究超高得房率（超85%），主卧套房必须配备独立步入式衣帽间与干湿分离双卫。,无需日常通勤，但要求30分钟内快捷通达凤凰机场或高铁站。,崇尚度假慢生活，清晨沙滩漫步，午后椰林下午茶，酷爱轻户外及后海冲浪。,名下持有一套旧两居，置换回款 65% + 个人理财储蓄补充 + 公积金商业贷,重性价比，不盲信大牌，但要求物业管理有序、绿化修剪及时、人防技防规范。,本地常住人口，四季生活规律，度假频次为常规年假出行。
三_2011_00782,三亚,2011,外地候鸟-华北,75,女,3.5,35.6,0.5,53.5,2,0,否,B,network,0.62,0.53,0.92,0.78,0.65,0.53,0.09,0,0.6,养老,两室一厅,79,3420,北京三甲医院退休教授,高知退休康养,三亚中环品质两居，车位及空间极其拥挤,老小区隔音差，邻里滋扰严重，且车位严重匮乏，每晚加班回来抢车位像打仗。,要求独立电梯入户，主次卧动线分明，配备独立保姆房和私密后院。,无需日常通勤，但要求30分钟内快捷通达凤凰机场或高铁站。,崇尚度假慢生活，清晨沙滩漫步，午后椰林下午茶，酷爱轻户外及后海冲浪。,名下持有一套旧两居，置换回款 65% + 个人理财储蓄补充 + 公积金商业贷,重性价比，不盲信大牌，但要求物业管理有序、绿化修剪及时、人防技防规范。,每年11月至次年3月到此度过漫长冬季，极其依赖周边的康养及适老化服务。
三_2011_00783,三亚,2011,本地改善,34,男,2.9,15.8,0.35,33.9,3,1,是,B,agent,0.92,0.5,0.51,0.47,0.43,0.82,0.58,0.56,0.27,自住-改善,两室两厅,81,2109,重点中学高级教师,三口之家(幼龄段),三亚中环品质两居，车位及空间极其拥挤,小区无地下车库且人车不分流，小孩在楼下玩耍或者推婴儿车极为不安全。,讲究超高得房率（超85%），主卧套房必须配备独立步入式衣帽间与干湿分离双卫。,无需日常通勤，但要求30分钟内快捷通达凤凰机场或高铁站。,崇尚度假慢生活，清晨沙滩漫步，午后椰林下午茶，酷爱轻户外及后海冲浪。,名下持有一套旧两居，置换回款 65% + 个人理财储蓄补充 + 公积金商业贷,重性价比，不盲信大牌，但要求物业管理有序、绿化修剪及时、人防技防规范。,本地常住人口，四季生活规律，度假频次为常规年假出行。
三_2011_00784,三亚,2011,外地候鸟-东北,73,女,1.7,9.1,0.5,13.6,2,0,否,C,network,0.28,0.53,0.92,0.65,0.54,0.38,0.06,0,0.41,养老,两室一厅,71,1230,哈尔滨私营物流老板,高知退休康养,与父母同住，三代人拥挤在旧区小户型老房中,老小区隔音差，邻里滋扰严重，且车位严重匮乏，每晚加班回来抢车位像打仗。,要求有超大面宽南向双阳台（观景家政分离），主卧大飘窗能270度直面自然景观。,无需日常通勤，但要求30分钟内快捷通达凤凰机场或高铁站。,崇尚度假慢生活，清晨沙滩漫步，午后椰林下午茶，酷爱轻户外及后海冲浪。,名下持有一套旧两居，置换回款 65% + 个人理财储蓄补充 + 公积金商业贷,重性价比，不盲信大牌，但要求物业管理有序、绿化修剪及时、人防技防规范。,每年11月至次年3月到此度过漫长冬季，极其依赖周边的康养及适老化服务。
三_2011_00785,三亚,2011,度假投资,53,男,3.3,41.7,0.4,78.1,3,1,否,A,research,0.69,0.36,0.77,0.61,0.52,0.44,0,0.03,0.63,投资-长持,两室一厅,71,5639,知名中医药连锁投资人,三口之家(学龄段),陆家嘴核心区江景大平层,无高端私密会所及管家式物业配套，圈层鱼龙混杂，高净值居住体验差。,要求有超大面宽南向双阳台（观景家政分离），主卧大飘窗能270度直面自然景观。,无需日常通勤，但要求30分钟内快捷通达凤凰机场或高铁站。,周末常去高端商圈消费，热衷打网球和马术，重度手冲咖啡及黑胶唱片发烧友。,名下已有企业股权套现或分红现金，一次性全款付清，基本不加杠杆,重性价比，不盲信大牌，但要求物业管理有序、绿化修剪及时、人防技防规范。,每年11月至次年3月到此度过漫长冬季，极其依赖周边的康养及适老化服务。
三_2011_00786,三亚,2011,度假投资,50,女,7.7,90.0,0.4,168.7,3,1,否,A,research,0.55,0.43,0.81,0.61,0.56,0.42,0,0,0.78,投资-长持,三室一厅,91,15179,上市公司退休联合创始人,三口之家(学龄段),市中心私密洋房住宅,无高端私密会所及管家式物业配套，圈层鱼龙混杂，高净值居住体验差。,要求有超大面宽南向双阳台（观景家政分离），主卧大飘窗能270度直面自然景观。,无需日常通勤，但要求30分钟内快捷通达凤凰机场或高铁站。,周末常去高端商圈消费，热衷打网球和马术，重度手冲咖啡及黑胶唱片发烧友。,名下已有企业股权套现或分红现金，一次性全款付清，基本不加杠杆,非仁恒、绿城、万科等金牌开发商不买，极度看重高端精装质量与顶级物业的增值口碑。,每年11月至次年3月到此度过漫长冬季，极其依赖周边的康养及适老化服务。
三_2011_00787,三亚,2011,外地候鸟-华北,59,男,3.2,23.6,0.5,35.4,2,0,否,B,network,0.5,0.44,0.94,0.8,0.51,0.5,0.01,0.08,0.56,度假,两室一厅,58,4474,高校资深硕导,高知退休康养,三亚中环品质两居，车位及空间极其拥挤,老小区隔音差，邻里滋扰严重，且车位严重匮乏，每晚加班回来抢车位像打仗。,要求独立电梯入户，主次卧动线分明，配备独立保姆房和私密后院。,无需日常通勤，但要求30分钟内快捷通达凤凰机场或高铁站。,崇尚度假慢生活，清晨沙滩漫步，午后椰林下午茶，酷爱轻户外及后海冲浪。,名下持有一套旧两居，置换回款 65% + 个人理财储蓄补充 + 公积金商业贷,重性价比，不盲信大牌，但要求物业管理有序、绿化修剪及时、人防技防规范。,每年11月至次年3月到此度过漫长冬季，极其依赖周边的康养及适老化服务。
三_2011_00788,三亚,2011,本地改善,40,男,2.4,14.0,0.35,29.9,5,0,是,B,agent,0.66,0.54,0.66,0.52,0.36,0.75,0.47,0.76,0.44,自住-改善,两室两厅,94,1941,三甲医院主治医师,成熟期核心家庭,三亚中环品质两居，车位及空间极其拥挤,当前房屋属于旧多层无电梯房，父母年纪渐高每天爬楼梯极为吃力。,讲究超高得房率（超85%），主卧套房必须配备独立步入式衣帽间与干湿分离双卫。,无需日常通勤，但要求30分钟内快捷通达凤凰机场或高铁站。,崇尚度假慢生活，清晨沙滩漫步，午后椰林下午茶，酷爱轻户外及后海冲浪。,名下持有一套旧两居，置换回款 65% + 个人理财储蓄补充 + 公积金商业贷,重性价比，不盲信大牌，但要求物业管理有序、绿化修剪及时、人防技防规范。,本地常住人口，四季生活规律，度假频次为常规年假出行。
三_2011_00789,三亚,2011,本地改善,43,男,1.4,7.1,0.35,15.1,4,1,否,B,agent,0.81,0.71,0.6,0.38,0.42,0.9,0.5,0.68,0.5,自住-改善,两室两厅,54,1706,重点中学高级教师,三口之家(学龄段),三亚中环品质两居，车位及空间极其拥挤,小区无地下车库且人车不分流，小孩在楼下玩耍或者推婴儿车极为不安全。,讲究超高得房率（超85%），主卧套房必须配备独立步入式衣帽间与干湿分离双卫。,无需日常通勤，但要求30分钟内快捷通达凤凰机场或高铁站。,崇尚度假慢生活，清晨沙滩漫步，午后椰林下午茶，酷爱轻户外及后海冲浪。,名下持有一套旧两居，置换回款 65% + 个人理财储蓄补充 + 公积金商业贷,重性价比，不盲信大牌，但要求物业管理有序、绿化修剪及时、人防技防规范。,本地常住人口，四季生活规律，度假频次为常规年假出行。
三_2011_00790,三亚,2011,外地候鸟-华北,68,女,2.3,23.3,0.5,35.0,2,0,是,B,network,0.27,0.41,0.92,0.68,0.61,0.47,0.15,0,0.53,度假,一室一厅,92,1989,央企总部退休总工,高知退休康养,三亚中环品质两居，车位及空间极其拥挤,当前房屋属于旧多层无电梯房，父母年纪渐高每天爬楼梯极为吃力。,要求有超大面宽南向双阳台（观景家政分离），主卧大飘窗能270度直面自然景观。,无需日常通勤，但要求30分钟内快捷通达凤凰机场或高铁站。,崇尚度假慢生活，清晨沙滩漫步，午后椰林下午茶，酷爱轻户外及后海冲浪。,名下持有一套旧两居，置换回款 65% + 个人理财储蓄补充 + 公积金商业贷,重性价比，不盲信大牌，但要求物业管理有序、绿化修剪及时、人防技防规范。,每年11月至次年3月到此度过漫长冬季，极其依赖周边的康养及适老化服务。
三_2011_00791,三亚,2011,度假投资,40,女,8.6,63.2,0.4,118.5,3,0,否,A,research,0.76,0.4,0.74,0.71,0.46,0.38,0,0.07,0.72,投资-长持,一室一厅,60,10754,知名中医药连锁投资人,成熟期核心家庭,西湖边高精平层,无高端私密会所及管家式物业配套，圈层鱼龙混杂，高净值居住体验差。,要求独立电梯入户，主次卧动线分明，配备独立保姆房和私密后院。,无需日常通勤，但要求30分钟内快捷通达凤凰机场或高铁站。,周末常去高端商圈消费，热衷打网球和马术，重度手冲咖啡及黑胶唱片发烧友。,名下已有企业股权套现或分红现金，一次性全款付清，基本不加杠杆,非仁恒、绿城、万科等金牌开发商不买，极度看重高端精装质量与顶级物业的增值口碑。,每年11月至次年3月到此度过漫长冬季，极其依赖周边的康养及适老化服务。
三_2011_00792,三亚,2011,外地候鸟-华北,58,女,2.8,21.8,0.5,32.7,2,0,否,B,network,0.18,0.5,1,0.76,0.54,0.52,0.07,0.05,0.46,养老,一室一厅,62,4125,北京三甲医院退休教授,高知退休康养,三亚中环品质两居，车位及空间极其拥挤,老小区隔音差，邻里滋扰严重，且车位严重匮乏，每晚加班回来抢车位像打仗。,要求独立电梯入户，主次卧动线分明，配备独立保姆房和私密后院。,无需日常通勤，但要求30分钟内快捷通达凤凰机场或高铁站。,崇尚度假慢生活，清晨沙滩漫步，午后椰林下午茶，酷爱轻户外及后海冲浪。,名下持有一套旧两居，置换回款 65% + 个人理财储蓄补充 + 公积金商业贷,重性价比，不盲信大牌，但要求物业管理有序、绿化修剪及时、人防技防规范。,每年11月至次年3月到此度过漫长冬季，极其依赖周边的康养及适老化服务。
三_2011_00793,三亚,2011,本地改善,32,女,2.1,9.7,0.35,20.8,4,2,否,B,agent,0.66,0.73,0.57,0.59,0.45,0.85,0.44,0.65,0.48,自住-改善,两室两厅,80,2124,重点中学高级教师,二胎黄金期中大户型,三亚中环品质两居，车位及空间极其拥挤,小区无地下车库且人车不分流，小孩在楼下玩耍或者推婴儿车极为不安全。,讲究超高得房率（超85%），主卧套房必须配备独立步入式衣帽间与干湿分离双卫。,无需日常通勤，但要求30分钟内快捷通达凤凰机场或高铁站。,崇尚度假慢生活，清晨沙滩漫步，午后椰林下午茶，酷爱轻户外及后海冲浪。,名下持有一套旧两居，置换回款 65% + 个人理财储蓄补充 + 公积金商业贷,重性价比，不盲信大牌，但要求物业管理有序、绿化修剪及时、人防技防规范。,本地常住人口，四季生活规律，度假频次为常规年假出行。
三_2011_00794,三亚,2011,外地候鸟-西北,63,男,1.8,18.9,0.5,28.4,2,0,是,C,network,0,0.58,1,0.71,0.49,0.42,0,0.04,0.55,度假,两室一厅,61,3715,兰州煤炭物流运输企业主,高知退休康养,与父母同住，三代人拥挤在旧区小户型老房中,当前房屋属于旧多层无电梯房，父母年纪渐高每天爬楼梯极为吃力。,要求独立电梯入户，主次卧动线分明，配备独立保姆房和私密后院。,无需日常通勤，但要求30分钟内快捷通达凤凰机场或高铁站。,崇尚度假慢生活，清晨沙滩漫步，午后椰林下午茶，酷爱轻户外及后海冲浪。,名下持有一套旧两居，置换回款 65% + 个人理财储蓄补充 + 公积金商业贷,重性价比，不盲信大牌，但要求物业管理有序、绿化修剪及时、人防技防规范。,每年11月至次年3月到此度过漫长冬季，极其依赖周边的康养及适老化服务。
三_2011_00795,三亚,2011,度假投资,40,男,10.4,95.9,0.4,179.9,4,1,否,A,research,0.91,0.41,0.95,0.59,0.52,0.45,0,0,0.82,投资-长持,三室一厅,126,10525,上市公司退休联合创始人,三口之家(学龄段),西湖边高精平层,无高端私密会所及管家式物业配套，圈层鱼龙混杂，高净值居住体验差。,要求有超大面宽南向双阳台（观景家政分离），主卧大飘窗能270度直面自然景观。,无需日常通勤，但要求30分钟内快捷通达凤凰机场或高铁站。,周末常去高端商圈消费，热衷打网球和马术，重度手冲咖啡及黑胶唱片发烧友。,名下已有企业股权套现或分红现金，一次性全款付清，基本不加杠杆,非仁恒、绿城、万科等金牌开发商不买，极度看重高端精装质量与顶级物业的增值口碑。,每年11月至次年3月到此度过漫长冬季，极其依赖周边的康养及适老化服务。
三_2011_00796,三亚,2011,外地候鸟-西北,60,女,4.3,34.1,0.5,51.2,2,0,否,C,network,0.34,0.67,0.97,0.53,0.45,0.49,0.12,0.13,0.56,养老,两室两厅,51,8557,兰州煤炭物流运输企业主,高知退休康养,与父母同住，三代人拥挤在旧区小户型老房中,老小区隔音差，邻里滋扰严重，且车位严重匮乏，每晚加班回来抢车位像打仗。,要求有超大面宽南向双阳台（观景家政分离），主卧大飘窗能270度直面自然景观。,无需日常通勤，但要求30分钟内快捷通达凤凰机场或高铁站。,崇尚度假慢生活，清晨沙滩漫步，午后椰林下午茶，酷爱轻户外及后海冲浪。,名下持有一套旧两居，置换回款 65% + 个人理财储蓄补充 + 公积金商业贷,重性价比，不盲信大牌，但要求物业管理有序、绿化修剪及时、人防技防规范。,每年11月至次年3月到此度过漫长冬季，极其依赖周边的康养及适老化服务。
三_2011_00797,三亚,2011,度假投资,51,女,8.0,64.7,0.4,121.3,3,1,否,A,research,0.99,0.39,0.76,0.5,0.45,0.4,0.05,0.09,0.82,投资-短期,两室一厅,97,7039,知名中医药连锁投资人,三口之家(学龄段),市中心私密洋房住宅,无高端私密会所及管家式物业配套，圈层鱼龙混杂，高净值居住体验差。,要求有超大面宽南向双阳台（观景家政分离），主卧大飘窗能270度直面自然景观。,无需日常通勤，但要求30分钟内快捷通达凤凰机场或高铁站。,周末常去高端商圈消费，热衷打网球和马术，重度手冲咖啡及黑胶唱片发烧友。,名下已有企业股权套现或分红现金，一次性全款付清，基本不加杠杆,非仁恒、绿城、万科等金牌开发商不买，极度看重高端精装质量与顶级物业的增值口碑。,每年11月至次年3月到此度过漫长冬季，极其依赖周边的康养及适老化服务。
三_2011_00798,三亚,2011,度假投资,55,男,11.6,102.7,0.4,192.7,3,1,否,A,research,1.0,0.47,0.77,0.69,0.48,0.35,0.02,0,0.62,投资-长持,三室一厅,147,10821,知名中医药连锁投资人,三口之家(学龄段),陆家嘴核心区江景大平层,无高端私密会所及管家式物业配套，圈层鱼龙混杂，高净值居住体验差。,要求有超大面宽南向双阳台（观景家政分离），主卧大飘窗能270度直面自然景观。,无需日常通勤，但要求30分钟内快捷通达凤凰机场或高铁站。,周末常去高端商圈消费，热衷打网球和马术，重度手冲咖啡及黑胶唱片发烧友。,名下已有企业股权套现或分红现金，一次性全款付清，基本不加杠杆,重性价比，不盲信大牌，但要求物业管理有序、绿化修剪及时、人防技防规范。,每年11月至次年3月到此度过漫长冬季，极其依赖周边的康养及适老化服务。
三_2011_00799,三亚,2011,本地改善,33,男,1.6,11.2,0.35,24.0,4,0,是,B,agent,0.49,0.53,0.57,0.7,0.44,0.71,0.6,0.66,0.52,自住-改善,两室两厅,100,1319,区级税务局一级主办,新婚过渡两居,三亚中环品质两居，车位及空间极其拥挤,当前房屋属于旧多层无电梯房，父母年纪渐高每天爬楼梯极为吃力。,讲究超高得房率（超85%），主卧套房必须配备独立步入式衣帽间与干湿分离双卫。,无需日常通勤，但要求30分钟内快捷通达凤凰机场或高铁站。,崇尚度假慢生活，清晨沙滩漫步，午后椰林下午茶，酷爱轻户外及后海冲浪。,名下持有一套旧两居，置换回款 65% + 个人理财储蓄补充 + 公积金商业贷,重性价比，不盲信大牌，但要求物业管理有序、绿化修剪及时、人防技防规范。,本地常住人口，四季生活规律，度假频次为常规年假出行。
三_2011_00800,三亚,2011,高净值康养,53,女,28.7,252.1,0.6,315.2,2,0,是,A,network,0.61,0.3,0.9,0.94,0.88,0.53,0.02,0.15,0.93,养老,三室两厅,156,12746,高端海景资产收藏家,成熟期核心家庭,市中心私密洋房住宅,当前房屋属于旧多层无电梯房，父母年纪渐高每天爬楼梯极为吃力。,要求独立电梯入户，主次卧动线分明，配备独立保姆房和私密后院。,无需日常通勤，但要求30分钟内快捷通达凤凰机场或高铁站。,周末常去高端商圈消费，热衷打网球和马术，重度手冲咖啡及黑胶唱片发烧友。,名下已有企业股权套现或分红现金，一次性全款付清，基本不加杠杆,非仁恒、绿城、万科等金牌开发商不买，极度看重高端精装质量与顶级物业的增值口碑。,本地常住人口，四季生活规律，度假频次为常规年假出行。
三_2011_00801,三亚,2011,度假投资,39,男,6.7,49.5,0.4,92.9,3,2,否,A,research,0.71,0.44,0.85,0.52,0.4,0.41,0,0,0.73,投资-短期,两室一厅,62,11769,高端海景资产收藏家,二胎黄金期中大户型,陆家嘴核心区江景大平层,无高端私密会所及管家式物业配套，圈层鱼龙混杂，高净值居住体验差。,要求有超大面宽南向双阳台（观景家政分离），主卧大飘窗能270度直面自然景观。,无需日常通勤，但要求30分钟内快捷通达凤凰机场或高铁站。,周末常去高端商圈消费，热衷打网球和马术，重度手冲咖啡及黑胶唱片发烧友。,名下已有企业股权套现或分红现金，一次性全款付清，基本不加杠杆,非仁恒、绿城、万科等金牌开发商不买，极度看重高端精装质量与顶级物业的增值口碑。,每年11月至次年3月到此度过漫长冬季，极其依赖周边的康养及适老化服务。
三_2011_00802,三亚,2011,外地候鸟-东北,66,女,3.8,25.3,0.5,37.9,2,0,否,C,network,0.32,0.53,0.85,0.75,0.41,0.46,0,0.03,0.44,养老,两室两厅,70,3578,哈尔滨私营物流老板,高知退休康养,与父母同住，三代人拥挤在旧区小户型老房中,老小区隔音差，邻里滋扰严重，且车位严重匮乏，每晚加班回来抢车位像打仗。,要求独立电梯入户，主次卧动线分明，配备独立保姆房和私密后院。,无需日常通勤，但要求30分钟内快捷通达凤凰机场或高铁站。,崇尚度假慢生活，清晨沙滩漫步，午后椰林下午茶，酷爱轻户外及后海冲浪。,名下持有一套旧两居，置换回款 65% + 个人理财储蓄补充 + 公积金商业贷,重性价比，不盲信大牌，但要求物业管理有序、绿化修剪及时、人防技防规范。,每年11月至次年3月到此度过漫长冬季，极其依赖周边的康养及适老化服务。
三_2011_00803,三亚,2011,外地候鸟-东北,59,女,1.4,12.1,0.5,18.2,2,0,否,C,network,0.24,0.57,0.91,0.79,0.55,0.53,0.03,0,0.57,度假,一室一厅,63,2489,沈阳大型重工企业退休副厂长,高知退休康养,与父母同住，三代人拥挤在旧区小户型老房中,老小区隔音差，邻里滋扰严重，且车位严重匮乏，每晚加班回来抢车位像打仗。,要求独立电梯入户，主次卧动线分明，配备独立保姆房和私密后院。,无需日常通勤，但要求30分钟内快捷通达凤凰机场或高铁站。,崇尚度假慢生活，清晨沙滩漫步，午后椰林下午茶，酷爱轻户外及后海冲浪。,名下持有一套旧两居，置换回款 65% + 个人理财储蓄补充 + 公积金商业贷,重性价比，不盲信大牌，但要求物业管理有序、绿化修剪及时、人防技防规范。,每年11月至次年3月到此度过漫长冬季，极其依赖周边的康养及适老化服务。
三_2011_00804,三亚,2011,本地改善,36,男,2.7,12.3,0.35,26.3,4,1,是,B,agent,0.76,0.5,0.47,0.43,0.33,0.67,0.68,0.48,0.47,自住-改善,一室一厅,72,3107,重点中学高级教师,三口之家(幼龄段),三亚中环品质两居，车位及空间极其拥挤,小区无地下车库且人车不分流，小孩在楼下玩耍或者推婴儿车极为不安全。,要求采光通透，全明户型，带多功能嵌入式收纳墙以最大化空间利用。,无需日常通勤，但要求30分钟内快捷通达凤凰机场或高铁站。,崇尚度假慢生活，清晨沙滩漫步，午后椰林下午茶，酷爱轻户外及后海冲浪。,名下持有一套旧两居，置换回款 65% + 个人理财储蓄补充 + 公积金商业贷,重性价比，不盲信大牌，但要求物业管理有序、绿化修剪及时、人防技防规范。,本地常住人口，四季生活规律，度假频次为常规年假出行。
三_2011_00805,三亚,2011,本地改善,43,女,1.7,11.7,0.35,25.1,5,2,否,B,agent,0.45,0.49,0.67,0.46,0.53,0.84,0.59,0.9,0.6,自住-改善,一室一厅,71,2820,三甲医院主治医师,二胎黄金期中大户型,三亚中环品质两居，车位及空间极其拥挤,小区无地下车库且人车不分流，小孩在楼下玩耍或者推婴儿车极为不安全。,讲究超高得房率（超85%），主卧套房必须配备独立步入式衣帽间与干湿分离双卫。,无需日常通勤，但要求30分钟内快捷通达凤凰机场或高铁站。,崇尚度假慢生活，清晨沙滩漫步，午后椰林下午茶，酷爱轻户外及后海冲浪。,名下持有一套旧两居，置换回款 65% + 个人理财储蓄补充 + 公积金商业贷,重性价比，不盲信大牌，但要求物业管理有序、绿化修剪及时、人防技防规范。,本地常住人口，四季生活规律，度假频次为常规年假出行。
三_2011_00806,三亚,2011,度假投资,40,女,8.5,65.3,0.4,122.5,3,0,是,A,research,0.75,0.32,0.92,0.52,0.5,0.47,0.02,0,0.72,投资-长持,两室一厅,55,18505,高端海景资产收藏家,成熟期核心家庭,陆家嘴核心区江景大平层,当前房屋属于旧多层无电梯房，父母年纪渐高每天爬楼梯极为吃力。,要求有超大面宽南向双阳台（观景家政分离），主卧大飘窗能270度直面自然景观。,无需日常通勤，但要求30分钟内快捷通达凤凰机场或高铁站。,周末常去高端商圈消费，热衷打网球和马术，重度手冲咖啡及黑胶唱片发烧友。,名下已有企业股权套现或分红现金，一次性全款付清，基本不加杠杆,非仁恒、绿城、万科等金牌开发商不买，极度看重高端精装质量与顶级物业的增值口碑。,每年11月至次年3月到此度过漫长冬季，极其依赖周边的康养及适老化服务。
三_2011_00807,三亚,2011,外地候鸟-西北,70,男,4.1,39.2,0.5,58.8,3,0,否,C,network,0.2,0.52,0.78,0.68,0.66,0.59,0,0,0.63,度假,两室两厅,51,8193,西安设计院退休总建筑师,高知退休康养,与父母同住，三代人拥挤在旧区小户型老房中,老小区隔音差，邻里滋扰严重，且车位严重匮乏，每晚加班回来抢车位像打仗。,要求有超大面宽南向双阳台（观景家政分离），主卧大飘窗能270度直面自然景观。,无需日常通勤，但要求30分钟内快捷通达凤凰机场或高铁站。,崇尚度假慢生活，清晨沙滩漫步，午后椰林下午茶，酷爱轻户外及后海冲浪。,名下持有一套旧两居，置换回款 65% + 个人理财储蓄补充 + 公积金商业贷,重性价比，不盲信大牌，但要求物业管理有序、绿化修剪及时、人防技防规范。,每年11月至次年3月到此度过漫长冬季，极其依赖周边的康养及适老化服务。
三_2011_00808,三亚,2011,度假投资,48,男,10.6,85.8,0.4,160.8,4,1,是,A,research,0.68,0.37,0.78,0.51,0.5,0.51,0,0.03,0.72,投资-短期,三室一厅,135,9728,高端海景资产收藏家,三口之家(学龄段),市中心私密洋房住宅,当前房屋属于旧多层无电梯房，父母年纪渐高每天爬楼梯极为吃力。,要求有超大面宽南向双阳台（观景家政分离），主卧大飘窗能270度直面自然景观。,无需日常通勤，但要求30分钟内快捷通达凤凰机场或高铁站。,周末常去高端商圈消费，热衷打网球和马术，重度手冲咖啡及黑胶唱片发烧友。,名下已有企业股权套现或分红现金，一次性全款付清，基本不加杠杆,非仁恒、绿城、万科等金牌开发商不买，极度看重高端精装质量与顶级物业的增值口碑。,每年11月至次年3月到此度过漫长冬季，极其依赖周边的康养及适老化服务。
三_2011_00809,三亚,2011,高净值康养,68,男,27.9,376.3,0.6,470.3,3,0,否,A,network,0.52,0.24,0.95,0.75,0.93,0.58,0.11,0,0.89,度假,三室两厅,131,27644,高端海景资产收藏家,高知退休康养,陆家嘴核心区江景大平层,无高端私密会所及管家式物业配套，圈层鱼龙混杂，高净值居住体验差。,要求独立电梯入户，主次卧动线分明，配备独立保姆房和私密后院。,无需日常通勤，但要求30分钟内快捷通达凤凰机场或高铁站。,周末常去高端商圈消费，热衷打网球和马术，重度手冲咖啡及黑胶唱片发烧友。,名下已有企业股权套现或分红现金，一次性全款付清，基本不加杠杆,非仁恒、绿城、万科等金牌开发商不买，极度看重高端精装质量与顶级物业的增值口碑。,本地常住人口，四季生活规律，度假频次为常规年假出行。
三_2011_00810,三亚,2011,本地改善,40,女,1.2,5.9,0.35,12.7,4,1,是,B,agent,0.71,0.6,0.63,0.47,0.45,0.69,0.72,0.74,0.5,自住-改善,两室一厅,52,1403,智能新能源车企研发骨干,三口之家(学龄段),三亚中环品质两居，车位及空间极其拥挤,小区无地下车库且人车不分流，小孩在楼下玩耍或者推婴儿车极为不安全。,核心要求地块属于第一梯队名校学区，且周边500米内解决幼小衔接教育配套。,无需日常通勤，但要求30分钟内快捷通达凤凰机场或高铁站。,崇尚度假慢生活，清晨沙滩漫步，午后椰林下午茶，酷爱轻户外及后海冲浪。,名下持有一套旧两居，置换回款 65% + 个人理财储蓄补充 + 公积金商业贷,重性价比，不盲信大牌，但要求物业管理有序、绿化修剪及时、人防技防规范。,本地常住人口，四季生活规律，度假频次为常规年假出行。
三_2011_00811,三亚,2011,本地改善,49,男,3.9,18.9,0.35,40.5,4,0,是,B,agent,0.76,0.54,0.48,0.47,0.31,0.7,0.51,0.74,0.34,自住-改善,两室两厅,87,2499,重点中学高级教师,成熟期核心家庭,三亚中环品质两居，车位及空间极其拥挤,当前房屋属于旧多层无电梯房，父母年纪渐高每天爬楼梯极为吃力。,讲究超高得房率（超85%），主卧套房必须配备独立步入式衣帽间与干湿分离双卫。,无需日常通勤，但要求30分钟内快捷通达凤凰机场或高铁站。,崇尚度假慢生活，清晨沙滩漫步，午后椰林下午茶，酷爱轻户外及后海冲浪。,名下持有一套旧两居，置换回款 65% + 个人理财储蓄补充 + 公积金商业贷,重性价比，不盲信大牌，但要求物业管理有序、绿化修剪及时、人防技防规范。,本地常住人口，四季生活规律，度假频次为常规年假出行。
三_2011_00812,三亚,2011,本地改善,50,男,1.6,7.6,0.35,16.3,4,1,否,B,agent,0.7,0.62,0.62,0.44,0.3,0.83,0.54,0.69,0.49,自住-改善,两室两厅,55,1659,重点中学高级教师,三口之家(学龄段),三亚中环品质两居，车位及空间极其拥挤,小区无地下车库且人车不分流，小孩在楼下玩耍或者推婴儿车极为不安全。,讲究超高得房率（超85%），主卧套房必须配备独立步入式衣帽间与干湿分离双卫。,无需日常通勤，但要求30分钟内快捷通达凤凰机场或高铁站。,崇尚度假慢生活，清晨沙滩漫步，午后椰林下午茶，酷爱轻户外及后海冲浪。,名下持有一套旧两居，置换回款 65% + 个人理财储蓄补充 + 公积金商业贷,重性价比，不盲信大牌，但要求物业管理有序、绿化修剪及时、人防技防规范。,本地常住人口，四季生活规律，度假频次为常规年假出行。
三_2011_00813,三亚,2011,度假投资,35,女,16.1,178.7,0.4,335.1,3,1,否,A,research,1,0.53,0.77,0.67,0.56,0.46,0.01,0,0.79,度假,四室两厅,192,13964,高端海景资产收藏家,三口之家(幼龄段),西湖边高精平层,无高端私密会所及管家式物业配套，圈层鱼龙混杂，高净值居住体验差。,要求有超大面宽南向双阳台（观景家政分离），主卧大飘窗能270度直面自然景观。,无需日常通勤，但要求30分钟内快捷通达凤凰机场或高铁站。,周末常去高端商圈消费，热衷打网球和马术，重度手冲咖啡及黑胶唱片发烧友。,名下已有企业股权套现或分红现金，一次性全款付清，基本不加杠杆,非仁恒、绿城、万科等金牌开发商不买，极度看重高端精装质量与顶级物业的增值口碑。,每年11月至次年3月到此度过漫长冬季，极其依赖周边的康养及适老化服务。
三_2011_00814,三亚,2011,本地改善,36,男,3.0,20.4,0.35,43.7,5,0,是,B,agent,0.88,0.62,0.72,0.46,0.58,0.89,0.48,0.66,0.49,自住-改善,一室一厅,86,3687,区级税务局一级主办,成熟期核心家庭,三亚中环品质两居，车位及空间极其拥挤,当前房屋属于旧多层无电梯房，父母年纪渐高每天爬楼梯极为吃力。,要求有超大面宽南向双阳台（观景家政分离），主卧大飘窗能270度直面自然景观。,无需日常通勤，但要求30分钟内快捷通达凤凰机场或高铁站。,崇尚度假慢生活，清晨沙滩漫步，午后椰林下午茶，酷爱轻户外及后海冲浪。,名下持有一套旧两居，置换回款 65% + 个人理财储蓄补充 + 公积金商业贷,重性价比，不盲信大牌，但要求物业管理有序、绿化修剪及时、人防技防规范。,本地常住人口，四季生活规律，度假频次为常规年假出行。
三_2011_00815,三亚,2011,本地改善,40,男,3.1,13.7,0.35,29.3,4,1,是,B,agent,0.78,0.54,0.58,0.52,0.45,0.73,0.49,0.83,0.6,自住-改善,两室一厅,74,2528,重点中学高级教师,三口之家(学龄段),三亚中环品质两居，车位及空间极其拥挤,小区无地下车库且人车不分流，小孩在楼下玩耍或者推婴儿车极为不安全。,讲究超高得房率（超85%），主卧套房必须配备独立步入式衣帽间与干湿分离双卫。,无需日常通勤，但要求30分钟内快捷通达凤凰机场或高铁站。,崇尚度假慢生活，清晨沙滩漫步，午后椰林下午茶，酷爱轻户外及后海冲浪。,名下持有一套旧两居，置换回款 65% + 个人理财储蓄补充 + 公积金商业贷,重性价比，不盲信大牌，但要求物业管理有序、绿化修剪及时、人防技防规范。,本地常住人口，四季生活规律，度假频次为常规年假出行。
三_2011_00816,三亚,2011,外地候鸟-华北,66,女,2.1,21.4,0.5,32.1,2,0,否,B,network,0.58,0.4,0.92,0.76,0.67,0.59,0.05,0,0.56,养老,两室一厅,80,3197,央企总部退休总工,高知退休康养,三亚中环品质两居，车位及空间极其拥挤,老小区隔音差，邻里滋扰严重，且车位严重匮乏，每晚加班回来抢车位像打仗。,要求独立电梯入户，主次卧动线分明，配备独立保姆房和私密后院。,无需日常通勤，但要求30分钟内快捷通达凤凰机场或高铁站。,崇尚度假慢生活，清晨沙滩漫步，午后椰林下午茶，酷爱轻户外及后海冲浪。,名下持有一套旧两居，置换回款 65% + 个人理财储蓄补充 + 公积金商业贷,重性价比，不盲信大牌，但要求物业管理有序、绿化修剪及时、人防技防规范。,每年11月至次年3月到此度过漫长冬季，极其依赖周边的康养及适老化服务。
三_2011_00817,三亚,2011,本地改善,48,女,2.9,15.5,0.35,33.3,4,1,是,B,agent,0.78,0.58,0.6,0.47,0.32,0.8,0.57,0.61,0.37,自住-改善,一室一厅,81,3553,智能新能源车企研发骨干,三口之家(学龄段),三亚中环品质两居，车位及空间极其拥挤,小区无地下车库且人车不分流，小孩在楼下玩耍或者推婴儿车极为不安全。,讲究超高得房率（超85%），主卧套房必须配备独立步入式衣帽间与干湿分离双卫。,无需日常通勤，但要求30分钟内快捷通达凤凰机场或高铁站。,崇尚度假慢生活，清晨沙滩漫步，午后椰林下午茶，酷爱轻户外及后海冲浪。,名下持有一套旧两居，置换回款 65% + 个人理财储蓄补充 + 公积金商业贷,重性价比，不盲信大牌，但要求物业管理有序、绿化修剪及时、人防技防规范。,本地常住人口，四季生活规律，度假频次为常规年假出行。
三_2011_00818,三亚,2011,本地改善,37,男,1.5,10.1,0.35,21.7,3,1,否,B,agent,0.88,0.62,0.71,0.4,0.39,0.71,0.32,0.79,0.51,自住-改善,两室一厅,62,2535,区级税务局一级主办,三口之家(幼龄段),三亚中环品质两居，车位及空间极其拥挤,小区无地下车库且人车不分流，小孩在楼下玩耍或者推婴儿车极为不安全。,要求有超大面宽南向双阳台（观景家政分离），主卧大飘窗能270度直面自然景观。,无需日常通勤，但要求30分钟内快捷通达凤凰机场或高铁站。,崇尚度假慢生活，清晨沙滩漫步，午后椰林下午茶，酷爱轻户外及后海冲浪。,名下持有一套旧两居，置换回款 65% + 个人理财储蓄补充 + 公积金商业贷,重性价比，不盲信大牌，但要求物业管理有序、绿化修剪及时、人防技防规范。,本地常住人口，四季生活规律，度假频次为常规年假出行。
三_2011_00819,三亚,2011,外地候鸟-西北,56,女,4.5,37.3,0.5,56.0,2,1,否,C,network,0.27,0.55,0.92,0.6,0.46,0.51,0,0.11,0.52,度假,一室一厅,88,3349,兰州煤炭物流运输企业主,三口之家(学龄段),与父母同住，三代人拥挤在旧区小户型老房中,小区无地下车库且人车不分流，小孩在楼下玩耍或者推婴儿车极为不安全。,要求有超大面宽南向双阳台（观景家政分离），主卧大飘窗能270度直面自然景观。,无需日常通勤，但要求30分钟内快捷通达凤凰机场或高铁站。,崇尚度假慢生活，清晨沙滩漫步，午后椰林下午茶，酷爱轻户外及后海冲浪。,名下持有一套旧两居，置换回款 65% + 个人理财储蓄补充 + 公积金商业贷,重性价比，不盲信大牌，但要求物业管理有序、绿化修剪及时、人防技防规范。,每年11月至次年3月到此度过漫长冬季，极其依赖周边的康养及适老化服务。
三_2011_00820,三亚,2011,外地候鸟-东北,68,男,2.4,15.6,0.5,23.3,2,0,否,C,network,0.32,0.71,0.85,0.74,0.55,0.52,0.0,0,0.52,养老,两室两厅,62,3010,沈阳大型重工企业退休副厂长,高知退休康养,与父母同住，三代人拥挤在旧区小户型老房中,老小区隔音差，邻里滋扰严重，且车位严重匮乏，每晚加班回来抢车位像打仗。,要求独立电梯入户，主次卧动线分明，配备独立保姆房和私密后院。,无需日常通勤，但要求30分钟内快捷通达凤凰机场或高铁站。,崇尚度假慢生活，清晨沙滩漫步，午后椰林下午茶，酷爱轻户外及后海冲浪。,名下持有一套旧两居，置换回款 65% + 个人理财储蓄补充 + 公积金商业贷,重性价比，不盲信大牌，但要求物业管理有序、绿化修剪及时、人防技防规范。,每年11月至次年3月到此度过漫长冬季，极其依赖周边的康养及适老化服务。
三_2011_00821,三亚,2011,外地候鸟-华北,75,男,6.1,62.6,0.5,93.9,2,1,否,B,network,0.49,0.56,0.68,0.65,0.68,0.55,0.01,0.06,0.58,养老,一室一厅,51,12046,高校资深硕导,三口之家(学龄段),三亚中环品质两居，车位及空间极其拥挤,小区无地下车库且人车不分流，小孩在楼下玩耍或者推婴儿车极为不安全。,要求采光通透，全明户型，带多功能嵌入式收纳墙以最大化空间利用。,无需日常通勤，但要求30分钟内快捷通达凤凰机场或高铁站。,崇尚度假慢生活，清晨沙滩漫步，午后椰林下午茶，酷爱轻户外及后海冲浪。,名下持有一套旧两居，置换回款 65% + 个人理财储蓄补充 + 公积金商业贷,重性价比，不盲信大牌，但要求物业管理有序、绿化修剪及时、人防技防规范。,每年11月至次年3月到此度过漫长冬季，极其依赖周边的康养及适老化服务。
三_2011_00822,三亚,2011,外地候鸟-华北,55,男,4.9,43.7,0.5,65.6,1,0,否,B,network,0.56,0.5,0.94,0.66,0.66,0.46,0,0.17,0.62,度假,两室一厅,78,4483,央企总部退休总工,高知退休康养,三亚中环品质两居，车位及空间极其拥挤,老小区隔音差，邻里滋扰严重，且车位严重匮乏，每晚加班回来抢车位像打仗。,要求有超大面宽南向双阳台（观景家政分离），主卧大飘窗能270度直面自然景观。,无需日常通勤，但要求30分钟内快捷通达凤凰机场或高铁站。,崇尚度假慢生活，清晨沙滩漫步，午后椰林下午茶，酷爱轻户外及后海冲浪。,名下持有一套旧两居，置换回款 65% + 个人理财储蓄补充 + 公积金商业贷,重性价比，不盲信大牌，但要求物业管理有序、绿化修剪及时、人防技防规范。,每年11月至次年3月到此度过漫长冬季，极其依赖周边的康养及适老化服务。
三_2011_00823,三亚,2011,本地改善,36,男,1.7,7.9,0.35,16.8,4,1,是,B,agent,0.6,0.6,0.59,0.38,0.34,0.71,0.62,0.73,0.23,自住-改善,一室一厅,50,2998,三甲医院主治医师,三口之家(幼龄段),三亚中环品质两居，车位及空间极其拥挤,小区无地下车库且人车不分流，小孩在楼下玩耍或者推婴儿车极为不安全。,讲究超高得房率（超85%），主卧套房必须配备独立步入式衣帽间与干湿分离双卫。,无需日常通勤，但要求30分钟内快捷通达凤凰机场或高铁站。,崇尚度假慢生活，清晨沙滩漫步，午后椰林下午茶，酷爱轻户外及后海冲浪。,名下持有一套旧两居，置换回款 65% + 个人理财储蓄补充 + 公积金商业贷,重性价比，不盲信大牌，但要求物业管理有序、绿化修剪及时、人防技防规范。,本地常住人口，四季生活规律，度假频次为常规年假出行。
三_2011_00824,三亚,2011,本地改善,32,女,1.8,10.5,0.35,22.5,4,1,否,B,agent,0.85,0.57,0.5,0.36,0.24,0.72,0.6,0.81,0.51,自住-改善,两室一厅,75,1656,智能新能源车企研发骨干,三口之家(幼龄段),三亚中环品质两居，车位及空间极其拥挤,小区无地下车库且人车不分流，小孩在楼下玩耍或者推婴儿车极为不安全。,讲究超高得房率（超85%），主卧套房必须配备独立步入式衣帽间与干湿分离双卫。,无需日常通勤，但要求30分钟内快捷通达凤凰机场或高铁站。,崇尚度假慢生活，清晨沙滩漫步，午后椰林下午茶，酷爱轻户外及后海冲浪。,名下持有一套旧两居，置换回款 65% + 个人理财储蓄补充 + 公积金商业贷,重性价比，不盲信大牌，但要求物业管理有序、绿化修剪及时、人防技防规范。,本地常住人口，四季生活规律，度假频次为常规年假出行。
三_2011_00825,三亚,2011,外地候鸟-华北,63,男,1.2,7.3,0.5,10.9,1,0,是,B,network,0.86,0.71,0.9,0.83,0.62,0.52,0.0,0,0.54,养老,两室两厅,57,1102,北京三甲医院退休教授,高知退休康养,三亚中环品质两居，车位及空间极其拥挤,当前房屋属于旧多层无电梯房，父母年纪渐高每天爬楼梯极为吃力。,要求独立电梯入户，主次卧动线分明，配备独立保姆房和私密后院。,无需日常通勤，但要求30分钟内快捷通达凤凰机场或高铁站。,崇尚度假慢生活，清晨沙滩漫步，午后椰林下午茶，酷爱轻户外及后海冲浪。,名下持有一套旧两居，置换回款 65% + 个人理财储蓄补充 + 公积金商业贷,重性价比，不盲信大牌，但要求物业管理有序、绿化修剪及时、人防技防规范。,每年11月至次年3月到此度过漫长冬季，极其依赖周边的康养及适老化服务。
三_2011_00826,三亚,2011,外地候鸟-东北,70,女,2.6,21.1,0.5,31.7,2,0,否,C,network,0.12,0.51,0.9,0.7,0.56,0.44,0,0.01,0.33,养老,一室一厅,91,2954,哈尔滨私营物流老板,高知退休康养,与父母同住，三代人拥挤在旧区小户型老房中,老小区隔音差，邻里滋扰严重，且车位严重匮乏，每晚加班回来抢车位像打仗。,要求有超大面宽南向双阳台（观景家政分离），主卧大飘窗能270度直面自然景观。,无需日常通勤，但要求30分钟内快捷通达凤凰机场或高铁站。,崇尚度假慢生活，清晨沙滩漫步，午后椰林下午茶，酷爱轻户外及后海冲浪。,名下持有一套旧两居，置换回款 65% + 个人理财储蓄补充 + 公积金商业贷,重性价比，不盲信大牌，但要求物业管理有序、绿化修剪及时、人防技防规范。,每年11月至次年3月到此度过漫长冬季，极其依赖周边的康养及适老化服务。
三_2011_00827,三亚,2011,本地改善,36,女,2.2,17.2,0.35,36.8,4,1,是,B,agent,0.87,0.51,0.7,0.6,0.44,0.72,0.57,0.65,0.47,自住-改善,一室一厅,54,5937,重点中学高级教师,三口之家(幼龄段),三亚中环品质两居，车位及空间极其拥挤,小区无地下车库且人车不分流，小孩在楼下玩耍或者推婴儿车极为不安全。,要求有超大面宽南向双阳台（观景家政分离），主卧大飘窗能270度直面自然景观。,无需日常通勤，但要求30分钟内快捷通达凤凰机场或高铁站。,崇尚度假慢生活，清晨沙滩漫步，午后椰林下午茶，酷爱轻户外及后海冲浪。,名下持有一套旧两居，置换回款 65% + 个人理财储蓄补充 + 公积金商业贷,重性价比，不盲信大牌，但要求物业管理有序、绿化修剪及时、人防技防规范。,本地常住人口，四季生活规律，度假频次为常规年假出行。
三_2011_00828,三亚,2011,度假投资,35,女,7.9,79.8,0.4,149.7,3,1,否,A,research,0.68,0.3,0.95,0.59,0.63,0.39,0,0.17,0.71,投资-短期,一室一厅,68,11095,知名中医药连锁投资人,三口之家(幼龄段),陆家嘴核心区江景大平层,无高端私密会所及管家式物业配套，圈层鱼龙混杂，高净值居住体验差。,要求有超大面宽南向双阳台（观景家政分离），主卧大飘窗能270度直面自然景观。,无需日常通勤，但要求30分钟内快捷通达凤凰机场或高铁站。,周末常去高端商圈消费，热衷打网球和马术，重度手冲咖啡及黑胶唱片发烧友。,名下已有企业股权套现或分红现金，一次性全款付清，基本不加杠杆,非仁恒、绿城、万科等金牌开发商不买，极度看重高端精装质量与顶级物业的增值口碑。,每年11月至次年3月到此度过漫长冬季，极其依赖周边的康养及适老化服务。
三_2011_00829,三亚,2011,外地候鸟-东北,75,女,4.5,35.7,0.5,53.5,1,0,否,C,network,0.38,0.45,0.98,0.62,0.63,0.5,0,0,0.44,度假,两室两厅,86,5151,哈尔滨高校退休处长,高知退休康养,与父母同住，三代人拥挤在旧区小户型老房中,老小区隔音差，邻里滋扰严重，且车位严重匮乏，每晚加班回来抢车位像打仗。,要求有超大面宽南向双阳台（观景家政分离），主卧大飘窗能270度直面自然景观。,无需日常通勤，但要求30分钟内快捷通达凤凰机场或高铁站。,崇尚度假慢生活，清晨沙滩漫步，午后椰林下午茶，酷爱轻户外及后海冲浪。,名下持有一套旧两居，置换回款 65% + 个人理财储蓄补充 + 公积金商业贷,重性价比，不盲信大牌，但要求物业管理有序、绿化修剪及时、人防技防规范。,每年11月至次年3月到此度过漫长冬季，极其依赖周边的康养及适老化服务。
三_2011_00830,三亚,2011,外地候鸟-华北,71,女,4.8,40.6,0.5,60.9,2,0,否,B,network,0.41,0.53,0.93,0.83,0.7,0.39,0,0.1,0.51,度假,两室两厅,50,8865,高校资深硕导,高知退休康养,三亚中环品质两居，车位及空间极其拥挤,老小区隔音差，邻里滋扰严重，且车位严重匮乏，每晚加班回来抢车位像打仗。,要求独立电梯入户，主次卧动线分明，配备独立保姆房和私密后院。,无需日常通勤，但要求30分钟内快捷通达凤凰机场或高铁站。,崇尚度假慢生活，清晨沙滩漫步，午后椰林下午茶，酷爱轻户外及后海冲浪。,名下持有一套旧两居，置换回款 65% + 个人理财储蓄补充 + 公积金商业贷,重性价比，不盲信大牌，但要求物业管理有序、绿化修剪及时、人防技防规范。,每年11月至次年3月到此度过漫长冬季，极其依赖周边的康养及适老化服务。
三_2011_00831,三亚,2011,外地候鸟-东北,58,女,5.8,31.2,0.5,46.9,2,1,否,C,network,0.41,0.41,0.93,0.6,0.63,0.44,0.05,0,0.41,度假,两室两厅,88,3574,哈尔滨高校退休处长,三口之家(学龄段),与父母同住，三代人拥挤在旧区小户型老房中,小区无地下车库且人车不分流，小孩在楼下玩耍或者推婴儿车极为不安全。,要求有超大面宽南向双阳台（观景家政分离），主卧大飘窗能270度直面自然景观。,无需日常通勤，但要求30分钟内快捷通达凤凰机场或高铁站。,崇尚度假慢生活，清晨沙滩漫步，午后椰林下午茶，酷爱轻户外及后海冲浪。,名下持有一套旧两居，置换回款 65% + 个人理财储蓄补充 + 公积金商业贷,重性价比，不盲信大牌，但要求物业管理有序、绿化修剪及时、人防技防规范。,每年11月至次年3月到此度过漫长冬季，极其依赖周边的康养及适老化服务。
三_2011_00832,三亚,2011,度假投资,38,女,2.9,24.3,0.4,45.6,4,0,是,A,research,0.75,0.36,0.93,0.73,0.59,0.29,0,0,0.74,投资-长持,一室一厅,51,6347,知名中医药连锁投资人,成熟期核心家庭,陆家嘴核心区江景大平层,当前房屋属于旧多层无电梯房，父母年纪渐高每天爬楼梯极为吃力。,要求独立电梯入户，主次卧动线分明，配备独立保姆房和私密后院。,无需日常通勤，但要求30分钟内快捷通达凤凰机场或高铁站。,周末常去高端商圈消费，热衷打网球和马术，重度手冲咖啡及黑胶唱片发烧友。,名下已有企业股权套现或分红现金，一次性全款付清，基本不加杠杆,非仁恒、绿城、万科等金牌开发商不买，极度看重高端精装质量与顶级物业的增值口碑。,每年11月至次年3月到此度过漫长冬季，极其依赖周边的康养及适老化服务。
三_2011_00833,三亚,2011,本地改善,41,男,2.6,12.2,0.35,26.2,4,2,是,B,agent,0.62,0.61,0.6,0.47,0.31,0.7,0.53,0.7,0.48,自住-改善,一室一厅,87,1851,重点中学高级教师,二胎黄金期中大户型,三亚中环品质两居，车位及空间极其拥挤,小区无地下车库且人车不分流，小孩在楼下玩耍或者推婴儿车极为不安全。,核心要求地块属于第一梯队名校学区，且周边500米内解决幼小衔接教育配套。,无需日常通勤，但要求30分钟内快捷通达凤凰机场或高铁站。,崇尚度假慢生活，清晨沙滩漫步，午后椰林下午茶，酷爱轻户外及后海冲浪。,名下持有一套旧两居，置换回款 65% + 个人理财储蓄补充 + 公积金商业贷,重性价比，不盲信大牌，但要求物业管理有序、绿化修剪及时、人防技防规范。,本地常住人口，四季生活规律，度假频次为常规年假出行。
三_2011_00834,三亚,2011,本地改善,49,女,2.7,12.7,0.35,27.2,4,1,否,B,agent,0.88,0.68,0.65,0.59,0.42,0.69,0.49,0.69,0.48,自住-改善,两室一厅,99,2317,区级税务局一级主办,三口之家(学龄段),三亚中环品质两居，车位及空间极其拥挤,小区无地下车库且人车不分流，小孩在楼下玩耍或者推婴儿车极为不安全。,要求采光通透，全明户型，带多功能嵌入式收纳墙以最大化空间利用。,无需日常通勤，但要求30分钟内快捷通达凤凰机场或高铁站。,崇尚度假慢生活，清晨沙滩漫步，午后椰林下午茶，酷爱轻户外及后海冲浪。,名下持有一套旧两居，置换回款 65% + 个人理财储蓄补充 + 公积金商业贷,重性价比，不盲信大牌，但要求物业管理有序、绿化修剪及时、人防技防规范。,本地常住人口，四季生活规律，度假频次为常规年假出行。
三_2011_00835,三亚,2011,本地改善,34,女,1.2,6.0,0.35,12.8,4,0,否,B,agent,0.67,0.57,0.62,0.57,0.47,0.74,0.6,0.73,0.53,自住-改善,两室一厅,82,1138,三甲医院主治医师,新婚过渡两居,三亚中环品质两居，车位及空间极其拥挤,老小区隔音差，邻里滋扰严重，且车位严重匮乏，每晚加班回来抢车位像打仗。,讲究超高得房率（超85%），主卧套房必须配备独立步入式衣帽间与干湿分离双卫。,无需日常通勤，但要求30分钟内快捷通达凤凰机场或高铁站。,崇尚度假慢生活，清晨沙滩漫步，午后椰林下午茶，酷爱轻户外及后海冲浪。,名下持有一套旧两居，置换回款 65% + 个人理财储蓄补充 + 公积金商业贷,重性价比，不盲信大牌，但要求物业管理有序、绿化修剪及时、人防技防规范。,本地常住人口，四季生活规律，度假频次为常规年假出行。
三_2011_00836,三亚,2011,外地候鸟-华北,69,女,6.2,60.9,0.5,91.4,2,0,否,B,network,0.75,0.67,1,0.72,0.68,0.56,0.07,0,0.63,养老,两室一厅,61,10042,北京三甲医院退休教授,高知退休康养,三亚中环品质两居，车位及空间极其拥挤,老小区隔音差，邻里滋扰严重，且车位严重匮乏，每晚加班回来抢车位像打仗。,要求独立电梯入户，主次卧动线分明，配备独立保姆房和私密后院。,无需日常通勤，但要求30分钟内快捷通达凤凰机场或高铁站。,崇尚度假慢生活，清晨沙滩漫步，午后椰林下午茶，酷爱轻户外及后海冲浪。,名下持有一套旧两居，置换回款 65% + 个人理财储蓄补充 + 公积金商业贷,重性价比，不盲信大牌，但要求物业管理有序、绿化修剪及时、人防技防规范。,每年11月至次年3月到此度过漫长冬季，极其依赖周边的康养及适老化服务。
三_2011_00837,三亚,2011,本地改善,41,男,2.1,14.2,0.35,30.4,3,1,否,B,agent,0.63,0.57,0.61,0.52,0.21,0.81,0.46,0.74,0.47,自住-改善,一室一厅,77,3231,智能新能源车企研发骨干,三口之家(学龄段),三亚中环品质两居，车位及空间极其拥挤,小区无地下车库且人车不分流，小孩在楼下玩耍或者推婴儿车极为不安全。,讲究超高得房率（超85%），主卧套房必须配备独立步入式衣帽间与干湿分离双卫。,无需日常通勤，但要求30分钟内快捷通达凤凰机场或高铁站。,崇尚度假慢生活，清晨沙滩漫步，午后椰林下午茶，酷爱轻户外及后海冲浪。,名下持有一套旧两居，置换回款 65% + 个人理财储蓄补充 + 公积金商业贷,重性价比，不盲信大牌，但要求物业管理有序、绿化修剪及时、人防技防规范。,本地常住人口，四季生活规律，度假频次为常规年假出行。
三_2011_00838,三亚,2011,外地候鸟-华北,68,女,2.6,24.1,0.5,36.2,2,0,否,B,network,0.35,0.62,0.8,0.81,0.61,0.42,0.16,0,0.61,度假,两室一厅,99,2408,北京三甲医院退休教授,高知退休康养,三亚中环品质两居，车位及空间极其拥挤,老小区隔音差，邻里滋扰严重，且车位严重匮乏，每晚加班回来抢车位像打仗。,要求独立电梯入户，主次卧动线分明，配备独立保姆房和私密后院。,无需日常通勤，但要求30分钟内快捷通达凤凰机场或高铁站。,崇尚度假慢生活，清晨沙滩漫步，午后椰林下午茶，酷爱轻户外及后海冲浪。,名下持有一套旧两居，置换回款 65% + 个人理财储蓄补充 + 公积金商业贷,重性价比，不盲信大牌，但要求物业管理有序、绿化修剪及时、人防技防规范。,每年11月至次年3月到此度过漫长冬季，极其依赖周边的康养及适老化服务。
三_2011_00839,三亚,2011,本地改善,40,女,3.7,16.0,0.35,34.3,5,0,是,B,agent,0.94,0.52,0.66,0.36,0.47,0.78,0.42,0.67,0.38,自住-改善,两室两厅,82,2417,重点中学高级教师,成熟期核心家庭,三亚中环品质两居，车位及空间极其拥挤,当前房屋属于旧多层无电梯房，父母年纪渐高每天爬楼梯极为吃力。,讲究超高得房率（超85%），主卧套房必须配备独立步入式衣帽间与干湿分离双卫。,无需日常通勤，但要求30分钟内快捷通达凤凰机场或高铁站。,崇尚度假慢生活，清晨沙滩漫步，午后椰林下午茶，酷爱轻户外及后海冲浪。,名下持有一套旧两居，置换回款 65% + 个人理财储蓄补充 + 公积金商业贷,重性价比，不盲信大牌，但要求物业管理有序、绿化修剪及时、人防技防规范。,本地常住人口，四季生活规律，度假频次为常规年假出行。
三_2011_00840,三亚,2011,本地改善,47,女,3.4,21.8,0.35,46.7,3,1,是,B,agent,0.92,0.61,0.56,0.4,0.36,0.84,0.58,0.67,0.46,自住-改善,两室一厅,67,5248,三甲医院主治医师,三口之家(学龄段),三亚中环品质两居，车位及空间极其拥挤,小区无地下车库且人车不分流，小孩在楼下玩耍或者推婴儿车极为不安全。,讲究超高得房率（超85%），主卧套房必须配备独立步入式衣帽间与干湿分离双卫。,无需日常通勤，但要求30分钟内快捷通达凤凰机场或高铁站。,崇尚度假慢生活，清晨沙滩漫步，午后椰林下午茶，酷爱轻户外及后海冲浪。,名下持有一套旧两居，置换回款 65% + 个人理财储蓄补充 + 公积金商业贷,重性价比，不盲信大牌，但要求物业管理有序、绿化修剪及时、人防技防规范。,本地常住人口，四季生活规律，度假频次为常规年假出行。
三_2011_00841,三亚,2011,外地候鸟-华北,68,女,3.0,21.5,0.5,32.2,2,0,否,B,network,0.18,0.67,1,0.74,0.61,0.51,0,0,0.47,度假,一室一厅,90,1898,北京三甲医院退休教授,高知退休康养,三亚中环品质两居，车位及空间极其拥挤,老小区隔音差，邻里滋扰严重，且车位严重匮乏，每晚加班回来抢车位像打仗。,要求独立电梯入户，主次卧动线分明，配备独立保姆房和私密后院。,无需日常通勤，但要求30分钟内快捷通达凤凰机场或高铁站。,崇尚度假慢生活，清晨沙滩漫步，午后椰林下午茶，酷爱轻户外及后海冲浪。,名下持有一套旧两居，置换回款 65% + 个人理财储蓄补充 + 公积金商业贷,重性价比，不盲信大牌，但要求物业管理有序、绿化修剪及时、人防技防规范。,每年11月至次年3月到此度过漫长冬季，极其依赖周边的康养及适老化服务。
三_2011_00842,三亚,2011,外地候鸟-华北,74,女,5.5,37.9,0.5,56.8,2,0,否,B,network,0.36,0.54,0.81,0.7,0.45,0.45,0.05,0,0.52,度假,一室一厅,68,4289,央企总部退休总工,高知退休康养,三亚中环品质两居，车位及空间极其拥挤,老小区隔音差，邻里滋扰严重，且车位严重匮乏，每晚加班回来抢车位像打仗。,要求有超大面宽南向双阳台（观景家政分离），主卧大飘窗能270度直面自然景观。,无需日常通勤，但要求30分钟内快捷通达凤凰机场或高铁站。,崇尚度假慢生活，清晨沙滩漫步，午后椰林下午茶，酷爱轻户外及后海冲浪。,名下持有一套旧两居，置换回款 65% + 个人理财储蓄补充 + 公积金商业贷,重性价比，不盲信大牌，但要求物业管理有序、绿化修剪及时、人防技防规范。,每年11月至次年3月到此度过漫长冬季，极其依赖周边的康养及适老化服务。
三_2011_00843,三亚,2011,外地候鸟-华北,73,女,3.4,22.5,0.5,33.7,3,0,否,B,network,0.71,0.65,1,0.89,0.63,0.59,0,0,0.55,养老,一室一厅,98,2904,高校资深硕导,高知退休康养,三亚中环品质两居，车位及空间极其拥挤,老小区隔音差，邻里滋扰严重，且车位严重匮乏，每晚加班回来抢车位像打仗。,要求独立电梯入户，主次卧动线分明，配备独立保姆房和私密后院。,无需日常通勤，但要求30分钟内快捷通达凤凰机场或高铁站。,崇尚度假慢生活，清晨沙滩漫步，午后椰林下午茶，酷爱轻户外及后海冲浪。,名下持有一套旧两居，置换回款 65% + 个人理财储蓄补充 + 公积金商业贷,重性价比，不盲信大牌，但要求物业管理有序、绿化修剪及时、人防技防规范。,每年11月至次年3月到此度过漫长冬季，极其依赖周边的康养及适老化服务。
三_2011_00844,三亚,2011,度假投资,50,男,7.0,69.9,0.4,131.1,3,2,否,A,research,0.76,0.42,0.86,0.61,0.64,0.39,0,0,0.83,投资-短期,两室一厅,86,10455,上市公司退休联合创始人,二胎黄金期中大户型,市中心私密洋房住宅,无高端私密会所及管家式物业配套，圈层鱼龙混杂，高净值居住体验差。,要求有超大面宽南向双阳台（观景家政分离），主卧大飘窗能270度直面自然景观。,无需日常通勤，但要求30分钟内快捷通达凤凰机场或高铁站。,周末常去高端商圈消费，热衷打网球和马术，重度手冲咖啡及黑胶唱片发烧友。,名下已有企业股权套现或分红现金，一次性全款付清，基本不加杠杆,非仁恒、绿城、万科等金牌开发商不买，极度看重高端精装质量与顶级物业的增值口碑。,每年11月至次年3月到此度过漫长冬季，极其依赖周边的康养及适老化服务。
三_2011_00845,三亚,2011,度假投资,36,男,4.5,39.2,0.4,73.5,2,1,否,A,research,0.91,0.39,0.97,0.68,0.33,0.4,0.0,0.12,0.63,度假,两室一厅,98,6543,上市公司退休联合创始人,三口之家(幼龄段),市中心私密洋房住宅,无高端私密会所及管家式物业配套，圈层鱼龙混杂，高净值居住体验差。,要求有超大面宽南向双阳台（观景家政分离），主卧大飘窗能270度直面自然景观。,无需日常通勤，但要求30分钟内快捷通达凤凰机场或高铁站。,周末常去高端商圈消费，热衷打网球和马术，重度手冲咖啡及黑胶唱片发烧友。,名下已有企业股权套现或分红现金，一次性全款付清，基本不加杠杆,重性价比，不盲信大牌，但要求物业管理有序、绿化修剪及时、人防技防规范。,每年11月至次年3月到此度过漫长冬季，极其依赖周边的康养及适老化服务。
三_2011_00846,三亚,2011,本地改善,31,男,3.4,21.3,0.35,45.7,4,1,否,B,agent,0.83,0.53,0.6,0.35,0.31,0.91,0.52,0.83,0.5,自住-改善,一室一厅,57,5652,国企中层管理,三口之家(幼龄段),三亚中环品质两居，车位及空间极其拥挤,小区无地下车库且人车不分流，小孩在楼下玩耍或者推婴儿车极为不安全。,讲究超高得房率（超85%），主卧套房必须配备独立步入式衣帽间与干湿分离双卫。,无需日常通勤，但要求30分钟内快捷通达凤凰机场或高铁站。,崇尚度假慢生活，清晨沙滩漫步，午后椰林下午茶，酷爱轻户外及后海冲浪。,名下持有一套旧两居，置换回款 65% + 个人理财储蓄补充 + 公积金商业贷,重性价比，不盲信大牌，但要求物业管理有序、绿化修剪及时、人防技防规范。,本地常住人口，四季生活规律，度假频次为常规年假出行。
三_2011_00847,三亚,2011,外地候鸟-西北,59,男,1.9,12.7,0.5,19.1,2,0,否,C,network,0.24,0.55,0.89,0.46,0.49,0.58,0.06,0.04,0.63,养老,两室两厅,60,2833,西安设计院退休总建筑师,高知退休康养,与父母同住，三代人拥挤在旧区小户型老房中,老小区隔音差，邻里滋扰严重，且车位严重匮乏，每晚加班回来抢车位像打仗。,要求有超大面宽南向双阳台（观景家政分离），主卧大飘窗能270度直面自然景观。,无需日常通勤，但要求30分钟内快捷通达凤凰机场或高铁站。,崇尚度假慢生活，清晨沙滩漫步，午后椰林下午茶，酷爱轻户外及后海冲浪。,名下持有一套旧两居，置换回款 65% + 个人理财储蓄补充 + 公积金商业贷,重性价比，不盲信大牌，但要求物业管理有序、绿化修剪及时、人防技防规范。,每年11月至次年3月到此度过漫长冬季，极其依赖周边的康养及适老化服务。
三_2011_00848,三亚,2011,本地改善,36,女,2.5,16.9,0.35,36.3,5,0,是,B,agent,0.79,0.54,0.47,0.41,0.4,0.76,0.55,0.6,0.39,自住-改善,两室两厅,81,3345,三甲医院主治医师,成熟期核心家庭,三亚中环品质两居，车位及空间极其拥挤,当前房屋属于旧多层无电梯房，父母年纪渐高每天爬楼梯极为吃力。,讲究超高得房率（超85%），主卧套房必须配备独立步入式衣帽间与干湿分离双卫。,无需日常通勤，但要求30分钟内快捷通达凤凰机场或高铁站。,崇尚度假慢生活，清晨沙滩漫步，午后椰林下午茶，酷爱轻户外及后海冲浪。,名下持有一套旧两居，置换回款 65% + 个人理财储蓄补充 + 公积金商业贷,重性价比，不盲信大牌，但要求物业管理有序、绿化修剪及时、人防技防规范。,本地常住人口，四季生活规律，度假频次为常规年假出行。
三_2011_00849,三亚,2011,本地改善,48,男,2.0,14.5,0.35,31.1,4,1,否,B,agent,0.7,0.53,0.69,0.41,0.6,0.62,0.52,0.7,0.48,自住-改善,两室两厅,90,1803,重点中学高级教师,三口之家(学龄段),三亚中环品质两居，车位及空间极其拥挤,小区无地下车库且人车不分流，小孩在楼下玩耍或者推婴儿车极为不安全。,核心要求地块属于第一梯队名校学区，且周边500米内解决幼小衔接教育配套。,无需日常通勤，但要求30分钟内快捷通达凤凰机场或高铁站。,崇尚度假慢生活，清晨沙滩漫步，午后椰林下午茶，酷爱轻户外及后海冲浪。,名下持有一套旧两居，置换回款 65% + 个人理财储蓄补充 + 公积金商业贷,重性价比，不盲信大牌，但要求物业管理有序、绿化修剪及时、人防技防规范。,本地常住人口，四季生活规律，度假频次为常规年假出行。
三_2011_00850,三亚,2011,外地候鸟-华北,65,男,4.7,41.0,0.5,61.5,2,0,否,B,network,0.53,0.56,0.94,0.61,0.74,0.64,0.0,0,0.43,养老,两室两厅,70,7163,北京三甲医院退休教授,高知退休康养,三亚中环品质两居，车位及空间极其拥挤,老小区隔音差，邻里滋扰严重，且车位严重匮乏，每晚加班回来抢车位像打仗。,要求有超大面宽南向双阳台（观景家政分离），主卧大飘窗能270度直面自然景观。,无需日常通勤，但要求30分钟内快捷通达凤凰机场或高铁站。,崇尚度假慢生活，清晨沙滩漫步，午后椰林下午茶，酷爱轻户外及后海冲浪。,名下持有一套旧两居，置换回款 65% + 个人理财储蓄补充 + 公积金商业贷,重性价比，不盲信大牌，但要求物业管理有序、绿化修剪及时、人防技防规范。,每年11月至次年3月到此度过漫长冬季，极其依赖周边的康养及适老化服务。
三_2011_00851,三亚,2011,外地候鸟-华北,72,女,2.4,23.4,0.5,35.2,2,0,否,B,network,0.79,0.56,0.99,0.64,0.65,0.51,0.02,0.05,0.57,养老,两室两厅,100,2344,北京三甲医院退休教授,高知退休康养,三亚中环品质两居，车位及空间极其拥挤,老小区隔音差，邻里滋扰严重，且车位严重匮乏，每晚加班回来抢车位像打仗。,要求有超大面宽南向双阳台（观景家政分离），主卧大飘窗能270度直面自然景观。,无需日常通勤，但要求30分钟内快捷通达凤凰机场或高铁站。,崇尚度假慢生活，清晨沙滩漫步，午后椰林下午茶，酷爱轻户外及后海冲浪。,名下持有一套旧两居，置换回款 65% + 个人理财储蓄补充 + 公积金商业贷,重性价比，不盲信大牌，但要求物业管理有序、绿化修剪及时、人防技防规范。,每年11月至次年3月到此度过漫长冬季，极其依赖周边的康养及适老化服务。
三_2011_00852,三亚,2011,度假投资,47,女,3.7,39.0,0.4,73.0,4,1,否,A,research,0.75,0.48,1.0,0.7,0.42,0.48,0,0,0.86,度假,一室一厅,56,9197,高端海景资产收藏家,三口之家(学龄段),市中心私密洋房住宅,无高端私密会所及管家式物业配套，圈层鱼龙混杂，高净值居住体验差。,要求独立电梯入户，主次卧动线分明，配备独立保姆房和私密后院。,无需日常通勤，但要求30分钟内快捷通达凤凰机场或高铁站。,周末常去高端商圈消费，热衷打网球和马术，重度手冲咖啡及黑胶唱片发烧友。,名下已有企业股权套现或分红现金，一次性全款付清，基本不加杠杆,非仁恒、绿城、万科等金牌开发商不买，极度看重高端精装质量与顶级物业的增值口碑。,每年11月至次年3月到此度过漫长冬季，极其依赖周边的康养及适老化服务。
三_2011_00853,三亚,2011,本地改善,38,男,2.1,16.5,0.35,35.4,4,1,是,B,agent,1,0.58,0.62,0.46,0.47,0.84,0.54,0.73,0.38,自住-改善,两室一厅,93,2913,国企中层管理,三口之家(学龄段),三亚中环品质两居，车位及空间极其拥挤,小区无地下车库且人车不分流，小孩在楼下玩耍或者推婴儿车极为不安全。,讲究超高得房率（超85%），主卧套房必须配备独立步入式衣帽间与干湿分离双卫。,无需日常通勤，但要求30分钟内快捷通达凤凰机场或高铁站。,崇尚度假慢生活，清晨沙滩漫步，午后椰林下午茶，酷爱轻户外及后海冲浪。,名下持有一套旧两居，置换回款 65% + 个人理财储蓄补充 + 公积金商业贷,重性价比，不盲信大牌，但要求物业管理有序、绿化修剪及时、人防技防规范。,本地常住人口，四季生活规律，度假频次为常规年假出行。
三_2011_00854,三亚,2011,度假投资,51,男,3.5,41.6,0.4,78.1,2,1,是,A,research,0.64,0.45,0.74,0.66,0.75,0.44,0,0,0.72,投资-短期,两室两厅,80,6819,知名中医药连锁投资人,三口之家(学龄段),西湖边高精平层,当前房屋属于旧多层无电梯房，父母年纪渐高每天爬楼梯极为吃力。,要求有超大面宽南向双阳台（观景家政分离），主卧大飘窗能270度直面自然景观。,无需日常通勤，但要求30分钟内快捷通达凤凰机场或高铁站。,周末常去高端商圈消费，热衷打网球和马术，重度手冲咖啡及黑胶唱片发烧友。,名下已有企业股权套现或分红现金，一次性全款付清，基本不加杠杆,非仁恒、绿城、万科等金牌开发商不买，极度看重高端精装质量与顶级物业的增值口碑。,每年11月至次年3月到此度过漫长冬季，极其依赖周边的康养及适老化服务。
三_2011_00855,三亚,2011,度假投资,53,女,10.0,91.5,0.4,171.5,3,1,否,A,research,0.83,0.43,0.93,0.63,0.6,0.36,0,0,0.9,投资-短期,三室一厅,114,12573,知名中医药连锁投资人,三口之家(学龄段),市中心私密洋房住宅,无高端私密会所及管家式物业配套，圈层鱼龙混杂，高净值居住体验差。,要求有超大面宽南向双阳台（观景家政分离），主卧大飘窗能270度直面自然景观。,无需日常通勤，但要求30分钟内快捷通达凤凰机场或高铁站。,周末常去高端商圈消费，热衷打网球和马术，重度手冲咖啡及黑胶唱片发烧友。,名下已有企业股权套现或分红现金，一次性全款付清，基本不加杠杆,非仁恒、绿城、万科等金牌开发商不买，极度看重高端精装质量与顶级物业的增值口碑。,每年11月至次年3月到此度过漫长冬季，极其依赖周边的康养及适老化服务。
三_2011_00856,三亚,2011,外地候鸟-华北,62,女,6.3,54.1,0.5,81.2,2,0,否,B,network,0.45,0.43,1,0.78,0.6,0.44,0.06,0.05,0.36,养老,两室一厅,52,10464,高校资深硕导,高知退休康养,三亚中环品质两居，车位及空间极其拥挤,老小区隔音差，邻里滋扰严重，且车位严重匮乏，每晚加班回来抢车位像打仗。,要求独立电梯入户，主次卧动线分明，配备独立保姆房和私密后院。,无需日常通勤，但要求30分钟内快捷通达凤凰机场或高铁站。,崇尚度假慢生活，清晨沙滩漫步，午后椰林下午茶，酷爱轻户外及后海冲浪。,名下持有一套旧两居，置换回款 65% + 个人理财储蓄补充 + 公积金商业贷,重性价比，不盲信大牌，但要求物业管理有序、绿化修剪及时、人防技防规范。,每年11月至次年3月到此度过漫长冬季，极其依赖周边的康养及适老化服务。
三_2011_00857,三亚,2011,外地候鸟-西北,75,男,1.5,9.8,0.5,14.6,2,0,否,C,network,0.66,0.63,0.89,0.64,0.6,0.51,0,0,0.6,度假,两室一厅,55,1527,兰州煤炭物流运输企业主,高知退休康养,与父母同住，三代人拥挤在旧区小户型老房中,老小区隔音差，邻里滋扰严重，且车位严重匮乏，每晚加班回来抢车位像打仗。,要求有超大面宽南向双阳台（观景家政分离），主卧大飘窗能270度直面自然景观。,无需日常通勤，但要求30分钟内快捷通达凤凰机场或高铁站。,崇尚度假慢生活，清晨沙滩漫步，午后椰林下午茶，酷爱轻户外及后海冲浪。,名下持有一套旧两居，置换回款 65% + 个人理财储蓄补充 + 公积金商业贷,重性价比，不盲信大牌，但要求物业管理有序、绿化修剪及时、人防技防规范。,每年11月至次年3月到此度过漫长冬季，极其依赖周边的康养及适老化服务。
三_2011_00858,三亚,2011,外地候鸟-西北,64,男,3.6,31.0,0.5,46.5,3,0,否,C,network,0.19,0.58,0.91,0.69,0.61,0.4,0.1,0.11,0.52,度假,两室一厅,86,4792,西安设计院退休总建筑师,高知退休康养,与父母同住，三代人拥挤在旧区小户型老房中,老小区隔音差，邻里滋扰严重，且车位严重匮乏，每晚加班回来抢车位像打仗。,要求有超大面宽南向双阳台（观景家政分离），主卧大飘窗能270度直面自然景观。,无需日常通勤，但要求30分钟内快捷通达凤凰机场或高铁站。,崇尚度假慢生活，清晨沙滩漫步，午后椰林下午茶，酷爱轻户外及后海冲浪。,名下持有一套旧两居，置换回款 65% + 个人理财储蓄补充 + 公积金商业贷,重性价比，不盲信大牌，但要求物业管理有序、绿化修剪及时、人防技防规范。,每年11月至次年3月到此度过漫长冬季，极其依赖周边的康养及适老化服务。
三_2011_00859,三亚,2011,度假投资,42,女,12.3,136.1,0.4,255.2,2,1,否,A,research,0.93,0.55,0.94,0.61,0.45,0.54,0.11,0.07,0.75,度假,两室两厅,104,20477,知名中医药连锁投资人,三口之家(学龄段),市中心私密洋房住宅,无高端私密会所及管家式物业配套，圈层鱼龙混杂，高净值居住体验差。,要求有超大面宽南向双阳台（观景家政分离），主卧大飘窗能270度直面自然景观。,无需日常通勤，但要求30分钟内快捷通达凤凰机场或高铁站。,周末常去高端商圈消费，热衷打网球和马术，重度手冲咖啡及黑胶唱片发烧友。,名下已有企业股权套现或分红现金，一次性全款付清，基本不加杠杆,非仁恒、绿城、万科等金牌开发商不买，极度看重高端精装质量与顶级物业的增值口碑。,每年11月至次年3月到此度过漫长冬季，极其依赖周边的康养及适老化服务。
三_2011_00860,三亚,2011,本地改善,45,男,1.8,11.4,0.35,24.4,4,1,否,B,agent,0.74,0.54,0.66,0.49,0.34,0.74,0.37,0.72,0.55,自住-改善,一室一厅,56,3269,区级税务局一级主办,三口之家(学龄段),三亚中环品质两居，车位及空间极其拥挤,小区无地下车库且人车不分流，小孩在楼下玩耍或者推婴儿车极为不安全。,讲究超高得房率（超85%），主卧套房必须配备独立步入式衣帽间与干湿分离双卫。,无需日常通勤，但要求30分钟内快捷通达凤凰机场或高铁站。,崇尚度假慢生活，清晨沙滩漫步，午后椰林下午茶，酷爱轻户外及后海冲浪。,名下持有一套旧两居，置换回款 65% + 个人理财储蓄补充 + 公积金商业贷,重性价比，不盲信大牌，但要求物业管理有序、绿化修剪及时、人防技防规范。,本地常住人口，四季生活规律，度假频次为常规年假出行。
三_2011_00861,三亚,2011,度假投资,48,女,9.6,111.2,0.4,208.5,3,1,否,A,research,0.85,0.33,1.0,0.66,0.43,0.49,0,0.15,0.85,投资-短期,三室一厅,120,8929,上市公司退休联合创始人,三口之家(学龄段),陆家嘴核心区江景大平层,无高端私密会所及管家式物业配套，圈层鱼龙混杂，高净值居住体验差。,要求有超大面宽南向双阳台（观景家政分离），主卧大飘窗能270度直面自然景观。,无需日常通勤，但要求30分钟内快捷通达凤凰机场或高铁站。,周末常去高端商圈消费，热衷打网球和马术，重度手冲咖啡及黑胶唱片发烧友。,名下已有企业股权套现或分红现金，一次性全款付清，基本不加杠杆,非仁恒、绿城、万科等金牌开发商不买，极度看重高端精装质量与顶级物业的增值口碑。,每年11月至次年3月到此度过漫长冬季，极其依赖周边的康养及适老化服务。
三_2011_00862,三亚,2011,外地候鸟-华北,57,男,5.1,48.8,0.5,73.2,2,0,否,B,network,0.4,0.45,0.94,0.73,0.76,0.69,0.06,0,0.49,度假,两室两厅,58,10079,北京三甲医院退休教授,高知退休康养,三亚中环品质两居，车位及空间极其拥挤,老小区隔音差，邻里滋扰严重，且车位严重匮乏，每晚加班回来抢车位像打仗。,要求独立电梯入户，主次卧动线分明，配备独立保姆房和私密后院。,无需日常通勤，但要求30分钟内快捷通达凤凰机场或高铁站。,崇尚度假慢生活，清晨沙滩漫步，午后椰林下午茶，酷爱轻户外及后海冲浪。,名下持有一套旧两居，置换回款 65% + 个人理财储蓄补充 + 公积金商业贷,重性价比，不盲信大牌，但要求物业管理有序、绿化修剪及时、人防技防规范。,每年11月至次年3月到此度过漫长冬季，极其依赖周边的康养及适老化服务。
三_2011_00863,三亚,2011,度假投资,44,男,4.0,51.6,0.4,96.7,3,2,否,A,research,0.92,0.4,0.87,0.74,0.42,0.32,0,0.05,0.78,度假,两室两厅,52,14574,高端海景资产收藏家,二胎黄金期中大户型,西湖边高精平层,无高端私密会所及管家式物业配套，圈层鱼龙混杂，高净值居住体验差。,要求独立电梯入户，主次卧动线分明，配备独立保姆房和私密后院。,无需日常通勤，但要求30分钟内快捷通达凤凰机场或高铁站。,周末常去高端商圈消费，热衷打网球和马术，重度手冲咖啡及黑胶唱片发烧友。,名下已有企业股权套现或分红现金，一次性全款付清，基本不加杠杆,非仁恒、绿城、万科等金牌开发商不买，极度看重高端精装质量与顶级物业的增值口碑。,每年11月至次年3月到此度过漫长冬季，极其依赖周边的康养及适老化服务。
三_2011_00864,三亚,2011,外地候鸟-西北,74,女,4.5,27.3,0.5,40.9,2,0,否,C,network,0.37,0.73,1,0.83,0.49,0.43,0.12,0.03,0.51,养老,两室两厅,76,4732,兰州煤炭物流运输企业主,高知退休康养,与父母同住，三代人拥挤在旧区小户型老房中,老小区隔音差，邻里滋扰严重，且车位严重匮乏，每晚加班回来抢车位像打仗。,要求独立电梯入户，主次卧动线分明，配备独立保姆房和私密后院。,无需日常通勤，但要求30分钟内快捷通达凤凰机场或高铁站。,崇尚度假慢生活，清晨沙滩漫步，午后椰林下午茶，酷爱轻户外及后海冲浪。,名下持有一套旧两居，置换回款 65% + 个人理财储蓄补充 + 公积金商业贷,重性价比，不盲信大牌，但要求物业管理有序、绿化修剪及时、人防技防规范。,每年11月至次年3月到此度过漫长冬季，极其依赖周边的康养及适老化服务。
三_2011_00865,三亚,2011,本地改善,31,女,3.7,25.2,0.35,53.9,4,1,是,B,agent,0.54,0.48,0.59,0.38,0.42,0.74,0.67,0.72,0.39,自住-改善,两室一厅,58,6057,区级税务局一级主办,三口之家(幼龄段),三亚中环品质两居，车位及空间极其拥挤,小区无地下车库且人车不分流，小孩在楼下玩耍或者推婴儿车极为不安全。,讲究超高得房率（超85%），主卧套房必须配备独立步入式衣帽间与干湿分离双卫。,无需日常通勤，但要求30分钟内快捷通达凤凰机场或高铁站。,崇尚度假慢生活，清晨沙滩漫步，午后椰林下午茶，酷爱轻户外及后海冲浪。,名下持有一套旧两居，置换回款 65% + 个人理财储蓄补充 + 公积金商业贷,重性价比，不盲信大牌，但要求物业管理有序、绿化修剪及时、人防技防规范。,本地常住人口，四季生活规律，度假频次为常规年假出行。
三_2011_00866,三亚,2011,度假投资,43,女,10.3,124.0,0.4,232.6,3,2,否,A,research,0.97,0.33,0.86,0.77,0.53,0.46,0,0,0.69,度假,三室两厅,103,12677,高端海景资产收藏家,二胎黄金期中大户型,陆家嘴核心区江景大平层,无高端私密会所及管家式物业配套，圈层鱼龙混杂，高净值居住体验差。,要求独立电梯入户，主次卧动线分明，配备独立保姆房和私密后院。,无需日常通勤，但要求30分钟内快捷通达凤凰机场或高铁站。,周末常去高端商圈消费，热衷打网球和马术，重度手冲咖啡及黑胶唱片发烧友。,名下已有企业股权套现或分红现金，一次性全款付清，基本不加杠杆,重性价比，不盲信大牌，但要求物业管理有序、绿化修剪及时、人防技防规范。,每年11月至次年3月到此度过漫长冬季，极其依赖周边的康养及适老化服务。
三_2011_00867,三亚,2011,度假投资,39,男,8.3,81.6,0.4,153.1,3,0,否,A,research,0.59,0.43,0.87,0.61,0.58,0.44,0.08,0,0.84,投资-短期,三室两厅,126,6704,高端海景资产收藏家,成熟期核心家庭,陆家嘴核心区江景大平层,无高端私密会所及管家式物业配套，圈层鱼龙混杂，高净值居住体验差。,要求有超大面宽南向双阳台（观景家政分离），主卧大飘窗能270度直面自然景观。,无需日常通勤，但要求30分钟内快捷通达凤凰机场或高铁站。,周末常去高端商圈消费，热衷打网球和马术，重度手冲咖啡及黑胶唱片发烧友。,名下已有企业股权套现或分红现金，一次性全款付清，基本不加杠杆,非仁恒、绿城、万科等金牌开发商不买，极度看重高端精装质量与顶级物业的增值口碑。,每年11月至次年3月到此度过漫长冬季，极其依赖周边的康养及适老化服务。
三_2011_00868,三亚,2011,本地改善,38,男,2.2,14.8,0.35,31.8,4,1,是,B,agent,0.81,0.59,0.6,0.28,0.39,0.74,0.4,0.57,0.38,自住-改善,两室两厅,77,3032,三甲医院主治医师,三口之家(学龄段),三亚中环品质两居，车位及空间极其拥挤,小区无地下车库且人车不分流，小孩在楼下玩耍或者推婴儿车极为不安全。,讲究超高得房率（超85%），主卧套房必须配备独立步入式衣帽间与干湿分离双卫。,无需日常通勤，但要求30分钟内快捷通达凤凰机场或高铁站。,崇尚度假慢生活，清晨沙滩漫步，午后椰林下午茶，酷爱轻户外及后海冲浪。,名下持有一套旧两居，置换回款 65% + 个人理财储蓄补充 + 公积金商业贷,重性价比，不盲信大牌，但要求物业管理有序、绿化修剪及时、人防技防规范。,本地常住人口，四季生活规律，度假频次为常规年假出行。
三_2011_00869,三亚,2011,外地候鸟-华北,70,女,5.6,40.7,0.5,61.0,2,1,否,B,network,0.31,0.68,0.93,0.82,0.59,0.49,0,0,0.46,度假,两室一厅,60,7822,央企总部退休总工,三口之家(学龄段),三亚中环品质两居，车位及空间极其拥挤,小区无地下车库且人车不分流，小孩在楼下玩耍或者推婴儿车极为不安全。,要求独立电梯入户，主次卧动线分明，配备独立保姆房和私密后院。,无需日常通勤，但要求30分钟内快捷通达凤凰机场或高铁站。,崇尚度假慢生活，清晨沙滩漫步，午后椰林下午茶，酷爱轻户外及后海冲浪。,名下持有一套旧两居，置换回款 65% + 个人理财储蓄补充 + 公积金商业贷,重性价比，不盲信大牌，但要求物业管理有序、绿化修剪及时、人防技防规范。,每年11月至次年3月到此度过漫长冬季，极其依赖周边的康养及适老化服务。
三_2011_00870,三亚,2011,外地候鸟-东北,64,男,4.1,33.2,0.5,49.9,2,0,否,C,network,0.11,0.59,1,0.68,0.61,0.51,0.13,0.07,0.49,养老,两室一厅,67,5726,沈阳大型重工企业退休副厂长,高知退休康养,与父母同住，三代人拥挤在旧区小户型老房中,老小区隔音差，邻里滋扰严重，且车位严重匮乏，每晚加班回来抢车位像打仗。,要求有超大面宽南向双阳台（观景家政分离），主卧大飘窗能270度直面自然景观。,无需日常通勤，但要求30分钟内快捷通达凤凰机场或高铁站。,崇尚度假慢生活，清晨沙滩漫步，午后椰林下午茶，酷爱轻户外及后海冲浪。,名下持有一套旧两居，置换回款 65% + 个人理财储蓄补充 + 公积金商业贷,重性价比，不盲信大牌，但要求物业管理有序、绿化修剪及时、人防技防规范。,每年11月至次年3月到此度过漫长冬季，极其依赖周边的康养及适老化服务。
三_2011_00871,三亚,2011,本地改善,30,男,1.2,6.3,0.35,13.5,3,1,否,B,agent,0.6,0.39,0.55,0.47,0.38,0.75,0.34,0.82,0.4,自住-改善,一室一厅,89,1084,国企中层管理,三口之家(幼龄段),三亚中环品质两居，车位及空间极其拥挤,小区无地下车库且人车不分流，小孩在楼下玩耍或者推婴儿车极为不安全。,讲究超高得房率（超85%），主卧套房必须配备独立步入式衣帽间与干湿分离双卫。,无需日常通勤，但要求30分钟内快捷通达凤凰机场或高铁站。,崇尚度假慢生活，清晨沙滩漫步，午后椰林下午茶，酷爱轻户外及后海冲浪。,名下持有一套旧两居，置换回款 65% + 个人理财储蓄补充 + 公积金商业贷,重性价比，不盲信大牌，但要求物业管理有序、绿化修剪及时、人防技防规范。,本地常住人口，四季生活规律，度假频次为常规年假出行。
三_2011_00872,三亚,2011,外地候鸟-华北,58,女,6.0,61.6,0.5,92.4,2,1,否,B,network,0.36,0.59,1,0.67,0.71,0.51,0.02,0,0.57,度假,两室一厅,82,9924,央企总部退休总工,三口之家(学龄段),三亚中环品质两居，车位及空间极其拥挤,小区无地下车库且人车不分流，小孩在楼下玩耍或者推婴儿车极为不安全。,要求有超大面宽南向双阳台（观景家政分离），主卧大飘窗能270度直面自然景观。,无需日常通勤，但要求30分钟内快捷通达凤凰机场或高铁站。,崇尚度假慢生活，清晨沙滩漫步，午后椰林下午茶，酷爱轻户外及后海冲浪。,名下持有一套旧两居，置换回款 65% + 个人理财储蓄补充 + 公积金商业贷,重性价比，不盲信大牌，但要求物业管理有序、绿化修剪及时、人防技防规范。,每年11月至次年3月到此度过漫长冬季，极其依赖周边的康养及适老化服务。
三_2011_00873,三亚,2011,外地候鸟-华北,57,男,2.4,22.1,0.5,33.1,2,0,否,B,network,0.27,0.49,0.99,0.56,0.62,0.57,0.01,0.06,0.6,度假,两室两厅,100,1815,北京三甲医院退休教授,高知退休康养,三亚中环品质两居，车位及空间极其拥挤,老小区隔音差，邻里滋扰严重，且车位严重匮乏，每晚加班回来抢车位像打仗。,要求有超大面宽南向双阳台（观景家政分离），主卧大飘窗能270度直面自然景观。,无需日常通勤，但要求30分钟内快捷通达凤凰机场或高铁站。,崇尚度假慢生活，清晨沙滩漫步，午后椰林下午茶，酷爱轻户外及后海冲浪。,名下持有一套旧两居，置换回款 65% + 个人理财储蓄补充 + 公积金商业贷,重性价比，不盲信大牌，但要求物业管理有序、绿化修剪及时、人防技防规范。,每年11月至次年3月到此度过漫长冬季，极其依赖周边的康养及适老化服务。
三_2011_00874,三亚,2011,外地候鸟-华北,73,男,4.5,28.8,0.5,43.2,3,0,否,B,network,0.51,0.61,0.95,0.74,0.45,0.48,0,0.17,0.48,度假,一室一厅,78,3207,北京三甲医院退休教授,高知退休康养,三亚中环品质两居，车位及空间极其拥挤,老小区隔音差，邻里滋扰严重，且车位严重匮乏，每晚加班回来抢车位像打仗。,要求独立电梯入户，主次卧动线分明，配备独立保姆房和私密后院。,无需日常通勤，但要求30分钟内快捷通达凤凰机场或高铁站。,崇尚度假慢生活，清晨沙滩漫步，午后椰林下午茶，酷爱轻户外及后海冲浪。,名下持有一套旧两居，置换回款 65% + 个人理财储蓄补充 + 公积金商业贷,重性价比，不盲信大牌，但要求物业管理有序、绿化修剪及时、人防技防规范。,每年11月至次年3月到此度过漫长冬季，极其依赖周边的康养及适老化服务。
三_2011_00875,三亚,2011,度假投资,55,男,8.7,69.8,0.4,130.9,2,2,否,A,research,0.93,0.26,0.8,0.46,0.53,0.55,0.11,0.14,0.72,投资-长持,两室一厅,72,15598,上市公司退休联合创始人,二胎黄金期中大户型,西湖边高精平层,无高端私密会所及管家式物业配套，圈层鱼龙混杂，高净值居住体验差。,要求有超大面宽南向双阳台（观景家政分离），主卧大飘窗能270度直面自然景观。,无需日常通勤，但要求30分钟内快捷通达凤凰机场或高铁站。,周末常去高端商圈消费，热衷打网球和马术，重度手冲咖啡及黑胶唱片发烧友。,名下已有企业股权套现或分红现金，一次性全款付清，基本不加杠杆,非仁恒、绿城、万科等金牌开发商不买，极度看重高端精装质量与顶级物业的增值口碑。,每年11月至次年3月到此度过漫长冬季，极其依赖周边的康养及适老化服务。
三_2011_00876,三亚,2011,度假投资,50,女,7.2,70.2,0.4,131.7,3,1,否,A,research,0.85,0.43,0.87,0.73,0.43,0.55,0,0.04,0.78,投资-短期,一室一厅,71,14324,知名中医药连锁投资人,三口之家(学龄段),西湖边高精平层,无高端私密会所及管家式物业配套，圈层鱼龙混杂，高净值居住体验差。,要求独立电梯入户，主次卧动线分明，配备独立保姆房和私密后院。,无需日常通勤，但要求30分钟内快捷通达凤凰机场或高铁站。,周末常去高端商圈消费，热衷打网球和马术，重度手冲咖啡及黑胶唱片发烧友。,名下已有企业股权套现或分红现金，一次性全款付清，基本不加杠杆,非仁恒、绿城、万科等金牌开发商不买，极度看重高端精装质量与顶级物业的增值口碑。,每年11月至次年3月到此度过漫长冬季，极其依赖周边的康养及适老化服务。
三_2011_00877,三亚,2011,本地改善,43,女,2.2,14.3,0.35,30.7,4,2,是,B,agent,0.76,0.61,0.55,0.39,0.4,0.79,0.44,0.63,0.35,自住-改善,两室两厅,63,2658,智能新能源车企研发骨干,二胎黄金期中大户型,三亚中环品质两居，车位及空间极其拥挤,小区无地下车库且人车不分流，小孩在楼下玩耍或者推婴儿车极为不安全。,讲究超高得房率（超85%），主卧套房必须配备独立步入式衣帽间与干湿分离双卫。,无需日常通勤，但要求30分钟内快捷通达凤凰机场或高铁站。,崇尚度假慢生活，清晨沙滩漫步，午后椰林下午茶，酷爱轻户外及后海冲浪。,名下持有一套旧两居，置换回款 65% + 个人理财储蓄补充 + 公积金商业贷,重性价比，不盲信大牌，但要求物业管理有序、绿化修剪及时、人防技防规范。,本地常住人口，四季生活规律，度假频次为常规年假出行。
三_2011_00878,三亚,2011,本地改善,50,女,2.9,14.3,0.35,30.6,4,1,是,B,agent,0.63,0.55,0.65,0.38,0.4,0.84,0.6,0.72,0.53,自住-改善,两室一厅,79,2562,智能新能源车企研发骨干,三口之家(学龄段),三亚中环品质两居，车位及空间极其拥挤,小区无地下车库且人车不分流，小孩在楼下玩耍或者推婴儿车极为不安全。,讲究超高得房率（超85%），主卧套房必须配备独立步入式衣帽间与干湿分离双卫。,无需日常通勤，但要求30分钟内快捷通达凤凰机场或高铁站。,崇尚度假慢生活，清晨沙滩漫步，午后椰林下午茶，酷爱轻户外及后海冲浪。,名下持有一套旧两居，置换回款 65% + 个人理财储蓄补充 + 公积金商业贷,重性价比，不盲信大牌，但要求物业管理有序、绿化修剪及时、人防技防规范。,本地常住人口，四季生活规律，度假频次为常规年假出行。
三_2011_00879,三亚,2011,外地候鸟-华北,69,女,3.4,20.8,0.5,31.3,2,1,否,B,network,0.41,0.48,0.96,0.83,0.71,0.43,0,0,0.41,度假,一室一厅,60,2860,北京三甲医院退休教授,三口之家(学龄段),三亚中环品质两居，车位及空间极其拥挤,小区无地下车库且人车不分流，小孩在楼下玩耍或者推婴儿车极为不安全。,要求独立电梯入户，主次卧动线分明，配备独立保姆房和私密后院。,无需日常通勤，但要求30分钟内快捷通达凤凰机场或高铁站。,崇尚度假慢生活，清晨沙滩漫步，午后椰林下午茶，酷爱轻户外及后海冲浪。,名下持有一套旧两居，置换回款 65% + 个人理财储蓄补充 + 公积金商业贷,重性价比，不盲信大牌，但要求物业管理有序、绿化修剪及时、人防技防规范。,每年11月至次年3月到此度过漫长冬季，极其依赖周边的康养及适老化服务。
三_2011_00880,三亚,2011,本地改善,38,女,2.6,14.1,0.35,30.3,4,1,否,B,agent,0.96,0.47,0.57,0.43,0.31,0.77,0.56,0.82,0.31,自住-改善,两室两厅,81,2557,国企中层管理,三口之家(学龄段),三亚中环品质两居，车位及空间极其拥挤,小区无地下车库且人车不分流，小孩在楼下玩耍或者推婴儿车极为不安全。,讲究超高得房率（超85%），主卧套房必须配备独立步入式衣帽间与干湿分离双卫。,无需日常通勤，但要求30分钟内快捷通达凤凰机场或高铁站。,崇尚度假慢生活，清晨沙滩漫步，午后椰林下午茶，酷爱轻户外及后海冲浪。,名下持有一套旧两居，置换回款 65% + 个人理财储蓄补充 + 公积金商业贷,重性价比，不盲信大牌，但要求物业管理有序、绿化修剪及时、人防技防规范。,本地常住人口，四季生活规律，度假频次为常规年假出行。
三_2011_00881,三亚,2011,外地候鸟-华北,60,男,3.9,22.2,0.5,33.3,4,0,是,B,network,0.47,0.32,0.99,0.67,0.65,0.43,0.13,0,0.47,度假,两室两厅,75,3261,北京三甲医院退休教授,高知退休康养,三亚中环品质两居，车位及空间极其拥挤,当前房屋属于旧多层无电梯房，父母年纪渐高每天爬楼梯极为吃力。,要求有超大面宽南向双阳台（观景家政分离），主卧大飘窗能270度直面自然景观。,无需日常通勤，但要求30分钟内快捷通达凤凰机场或高铁站。,崇尚度假慢生活，清晨沙滩漫步，午后椰林下午茶，酷爱轻户外及后海冲浪。,名下持有一套旧两居，置换回款 65% + 个人理财储蓄补充 + 公积金商业贷,重性价比，不盲信大牌，但要求物业管理有序、绿化修剪及时、人防技防规范。,每年11月至次年3月到此度过漫长冬季，极其依赖周边的康养及适老化服务。
三_2011_00882,三亚,2011,度假投资,50,男,6.3,51.0,0.4,95.7,3,1,否,A,research,0.78,0.47,0.91,0.69,0.59,0.47,0,0,0.81,投资-短期,一室一厅,77,10161,知名中医药连锁投资人,三口之家(学龄段),陆家嘴核心区江景大平层,无高端私密会所及管家式物业配套，圈层鱼龙混杂，高净值居住体验差。,要求有超大面宽南向双阳台（观景家政分离），主卧大飘窗能270度直面自然景观。,无需日常通勤，但要求30分钟内快捷通达凤凰机场或高铁站。,周末常去高端商圈消费，热衷打网球和马术，重度手冲咖啡及黑胶唱片发烧友。,名下已有企业股权套现或分红现金，一次性全款付清，基本不加杠杆,非仁恒、绿城、万科等金牌开发商不买，极度看重高端精装质量与顶级物业的增值口碑。,每年11月至次年3月到此度过漫长冬季，极其依赖周边的康养及适老化服务。
三_2011_00883,三亚,2011,度假投资,50,女,3.2,23.2,0.4,43.5,2,1,否,A,research,0.83,0.44,0.74,0.76,0.63,0.44,0,0.01,0.85,投资-短期,两室两厅,75,3358,上市公司退休联合创始人,三口之家(学龄段),陆家嘴核心区江景大平层,无高端私密会所及管家式物业配套，圈层鱼龙混杂，高净值居住体验差。,要求独立电梯入户，主次卧动线分明，配备独立保姆房和私密后院。,无需日常通勤，但要求30分钟内快捷通达凤凰机场或高铁站。,周末常去高端商圈消费，热衷打网球和马术，重度手冲咖啡及黑胶唱片发烧友。,名下已有企业股权套现或分红现金，一次性全款付清，基本不加杠杆,非仁恒、绿城、万科等金牌开发商不买，极度看重高端精装质量与顶级物业的增值口碑。,每年11月至次年3月到此度过漫长冬季，极其依赖周边的康养及适老化服务。
三_2011_00884,三亚,2011,外地候鸟-华北,64,男,5.1,33.4,0.5,50.1,2,0,否,B,network,0.5,0.46,1,0.72,0.57,0.68,0,0,0.51,度假,一室一厅,98,3618,北京三甲医院退休教授,高知退休康养,三亚中环品质两居，车位及空间极其拥挤,老小区隔音差，邻里滋扰严重，且车位严重匮乏，每晚加班回来抢车位像打仗。,要求独立电梯入户，主次卧动线分明，配备独立保姆房和私密后院。,无需日常通勤，但要求30分钟内快捷通达凤凰机场或高铁站。,崇尚度假慢生活，清晨沙滩漫步，午后椰林下午茶，酷爱轻户外及后海冲浪。,名下持有一套旧两居，置换回款 65% + 个人理财储蓄补充 + 公积金商业贷,重性价比，不盲信大牌，但要求物业管理有序、绿化修剪及时、人防技防规范。,每年11月至次年3月到此度过漫长冬季，极其依赖周边的康养及适老化服务。
三_2011_00885,三亚,2011,外地候鸟-东北,60,男,2.7,14.2,0.5,21.3,3,1,否,C,network,0.2,0.66,0.99,0.64,0.46,0.55,0,0.16,0.51,度假,两室一厅,57,1879,哈尔滨私营物流老板,三口之家(学龄段),与父母同住，三代人拥挤在旧区小户型老房中,小区无地下车库且人车不分流，小孩在楼下玩耍或者推婴儿车极为不安全。,要求有超大面宽南向双阳台（观景家政分离），主卧大飘窗能270度直面自然景观。,无需日常通勤，但要求30分钟内快捷通达凤凰机场或高铁站。,崇尚度假慢生活，清晨沙滩漫步，午后椰林下午茶，酷爱轻户外及后海冲浪。,名下持有一套旧两居，置换回款 65% + 个人理财储蓄补充 + 公积金商业贷,重性价比，不盲信大牌，但要求物业管理有序、绿化修剪及时、人防技防规范。,每年11月至次年3月到此度过漫长冬季，极其依赖周边的康养及适老化服务。
三_2011_00886,三亚,2011,本地改善,48,女,1.7,9.4,0.35,20.2,4,1,否,B,agent,0.96,0.56,0.75,0.41,0.47,0.78,0.61,0.78,0.53,自住-改善,两室一厅,79,1541,智能新能源车企研发骨干,三口之家(学龄段),三亚中环品质两居，车位及空间极其拥挤,小区无地下车库且人车不分流，小孩在楼下玩耍或者推婴儿车极为不安全。,要求有超大面宽南向双阳台（观景家政分离），主卧大飘窗能270度直面自然景观。,无需日常通勤，但要求30分钟内快捷通达凤凰机场或高铁站。,崇尚度假慢生活，清晨沙滩漫步，午后椰林下午茶，酷爱轻户外及后海冲浪。,名下持有一套旧两居，置换回款 65% + 个人理财储蓄补充 + 公积金商业贷,重性价比，不盲信大牌，但要求物业管理有序、绿化修剪及时、人防技防规范。,本地常住人口，四季生活规律，度假频次为常规年假出行。
三_2011_00887,三亚,2011,外地候鸟-华北,62,女,5.7,47.0,0.5,70.6,1,0,是,B,network,0.45,0.53,0.95,0.66,0.53,0.53,0,0,0.42,度假,两室两厅,87,6889,高校资深硕导,高知退休康养,三亚中环品质两居，车位及空间极其拥挤,当前房屋属于旧多层无电梯房，父母年纪渐高每天爬楼梯极为吃力。,要求有超大面宽南向双阳台（观景家政分离），主卧大飘窗能270度直面自然景观。,无需日常通勤，但要求30分钟内快捷通达凤凰机场或高铁站。,崇尚度假慢生活，清晨沙滩漫步，午后椰林下午茶，酷爱轻户外及后海冲浪。,名下持有一套旧两居，置换回款 65% + 个人理财储蓄补充 + 公积金商业贷,重性价比，不盲信大牌，但要求物业管理有序、绿化修剪及时、人防技防规范。,每年11月至次年3月到此度过漫长冬季，极其依赖周边的康养及适老化服务。
三_2011_00888,三亚,2011,本地改善,32,男,1.6,12.1,0.35,25.9,3,0,是,B,agent,0.98,0.59,0.6,0.38,0.31,0.75,0.57,0.73,0.36,自住-改善,一室一厅,61,2937,三甲医院主治医师,新婚过渡两居,三亚中环品质两居，车位及空间极其拥挤,当前房屋属于旧多层无电梯房，父母年纪渐高每天爬楼梯极为吃力。,讲究超高得房率（超85%），主卧套房必须配备独立步入式衣帽间与干湿分离双卫。,无需日常通勤，但要求30分钟内快捷通达凤凰机场或高铁站。,崇尚度假慢生活，清晨沙滩漫步，午后椰林下午茶，酷爱轻户外及后海冲浪。,名下持有一套旧两居，置换回款 65% + 个人理财储蓄补充 + 公积金商业贷,重性价比，不盲信大牌，但要求物业管理有序、绿化修剪及时、人防技防规范。,本地常住人口，四季生活规律，度假频次为常规年假出行。
三_2011_00889,三亚,2011,本地改善,37,女,1.3,7.4,0.35,16.0,4,0,是,B,agent,0.9,0.48,0.59,0.49,0.28,0.63,0.58,0.79,0.46,自住-改善,两室两厅,95,950,国企中层管理,成熟期核心家庭,三亚中环品质两居，车位及空间极其拥挤,当前房屋属于旧多层无电梯房，父母年纪渐高每天爬楼梯极为吃力。,核心要求地块属于第一梯队名校学区，且周边500米内解决幼小衔接教育配套。,无需日常通勤，但要求30分钟内快捷通达凤凰机场或高铁站。,崇尚度假慢生活，清晨沙滩漫步，午后椰林下午茶，酷爱轻户外及后海冲浪。,名下持有一套旧两居，置换回款 65% + 个人理财储蓄补充 + 公积金商业贷,重性价比，不盲信大牌，但要求物业管理有序、绿化修剪及时、人防技防规范。,本地常住人口，四季生活规律，度假频次为常规年假出行。
三_2011_00890,三亚,2011,外地候鸟-华北,69,男,7.5,76.6,0.5,114.9,2,0,否,B,network,0.64,0.46,0.89,0.58,0.47,0.5,0,0.1,0.54,度假,一室一厅,93,6231,央企总部退休总工,高知退休康养,三亚中环品质两居，车位及空间极其拥挤,老小区隔音差，邻里滋扰严重，且车位严重匮乏，每晚加班回来抢车位像打仗。,要求有超大面宽南向双阳台（观景家政分离），主卧大飘窗能270度直面自然景观。,无需日常通勤，但要求30分钟内快捷通达凤凰机场或高铁站。,崇尚度假慢生活，清晨沙滩漫步，午后椰林下午茶，酷爱轻户外及后海冲浪。,名下持有一套旧两居，置换回款 65% + 个人理财储蓄补充 + 公积金商业贷,重性价比，不盲信大牌，但要求物业管理有序、绿化修剪及时、人防技防规范。,每年11月至次年3月到此度过漫长冬季，极其依赖周边的康养及适老化服务。
三_2011_00891,三亚,2011,本地改善,42,女,1.4,6.2,0.35,13.3,5,0,是,B,agent,0.61,0.67,0.63,0.33,0.37,0.73,0.54,0.69,0.49,自住-改善,一室一厅,66,1190,三甲医院主治医师,成熟期核心家庭,三亚中环品质两居，车位及空间极其拥挤,当前房屋属于旧多层无电梯房，父母年纪渐高每天爬楼梯极为吃力。,讲究超高得房率（超85%），主卧套房必须配备独立步入式衣帽间与干湿分离双卫。,无需日常通勤，但要求30分钟内快捷通达凤凰机场或高铁站。,崇尚度假慢生活，清晨沙滩漫步，午后椰林下午茶，酷爱轻户外及后海冲浪。,名下持有一套旧两居，置换回款 65% + 个人理财储蓄补充 + 公积金商业贷,重性价比，不盲信大牌，但要求物业管理有序、绿化修剪及时、人防技防规范。,本地常住人口，四季生活规律，度假频次为常规年假出行。
三_2011_00892,三亚,2011,外地候鸟-西北,74,男,2.0,11.9,0.5,17.9,1,1,否,C,network,0.05,0.63,0.87,0.66,0.36,0.53,0.02,0,0.43,度假,两室一厅,95,1220,西安设计院退休总建筑师,三口之家(学龄段),与父母同住，三代人拥挤在旧区小户型老房中,小区无地下车库且人车不分流，小孩在楼下玩耍或者推婴儿车极为不安全。,要求有超大面宽南向双阳台（观景家政分离），主卧大飘窗能270度直面自然景观。,无需日常通勤，但要求30分钟内快捷通达凤凰机场或高铁站。,崇尚度假慢生活，清晨沙滩漫步，午后椰林下午茶，酷爱轻户外及后海冲浪。,名下持有一套旧两居，置换回款 65% + 个人理财储蓄补充 + 公积金商业贷,重性价比，不盲信大牌，但要求物业管理有序、绿化修剪及时、人防技防规范。,每年11月至次年3月到此度过漫长冬季，极其依赖周边的康养及适老化服务。
三_2011_00893,三亚,2011,本地改善,36,男,1.4,10.3,0.35,22.1,4,1,是,B,agent,0.71,0.53,0.59,0.41,0.45,0.86,0.49,0.74,0.4,自住-改善,两室两厅,92,1713,区级税务局一级主办,三口之家(幼龄段),三亚中环品质两居，车位及空间极其拥挤,小区无地下车库且人车不分流，小孩在楼下玩耍或者推婴儿车极为不安全。,讲究超高得房率（超85%），主卧套房必须配备独立步入式衣帽间与干湿分离双卫。,无需日常通勤，但要求30分钟内快捷通达凤凰机场或高铁站。,崇尚度假慢生活，清晨沙滩漫步，午后椰林下午茶，酷爱轻户外及后海冲浪。,名下持有一套旧两居，置换回款 65% + 个人理财储蓄补充 + 公积金商业贷,重性价比，不盲信大牌，但要求物业管理有序、绿化修剪及时、人防技防规范。,本地常住人口，四季生活规律，度假频次为常规年假出行。
三_2011_00894,三亚,2011,本地改善,32,女,2.7,17.5,0.35,37.4,3,1,是,B,agent,0.56,0.55,0.67,0.56,0.34,0.79,0.61,0.69,0.5,自住-改善,两室一厅,84,3474,三甲医院主治医师,三口之家(幼龄段),三亚中环品质两居，车位及空间极其拥挤,小区无地下车库且人车不分流，小孩在楼下玩耍或者推婴儿车极为不安全。,讲究超高得房率（超85%），主卧套房必须配备独立步入式衣帽间与干湿分离双卫。,无需日常通勤，但要求30分钟内快捷通达凤凰机场或高铁站。,崇尚度假慢生活，清晨沙滩漫步，午后椰林下午茶，酷爱轻户外及后海冲浪。,名下持有一套旧两居，置换回款 65% + 个人理财储蓄补充 + 公积金商业贷,重性价比，不盲信大牌，但要求物业管理有序、绿化修剪及时、人防技防规范。,本地常住人口，四季生活规律，度假频次为常规年假出行。
三_2011_00895,三亚,2011,度假投资,46,男,6.7,66.6,0.4,124.9,3,0,否,A,research,1,0.35,0.94,0.52,0.57,0.38,0.0,0,0.75,投资-短期,一室一厅,94,9781,上市公司退休联合创始人,成熟期核心家庭,陆家嘴核心区江景大平层,无高端私密会所及管家式物业配套，圈层鱼龙混杂，高净值居住体验差。,要求有超大面宽南向双阳台（观景家政分离），主卧大飘窗能270度直面自然景观。,无需日常通勤，但要求30分钟内快捷通达凤凰机场或高铁站。,周末常去高端商圈消费，热衷打网球和马术，重度手冲咖啡及黑胶唱片发烧友。,名下已有企业股权套现或分红现金，一次性全款付清，基本不加杠杆,非仁恒、绿城、万科等金牌开发商不买，极度看重高端精装质量与顶级物业的增值口碑。,每年11月至次年3月到此度过漫长冬季，极其依赖周边的康养及适老化服务。
三_2011_00896,三亚,2011,外地候鸟-华北,75,男,1.5,13.7,0.5,20.5,1,0,否,B,network,0.39,0.66,0.95,0.75,0.56,0.51,0.12,0,0.37,养老,两室一厅,92,1987,高校资深硕导,高知退休康养,三亚中环品质两居，车位及空间极其拥挤,老小区隔音差，邻里滋扰严重，且车位严重匮乏，每晚加班回来抢车位像打仗。,要求独立电梯入户，主次卧动线分明，配备独立保姆房和私密后院。,无需日常通勤，但要求30分钟内快捷通达凤凰机场或高铁站。,崇尚度假慢生活，清晨沙滩漫步，午后椰林下午茶，酷爱轻户外及后海冲浪。,名下持有一套旧两居，置换回款 65% + 个人理财储蓄补充 + 公积金商业贷,重性价比，不盲信大牌，但要求物业管理有序、绿化修剪及时、人防技防规范。,每年11月至次年3月到此度过漫长冬季，极其依赖周边的康养及适老化服务。
三_2011_00897,三亚,2011,本地改善,35,男,1.2,5.3,0.35,11.4,4,2,否,B,agent,0.82,0.57,0.67,0.5,0.39,0.75,0.25,0.77,0.41,自住-改善,两室一厅,66,1437,重点中学高级教师,二胎黄金期中大户型,三亚中环品质两居，车位及空间极其拥挤,小区无地下车库且人车不分流，小孩在楼下玩耍或者推婴儿车极为不安全。,讲究超高得房率（超85%），主卧套房必须配备独立步入式衣帽间与干湿分离双卫。,无需日常通勤，但要求30分钟内快捷通达凤凰机场或高铁站。,崇尚度假慢生活，清晨沙滩漫步，午后椰林下午茶，酷爱轻户外及后海冲浪。,名下持有一套旧两居，置换回款 65% + 个人理财储蓄补充 + 公积金商业贷,重性价比，不盲信大牌，但要求物业管理有序、绿化修剪及时、人防技防规范。,本地常住人口，四季生活规律，度假频次为常规年假出行。
三_2011_00898,三亚,2011,度假投资,45,女,8.9,89.3,0.4,167.4,3,1,否,A,research,0.82,0.39,0.85,0.67,0.53,0.42,0.07,0,0.78,度假,两室两厅,113,12931,知名中医药连锁投资人,三口之家(学龄段),西湖边高精平层,无高端私密会所及管家式物业配套，圈层鱼龙混杂，高净值居住体验差。,要求有超大面宽南向双阳台（观景家政分离），主卧大飘窗能270度直面自然景观。,无需日常通勤，但要求30分钟内快捷通达凤凰机场或高铁站。,周末常去高端商圈消费，热衷打网球和马术，重度手冲咖啡及黑胶唱片发烧友。,名下已有企业股权套现或分红现金，一次性全款付清，基本不加杠杆,非仁恒、绿城、万科等金牌开发商不买，极度看重高端精装质量与顶级物业的增值口碑。,每年11月至次年3月到此度过漫长冬季，极其依赖周边的康养及适老化服务。
三_2011_00899,三亚,2011,高净值康养,61,男,27.8,258.2,0.6,322.7,2,0,否,A,network,0.6,0.28,0.99,1,0.87,0.44,0,0.09,0.79,养老,四室两厅,182,13798,知名中医药连锁投资人,高知退休康养,市中心私密洋房住宅,无高端私密会所及管家式物业配套，圈层鱼龙混杂，高净值居住体验差。,要求独立电梯入户，主次卧动线分明，配备独立保姆房和私密后院。,无需日常通勤，但要求30分钟内快捷通达凤凰机场或高铁站。,周末常去高端商圈消费，热衷打网球和马术，重度手冲咖啡及黑胶唱片发烧友。,名下已有企业股权套现或分红现金，一次性全款付清，基本不加杠杆,非仁恒、绿城、万科等金牌开发商不买，极度看重高端精装质量与顶级物业的增值口碑。,本地常住人口，四季生活规律，度假频次为常规年假出行。
三_2011_00900,三亚,2011,本地改善,49,男,2.8,18.0,0.35,38.5,4,1,是,B,agent,0.9,0.56,0.62,0.48,0.36,0.88,0.47,0.77,0.6,自住-改善,两室一厅,70,4011,国企中层管理,三口之家(学龄段),三亚中环品质两居，车位及空间极其拥挤,小区无地下车库且人车不分流，小孩在楼下玩耍或者推婴儿车极为不安全。,讲究超高得房率（超85%），主卧套房必须配备独立步入式衣帽间与干湿分离双卫。,无需日常通勤，但要求30分钟内快捷通达凤凰机场或高铁站。,崇尚度假慢生活，清晨沙滩漫步，午后椰林下午茶，酷爱轻户外及后海冲浪。,名下持有一套旧两居，置换回款 65% + 个人理财储蓄补充 + 公积金商业贷,重性价比，不盲信大牌，但要求物业管理有序、绿化修剪及时、人防技防规范。,本地常住人口，四季生活规律，度假频次为常规年假出行。
三_2011_00901,三亚,2011,本地改善,36,女,3.5,19.5,0.35,41.8,3,0,否,B,agent,0.72,0.61,0.5,0.53,0.52,0.74,0.55,0.71,0.5,自住-改善,两室两厅,73,4481,重点中学高级教师,成熟期核心家庭,三亚中环品质两居，车位及空间极其拥挤,老小区隔音差，邻里滋扰严重，且车位严重匮乏，每晚加班回来抢车位像打仗。,讲究超高得房率（超85%），主卧套房必须配备独立步入式衣帽间与干湿分离双卫。,无需日常通勤，但要求30分钟内快捷通达凤凰机场或高铁站。,崇尚度假慢生活，清晨沙滩漫步，午后椰林下午茶，酷爱轻户外及后海冲浪。,名下持有一套旧两居，置换回款 65% + 个人理财储蓄补充 + 公积金商业贷,重性价比，不盲信大牌，但要求物业管理有序、绿化修剪及时、人防技防规范。,本地常住人口，四季生活规律，度假频次为常规年假出行。
三_2011_00902,三亚,2011,度假投资,48,男,12.0,93.6,0.4,175.6,3,0,否,A,research,0.9,0.43,0.9,0.72,0.53,0.38,0,0.03,0.73,投资-短期,三室两厅,121,11728,高端海景资产收藏家,成熟期核心家庭,西湖边高精平层,无高端私密会所及管家式物业配套，圈层鱼龙混杂，高净值居住体验差。,要求独立电梯入户，主次卧动线分明，配备独立保姆房和私密后院。,无需日常通勤，但要求30分钟内快捷通达凤凰机场或高铁站。,周末常去高端商圈消费，热衷打网球和马术，重度手冲咖啡及黑胶唱片发烧友。,名下已有企业股权套现或分红现金，一次性全款付清，基本不加杠杆,非仁恒、绿城、万科等金牌开发商不买，极度看重高端精装质量与顶级物业的增值口碑。,每年11月至次年3月到此度过漫长冬季，极其依赖周边的康养及适老化服务。
三_2011_00903,三亚,2011,本地改善,31,女,2.5,13.2,0.35,28.4,4,0,否,B,agent,0.87,0.62,0.56,0.48,0.32,0.79,0.52,0.7,0.42,自住-改善,两室一厅,95,2619,国企中层管理,新婚过渡两居,三亚中环品质两居，车位及空间极其拥挤,老小区隔音差，邻里滋扰严重，且车位严重匮乏，每晚加班回来抢车位像打仗。,讲究超高得房率（超85%），主卧套房必须配备独立步入式衣帽间与干湿分离双卫。,无需日常通勤，但要求30分钟内快捷通达凤凰机场或高铁站。,崇尚度假慢生活，清晨沙滩漫步，午后椰林下午茶，酷爱轻户外及后海冲浪。,名下持有一套旧两居，置换回款 65% + 个人理财储蓄补充 + 公积金商业贷,重性价比，不盲信大牌，但要求物业管理有序、绿化修剪及时、人防技防规范。,本地常住人口，四季生活规律，度假频次为常规年假出行。
三_2011_00904,三亚,2011,本地改善,35,男,2.3,14.6,0.35,31.4,5,0,是,B,agent,0.66,0.54,0.58,0.44,0.41,0.89,0.64,0.67,0.63,自住-改善,两室两厅,60,3956,智能新能源车企研发骨干,新婚过渡两居,三亚中环品质两居，车位及空间极其拥挤,当前房屋属于旧多层无电梯房，父母年纪渐高每天爬楼梯极为吃力。,讲究超高得房率（超85%），主卧套房必须配备独立步入式衣帽间与干湿分离双卫。,无需日常通勤，但要求30分钟内快捷通达凤凰机场或高铁站。,崇尚度假慢生活，清晨沙滩漫步，午后椰林下午茶，酷爱轻户外及后海冲浪。,名下持有一套旧两居，置换回款 65% + 个人理财储蓄补充 + 公积金商业贷,重性价比，不盲信大牌，但要求物业管理有序、绿化修剪及时、人防技防规范。,本地常住人口，四季生活规律，度假频次为常规年假出行。
三_2011_00905,三亚,2011,度假投资,41,女,3.4,31.3,0.4,58.7,3,0,否,A,research,0.99,0.36,0.83,0.68,0.61,0.33,0,0,0.78,投资-短期,两室两厅,96,3319,高端海景资产收藏家,成熟期核心家庭,市中心私密洋房住宅,无高端私密会所及管家式物业配套，圈层鱼龙混杂，高净值居住体验差。,要求有超大面宽南向双阳台（观景家政分离），主卧大飘窗能270度直面自然景观。,无需日常通勤，但要求30分钟内快捷通达凤凰机场或高铁站。,周末常去高端商圈消费，热衷打网球和马术，重度手冲咖啡及黑胶唱片发烧友。,名下已有企业股权套现或分红现金，一次性全款付清，基本不加杠杆,非仁恒、绿城、万科等金牌开发商不买，极度看重高端精装质量与顶级物业的增值口碑。,每年11月至次年3月到此度过漫长冬季，极其依赖周边的康养及适老化服务。
三_2011_00906,三亚,2011,外地候鸟-华北,68,女,5.7,39.6,0.5,59.4,2,0,否,B,network,0.5,0.52,0.96,0.65,0.59,0.41,0.06,0.14,0.59,度假,两室两厅,54,9880,北京三甲医院退休教授,高知退休康养,三亚中环品质两居，车位及空间极其拥挤,老小区隔音差，邻里滋扰严重，且车位严重匮乏，每晚加班回来抢车位像打仗。,要求有超大面宽南向双阳台（观景家政分离），主卧大飘窗能270度直面自然景观。,无需日常通勤，但要求30分钟内快捷通达凤凰机场或高铁站。,崇尚度假慢生活，清晨沙滩漫步，午后椰林下午茶，酷爱轻户外及后海冲浪。,名下持有一套旧两居，置换回款 65% + 个人理财储蓄补充 + 公积金商业贷,重性价比，不盲信大牌，但要求物业管理有序、绿化修剪及时、人防技防规范。,每年11月至次年3月到此度过漫长冬季，极其依赖周边的康养及适老化服务。
三_2011_00907,三亚,2011,本地改善,32,男,2.0,10.4,0.35,22.4,3,1,否,B,agent,0.62,0.52,0.62,0.41,0.37,0.85,0.58,0.58,0.58,自住-改善,一室一厅,59,2280,重点中学高级教师,三口之家(幼龄段),三亚中环品质两居，车位及空间极其拥挤,小区无地下车库且人车不分流，小孩在楼下玩耍或者推婴儿车极为不安全。,讲究超高得房率（超85%），主卧套房必须配备独立步入式衣帽间与干湿分离双卫。,无需日常通勤，但要求30分钟内快捷通达凤凰机场或高铁站。,崇尚度假慢生活，清晨沙滩漫步，午后椰林下午茶，酷爱轻户外及后海冲浪。,名下持有一套旧两居，置换回款 65% + 个人理财储蓄补充 + 公积金商业贷,重性价比，不盲信大牌，但要求物业管理有序、绿化修剪及时、人防技防规范。,本地常住人口，四季生活规律，度假频次为常规年假出行。
三_2011_00908,三亚,2011,度假投资,51,女,7.2,91.0,0.4,170.5,3,2,否,A,research,0.87,0.4,0.81,0.62,0.41,0.48,0.04,0,0.62,投资-短期,两室两厅,111,10698,上市公司退休联合创始人,二胎黄金期中大户型,陆家嘴核心区江景大平层,无高端私密会所及管家式物业配套，圈层鱼龙混杂，高净值居住体验差。,要求有超大面宽南向双阳台（观景家政分离），主卧大飘窗能270度直面自然景观。,无需日常通勤，但要求30分钟内快捷通达凤凰机场或高铁站。,周末常去高端商圈消费，热衷打网球和马术，重度手冲咖啡及黑胶唱片发烧友。,名下已有企业股权套现或分红现金，一次性全款付清，基本不加杠杆,重性价比，不盲信大牌，但要求物业管理有序、绿化修剪及时、人防技防规范。,每年11月至次年3月到此度过漫长冬季，极其依赖周边的康养及适老化服务。
三_2011_00909,三亚,2011,度假投资,54,男,12.8,142.6,0.4,267.4,3,1,否,A,research,1,0.34,0.77,0.54,0.51,0.46,0,0,0.83,投资-长持,三室一厅,106,12947,高端海景资产收藏家,三口之家(学龄段),市中心私密洋房住宅,无高端私密会所及管家式物业配套，圈层鱼龙混杂，高净值居住体验差。,要求有超大面宽南向双阳台（观景家政分离），主卧大飘窗能270度直面自然景观。,无需日常通勤，但要求30分钟内快捷通达凤凰机场或高铁站。,周末常去高端商圈消费，热衷打网球和马术，重度手冲咖啡及黑胶唱片发烧友。,名下已有企业股权套现或分红现金，一次性全款付清，基本不加杠杆,非仁恒、绿城、万科等金牌开发商不买，极度看重高端精装质量与顶级物业的增值口碑。,每年11月至次年3月到此度过漫长冬季，极其依赖周边的康养及适老化服务。
三_2011_00910,三亚,2011,外地候鸟-华北,71,女,4.1,34.7,0.5,52.1,2,0,否,B,network,0.44,0.54,0.78,0.71,0.59,0.55,0.14,0.02,0.35,养老,一室一厅,68,4267,央企总部退休总工,高知退休康养,三亚中环品质两居，车位及空间极其拥挤,老小区隔音差，邻里滋扰严重，且车位严重匮乏，每晚加班回来抢车位像打仗。,要求独立电梯入户，主次卧动线分明，配备独立保姆房和私密后院。,无需日常通勤，但要求30分钟内快捷通达凤凰机场或高铁站。,崇尚度假慢生活，清晨沙滩漫步，午后椰林下午茶，酷爱轻户外及后海冲浪。,名下持有一套旧两居，置换回款 65% + 个人理财储蓄补充 + 公积金商业贷,重性价比，不盲信大牌，但要求物业管理有序、绿化修剪及时、人防技防规范。,每年11月至次年3月到此度过漫长冬季，极其依赖周边的康养及适老化服务。
三_2011_00911,三亚,2011,度假投资,39,女,9.0,76.5,0.4,143.5,2,1,否,A,research,0.82,0.4,0.98,0.52,0.51,0.43,0.05,0,0.67,投资-短期,一室一厅,85,10187,上市公司退休联合创始人,三口之家(学龄段),西湖边高精平层,无高端私密会所及管家式物业配套，圈层鱼龙混杂，高净值居住体验差。,要求有超大面宽南向双阳台（观景家政分离），主卧大飘窗能270度直面自然景观。,无需日常通勤，但要求30分钟内快捷通达凤凰机场或高铁站。,周末常去高端商圈消费，热衷打网球和马术，重度手冲咖啡及黑胶唱片发烧友。,名下已有企业股权套现或分红现金，一次性全款付清，基本不加杠杆,重性价比，不盲信大牌，但要求物业管理有序、绿化修剪及时、人防技防规范。,每年11月至次年3月到此度过漫长冬季，极其依赖周边的康养及适老化服务。
三_2011_00912,三亚,2011,外地候鸟-华北,68,女,2.7,16.0,0.5,24.0,2,0,否,B,network,0.33,0.49,0.98,0.77,0.47,0.45,0,0.01,0.51,养老,一室一厅,50,3564,北京三甲医院退休教授,高知退休康养,三亚中环品质两居，车位及空间极其拥挤,老小区隔音差，邻里滋扰严重，且车位严重匮乏，每晚加班回来抢车位像打仗。,要求独立电梯入户，主次卧动线分明，配备独立保姆房和私密后院。,无需日常通勤，但要求30分钟内快捷通达凤凰机场或高铁站。,崇尚度假慢生活，清晨沙滩漫步，午后椰林下午茶，酷爱轻户外及后海冲浪。,名下持有一套旧两居，置换回款 65% + 个人理财储蓄补充 + 公积金商业贷,重性价比，不盲信大牌，但要求物业管理有序、绿化修剪及时、人防技防规范。,每年11月至次年3月到此度过漫长冬季，极其依赖周边的康养及适老化服务。
三_2011_00913,三亚,2011,本地改善,48,女,1.3,8.2,0.35,17.6,5,1,否,B,agent,0.68,0.68,0.6,0.52,0.3,0.65,0.43,0.68,0.53,自住-改善,一室一厅,85,1461,智能新能源车企研发骨干,三口之家(学龄段),三亚中环品质两居，车位及空间极其拥挤,小区无地下车库且人车不分流，小孩在楼下玩耍或者推婴儿车极为不安全。,要求采光通透，全明户型，带多功能嵌入式收纳墙以最大化空间利用。,无需日常通勤，但要求30分钟内快捷通达凤凰机场或高铁站。,崇尚度假慢生活，清晨沙滩漫步，午后椰林下午茶，酷爱轻户外及后海冲浪。,名下持有一套旧两居，置换回款 65% + 个人理财储蓄补充 + 公积金商业贷,重性价比，不盲信大牌，但要求物业管理有序、绿化修剪及时、人防技防规范。,本地常住人口，四季生活规律，度假频次为常规年假出行。
三_2011_00914,三亚,2011,外地候鸟-东北,78,男,5.1,41.3,0.5,62.0,3,0,否,C,network,0.29,0.58,0.81,0.62,0.34,0.49,0.03,0,0.47,养老,两室两厅,84,6087,哈尔滨私营物流老板,高知退休康养,与父母同住，三代人拥挤在旧区小户型老房中,老小区隔音差，邻里滋扰严重，且车位严重匮乏，每晚加班回来抢车位像打仗。,要求有超大面宽南向双阳台（观景家政分离），主卧大飘窗能270度直面自然景观。,无需日常通勤，但要求30分钟内快捷通达凤凰机场或高铁站。,崇尚度假慢生活，清晨沙滩漫步，午后椰林下午茶，酷爱轻户外及后海冲浪。,名下持有一套旧两居，置换回款 65% + 个人理财储蓄补充 + 公积金商业贷,重性价比，不盲信大牌，但要求物业管理有序、绿化修剪及时、人防技防规范。,每年11月至次年3月到此度过漫长冬季，极其依赖周边的康养及适老化服务。
三_2011_00915,三亚,2011,本地改善,36,男,3.1,13.5,0.35,28.9,4,1,是,B,agent,0.44,0.35,0.63,0.39,0.45,0.67,0.56,0.56,0.33,自住-改善,两室一厅,77,3012,重点中学高级教师,三口之家(幼龄段),三亚中环品质两居，车位及空间极其拥挤,小区无地下车库且人车不分流，小孩在楼下玩耍或者推婴儿车极为不安全。,要求采光通透，全明户型，带多功能嵌入式收纳墙以最大化空间利用。,无需日常通勤，但要求30分钟内快捷通达凤凰机场或高铁站。,崇尚度假慢生活，清晨沙滩漫步，午后椰林下午茶，酷爱轻户外及后海冲浪。,名下持有一套旧两居，置换回款 65% + 个人理财储蓄补充 + 公积金商业贷,重性价比，不盲信大牌，但要求物业管理有序、绿化修剪及时、人防技防规范。,本地常住人口，四季生活规律，度假频次为常规年假出行。
三_2011_00916,三亚,2011,外地候鸟-华北,57,女,1.6,10.6,0.5,15.8,2,0,否,B,network,0.49,0.48,0.84,0.67,0.68,0.59,0,0,0.61,度假,一室一厅,79,1466,央企总部退休总工,高知退休康养,三亚中环品质两居，车位及空间极其拥挤,老小区隔音差，邻里滋扰严重，且车位严重匮乏，每晚加班回来抢车位像打仗。,要求有超大面宽南向双阳台（观景家政分离），主卧大飘窗能270度直面自然景观。,无需日常通勤，但要求30分钟内快捷通达凤凰机场或高铁站。,崇尚度假慢生活，清晨沙滩漫步，午后椰林下午茶，酷爱轻户外及后海冲浪。,名下持有一套旧两居，置换回款 65% + 个人理财储蓄补充 + 公积金商业贷,重性价比，不盲信大牌，但要求物业管理有序、绿化修剪及时、人防技防规范。,每年11月至次年3月到此度过漫长冬季，极其依赖周边的康养及适老化服务。
三_2011_00917,三亚,2011,本地改善,30,男,2.7,14.3,0.35,30.6,4,0,是,B,agent,0.59,0.62,0.55,0.51,0.42,0.67,0.67,0.64,0.52,自住-改善,一室一厅,62,3432,三甲医院主治医师,新婚过渡两居,三亚中环品质两居，车位及空间极其拥挤,当前房屋属于旧多层无电梯房，父母年纪渐高每天爬楼梯极为吃力。,要求采光通透，全明户型，带多功能嵌入式收纳墙以最大化空间利用。,无需日常通勤，但要求30分钟内快捷通达凤凰机场或高铁站。,崇尚度假慢生活，清晨沙滩漫步，午后椰林下午茶，酷爱轻户外及后海冲浪。,名下持有一套旧两居，置换回款 65% + 个人理财储蓄补充 + 公积金商业贷,重性价比，不盲信大牌，但要求物业管理有序、绿化修剪及时、人防技防规范。,本地常住人口，四季生活规律，度假频次为常规年假出行。
三_2011_00918,三亚,2011,本地改善,43,男,1.5,8.0,0.35,17.1,4,0,否,B,agent,0.74,0.54,0.51,0.46,0.4,0.73,0.54,0.67,0.47,自住-改善,两室两厅,56,1885,重点中学高级教师,成熟期核心家庭,三亚中环品质两居，车位及空间极其拥挤,老小区隔音差，邻里滋扰严重，且车位严重匮乏，每晚加班回来抢车位像打仗。,讲究超高得房率（超85%），主卧套房必须配备独立步入式衣帽间与干湿分离双卫。,无需日常通勤，但要求30分钟内快捷通达凤凰机场或高铁站。,崇尚度假慢生活，清晨沙滩漫步，午后椰林下午茶，酷爱轻户外及后海冲浪。,名下持有一套旧两居，置换回款 65% + 个人理财储蓄补充 + 公积金商业贷,重性价比，不盲信大牌，但要求物业管理有序、绿化修剪及时、人防技防规范。,本地常住人口，四季生活规律，度假频次为常规年假出行。
三_2011_00919,三亚,2011,外地候鸟-东北,71,女,1.8,14.4,0.5,21.5,2,0,否,C,network,0.47,0.56,0.96,0.63,0.54,0.53,0,0.02,0.49,养老,一室一厅,95,1840,哈尔滨高校退休处长,高知退休康养,与父母同住，三代人拥挤在旧区小户型老房中,老小区隔音差，邻里滋扰严重，且车位严重匮乏，每晚加班回来抢车位像打仗。,要求有超大面宽南向双阳台（观景家政分离），主卧大飘窗能270度直面自然景观。,无需日常通勤，但要求30分钟内快捷通达凤凰机场或高铁站。,崇尚度假慢生活，清晨沙滩漫步，午后椰林下午茶，酷爱轻户外及后海冲浪。,名下持有一套旧两居，置换回款 65% + 个人理财储蓄补充 + 公积金商业贷,重性价比，不盲信大牌，但要求物业管理有序、绿化修剪及时、人防技防规范。,每年11月至次年3月到此度过漫长冬季，极其依赖周边的康养及适老化服务。
三_2011_00920,三亚,2011,外地候鸟-华北,63,男,3.0,25.3,0.5,38.0,2,0,是,B,network,0.57,0.63,1,0.77,0.64,0.49,0.13,0,0.45,养老,两室一厅,50,5994,央企总部退休总工,高知退休康养,三亚中环品质两居，车位及空间极其拥挤,当前房屋属于旧多层无电梯房，父母年纪渐高每天爬楼梯极为吃力。,要求独立电梯入户，主次卧动线分明，配备独立保姆房和私密后院。,无需日常通勤，但要求30分钟内快捷通达凤凰机场或高铁站。,崇尚度假慢生活，清晨沙滩漫步，午后椰林下午茶，酷爱轻户外及后海冲浪。,名下持有一套旧两居，置换回款 65% + 个人理财储蓄补充 + 公积金商业贷,重性价比，不盲信大牌，但要求物业管理有序、绿化修剪及时、人防技防规范。,每年11月至次年3月到此度过漫长冬季，极其依赖周边的康养及适老化服务。
三_2011_00921,三亚,2011,本地改善,39,男,2.1,15.9,0.35,34.0,5,1,否,B,agent,0.75,0.53,0.7,0.43,0.39,0.75,0.7,0.82,0.55,自住-改善,两室两厅,54,4515,区级税务局一级主办,三口之家(学龄段),三亚中环品质两居，车位及空间极其拥挤,小区无地下车库且人车不分流，小孩在楼下玩耍或者推婴儿车极为不安全。,要求有超大面宽南向双阳台（观景家政分离），主卧大飘窗能270度直面自然景观。,无需日常通勤，但要求30分钟内快捷通达凤凰机场或高铁站。,崇尚度假慢生活，清晨沙滩漫步，午后椰林下午茶，酷爱轻户外及后海冲浪。,名下持有一套旧两居，置换回款 65% + 个人理财储蓄补充 + 公积金商业贷,重性价比，不盲信大牌，但要求物业管理有序、绿化修剪及时、人防技防规范。,本地常住人口，四季生活规律，度假频次为常规年假出行。
三_2011_00922,三亚,2011,外地候鸟-东北,78,女,2.3,13.4,0.5,20.2,2,0,否,C,network,0.56,0.59,0.92,0.79,0.42,0.49,0.04,0,0.31,度假,一室一厅,53,3307,沈阳大型重工企业退休副厂长,高知退休康养,与父母同住，三代人拥挤在旧区小户型老房中,老小区隔音差，邻里滋扰严重，且车位严重匮乏，每晚加班回来抢车位像打仗。,要求独立电梯入户，主次卧动线分明，配备独立保姆房和私密后院。,无需日常通勤，但要求30分钟内快捷通达凤凰机场或高铁站。,崇尚度假慢生活，清晨沙滩漫步，午后椰林下午茶，酷爱轻户外及后海冲浪。,名下持有一套旧两居，置换回款 65% + 个人理财储蓄补充 + 公积金商业贷,重性价比，不盲信大牌，但要求物业管理有序、绿化修剪及时、人防技防规范。,每年11月至次年3月到此度过漫长冬季，极其依赖周边的康养及适老化服务。
三_2011_00923,三亚,2011,外地候鸟-华北,71,女,4.2,39.2,0.5,58.9,2,1,否,B,network,0.55,0.6,0.93,0.64,0.59,0.46,0,0,0.75,养老,两室两厅,69,6922,央企总部退休总工,三口之家(学龄段),三亚中环品质两居，车位及空间极其拥挤,小区无地下车库且人车不分流，小孩在楼下玩耍或者推婴儿车极为不安全。,要求有超大面宽南向双阳台（观景家政分离），主卧大飘窗能270度直面自然景观。,无需日常通勤，但要求30分钟内快捷通达凤凰机场或高铁站。,崇尚度假慢生活，清晨沙滩漫步，午后椰林下午茶，酷爱轻户外及后海冲浪。,名下持有一套旧两居，置换回款 65% + 个人理财储蓄补充 + 公积金商业贷,非仁恒、绿城、万科等金牌开发商不买，极度看重高端精装质量与顶级物业的增值口碑。,每年11月至次年3月到此度过漫长冬季，极其依赖周边的康养及适老化服务。
三_2011_00924,三亚,2011,外地候鸟-华北,73,男,2.7,18.8,0.5,28.3,1,0,否,B,network,0.65,0.54,0.84,0.73,0.54,0.49,0,0,0.5,养老,两室一厅,81,2855,高校资深硕导,高知退休康养,三亚中环品质两居，车位及空间极其拥挤,老小区隔音差，邻里滋扰严重，且车位严重匮乏，每晚加班回来抢车位像打仗。,要求独立电梯入户，主次卧动线分明，配备独立保姆房和私密后院。,无需日常通勤，但要求30分钟内快捷通达凤凰机场或高铁站。,崇尚度假慢生活，清晨沙滩漫步，午后椰林下午茶，酷爱轻户外及后海冲浪。,名下持有一套旧两居，置换回款 65% + 个人理财储蓄补充 + 公积金商业贷,重性价比，不盲信大牌，但要求物业管理有序、绿化修剪及时、人防技防规范。,每年11月至次年3月到此度过漫长冬季，极其依赖周边的康养及适老化服务。
三_2011_00925,三亚,2011,本地改善,48,男,2.0,14.2,0.35,30.4,4,1,是,B,agent,1,0.59,0.55,0.41,0.36,0.7,0.54,0.79,0.48,自住-改善,两室两厅,61,4479,国企中层管理,三口之家(学龄段),三亚中环品质两居，车位及空间极其拥挤,小区无地下车库且人车不分流，小孩在楼下玩耍或者推婴儿车极为不安全。,核心要求地块属于第一梯队名校学区，且周边500米内解决幼小衔接教育配套。,无需日常通勤，但要求30分钟内快捷通达凤凰机场或高铁站。,崇尚度假慢生活，清晨沙滩漫步，午后椰林下午茶，酷爱轻户外及后海冲浪。,名下持有一套旧两居，置换回款 65% + 个人理财储蓄补充 + 公积金商业贷,重性价比，不盲信大牌，但要求物业管理有序、绿化修剪及时、人防技防规范。,本地常住人口，四季生活规律，度假频次为常规年假出行。
三_2011_00926,三亚,2011,外地候鸟-华北,72,女,2.5,19.9,0.5,29.8,2,0,否,B,network,0.69,0.46,0.86,0.62,0.59,0.47,0.06,0.15,0.55,度假,两室一厅,88,2690,北京三甲医院退休教授,高知退休康养,三亚中环品质两居，车位及空间极其拥挤,老小区隔音差，邻里滋扰严重，且车位严重匮乏，每晚加班回来抢车位像打仗。,要求有超大面宽南向双阳台（观景家政分离），主卧大飘窗能270度直面自然景观。,无需日常通勤，但要求30分钟内快捷通达凤凰机场或高铁站。,崇尚度假慢生活，清晨沙滩漫步，午后椰林下午茶，酷爱轻户外及后海冲浪。,名下持有一套旧两居，置换回款 65% + 个人理财储蓄补充 + 公积金商业贷,重性价比，不盲信大牌，但要求物业管理有序、绿化修剪及时、人防技防规范。,每年11月至次年3月到此度过漫长冬季，极其依赖周边的康养及适老化服务。
三_2011_00927,三亚,2011,本地改善,49,女,1.3,6.1,0.35,13.2,4,1,否,B,agent,0.77,0.63,0.51,0.42,0.53,0.83,0.57,0.77,0.48,自住-改善,两室一厅,58,1544,三甲医院主治医师,三口之家(学龄段),三亚中环品质两居，车位及空间极其拥挤,小区无地下车库且人车不分流，小孩在楼下玩耍或者推婴儿车极为不安全。,讲究超高得房率（超85%），主卧套房必须配备独立步入式衣帽间与干湿分离双卫。,无需日常通勤，但要求30分钟内快捷通达凤凰机场或高铁站。,崇尚度假慢生活，清晨沙滩漫步，午后椰林下午茶，酷爱轻户外及后海冲浪。,名下持有一套旧两居，置换回款 65% + 个人理财储蓄补充 + 公积金商业贷,重性价比，不盲信大牌，但要求物业管理有序、绿化修剪及时、人防技防规范。,本地常住人口，四季生活规律，度假频次为常规年假出行。
三_2011_00928,三亚,2011,本地改善,47,男,1.3,5.7,0.35,12.3,4,1,是,B,agent,0.85,0.44,0.45,0.49,0.49,0.76,0.53,0.75,0.42,自住-改善,一室一厅,59,1171,三甲医院主治医师,三口之家(学龄段),三亚中环品质两居，车位及空间极其拥挤,小区无地下车库且人车不分流，小孩在楼下玩耍或者推婴儿车极为不安全。,讲究超高得房率（超85%），主卧套房必须配备独立步入式衣帽间与干湿分离双卫。,无需日常通勤，但要求30分钟内快捷通达凤凰机场或高铁站。,崇尚度假慢生活，清晨沙滩漫步，午后椰林下午茶，酷爱轻户外及后海冲浪。,名下持有一套旧两居，置换回款 65% + 个人理财储蓄补充 + 公积金商业贷,重性价比，不盲信大牌，但要求物业管理有序、绿化修剪及时、人防技防规范。,本地常住人口，四季生活规律，度假频次为常规年假出行。
三_2011_00929,三亚,2011,本地改善,41,男,2.7,11.5,0.35,24.7,4,0,是,B,agent,0.4,0.53,0.58,0.48,0.54,0.85,0.6,0.56,0.59,自住-改善,两室一厅,77,2378,智能新能源车企研发骨干,成熟期核心家庭,三亚中环品质两居，车位及空间极其拥挤,当前房屋属于旧多层无电梯房，父母年纪渐高每天爬楼梯极为吃力。,讲究超高得房率（超85%），主卧套房必须配备独立步入式衣帽间与干湿分离双卫。,无需日常通勤，但要求30分钟内快捷通达凤凰机场或高铁站。,崇尚度假慢生活，清晨沙滩漫步，午后椰林下午茶，酷爱轻户外及后海冲浪。,名下持有一套旧两居，置换回款 65% + 个人理财储蓄补充 + 公积金商业贷,重性价比，不盲信大牌，但要求物业管理有序、绿化修剪及时、人防技防规范。,本地常住人口，四季生活规律，度假频次为常规年假出行。
三_2011_00930,三亚,2011,外地候鸟-东北,60,女,4.7,34.3,0.5,51.5,1,0,否,C,network,0.43,0.54,1,0.63,0.64,0.49,0,0.03,0.61,养老,一室一厅,75,3555,沈阳大型重工企业退休副厂长,高知退休康养,与父母同住，三代人拥挤在旧区小户型老房中,老小区隔音差，邻里滋扰严重，且车位严重匮乏，每晚加班回来抢车位像打仗。,要求有超大面宽南向双阳台（观景家政分离），主卧大飘窗能270度直面自然景观。,无需日常通勤，但要求30分钟内快捷通达凤凰机场或高铁站。,崇尚度假慢生活，清晨沙滩漫步，午后椰林下午茶，酷爱轻户外及后海冲浪。,名下持有一套旧两居，置换回款 65% + 个人理财储蓄补充 + 公积金商业贷,重性价比，不盲信大牌，但要求物业管理有序、绿化修剪及时、人防技防规范。,每年11月至次年3月到此度过漫长冬季，极其依赖周边的康养及适老化服务。
三_2011_00931,三亚,2011,本地改善,44,男,2.6,13.3,0.35,28.4,4,1,否,B,agent,0.61,0.46,0.71,0.34,0.47,0.74,0.45,0.73,0.53,自住-改善,两室一厅,69,3372,区级税务局一级主办,三口之家(学龄段),三亚中环品质两居，车位及空间极其拥挤,小区无地下车库且人车不分流，小孩在楼下玩耍或者推婴儿车极为不安全。,要求有超大面宽南向双阳台（观景家政分离），主卧大飘窗能270度直面自然景观。,无需日常通勤，但要求30分钟内快捷通达凤凰机场或高铁站。,崇尚度假慢生活，清晨沙滩漫步，午后椰林下午茶，酷爱轻户外及后海冲浪。,名下持有一套旧两居，置换回款 65% + 个人理财储蓄补充 + 公积金商业贷,重性价比，不盲信大牌，但要求物业管理有序、绿化修剪及时、人防技防规范。,本地常住人口，四季生活规律，度假频次为常规年假出行。
三_2011_00932,三亚,2011,外地候鸟-华北,64,女,3.4,30.0,0.5,45.0,2,1,否,B,network,0.64,0.62,0.94,0.7,0.64,0.52,0,0,0.52,养老,一室一厅,53,4388,北京三甲医院退休教授,三口之家(学龄段),三亚中环品质两居，车位及空间极其拥挤,小区无地下车库且人车不分流，小孩在楼下玩耍或者推婴儿车极为不安全。,要求有超大面宽南向双阳台（观景家政分离），主卧大飘窗能270度直面自然景观。,无需日常通勤，但要求30分钟内快捷通达凤凰机场或高铁站。,崇尚度假慢生活，清晨沙滩漫步，午后椰林下午茶，酷爱轻户外及后海冲浪。,名下持有一套旧两居，置换回款 65% + 个人理财储蓄补充 + 公积金商业贷,重性价比，不盲信大牌，但要求物业管理有序、绿化修剪及时、人防技防规范。,每年11月至次年3月到此度过漫长冬季，极其依赖周边的康养及适老化服务。
三_2011_00933,三亚,2011,外地候鸟-华北,67,女,3.2,25.5,0.5,38.3,2,0,否,B,network,0.6,0.57,0.96,0.57,0.63,0.5,0,0.1,0.58,养老,两室两厅,96,2007,央企总部退休总工,高知退休康养,三亚中环品质两居，车位及空间极其拥挤,老小区隔音差，邻里滋扰严重，且车位严重匮乏，每晚加班回来抢车位像打仗。,要求有超大面宽南向双阳台（观景家政分离），主卧大飘窗能270度直面自然景观。,无需日常通勤，但要求30分钟内快捷通达凤凰机场或高铁站。,崇尚度假慢生活，清晨沙滩漫步，午后椰林下午茶，酷爱轻户外及后海冲浪。,名下持有一套旧两居，置换回款 65% + 个人理财储蓄补充 + 公积金商业贷,重性价比，不盲信大牌，但要求物业管理有序、绿化修剪及时、人防技防规范。,每年11月至次年3月到此度过漫长冬季，极其依赖周边的康养及适老化服务。
三_2011_00934,三亚,2011,外地候鸟-西北,61,男,3.9,28.7,0.5,43.1,1,1,否,C,network,0.4,0.56,0.98,0.67,0.56,0.5,0,0,0.46,度假,两室两厅,53,5741,兰州煤炭物流运输企业主,三口之家(学龄段),与父母同住，三代人拥挤在旧区小户型老房中,小区无地下车库且人车不分流，小孩在楼下玩耍或者推婴儿车极为不安全。,要求有超大面宽南向双阳台（观景家政分离），主卧大飘窗能270度直面自然景观。,无需日常通勤，但要求30分钟内快捷通达凤凰机场或高铁站。,崇尚度假慢生活，清晨沙滩漫步，午后椰林下午茶，酷爱轻户外及后海冲浪。,名下持有一套旧两居，置换回款 65% + 个人理财储蓄补充 + 公积金商业贷,重性价比，不盲信大牌，但要求物业管理有序、绿化修剪及时、人防技防规范。,每年11月至次年3月到此度过漫长冬季，极其依赖周边的康养及适老化服务。
三_2011_00935,三亚,2011,本地改善,45,女,2.2,12.5,0.35,26.8,5,1,否,B,agent,0.93,0.43,0.57,0.41,0.42,0.87,0.4,0.76,0.44,自住-改善,两室两厅,98,1799,国企中层管理,三口之家(学龄段),三亚中环品质两居，车位及空间极其拥挤,小区无地下车库且人车不分流，小孩在楼下玩耍或者推婴儿车极为不安全。,讲究超高得房率（超85%），主卧套房必须配备独立步入式衣帽间与干湿分离双卫。,无需日常通勤，但要求30分钟内快捷通达凤凰机场或高铁站。,崇尚度假慢生活，清晨沙滩漫步，午后椰林下午茶，酷爱轻户外及后海冲浪。,名下持有一套旧两居，置换回款 65% + 个人理财储蓄补充 + 公积金商业贷,重性价比，不盲信大牌，但要求物业管理有序、绿化修剪及时、人防技防规范。,本地常住人口，四季生活规律，度假频次为常规年假出行。
三_2011_00936,三亚,2011,本地改善,46,男,1.4,10.3,0.35,22.1,5,0,是,B,agent,0.66,0.59,0.78,0.55,0.36,0.6,0.44,0.67,0.48,自住-改善,两室一厅,63,1826,国企中层管理,成熟期核心家庭,三亚中环品质两居，车位及空间极其拥挤,当前房屋属于旧多层无电梯房，父母年纪渐高每天爬楼梯极为吃力。,要求有超大面宽南向双阳台（观景家政分离），主卧大飘窗能270度直面自然景观。,无需日常通勤，但要求30分钟内快捷通达凤凰机场或高铁站。,崇尚度假慢生活，清晨沙滩漫步，午后椰林下午茶，酷爱轻户外及后海冲浪。,名下持有一套旧两居，置换回款 65% + 个人理财储蓄补充 + 公积金商业贷,重性价比，不盲信大牌，但要求物业管理有序、绿化修剪及时、人防技防规范。,本地常住人口，四季生活规律，度假频次为常规年假出行。
三_2011_00937,三亚,2011,度假投资,35,女,11.4,97.1,0.4,182.1,3,1,否,A,research,0.63,0.44,0.91,0.58,0.5,0.37,0,0,0.77,投资-长持,三室一厅,137,7996,上市公司退休联合创始人,三口之家(幼龄段),陆家嘴核心区江景大平层,无高端私密会所及管家式物业配套，圈层鱼龙混杂，高净值居住体验差。,要求有超大面宽南向双阳台（观景家政分离），主卧大飘窗能270度直面自然景观。,无需日常通勤，但要求30分钟内快捷通达凤凰机场或高铁站。,周末常去高端商圈消费，热衷打网球和马术，重度手冲咖啡及黑胶唱片发烧友。,名下已有企业股权套现或分红现金，一次性全款付清，基本不加杠杆,非仁恒、绿城、万科等金牌开发商不买，极度看重高端精装质量与顶级物业的增值口碑。,每年11月至次年3月到此度过漫长冬季，极其依赖周边的康养及适老化服务。
三_2011_00938,三亚,2011,外地候鸟-东北,74,男,2.8,19.4,0.5,29.0,2,0,否,C,network,0.21,0.5,0.85,0.73,0.55,0.48,0.05,0.02,0.42,度假,一室一厅,62,3469,沈阳大型重工企业退休副厂长,高知退休康养,与父母同住，三代人拥挤在旧区小户型老房中,老小区隔音差，邻里滋扰严重，且车位严重匮乏，每晚加班回来抢车位像打仗。,要求独立电梯入户，主次卧动线分明，配备独立保姆房和私密后院。,无需日常通勤，但要求30分钟内快捷通达凤凰机场或高铁站。,崇尚度假慢生活，清晨沙滩漫步，午后椰林下午茶，酷爱轻户外及后海冲浪。,名下持有一套旧两居，置换回款 65% + 个人理财储蓄补充 + 公积金商业贷,重性价比，不盲信大牌，但要求物业管理有序、绿化修剪及时、人防技防规范。,每年11月至次年3月到此度过漫长冬季，极其依赖周边的康养及适老化服务。
三_2011_00939,三亚,2011,度假投资,50,男,11.9,109.4,0.4,205.1,3,2,是,A,research,0.81,0.41,0.83,0.59,0.53,0.46,0,0.01,0.61,投资-短期,三室一厅,108,14264,上市公司退休联合创始人,二胎黄金期中大户型,陆家嘴核心区江景大平层,当前房屋属于旧多层无电梯房，父母年纪渐高每天爬楼梯极为吃力。,要求有超大面宽南向双阳台（观景家政分离），主卧大飘窗能270度直面自然景观。,无需日常通勤，但要求30分钟内快捷通达凤凰机场或高铁站。,周末常去高端商圈消费，热衷打网球和马术，重度手冲咖啡及黑胶唱片发烧友。,名下已有企业股权套现或分红现金，一次性全款付清，基本不加杠杆,重性价比，不盲信大牌，但要求物业管理有序、绿化修剪及时、人防技防规范。,每年11月至次年3月到此度过漫长冬季，极其依赖周边的康养及适老化服务。
三_2011_00940,三亚,2011,本地改善,39,女,2.0,12.4,0.35,26.6,3,1,是,B,agent,0.8,0.64,0.6,0.52,0.47,0.79,0.48,0.71,0.5,自住-改善,两室两厅,54,3866,国企中层管理,三口之家(学龄段),三亚中环品质两居，车位及空间极其拥挤,小区无地下车库且人车不分流，小孩在楼下玩耍或者推婴儿车极为不安全。,讲究超高得房率（超85%），主卧套房必须配备独立步入式衣帽间与干湿分离双卫。,无需日常通勤，但要求30分钟内快捷通达凤凰机场或高铁站。,崇尚度假慢生活，清晨沙滩漫步，午后椰林下午茶，酷爱轻户外及后海冲浪。,名下持有一套旧两居，置换回款 65% + 个人理财储蓄补充 + 公积金商业贷,重性价比，不盲信大牌，但要求物业管理有序、绿化修剪及时、人防技防规范。,本地常住人口，四季生活规律，度假频次为常规年假出行。
三_2011_00941,三亚,2011,外地候鸟-东北,68,女,3.7,29.9,0.5,44.8,2,0,否,C,network,0.52,0.56,0.97,0.76,0.53,0.51,0.12,0.07,0.37,度假,两室两厅,58,4958,哈尔滨私营物流老板,高知退休康养,与父母同住，三代人拥挤在旧区小户型老房中,老小区隔音差，邻里滋扰严重，且车位严重匮乏，每晚加班回来抢车位像打仗。,要求独立电梯入户，主次卧动线分明，配备独立保姆房和私密后院。,无需日常通勤，但要求30分钟内快捷通达凤凰机场或高铁站。,崇尚度假慢生活，清晨沙滩漫步，午后椰林下午茶，酷爱轻户外及后海冲浪。,名下持有一套旧两居，置换回款 65% + 个人理财储蓄补充 + 公积金商业贷,重性价比，不盲信大牌，但要求物业管理有序、绿化修剪及时、人防技防规范。,每年11月至次年3月到此度过漫长冬季，极其依赖周边的康养及适老化服务。
三_2011_00942,三亚,2011,度假投资,41,女,4.0,44.6,0.4,83.6,2,1,是,A,research,0.78,0.38,0.73,0.59,0.5,0.53,0.04,0.02,0.62,投资-长持,两室两厅,51,9953,高端海景资产收藏家,三口之家(学龄段),西湖边高精平层,当前房屋属于旧多层无电梯房，父母年纪渐高每天爬楼梯极为吃力。,要求有超大面宽南向双阳台（观景家政分离），主卧大飘窗能270度直面自然景观。,无需日常通勤，但要求30分钟内快捷通达凤凰机场或高铁站。,周末常去高端商圈消费，热衷打网球和马术，重度手冲咖啡及黑胶唱片发烧友。,名下已有企业股权套现或分红现金，一次性全款付清，基本不加杠杆,重性价比，不盲信大牌，但要求物业管理有序、绿化修剪及时、人防技防规范。,每年11月至次年3月到此度过漫长冬季，极其依赖周边的康养及适老化服务。
三_2011_00943,三亚,2011,外地候鸟-东北,71,女,2.7,17.4,0.5,26.2,2,1,否,C,network,0.14,0.71,1,0.7,0.49,0.45,0,0,0.43,度假,两室两厅,79,2897,哈尔滨私营物流老板,三口之家(学龄段),与父母同住，三代人拥挤在旧区小户型老房中,小区无地下车库且人车不分流，小孩在楼下玩耍或者推婴儿车极为不安全。,要求有超大面宽南向双阳台（观景家政分离），主卧大飘窗能270度直面自然景观。,无需日常通勤，但要求30分钟内快捷通达凤凰机场或高铁站。,崇尚度假慢生活，清晨沙滩漫步，午后椰林下午茶，酷爱轻户外及后海冲浪。,名下持有一套旧两居，置换回款 65% + 个人理财储蓄补充 + 公积金商业贷,重性价比，不盲信大牌，但要求物业管理有序、绿化修剪及时、人防技防规范。,每年11月至次年3月到此度过漫长冬季，极其依赖周边的康养及适老化服务。
三_2011_00944,三亚,2011,外地候鸟-华北,63,男,6.6,61.3,0.5,92.0,1,1,否,B,network,0.51,0.51,0.91,0.76,0.62,0.59,0,0.1,0.59,度假,两室一厅,64,7817,北京三甲医院退休教授,三口之家(学龄段),三亚中环品质两居，车位及空间极其拥挤,小区无地下车库且人车不分流，小孩在楼下玩耍或者推婴儿车极为不安全。,要求独立电梯入户，主次卧动线分明，配备独立保姆房和私密后院。,无需日常通勤，但要求30分钟内快捷通达凤凰机场或高铁站。,崇尚度假慢生活，清晨沙滩漫步，午后椰林下午茶，酷爱轻户外及后海冲浪。,名下持有一套旧两居，置换回款 65% + 个人理财储蓄补充 + 公积金商业贷,重性价比，不盲信大牌，但要求物业管理有序、绿化修剪及时、人防技防规范。,每年11月至次年3月到此度过漫长冬季，极其依赖周边的康养及适老化服务。
三_2011_00945,三亚,2011,本地改善,49,女,2.0,8.3,0.35,17.8,4,1,否,B,agent,0.56,0.59,0.68,0.47,0.56,0.85,0.56,0.7,0.35,自住-改善,两室一厅,64,2149,国企中层管理,三口之家(学龄段),三亚中环品质两居，车位及空间极其拥挤,小区无地下车库且人车不分流，小孩在楼下玩耍或者推婴儿车极为不安全。,讲究超高得房率（超85%），主卧套房必须配备独立步入式衣帽间与干湿分离双卫。,无需日常通勤，但要求30分钟内快捷通达凤凰机场或高铁站。,崇尚度假慢生活，清晨沙滩漫步，午后椰林下午茶，酷爱轻户外及后海冲浪。,名下持有一套旧两居，置换回款 65% + 个人理财储蓄补充 + 公积金商业贷,重性价比，不盲信大牌，但要求物业管理有序、绿化修剪及时、人防技防规范。,本地常住人口，四季生活规律，度假频次为常规年假出行。
三_2011_00946,三亚,2011,度假投资,38,男,6.6,63.6,0.4,119.3,3,1,否,A,research,0.72,0.3,0.78,0.84,0.51,0.48,0.08,0,0.69,投资-长持,两室两厅,100,9032,高端海景资产收藏家,三口之家(学龄段),陆家嘴核心区江景大平层,无高端私密会所及管家式物业配套，圈层鱼龙混杂，高净值居住体验差。,要求独立电梯入户，主次卧动线分明，配备独立保姆房和私密后院。,无需日常通勤，但要求30分钟内快捷通达凤凰机场或高铁站。,周末常去高端商圈消费，热衷打网球和马术，重度手冲咖啡及黑胶唱片发烧友。,名下已有企业股权套现或分红现金，一次性全款付清，基本不加杠杆,重性价比，不盲信大牌，但要求物业管理有序、绿化修剪及时、人防技防规范。,每年11月至次年3月到此度过漫长冬季，极其依赖周边的康养及适老化服务。
三_2011_00947,三亚,2011,度假投资,37,女,11.5,118.8,0.4,222.7,3,1,否,A,research,0.94,0.47,0.81,0.62,0.44,0.68,0,0.11,0.8,投资-短期,两室两厅,99,20174,知名中医药连锁投资人,三口之家(幼龄段),市中心私密洋房住宅,无高端私密会所及管家式物业配套，圈层鱼龙混杂，高净值居住体验差。,要求有超大面宽南向双阳台（观景家政分离），主卧大飘窗能270度直面自然景观。,无需日常通勤，但要求30分钟内快捷通达凤凰机场或高铁站。,周末常去高端商圈消费，热衷打网球和马术，重度手冲咖啡及黑胶唱片发烧友。,名下已有企业股权套现或分红现金，一次性全款付清，基本不加杠杆,非仁恒、绿城、万科等金牌开发商不买，极度看重高端精装质量与顶级物业的增值口碑。,每年11月至次年3月到此度过漫长冬季，极其依赖周边的康养及适老化服务。
三_2011_00948,三亚,2011,本地改善,40,男,2.3,15.8,0.35,33.8,3,2,否,B,agent,0.87,0.61,0.74,0.45,0.55,0.86,0.68,0.67,0.37,自住-改善,两室一厅,89,2152,区级税务局一级主办,二胎黄金期中大户型,三亚中环品质两居，车位及空间极其拥挤,小区无地下车库且人车不分流，小孩在楼下玩耍或者推婴儿车极为不安全。,要求有超大面宽南向双阳台（观景家政分离），主卧大飘窗能270度直面自然景观。,无需日常通勤，但要求30分钟内快捷通达凤凰机场或高铁站。,崇尚度假慢生活，清晨沙滩漫步，午后椰林下午茶，酷爱轻户外及后海冲浪。,名下持有一套旧两居，置换回款 65% + 个人理财储蓄补充 + 公积金商业贷,重性价比，不盲信大牌，但要求物业管理有序、绿化修剪及时、人防技防规范。,本地常住人口，四季生活规律，度假频次为常规年假出行。
三_2011_00949,三亚,2011,外地候鸟-东北,76,女,1.4,11.2,0.5,16.8,2,0,是,C,network,0.38,0.77,0.89,0.6,0.53,0.4,0.04,0.13,0.53,养老,一室一厅,69,1948,哈尔滨私营物流老板,高知退休康养,与父母同住，三代人拥挤在旧区小户型老房中,当前房屋属于旧多层无电梯房，父母年纪渐高每天爬楼梯极为吃力。,要求有超大面宽南向双阳台（观景家政分离），主卧大飘窗能270度直面自然景观。,无需日常通勤，但要求30分钟内快捷通达凤凰机场或高铁站。,崇尚度假慢生活，清晨沙滩漫步，午后椰林下午茶，酷爱轻户外及后海冲浪。,名下持有一套旧两居，置换回款 65% + 个人理财储蓄补充 + 公积金商业贷,重性价比，不盲信大牌，但要求物业管理有序、绿化修剪及时、人防技防规范。,每年11月至次年3月到此度过漫长冬季，极其依赖周边的康养及适老化服务。
三_2011_00950,三亚,2011,本地改善,41,女,3.4,17.4,0.35,37.2,5,1,否,B,agent,0.91,0.54,0.63,0.5,0.38,0.79,0.52,0.6,0.45,自住-改善,两室两厅,98,2840,区级税务局一级主办,三口之家(学龄段),三亚中环品质两居，车位及空间极其拥挤,小区无地下车库且人车不分流，小孩在楼下玩耍或者推婴儿车极为不安全。,讲究超高得房率（超85%），主卧套房必须配备独立步入式衣帽间与干湿分离双卫。,无需日常通勤，但要求30分钟内快捷通达凤凰机场或高铁站。,崇尚度假慢生活，清晨沙滩漫步，午后椰林下午茶，酷爱轻户外及后海冲浪。,名下持有一套旧两居，置换回款 65% + 个人理财储蓄补充 + 公积金商业贷,重性价比，不盲信大牌，但要求物业管理有序、绿化修剪及时、人防技防规范。,本地常住人口，四季生活规律，度假频次为常规年假出行。
三_2011_00951,三亚,2011,外地候鸟-东北,68,女,3.3,18.9,0.5,28.4,2,1,是,C,network,0.36,0.53,0.94,0.72,0.47,0.53,0,0,0.56,度假,两室一厅,64,2967,哈尔滨高校退休处长,三口之家(学龄段),与父母同住，三代人拥挤在旧区小户型老房中,小区无地下车库且人车不分流，小孩在楼下玩耍或者推婴儿车极为不安全。,要求独立电梯入户，主次卧动线分明，配备独立保姆房和私密后院。,无需日常通勤，但要求30分钟内快捷通达凤凰机场或高铁站。,崇尚度假慢生活，清晨沙滩漫步，午后椰林下午茶，酷爱轻户外及后海冲浪。,名下持有一套旧两居，置换回款 65% + 个人理财储蓄补充 + 公积金商业贷,重性价比，不盲信大牌，但要求物业管理有序、绿化修剪及时、人防技防规范。,每年11月至次年3月到此度过漫长冬季，极其依赖周边的康养及适老化服务。
三_2011_00952,三亚,2011,度假投资,51,男,8.5,66.3,0.4,124.3,2,1,是,A,research,0.84,0.19,0.73,0.63,0.61,0.42,0,0,0.74,投资-短期,两室一厅,67,12531,知名中医药连锁投资人,三口之家(学龄段),市中心私密洋房住宅,当前房屋属于旧多层无电梯房，父母年纪渐高每天爬楼梯极为吃力。,要求有超大面宽南向双阳台（观景家政分离），主卧大飘窗能270度直面自然景观。,无需日常通勤，但要求30分钟内快捷通达凤凰机场或高铁站。,周末常去高端商圈消费，热衷打网球和马术，重度手冲咖啡及黑胶唱片发烧友。,名下已有企业股权套现或分红现金，一次性全款付清，基本不加杠杆,非仁恒、绿城、万科等金牌开发商不买，极度看重高端精装质量与顶级物业的增值口碑。,每年11月至次年3月到此度过漫长冬季，极其依赖周边的康养及适老化服务。
三_2011_00953,三亚,2011,本地改善,39,男,2.9,18.5,0.35,39.6,3,1,是,B,agent,0.93,0.6,0.58,0.59,0.31,0.82,0.69,0.69,0.41,自住-改善,两室两厅,95,3679,区级税务局一级主办,三口之家(学龄段),三亚中环品质两居，车位及空间极其拥挤,小区无地下车库且人车不分流，小孩在楼下玩耍或者推婴儿车极为不安全。,讲究超高得房率（超85%），主卧套房必须配备独立步入式衣帽间与干湿分离双卫。,无需日常通勤，但要求30分钟内快捷通达凤凰机场或高铁站。,崇尚度假慢生活，清晨沙滩漫步，午后椰林下午茶，酷爱轻户外及后海冲浪。,名下持有一套旧两居，置换回款 65% + 个人理财储蓄补充 + 公积金商业贷,重性价比，不盲信大牌，但要求物业管理有序、绿化修剪及时、人防技防规范。,本地常住人口，四季生活规律，度假频次为常规年假出行。
三_2011_00954,三亚,2011,外地候鸟-东北,59,女,3.6,19.0,0.5,28.4,2,0,否,C,network,0.21,0.47,1,0.6,0.43,0.6,0.05,0,0.49,度假,一室一厅,89,2579,哈尔滨私营物流老板,高知退休康养,与父母同住，三代人拥挤在旧区小户型老房中,老小区隔音差，邻里滋扰严重，且车位严重匮乏，每晚加班回来抢车位像打仗。,要求有超大面宽南向双阳台（观景家政分离），主卧大飘窗能270度直面自然景观。,无需日常通勤，但要求30分钟内快捷通达凤凰机场或高铁站。,崇尚度假慢生活，清晨沙滩漫步，午后椰林下午茶，酷爱轻户外及后海冲浪。,名下持有一套旧两居，置换回款 65% + 个人理财储蓄补充 + 公积金商业贷,重性价比，不盲信大牌，但要求物业管理有序、绿化修剪及时、人防技防规范。,每年11月至次年3月到此度过漫长冬季，极其依赖周边的康养及适老化服务。
三_2011_00955,三亚,2011,外地候鸟-华北,55,男,5.4,35.3,0.5,52.9,2,0,否,B,network,0.41,0.65,0.94,0.74,0.67,0.5,0.09,0.11,0.54,度假,两室两厅,60,7921,高校资深硕导,高知退休康养,三亚中环品质两居，车位及空间极其拥挤,老小区隔音差，邻里滋扰严重，且车位严重匮乏，每晚加班回来抢车位像打仗。,要求独立电梯入户，主次卧动线分明，配备独立保姆房和私密后院。,无需日常通勤，但要求30分钟内快捷通达凤凰机场或高铁站。,崇尚度假慢生活，清晨沙滩漫步，午后椰林下午茶，酷爱轻户外及后海冲浪。,名下持有一套旧两居，置换回款 65% + 个人理财储蓄补充 + 公积金商业贷,重性价比，不盲信大牌，但要求物业管理有序、绿化修剪及时、人防技防规范。,每年11月至次年3月到此度过漫长冬季，极其依赖周边的康养及适老化服务。
三_2011_00956,三亚,2011,高净值康养,55,女,19.6,175.4,0.6,219.3,3,0,否,A,network,0.62,0.27,1,0.82,0.84,0.61,0.06,0.01,0.86,养老,三室一厅,118,15099,知名中医药连锁投资人,高知退休康养,市中心私密洋房住宅,无高端私密会所及管家式物业配套，圈层鱼龙混杂，高净值居住体验差。,要求独立电梯入户，主次卧动线分明，配备独立保姆房和私密后院。,无需日常通勤，但要求30分钟内快捷通达凤凰机场或高铁站。,周末常去高端商圈消费，热衷打网球和马术，重度手冲咖啡及黑胶唱片发烧友。,名下已有企业股权套现或分红现金，一次性全款付清，基本不加杠杆,非仁恒、绿城、万科等金牌开发商不买，极度看重高端精装质量与顶级物业的增值口碑。,本地常住人口，四季生活规律，度假频次为常规年假出行。
三_2011_00957,三亚,2011,本地改善,36,女,3.5,15.7,0.35,33.7,5,1,否,B,agent,0.9,0.6,0.76,0.4,0.42,0.68,0.48,0.67,0.46,自住-改善,两室一厅,61,3382,三甲医院主治医师,三口之家(幼龄段),三亚中环品质两居，车位及空间极其拥挤,小区无地下车库且人车不分流，小孩在楼下玩耍或者推婴儿车极为不安全。,要求有超大面宽南向双阳台（观景家政分离），主卧大飘窗能270度直面自然景观。,无需日常通勤，但要求30分钟内快捷通达凤凰机场或高铁站。,崇尚度假慢生活，清晨沙滩漫步，午后椰林下午茶，酷爱轻户外及后海冲浪。,名下持有一套旧两居，置换回款 65% + 个人理财储蓄补充 + 公积金商业贷,重性价比，不盲信大牌，但要求物业管理有序、绿化修剪及时、人防技防规范。,本地常住人口，四季生活规律，度假频次为常规年假出行。
三_2011_00958,三亚,2011,本地改善,46,男,1.8,12.5,0.35,26.8,4,0,否,B,agent,0.84,0.62,0.62,0.46,0.43,0.75,0.51,0.69,0.46,自住-改善,一室一厅,78,2628,重点中学高级教师,成熟期核心家庭,三亚中环品质两居，车位及空间极其拥挤,老小区隔音差，邻里滋扰严重，且车位严重匮乏，每晚加班回来抢车位像打仗。,讲究超高得房率（超85%），主卧套房必须配备独立步入式衣帽间与干湿分离双卫。,无需日常通勤，但要求30分钟内快捷通达凤凰机场或高铁站。,崇尚度假慢生活，清晨沙滩漫步，午后椰林下午茶，酷爱轻户外及后海冲浪。,名下持有一套旧两居，置换回款 65% + 个人理财储蓄补充 + 公积金商业贷,重性价比，不盲信大牌，但要求物业管理有序、绿化修剪及时、人防技防规范。,本地常住人口，四季生活规律，度假频次为常规年假出行。
三_2011_00959,三亚,2011,本地改善,49,男,2.0,14.7,0.35,31.6,4,1,是,B,agent,0.61,0.49,0.55,0.53,0.22,0.66,0.49,0.58,0.59,自住-改善,一室一厅,98,2171,国企中层管理,三口之家(学龄段),三亚中环品质两居，车位及空间极其拥挤,小区无地下车库且人车不分流，小孩在楼下玩耍或者推婴儿车极为不安全。,要求采光通透，全明户型，带多功能嵌入式收纳墙以最大化空间利用。,无需日常通勤，但要求30分钟内快捷通达凤凰机场或高铁站。,崇尚度假慢生活，清晨沙滩漫步，午后椰林下午茶，酷爱轻户外及后海冲浪。,名下持有一套旧两居，置换回款 65% + 个人理财储蓄补充 + 公积金商业贷,重性价比，不盲信大牌，但要求物业管理有序、绿化修剪及时、人防技防规范。,本地常住人口，四季生活规律，度假频次为常规年假出行。
三_2011_00960,三亚,2011,度假投资,46,女,8.7,88.5,0.4,165.9,2,1,否,A,research,1,0.31,0.89,0.61,0.51,0.36,0,0.12,0.77,度假,三室一厅,106,10150,上市公司退休联合创始人,三口之家(学龄段),陆家嘴核心区江景大平层,无高端私密会所及管家式物业配套，圈层鱼龙混杂，高净值居住体验差。,要求有超大面宽南向双阳台（观景家政分离），主卧大飘窗能270度直面自然景观。,无需日常通勤，但要求30分钟内快捷通达凤凰机场或高铁站。,周末常去高端商圈消费，热衷打网球和马术，重度手冲咖啡及黑胶唱片发烧友。,名下已有企业股权套现或分红现金，一次性全款付清，基本不加杠杆,非仁恒、绿城、万科等金牌开发商不买，极度看重高端精装质量与顶级物业的增值口碑。,每年11月至次年3月到此度过漫长冬季，极其依赖周边的康养及适老化服务。
三_2011_00961,三亚,2011,本地改善,38,男,2.0,12.5,0.35,26.7,4,0,否,B,agent,0.87,0.64,0.66,0.52,0.56,0.82,0.6,0.71,0.6,自住-改善,两室一厅,70,1979,智能新能源车企研发骨干,成熟期核心家庭,三亚中环品质两居，车位及空间极其拥挤,老小区隔音差，邻里滋扰严重，且车位严重匮乏，每晚加班回来抢车位像打仗。,讲究超高得房率（超85%），主卧套房必须配备独立步入式衣帽间与干湿分离双卫。,无需日常通勤，但要求30分钟内快捷通达凤凰机场或高铁站。,崇尚度假慢生活，清晨沙滩漫步，午后椰林下午茶，酷爱轻户外及后海冲浪。,名下持有一套旧两居，置换回款 65% + 个人理财储蓄补充 + 公积金商业贷,重性价比，不盲信大牌，但要求物业管理有序、绿化修剪及时、人防技防规范。,本地常住人口，四季生活规律，度假频次为常规年假出行。
三_2011_00962,三亚,2011,度假投资,39,女,4.9,48.1,0.4,90.1,3,0,否,A,research,1,0.43,0.78,0.58,0.6,0.45,0,0.03,0.68,投资-长持,两室一厅,75,8157,高端海景资产收藏家,成熟期核心家庭,市中心私密洋房住宅,无高端私密会所及管家式物业配套，圈层鱼龙混杂，高净值居住体验差。,要求有超大面宽南向双阳台（观景家政分离），主卧大飘窗能270度直面自然景观。,无需日常通勤，但要求30分钟内快捷通达凤凰机场或高铁站。,周末常去高端商圈消费，热衷打网球和马术，重度手冲咖啡及黑胶唱片发烧友。,名下已有企业股权套现或分红现金，一次性全款付清，基本不加杠杆,重性价比，不盲信大牌，但要求物业管理有序、绿化修剪及时、人防技防规范。,每年11月至次年3月到此度过漫长冬季，极其依赖周边的康养及适老化服务。
三_2011_00963,三亚,2011,度假投资,47,男,7.5,75.1,0.4,140.8,3,2,是,A,research,0.92,0.44,0.94,0.56,0.53,0.38,0,0,0.77,度假,两室两厅,94,11227,高端海景资产收藏家,二胎黄金期中大户型,市中心私密洋房住宅,当前房屋属于旧多层无电梯房，父母年纪渐高每天爬楼梯极为吃力。,要求有超大面宽南向双阳台（观景家政分离），主卧大飘窗能270度直面自然景观。,无需日常通勤，但要求30分钟内快捷通达凤凰机场或高铁站。,周末常去高端商圈消费，热衷打网球和马术，重度手冲咖啡及黑胶唱片发烧友。,名下已有企业股权套现或分红现金，一次性全款付清，基本不加杠杆,非仁恒、绿城、万科等金牌开发商不买，极度看重高端精装质量与顶级物业的增值口碑。,每年11月至次年3月到此度过漫长冬季，极其依赖周边的康养及适老化服务。
三_2011_00964,三亚,2011,本地改善,30,女,1.9,10.3,0.35,22.1,4,2,否,B,agent,0.88,0.49,0.55,0.45,0.37,0.83,0.59,0.61,0.43,自住-改善,两室一厅,90,1758,智能新能源车企研发骨干,二胎黄金期中大户型,三亚中环品质两居，车位及空间极其拥挤,小区无地下车库且人车不分流，小孩在楼下玩耍或者推婴儿车极为不安全。,讲究超高得房率（超85%），主卧套房必须配备独立步入式衣帽间与干湿分离双卫。,无需日常通勤，但要求30分钟内快捷通达凤凰机场或高铁站。,崇尚度假慢生活，清晨沙滩漫步，午后椰林下午茶，酷爱轻户外及后海冲浪。,名下持有一套旧两居，置换回款 65% + 个人理财储蓄补充 + 公积金商业贷,重性价比，不盲信大牌，但要求物业管理有序、绿化修剪及时、人防技防规范。,本地常住人口，四季生活规律，度假频次为常规年假出行。
三_2011_00965,三亚,2011,外地候鸟-西北,57,男,4.5,42.1,0.5,63.1,2,0,否,C,network,0.47,0.63,0.93,0.69,0.44,0.46,0,0,0.55,度假,一室一厅,60,5836,兰州煤炭物流运输企业主,高知退休康养,与父母同住，三代人拥挤在旧区小户型老房中,老小区隔音差，邻里滋扰严重，且车位严重匮乏，每晚加班回来抢车位像打仗。,要求有超大面宽南向双阳台（观景家政分离），主卧大飘窗能270度直面自然景观。,无需日常通勤，但要求30分钟内快捷通达凤凰机场或高铁站。,崇尚度假慢生活，清晨沙滩漫步，午后椰林下午茶，酷爱轻户外及后海冲浪。,名下持有一套旧两居，置换回款 65% + 个人理财储蓄补充 + 公积金商业贷,重性价比，不盲信大牌，但要求物业管理有序、绿化修剪及时、人防技防规范。,每年11月至次年3月到此度过漫长冬季，极其依赖周边的康养及适老化服务。
三_2011_00966,三亚,2011,外地候鸟-西北,74,女,2.4,15.4,0.5,23.1,4,0,否,C,network,0.34,0.49,0.82,0.6,0.5,0.54,0,0,0.49,度假,一室一厅,91,1593,西安设计院退休总建筑师,高知退休康养,与父母同住，三代人拥挤在旧区小户型老房中,老小区隔音差，邻里滋扰严重，且车位严重匮乏，每晚加班回来抢车位像打仗。,要求有超大面宽南向双阳台（观景家政分离），主卧大飘窗能270度直面自然景观。,无需日常通勤，但要求30分钟内快捷通达凤凰机场或高铁站。,崇尚度假慢生活，清晨沙滩漫步，午后椰林下午茶，酷爱轻户外及后海冲浪。,名下持有一套旧两居，置换回款 65% + 个人理财储蓄补充 + 公积金商业贷,重性价比，不盲信大牌，但要求物业管理有序、绿化修剪及时、人防技防规范。,每年11月至次年3月到此度过漫长冬季，极其依赖周边的康养及适老化服务。
三_2011_00967,三亚,2011,外地候鸟-华北,59,男,2.3,19.3,0.5,28.9,2,0,否,B,network,0.58,0.61,0.79,0.94,0.52,0.44,0,0.13,0.47,度假,两室一厅,75,2479,北京三甲医院退休教授,高知退休康养,三亚中环品质两居，车位及空间极其拥挤,老小区隔音差，邻里滋扰严重，且车位严重匮乏，每晚加班回来抢车位像打仗。,要求独立电梯入户，主次卧动线分明，配备独立保姆房和私密后院。,无需日常通勤，但要求30分钟内快捷通达凤凰机场或高铁站。,崇尚度假慢生活，清晨沙滩漫步，午后椰林下午茶，酷爱轻户外及后海冲浪。,名下持有一套旧两居，置换回款 65% + 个人理财储蓄补充 + 公积金商业贷,重性价比，不盲信大牌，但要求物业管理有序、绿化修剪及时、人防技防规范。,每年11月至次年3月到此度过漫长冬季，极其依赖周边的康养及适老化服务。
三_2011_00968,三亚,2011,外地候鸟-东北,73,女,2.0,10.1,0.5,15.1,2,0,是,C,network,0.33,0.68,1.0,0.65,0.5,0.48,0.04,0,0.64,度假,一室一厅,93,1358,哈尔滨私营物流老板,高知退休康养,与父母同住，三代人拥挤在旧区小户型老房中,当前房屋属于旧多层无电梯房，父母年纪渐高每天爬楼梯极为吃力。,要求有超大面宽南向双阳台（观景家政分离），主卧大飘窗能270度直面自然景观。,无需日常通勤，但要求30分钟内快捷通达凤凰机场或高铁站。,崇尚度假慢生活，清晨沙滩漫步，午后椰林下午茶，酷爱轻户外及后海冲浪。,名下持有一套旧两居，置换回款 65% + 个人理财储蓄补充 + 公积金商业贷,重性价比，不盲信大牌，但要求物业管理有序、绿化修剪及时、人防技防规范。,每年11月至次年3月到此度过漫长冬季，极其依赖周边的康养及适老化服务。
三_2011_00969,三亚,2011,度假投资,52,男,8.4,64.2,0.4,120.4,3,1,否,A,research,0.95,0.41,0.81,0.61,0.44,0.54,0,0.16,0.83,投资-长持,两室一厅,82,8619,知名中医药连锁投资人,三口之家(学龄段),陆家嘴核心区江景大平层,无高端私密会所及管家式物业配套，圈层鱼龙混杂，高净值居住体验差。,要求有超大面宽南向双阳台（观景家政分离），主卧大飘窗能270度直面自然景观。,无需日常通勤，但要求30分钟内快捷通达凤凰机场或高铁站。,周末常去高端商圈消费，热衷打网球和马术，重度手冲咖啡及黑胶唱片发烧友。,名下已有企业股权套现或分红现金，一次性全款付清，基本不加杠杆,非仁恒、绿城、万科等金牌开发商不买，极度看重高端精装质量与顶级物业的增值口碑。,每年11月至次年3月到此度过漫长冬季，极其依赖周边的康养及适老化服务。
三_2011_00970,三亚,2011,外地候鸟-华北,57,女,6.2,51.2,0.5,76.8,3,0,否,B,network,0.63,0.61,1,0.72,0.71,0.38,0.02,0,0.39,养老,一室一厅,67,6215,央企总部退休总工,高知退休康养,三亚中环品质两居，车位及空间极其拥挤,老小区隔音差，邻里滋扰严重，且车位严重匮乏，每晚加班回来抢车位像打仗。,要求独立电梯入户，主次卧动线分明，配备独立保姆房和私密后院。,无需日常通勤，但要求30分钟内快捷通达凤凰机场或高铁站。,崇尚度假慢生活，清晨沙滩漫步，午后椰林下午茶，酷爱轻户外及后海冲浪。,名下持有一套旧两居，置换回款 65% + 个人理财储蓄补充 + 公积金商业贷,重性价比，不盲信大牌，但要求物业管理有序、绿化修剪及时、人防技防规范。,每年11月至次年3月到此度过漫长冬季，极其依赖周边的康养及适老化服务。
三_2011_00971,三亚,2011,外地候鸟-东北,77,男,4.6,35.9,0.5,53.8,3,0,否,C,network,0.42,0.5,0.82,0.58,0.6,0.56,0,0.01,0.4,度假,一室一厅,98,4104,沈阳大型重工企业退休副厂长,高知退休康养,与父母同住，三代人拥挤在旧区小户型老房中,老小区隔音差，邻里滋扰严重，且车位严重匮乏，每晚加班回来抢车位像打仗。,要求有超大面宽南向双阳台（观景家政分离），主卧大飘窗能270度直面自然景观。,无需日常通勤，但要求30分钟内快捷通达凤凰机场或高铁站。,崇尚度假慢生活，清晨沙滩漫步，午后椰林下午茶，酷爱轻户外及后海冲浪。,名下持有一套旧两居，置换回款 65% + 个人理财储蓄补充 + 公积金商业贷,重性价比，不盲信大牌，但要求物业管理有序、绿化修剪及时、人防技防规范。,每年11月至次年3月到此度过漫长冬季，极其依赖周边的康养及适老化服务。
三_2011_00972,三亚,2011,本地改善,34,女,3.4,22.0,0.35,47.2,3,1,否,B,agent,0.81,0.45,0.55,0.42,0.35,0.62,0.54,0.75,0.37,自住-改善,两室两厅,70,5922,区级税务局一级主办,三口之家(幼龄段),三亚中环品质两居，车位及空间极其拥挤,小区无地下车库且人车不分流，小孩在楼下玩耍或者推婴儿车极为不安全。,核心要求地块属于第一梯队名校学区，且周边500米内解决幼小衔接教育配套。,无需日常通勤，但要求30分钟内快捷通达凤凰机场或高铁站。,崇尚度假慢生活，清晨沙滩漫步，午后椰林下午茶，酷爱轻户外及后海冲浪。,名下持有一套旧两居，置换回款 65% + 个人理财储蓄补充 + 公积金商业贷,重性价比，不盲信大牌，但要求物业管理有序、绿化修剪及时、人防技防规范。,本地常住人口，四季生活规律，度假频次为常规年假出行。
三_2011_00973,三亚,2011,外地候鸟-西北,68,女,2.8,19.5,0.5,29.3,2,0,否,C,network,0.68,0.57,0.89,0.68,0.59,0.61,0,0,0.42,度假,两室两厅,75,2821,西安设计院退休总建筑师,高知退休康养,与父母同住，三代人拥挤在旧区小户型老房中,老小区隔音差，邻里滋扰严重，且车位严重匮乏，每晚加班回来抢车位像打仗。,要求有超大面宽南向双阳台（观景家政分离），主卧大飘窗能270度直面自然景观。,无需日常通勤，但要求30分钟内快捷通达凤凰机场或高铁站。,崇尚度假慢生活，清晨沙滩漫步，午后椰林下午茶，酷爱轻户外及后海冲浪。,名下持有一套旧两居，置换回款 65% + 个人理财储蓄补充 + 公积金商业贷,重性价比，不盲信大牌，但要求物业管理有序、绿化修剪及时、人防技防规范。,每年11月至次年3月到此度过漫长冬季，极其依赖周边的康养及适老化服务。
三_2011_00974,三亚,2011,外地候鸟-华北,60,女,3.2,29.3,0.5,44.0,2,0,否,B,network,0.53,0.59,0.95,0.76,0.48,0.45,0,0,0.63,养老,两室一厅,90,2634,北京三甲医院退休教授,高知退休康养,三亚中环品质两居，车位及空间极其拥挤,老小区隔音差，邻里滋扰严重，且车位严重匮乏，每晚加班回来抢车位像打仗。,要求独立电梯入户，主次卧动线分明，配备独立保姆房和私密后院。,无需日常通勤，但要求30分钟内快捷通达凤凰机场或高铁站。,崇尚度假慢生活，清晨沙滩漫步，午后椰林下午茶，酷爱轻户外及后海冲浪。,名下持有一套旧两居，置换回款 65% + 个人理财储蓄补充 + 公积金商业贷,重性价比，不盲信大牌，但要求物业管理有序、绿化修剪及时、人防技防规范。,每年11月至次年3月到此度过漫长冬季，极其依赖周边的康养及适老化服务。
三_2011_00975,三亚,2011,外地候鸟-西北,70,女,4.2,27.6,0.5,41.3,2,0,否,C,network,0.26,0.48,0.98,0.56,0.53,0.49,0.04,0.0,0.63,养老,一室一厅,87,3250,兰州煤炭物流运输企业主,高知退休康养,与父母同住，三代人拥挤在旧区小户型老房中,老小区隔音差，邻里滋扰严重，且车位严重匮乏，每晚加班回来抢车位像打仗。,要求有超大面宽南向双阳台（观景家政分离），主卧大飘窗能270度直面自然景观。,无需日常通勤，但要求30分钟内快捷通达凤凰机场或高铁站。,崇尚度假慢生活，清晨沙滩漫步，午后椰林下午茶，酷爱轻户外及后海冲浪。,名下持有一套旧两居，置换回款 65% + 个人理财储蓄补充 + 公积金商业贷,重性价比，不盲信大牌，但要求物业管理有序、绿化修剪及时、人防技防规范。,每年11月至次年3月到此度过漫长冬季，极其依赖周边的康养及适老化服务。
三_2011_00976,三亚,2011,外地候鸟-华北,65,女,3.9,31.0,0.5,46.5,1,0,是,B,network,0.42,0.53,0.87,0.55,0.63,0.61,0.03,0,0.52,养老,两室两厅,88,3829,央企总部退休总工,高知退休康养,三亚中环品质两居，车位及空间极其拥挤,当前房屋属于旧多层无电梯房，父母年纪渐高每天爬楼梯极为吃力。,要求有超大面宽南向双阳台（观景家政分离），主卧大飘窗能270度直面自然景观。,无需日常通勤，但要求30分钟内快捷通达凤凰机场或高铁站。,崇尚度假慢生活，清晨沙滩漫步，午后椰林下午茶，酷爱轻户外及后海冲浪。,名下持有一套旧两居，置换回款 65% + 个人理财储蓄补充 + 公积金商业贷,重性价比，不盲信大牌，但要求物业管理有序、绿化修剪及时、人防技防规范。,每年11月至次年3月到此度过漫长冬季，极其依赖周边的康养及适老化服务。
三_2011_00977,三亚,2011,外地候鸟-西北,73,男,3.2,18.3,0.5,27.4,2,0,否,C,network,0.37,0.69,0.81,0.7,0.53,0.41,0,0,0.45,度假,两室两厅,59,3220,兰州煤炭物流运输企业主,高知退休康养,与父母同住，三代人拥挤在旧区小户型老房中,老小区隔音差，邻里滋扰严重，且车位严重匮乏，每晚加班回来抢车位像打仗。,要求独立电梯入户，主次卧动线分明，配备独立保姆房和私密后院。,无需日常通勤，但要求30分钟内快捷通达凤凰机场或高铁站。,崇尚度假慢生活，清晨沙滩漫步，午后椰林下午茶，酷爱轻户外及后海冲浪。,名下持有一套旧两居，置换回款 65% + 个人理财储蓄补充 + 公积金商业贷,重性价比，不盲信大牌，但要求物业管理有序、绿化修剪及时、人防技防规范。,每年11月至次年3月到此度过漫长冬季，极其依赖周边的康养及适老化服务。
三_2011_00978,三亚,2011,外地候鸟-华北,60,男,1.8,15.5,0.5,23.2,2,0,否,B,network,0.26,0.64,0.96,0.74,0.54,0.32,0,0.09,0.52,度假,一室一厅,79,1497,央企总部退休总工,高知退休康养,三亚中环品质两居，车位及空间极其拥挤,老小区隔音差，邻里滋扰严重，且车位严重匮乏，每晚加班回来抢车位像打仗。,要求独立电梯入户，主次卧动线分明，配备独立保姆房和私密后院。,无需日常通勤，但要求30分钟内快捷通达凤凰机场或高铁站。,崇尚度假慢生活，清晨沙滩漫步，午后椰林下午茶，酷爱轻户外及后海冲浪。,名下持有一套旧两居，置换回款 65% + 个人理财储蓄补充 + 公积金商业贷,重性价比，不盲信大牌，但要求物业管理有序、绿化修剪及时、人防技防规范。,每年11月至次年3月到此度过漫长冬季，极其依赖周边的康养及适老化服务。
三_2011_00979,三亚,2011,外地候鸟-华北,64,女,2.6,21.5,0.5,32.2,2,0,否,B,network,0.45,0.59,0.93,0.72,0.5,0.41,0,0.07,0.69,养老,两室两厅,51,3549,高校资深硕导,高知退休康养,三亚中环品质两居，车位及空间极其拥挤,老小区隔音差，邻里滋扰严重，且车位严重匮乏，每晚加班回来抢车位像打仗。,要求独立电梯入户，主次卧动线分明，配备独立保姆房和私密后院。,无需日常通勤，但要求30分钟内快捷通达凤凰机场或高铁站。,崇尚度假慢生活，清晨沙滩漫步，午后椰林下午茶，酷爱轻户外及后海冲浪。,名下持有一套旧两居，置换回款 65% + 个人理财储蓄补充 + 公积金商业贷,重性价比，不盲信大牌，但要求物业管理有序、绿化修剪及时、人防技防规范。,每年11月至次年3月到此度过漫长冬季，极其依赖周边的康养及适老化服务。
三_2011_00980,三亚,2011,外地候鸟-西北,61,女,4.9,36.8,0.5,55.2,2,0,否,C,network,0.52,0.64,0.87,0.75,0.47,0.48,0.2,0.02,0.38,养老,两室两厅,93,4436,西安设计院退休总建筑师,高知退休康养,与父母同住，三代人拥挤在旧区小户型老房中,老小区隔音差，邻里滋扰严重，且车位严重匮乏，每晚加班回来抢车位像打仗。,要求独立电梯入户，主次卧动线分明，配备独立保姆房和私密后院。,无需日常通勤，但要求30分钟内快捷通达凤凰机场或高铁站。,崇尚度假慢生活，清晨沙滩漫步，午后椰林下午茶，酷爱轻户外及后海冲浪。,名下持有一套旧两居，置换回款 65% + 个人理财储蓄补充 + 公积金商业贷,重性价比，不盲信大牌，但要求物业管理有序、绿化修剪及时、人防技防规范。,每年11月至次年3月到此度过漫长冬季，极其依赖周边的康养及适老化服务。
三_2011_00981,三亚,2011,本地改善,35,女,2.2,9.4,0.35,20.1,4,1,是,B,agent,0.74,0.51,0.65,0.5,0.51,0.7,0.45,0.65,0.38,自住-改善,两室两厅,69,1897,智能新能源车企研发骨干,三口之家(幼龄段),三亚中环品质两居，车位及空间极其拥挤,小区无地下车库且人车不分流，小孩在楼下玩耍或者推婴儿车极为不安全。,要求采光通透，全明户型，带多功能嵌入式收纳墙以最大化空间利用。,无需日常通勤，但要求30分钟内快捷通达凤凰机场或高铁站。,崇尚度假慢生活，清晨沙滩漫步，午后椰林下午茶，酷爱轻户外及后海冲浪。,名下持有一套旧两居，置换回款 65% + 个人理财储蓄补充 + 公积金商业贷,重性价比，不盲信大牌，但要求物业管理有序、绿化修剪及时、人防技防规范。,本地常住人口，四季生活规律，度假频次为常规年假出行。
三_2011_00982,三亚,2011,度假投资,36,女,5.3,56.2,0.4,105.3,3,1,否,A,research,0.99,0.33,0.76,0.42,0.62,0.51,0.11,0.1,0.81,投资-短期,两室一厅,55,11978,高端海景资产收藏家,三口之家(幼龄段),市中心私密洋房住宅,无高端私密会所及管家式物业配套，圈层鱼龙混杂，高净值居住体验差。,要求有超大面宽南向双阳台（观景家政分离），主卧大飘窗能270度直面自然景观。,无需日常通勤，但要求30分钟内快捷通达凤凰机场或高铁站。,周末常去高端商圈消费，热衷打网球和马术，重度手冲咖啡及黑胶唱片发烧友。,名下已有企业股权套现或分红现金，一次性全款付清，基本不加杠杆,非仁恒、绿城、万科等金牌开发商不买，极度看重高端精装质量与顶级物业的增值口碑。,每年11月至次年3月到此度过漫长冬季，极其依赖周边的康养及适老化服务。
三_2011_00983,三亚,2011,外地候鸟-西北,64,女,4.2,38.1,0.5,57.1,2,0,否,C,network,0.26,0.56,0.85,0.66,0.48,0.5,0.03,0.06,0.38,养老,一室一厅,98,2924,兰州煤炭物流运输企业主,高知退休康养,与父母同住，三代人拥挤在旧区小户型老房中,老小区隔音差，邻里滋扰严重，且车位严重匮乏，每晚加班回来抢车位像打仗。,要求有超大面宽南向双阳台（观景家政分离），主卧大飘窗能270度直面自然景观。,无需日常通勤，但要求30分钟内快捷通达凤凰机场或高铁站。,崇尚度假慢生活，清晨沙滩漫步，午后椰林下午茶，酷爱轻户外及后海冲浪。,名下持有一套旧两居，置换回款 65% + 个人理财储蓄补充 + 公积金商业贷,重性价比，不盲信大牌，但要求物业管理有序、绿化修剪及时、人防技防规范。,每年11月至次年3月到此度过漫长冬季，极其依赖周边的康养及适老化服务。
三_2011_00984,三亚,2011,外地候鸟-华北,57,女,1.4,12.2,0.5,18.4,1,0,否,B,network,0.36,0.5,0.89,0.79,0.51,0.47,0.04,0.06,0.64,养老,两室一厅,75,1493,北京三甲医院退休教授,高知退休康养,三亚中环品质两居，车位及空间极其拥挤,老小区隔音差，邻里滋扰严重，且车位严重匮乏，每晚加班回来抢车位像打仗。,要求独立电梯入户，主次卧动线分明，配备独立保姆房和私密后院。,无需日常通勤，但要求30分钟内快捷通达凤凰机场或高铁站。,崇尚度假慢生活，清晨沙滩漫步，午后椰林下午茶，酷爱轻户外及后海冲浪。,名下持有一套旧两居，置换回款 65% + 个人理财储蓄补充 + 公积金商业贷,重性价比，不盲信大牌，但要求物业管理有序、绿化修剪及时、人防技防规范。,每年11月至次年3月到此度过漫长冬季，极其依赖周边的康养及适老化服务。
三_2011_00985,三亚,2011,外地候鸟-西北,67,女,2.4,17.9,0.5,26.9,1,0,是,C,network,0.56,0.48,0.86,0.65,0.49,0.45,0.07,0.08,0.56,养老,两室两厅,79,2062,西安设计院退休总建筑师,高知退休康养,与父母同住，三代人拥挤在旧区小户型老房中,当前房屋属于旧多层无电梯房，父母年纪渐高每天爬楼梯极为吃力。,要求有超大面宽南向双阳台（观景家政分离），主卧大飘窗能270度直面自然景观。,无需日常通勤，但要求30分钟内快捷通达凤凰机场或高铁站。,崇尚度假慢生活，清晨沙滩漫步，午后椰林下午茶，酷爱轻户外及后海冲浪。,名下持有一套旧两居，置换回款 65% + 个人理财储蓄补充 + 公积金商业贷,重性价比，不盲信大牌，但要求物业管理有序、绿化修剪及时、人防技防规范。,每年11月至次年3月到此度过漫长冬季，极其依赖周边的康养及适老化服务。
三_2011_00986,三亚,2011,外地候鸟-华北,55,女,6.2,52.6,0.5,78.9,2,0,否,B,network,0.4,0.56,0.9,0.87,0.58,0.62,0,0,0.59,度假,一室一厅,96,7395,北京三甲医院退休教授,高知退休康养,三亚中环品质两居，车位及空间极其拥挤,老小区隔音差，邻里滋扰严重，且车位严重匮乏，每晚加班回来抢车位像打仗。,要求独立电梯入户，主次卧动线分明，配备独立保姆房和私密后院。,无需日常通勤，但要求30分钟内快捷通达凤凰机场或高铁站。,崇尚度假慢生活，清晨沙滩漫步，午后椰林下午茶，酷爱轻户外及后海冲浪。,名下持有一套旧两居，置换回款 65% + 个人理财储蓄补充 + 公积金商业贷,重性价比，不盲信大牌，但要求物业管理有序、绿化修剪及时、人防技防规范。,每年11月至次年3月到此度过漫长冬季，极其依赖周边的康养及适老化服务。
三_2011_00987,三亚,2011,外地候鸟-东北,64,男,3.7,32.9,0.5,49.3,2,0,否,C,network,0.23,0.47,0.96,0.78,0.31,0.59,0,0.03,0.52,度假,两室两厅,63,5901,哈尔滨私营物流老板,高知退休康养,与父母同住，三代人拥挤在旧区小户型老房中,老小区隔音差，邻里滋扰严重，且车位严重匮乏，每晚加班回来抢车位像打仗。,要求独立电梯入户，主次卧动线分明，配备独立保姆房和私密后院。,无需日常通勤，但要求30分钟内快捷通达凤凰机场或高铁站。,崇尚度假慢生活，清晨沙滩漫步，午后椰林下午茶，酷爱轻户外及后海冲浪。,名下持有一套旧两居，置换回款 65% + 个人理财储蓄补充 + 公积金商业贷,重性价比，不盲信大牌，但要求物业管理有序、绿化修剪及时、人防技防规范。,每年11月至次年3月到此度过漫长冬季，极其依赖周边的康养及适老化服务。
三_2011_00988,三亚,2011,外地候鸟-华北,70,女,6.3,56.7,0.5,85.0,2,0,否,B,network,0.39,0.48,0.87,0.62,0.55,0.54,0.06,0.06,0.63,度假,两室两厅,86,5990,央企总部退休总工,高知退休康养,三亚中环品质两居，车位及空间极其拥挤,老小区隔音差，邻里滋扰严重，且车位严重匮乏，每晚加班回来抢车位像打仗。,要求有超大面宽南向双阳台（观景家政分离），主卧大飘窗能270度直面自然景观。,无需日常通勤，但要求30分钟内快捷通达凤凰机场或高铁站。,崇尚度假慢生活，清晨沙滩漫步，午后椰林下午茶，酷爱轻户外及后海冲浪。,名下持有一套旧两居，置换回款 65% + 个人理财储蓄补充 + 公积金商业贷,重性价比，不盲信大牌，但要求物业管理有序、绿化修剪及时、人防技防规范。,每年11月至次年3月到此度过漫长冬季，极其依赖周边的康养及适老化服务。
三_2011_00989,三亚,2011,外地候鸟-华北,57,男,5.4,32.9,0.5,49.4,3,0,否,B,network,0.69,0.67,0.91,0.82,0.8,0.46,0,0.02,0.66,度假,两室两厅,100,3545,高校资深硕导,高知退休康养,三亚中环品质两居，车位及空间极其拥挤,老小区隔音差，邻里滋扰严重，且车位严重匮乏，每晚加班回来抢车位像打仗。,要求独立电梯入户，主次卧动线分明，配备独立保姆房和私密后院。,无需日常通勤，但要求30分钟内快捷通达凤凰机场或高铁站。,崇尚度假慢生活，清晨沙滩漫步，午后椰林下午茶，酷爱轻户外及后海冲浪。,名下持有一套旧两居，置换回款 65% + 个人理财储蓄补充 + 公积金商业贷,重性价比，不盲信大牌，但要求物业管理有序、绿化修剪及时、人防技防规范。,每年11月至次年3月到此度过漫长冬季，极其依赖周边的康养及适老化服务。
三_2011_00990,三亚,2011,本地改善,35,男,1.5,8.4,0.35,18.0,4,1,否,B,agent,0.79,0.63,0.5,0.43,0.43,0.68,0.49,0.67,0.43,自住-改善,两室一厅,86,1601,智能新能源车企研发骨干,三口之家(幼龄段),三亚中环品质两居，车位及空间极其拥挤,小区无地下车库且人车不分流，小孩在楼下玩耍或者推婴儿车极为不安全。,要求采光通透，全明户型，带多功能嵌入式收纳墙以最大化空间利用。,无需日常通勤，但要求30分钟内快捷通达凤凰机场或高铁站。,崇尚度假慢生活，清晨沙滩漫步，午后椰林下午茶，酷爱轻户外及后海冲浪。,名下持有一套旧两居，置换回款 65% + 个人理财储蓄补充 + 公积金商业贷,重性价比，不盲信大牌，但要求物业管理有序、绿化修剪及时、人防技防规范。,本地常住人口，四季生活规律，度假频次为常规年假出行。
三_2011_00991,三亚,2011,度假投资,52,男,4.5,33.2,0.4,62.2,4,1,否,A,research,0.83,0.33,0.94,0.6,0.37,0.38,0.02,0,0.74,投资-长持,两室两厅,86,6470,知名中医药连锁投资人,三口之家(学龄段),西湖边高精平层,无高端私密会所及管家式物业配套，圈层鱼龙混杂，高净值居住体验差。,要求有超大面宽南向双阳台（观景家政分离），主卧大飘窗能270度直面自然景观。,无需日常通勤，但要求30分钟内快捷通达凤凰机场或高铁站。,周末常去高端商圈消费，热衷打网球和马术，重度手冲咖啡及黑胶唱片发烧友。,名下已有企业股权套现或分红现金，一次性全款付清，基本不加杠杆,非仁恒、绿城、万科等金牌开发商不买，极度看重高端精装质量与顶级物业的增值口碑。,每年11月至次年3月到此度过漫长冬季，极其依赖周边的康养及适老化服务。
三_2011_00992,三亚,2011,度假投资,35,女,12.4,98.1,0.4,183.9,3,1,否,A,research,1,0.49,1,0.63,0.54,0.43,0.11,0.07,0.87,投资-短期,三室一厅,112,13001,上市公司退休联合创始人,三口之家(幼龄段),陆家嘴核心区江景大平层,无高端私密会所及管家式物业配套，圈层鱼龙混杂，高净值居住体验差。,要求有超大面宽南向双阳台（观景家政分离），主卧大飘窗能270度直面自然景观。,无需日常通勤，但要求30分钟内快捷通达凤凰机场或高铁站。,周末常去高端商圈消费，热衷打网球和马术，重度手冲咖啡及黑胶唱片发烧友。,名下已有企业股权套现或分红现金，一次性全款付清，基本不加杠杆,非仁恒、绿城、万科等金牌开发商不买，极度看重高端精装质量与顶级物业的增值口碑。,每年11月至次年3月到此度过漫长冬季，极其依赖周边的康养及适老化服务。
三_2011_00993,三亚,2011,本地改善,34,男,2.6,14.6,0.35,31.2,4,0,是,B,agent,0.65,0.58,0.64,0.38,0.38,0.79,0.46,0.71,0.47,自住-改善,两室两厅,53,4286,智能新能源车企研发骨干,新婚过渡两居,三亚中环品质两居，车位及空间极其拥挤,当前房屋属于旧多层无电梯房，父母年纪渐高每天爬楼梯极为吃力。,讲究超高得房率（超85%），主卧套房必须配备独立步入式衣帽间与干湿分离双卫。,无需日常通勤，但要求30分钟内快捷通达凤凰机场或高铁站。,崇尚度假慢生活，清晨沙滩漫步，午后椰林下午茶，酷爱轻户外及后海冲浪。,名下持有一套旧两居，置换回款 65% + 个人理财储蓄补充 + 公积金商业贷,重性价比，不盲信大牌，但要求物业管理有序、绿化修剪及时、人防技防规范。,本地常住人口，四季生活规律，度假频次为常规年假出行。
三_2011_00994,三亚,2011,外地候鸟-东北,68,男,2.7,16.0,0.5,24.0,3,0,否,C,network,0.44,0.63,1,0.69,0.57,0.54,0,0.05,0.44,养老,两室一厅,71,2511,哈尔滨高校退休处长,高知退休康养,与父母同住，三代人拥挤在旧区小户型老房中,老小区隔音差，邻里滋扰严重，且车位严重匮乏，每晚加班回来抢车位像打仗。,要求有超大面宽南向双阳台（观景家政分离），主卧大飘窗能270度直面自然景观。,无需日常通勤，但要求30分钟内快捷通达凤凰机场或高铁站。,崇尚度假慢生活，清晨沙滩漫步，午后椰林下午茶，酷爱轻户外及后海冲浪。,名下持有一套旧两居，置换回款 65% + 个人理财储蓄补充 + 公积金商业贷,重性价比，不盲信大牌，但要求物业管理有序、绿化修剪及时、人防技防规范。,每年11月至次年3月到此度过漫长冬季，极其依赖周边的康养及适老化服务。
三_2011_00995,三亚,2011,度假投资,36,男,1.2,10.0,0.4,18.8,3,1,否,A,research,1,0.37,0.75,0.66,0.35,0.38,0.02,0,0.82,投资-长持,两室两厅,92,1517,知名中医药连锁投资人,三口之家(幼龄段),陆家嘴核心区江景大平层,无高端私密会所及管家式物业配套，圈层鱼龙混杂，高净值居住体验差。,要求有超大面宽南向双阳台（观景家政分离），主卧大飘窗能270度直面自然景观。,无需日常通勤，但要求30分钟内快捷通达凤凰机场或高铁站。,周末常去高端商圈消费，热衷打网球和马术，重度手冲咖啡及黑胶唱片发烧友。,名下已有企业股权套现或分红现金，一次性全款付清，基本不加杠杆,非仁恒、绿城、万科等金牌开发商不买，极度看重高端精装质量与顶级物业的增值口碑。,每年11月至次年3月到此度过漫长冬季，极其依赖周边的康养及适老化服务。
三_2011_00996,三亚,2011,本地改善,36,女,3.1,22.9,0.35,49.2,3,2,否,B,agent,0.69,0.48,0.55,0.52,0.48,0.81,0.45,0.69,0.34,自住-改善,一室一厅,58,4910,三甲医院主治医师,二胎黄金期中大户型,三亚中环品质两居，车位及空间极其拥挤,小区无地下车库且人车不分流，小孩在楼下玩耍或者推婴儿车极为不安全。,讲究超高得房率（超85%），主卧套房必须配备独立步入式衣帽间与干湿分离双卫。,无需日常通勤，但要求30分钟内快捷通达凤凰机场或高铁站。,崇尚度假慢生活，清晨沙滩漫步，午后椰林下午茶，酷爱轻户外及后海冲浪。,名下持有一套旧两居，置换回款 65% + 个人理财储蓄补充 + 公积金商业贷,重性价比，不盲信大牌，但要求物业管理有序、绿化修剪及时、人防技防规范。,本地常住人口，四季生活规律，度假频次为常规年假出行。
三_2011_00997,三亚,2011,外地候鸟-东北,78,女,2.7,17.9,0.5,26.8,2,0,否,C,network,0.24,0.63,0.98,0.52,0.44,0.51,0,0.07,0.37,养老,两室一厅,86,1884,哈尔滨私营物流老板,高知退休康养,与父母同住，三代人拥挤在旧区小户型老房中,老小区隔音差，邻里滋扰严重，且车位严重匮乏，每晚加班回来抢车位像打仗。,要求有超大面宽南向双阳台（观景家政分离），主卧大飘窗能270度直面自然景观。,无需日常通勤，但要求30分钟内快捷通达凤凰机场或高铁站。,崇尚度假慢生活，清晨沙滩漫步，午后椰林下午茶，酷爱轻户外及后海冲浪。,名下持有一套旧两居，置换回款 65% + 个人理财储蓄补充 + 公积金商业贷,重性价比，不盲信大牌，但要求物业管理有序、绿化修剪及时、人防技防规范。,每年11月至次年3月到此度过漫长冬季，极其依赖周边的康养及适老化服务。
三_2011_00998,三亚,2011,外地候鸟-东北,75,女,1.5,11.3,0.5,17.0,2,0,否,C,network,0.3,0.51,0.99,0.68,0.52,0.44,0,0.1,0.44,养老,一室一厅,74,1583,哈尔滨高校退休处长,高知退休康养,与父母同住，三代人拥挤在旧区小户型老房中,老小区隔音差，邻里滋扰严重，且车位严重匮乏，每晚加班回来抢车位像打仗。,要求有超大面宽南向双阳台（观景家政分离），主卧大飘窗能270度直面自然景观。,无需日常通勤，但要求30分钟内快捷通达凤凰机场或高铁站。,崇尚度假慢生活，清晨沙滩漫步，午后椰林下午茶，酷爱轻户外及后海冲浪。,名下持有一套旧两居，置换回款 65% + 个人理财储蓄补充 + 公积金商业贷,重性价比，不盲信大牌，但要求物业管理有序、绿化修剪及时、人防技防规范。,每年11月至次年3月到此度过漫长冬季，极其依赖周边的康养及适老化服务。
三_2011_00999,三亚,2011,本地改善,40,女,2.0,8.3,0.35,17.9,4,1,是,B,agent,0.57,0.45,0.51,0.52,0.39,0.75,0.41,0.7,0.37,自住-改善,两室一厅,52,2412,智能新能源车企研发骨干,三口之家(学龄段),三亚中环品质两居，车位及空间极其拥挤,小区无地下车库且人车不分流，小孩在楼下玩耍或者推婴儿车极为不安全。,讲究超高得房率（超85%），主卧套房必须配备独立步入式衣帽间与干湿分离双卫。,无需日常通勤，但要求30分钟内快捷通达凤凰机场或高铁站。,崇尚度假慢生活，清晨沙滩漫步，午后椰林下午茶，酷爱轻户外及后海冲浪。,名下持有一套旧两居，置换回款 65% + 个人理财储蓄补充 + 公积金商业贷,重性价比，不盲信大牌，但要求物业管理有序、绿化修剪及时、人防技防规范。,本地常住人口，四季生活规律，度假频次为常规年假出行。
三_2011_01000,三亚,2011,外地候鸟-西北,63,女,4.5,39.9,0.5,59.8,3,0,否,C,network,0,0.76,0.89,0.74,0.53,0.56,0.15,0.02,0.6,度假,两室两厅,70,5273,西安设计院退休总建筑师,高知退休康养,与父母同住，三代人拥挤在旧区小户型老房中,老小区隔音差，邻里滋扰严重，且车位严重匮乏，每晚加班回来抢车位像打仗。,要求独立电梯入户，主次卧动线分明，配备独立保姆房和私密后院。,无需日常通勤，但要求30分钟内快捷通达凤凰机场或高铁站。,崇尚度假慢生活，清晨沙滩漫步，午后椰林下午茶，酷爱轻户外及后海冲浪。,名下持有一套旧两居，置换回款 65% + 个人理财储蓄补充 + 公积金商业贷,重性价比，不盲信大牌，但要求物业管理有序、绿化修剪及时、人防技防规范。,每年11月至次年3月到此度过漫长冬季，极其依赖周边的康养及适老化服务。
三_2011_01001,三亚,2011,本地改善,33,女,2.7,13.0,0.35,27.9,3,2,是,B,agent,0.84,0.67,0.45,0.35,0.25,0.73,0.36,0.85,0.53,自住-改善,两室一厅,55,4115,国企中层管理,二胎黄金期中大户型,三亚中环品质两居，车位及空间极其拥挤,小区无地下车库且人车不分流，小孩在楼下玩耍或者推婴儿车极为不安全。,讲究超高得房率（超85%），主卧套房必须配备独立步入式衣帽间与干湿分离双卫。,无需日常通勤，但要求30分钟内快捷通达凤凰机场或高铁站。,崇尚度假慢生活，清晨沙滩漫步，午后椰林下午茶，酷爱轻户外及后海冲浪。,名下持有一套旧两居，置换回款 65% + 个人理财储蓄补充 + 公积金商业贷,重性价比，不盲信大牌，但要求物业管理有序、绿化修剪及时、人防技防规范。,本地常住人口，四季生活规律，度假频次为常规年假出行。
三_2011_01002,三亚,2011,外地候鸟-华北,58,女,3.0,21.1,0.5,31.7,2,0,否,B,network,0.72,0.47,1,0.69,0.8,0.47,0,0,0.5,度假,两室两厅,88,2931,高校资深硕导,高知退休康养,三亚中环品质两居，车位及空间极其拥挤,老小区隔音差，邻里滋扰严重，且车位严重匮乏，每晚加班回来抢车位像打仗。,要求有超大面宽南向双阳台（观景家政分离），主卧大飘窗能270度直面自然景观。,无需日常通勤，但要求30分钟内快捷通达凤凰机场或高铁站。,崇尚度假慢生活，清晨沙滩漫步，午后椰林下午茶，酷爱轻户外及后海冲浪。,名下持有一套旧两居，置换回款 65% + 个人理财储蓄补充 + 公积金商业贷,重性价比，不盲信大牌，但要求物业管理有序、绿化修剪及时、人防技防规范。,每年11月至次年3月到此度过漫长冬季，极其依赖周边的康养及适老化服务。
三_2011_01003,三亚,2011,外地候鸟-华北,72,男,3.6,21.9,0.5,32.8,2,0,否,B,network,0.7,0.4,0.76,0.71,0.58,0.51,0.02,0.04,0.45,养老,两室两厅,67,3462,央企总部退休总工,高知退休康养,三亚中环品质两居，车位及空间极其拥挤,老小区隔音差，邻里滋扰严重，且车位严重匮乏，每晚加班回来抢车位像打仗。,要求独立电梯入户，主次卧动线分明，配备独立保姆房和私密后院。,无需日常通勤，但要求30分钟内快捷通达凤凰机场或高铁站。,崇尚度假慢生活，清晨沙滩漫步，午后椰林下午茶，酷爱轻户外及后海冲浪。,名下持有一套旧两居，置换回款 65% + 个人理财储蓄补充 + 公积金商业贷,重性价比，不盲信大牌，但要求物业管理有序、绿化修剪及时、人防技防规范。,每年11月至次年3月到此度过漫长冬季，极其依赖周边的康养及适老化服务。
三_2011_01004,三亚,2011,外地候鸟-东北,67,女,2.7,15.6,0.5,23.4,1,0,否,C,network,0.22,0.66,0.83,0.69,0.48,0.39,0.08,0,0.57,度假,两室两厅,99,1301,哈尔滨私营物流老板,高知退休康养,与父母同住，三代人拥挤在旧区小户型老房中,老小区隔音差，邻里滋扰严重，且车位严重匮乏，每晚加班回来抢车位像打仗。,要求有超大面宽南向双阳台（观景家政分离），主卧大飘窗能270度直面自然景观。,无需日常通勤，但要求30分钟内快捷通达凤凰机场或高铁站。,崇尚度假慢生活，清晨沙滩漫步，午后椰林下午茶，酷爱轻户外及后海冲浪。,名下持有一套旧两居，置换回款 65% + 个人理财储蓄补充 + 公积金商业贷,重性价比，不盲信大牌，但要求物业管理有序、绿化修剪及时、人防技防规范。,每年11月至次年3月到此度过漫长冬季，极其依赖周边的康养及适老化服务。
三_2011_01005,三亚,2011,外地候鸟-华北,67,女,5.8,38.1,0.5,57.2,2,1,是,B,network,0.45,0.6,1,0.68,0.57,0.57,0.02,0.09,0.63,度假,一室一厅,78,5472,北京三甲医院退休教授,三口之家(学龄段),三亚中环品质两居，车位及空间极其拥挤,小区无地下车库且人车不分流，小孩在楼下玩耍或者推婴儿车极为不安全。,要求有超大面宽南向双阳台（观景家政分离），主卧大飘窗能270度直面自然景观。,无需日常通勤，但要求30分钟内快捷通达凤凰机场或高铁站。,崇尚度假慢生活，清晨沙滩漫步，午后椰林下午茶，酷爱轻户外及后海冲浪。,名下持有一套旧两居，置换回款 65% + 个人理财储蓄补充 + 公积金商业贷,重性价比，不盲信大牌，但要求物业管理有序、绿化修剪及时、人防技防规范。,每年11月至次年3月到此度过漫长冬季，极其依赖周边的康养及适老化服务。
三_2011_01006,三亚,2011,本地改善,44,女,3.9,30.0,0.35,64.4,4,1,否,B,agent,0.57,0.62,0.47,0.47,0.4,0.78,0.58,0.77,0.48,自住-改善,两室一厅,84,6322,三甲医院主治医师,三口之家(学龄段),三亚中环品质两居，车位及空间极其拥挤,小区无地下车库且人车不分流，小孩在楼下玩耍或者推婴儿车极为不安全。,讲究超高得房率（超85%），主卧套房必须配备独立步入式衣帽间与干湿分离双卫。,无需日常通勤，但要求30分钟内快捷通达凤凰机场或高铁站。,崇尚度假慢生活，清晨沙滩漫步，午后椰林下午茶，酷爱轻户外及后海冲浪。,名下持有一套旧两居，置换回款 65% + 个人理财储蓄补充 + 公积金商业贷,重性价比，不盲信大牌，但要求物业管理有序、绿化修剪及时、人防技防规范。,本地常住人口，四季生活规律，度假频次为常规年假出行。
三_2011_01007,三亚,2011,外地候鸟-华北,61,男,4.5,42.8,0.5,64.2,2,0,否,B,network,0.4,0.46,0.98,0.62,0.63,0.54,0.03,0,0.64,养老,两室一厅,95,5067,央企总部退休总工,高知退休康养,三亚中环品质两居，车位及空间极其拥挤,老小区隔音差，邻里滋扰严重，且车位严重匮乏，每晚加班回来抢车位像打仗。,要求有超大面宽南向双阳台（观景家政分离），主卧大飘窗能270度直面自然景观。,无需日常通勤，但要求30分钟内快捷通达凤凰机场或高铁站。,崇尚度假慢生活，清晨沙滩漫步，午后椰林下午茶，酷爱轻户外及后海冲浪。,名下持有一套旧两居，置换回款 65% + 个人理财储蓄补充 + 公积金商业贷,重性价比，不盲信大牌，但要求物业管理有序、绿化修剪及时、人防技防规范。,每年11月至次年3月到此度过漫长冬季，极其依赖周边的康养及适老化服务。
三_2011_01008,三亚,2011,外地候鸟-华北,69,女,3.8,29.9,0.5,44.9,2,0,是,B,network,0.35,0.61,1,0.68,0.63,0.57,0.23,0,0.48,度假,两室两厅,77,4055,高校资深硕导,高知退休康养,三亚中环品质两居，车位及空间极其拥挤,当前房屋属于旧多层无电梯房，父母年纪渐高每天爬楼梯极为吃力。,要求有超大面宽南向双阳台（观景家政分离），主卧大飘窗能270度直面自然景观。,无需日常通勤，但要求30分钟内快捷通达凤凰机场或高铁站。,崇尚度假慢生活，清晨沙滩漫步，午后椰林下午茶，酷爱轻户外及后海冲浪。,名下持有一套旧两居，置换回款 65% + 个人理财储蓄补充 + 公积金商业贷,重性价比，不盲信大牌，但要求物业管理有序、绿化修剪及时、人防技防规范。,每年11月至次年3月到此度过漫长冬季，极其依赖周边的康养及适老化服务。
三_2011_01009,三亚,2011,高净值康养,67,男,23.6,292.6,0.6,365.8,3,0,否,A,network,0.85,0.35,0.85,0.85,0.82,0.65,0,0,0.84,养老,三室两厅,121,26131,知名中医药连锁投资人,高知退休康养,西湖边高精平层,无高端私密会所及管家式物业配套，圈层鱼龙混杂，高净值居住体验差。,要求独立电梯入户，主次卧动线分明，配备独立保姆房和私密后院。,无需日常通勤，但要求30分钟内快捷通达凤凰机场或高铁站。,周末常去高端商圈消费，热衷打网球和马术，重度手冲咖啡及黑胶唱片发烧友。,名下已有企业股权套现或分红现金，一次性全款付清，基本不加杠杆,非仁恒、绿城、万科等金牌开发商不买，极度看重高端精装质量与顶级物业的增值口碑。,本地常住人口，四季生活规律，度假频次为常规年假出行。
三_2011_01010,三亚,2011,度假投资,49,女,11.1,110.3,0.4,206.7,4,1,否,A,research,0.71,0.45,0.87,0.69,0.61,0.4,0.01,0.11,0.83,度假,三室两厅,90,14039,知名中医药连锁投资人,三口之家(学龄段),陆家嘴核心区江景大平层,无高端私密会所及管家式物业配套，圈层鱼龙混杂，高净值居住体验差。,要求有超大面宽南向双阳台（观景家政分离），主卧大飘窗能270度直面自然景观。,无需日常通勤，但要求30分钟内快捷通达凤凰机场或高铁站。,周末常去高端商圈消费，热衷打网球和马术，重度手冲咖啡及黑胶唱片发烧友。,名下已有企业股权套现或分红现金，一次性全款付清，基本不加杠杆,非仁恒、绿城、万科等金牌开发商不买，极度看重高端精装质量与顶级物业的增值口碑。,每年11月至次年3月到此度过漫长冬季，极其依赖周边的康养及适老化服务。
三_2011_01011,三亚,2011,度假投资,38,女,8.5,77.7,0.4,145.7,3,2,否,A,research,0.91,0.48,0.89,0.65,0.54,0.51,0,0.02,0.89,投资-短期,一室一厅,54,20010,高端海景资产收藏家,二胎黄金期中大户型,陆家嘴核心区江景大平层,无高端私密会所及管家式物业配套，圈层鱼龙混杂，高净值居住体验差。,要求有超大面宽南向双阳台（观景家政分离），主卧大飘窗能270度直面自然景观。,无需日常通勤，但要求30分钟内快捷通达凤凰机场或高铁站。,周末常去高端商圈消费，热衷打网球和马术，重度手冲咖啡及黑胶唱片发烧友。,名下已有企业股权套现或分红现金，一次性全款付清，基本不加杠杆,非仁恒、绿城、万科等金牌开发商不买，极度看重高端精装质量与顶级物业的增值口碑。,每年11月至次年3月到此度过漫长冬季，极其依赖周边的康养及适老化服务。
三_2011_01012,三亚,2011,本地改善,35,女,2.2,16.4,0.35,35.1,4,2,是,B,agent,1,0.53,0.47,0.44,0.37,0.78,0.61,0.76,0.59,自住-改善,一室一厅,63,3128,三甲医院主治医师,二胎黄金期中大户型,三亚中环品质两居，车位及空间极其拥挤,小区无地下车库且人车不分流，小孩在楼下玩耍或者推婴儿车极为不安全。,讲究超高得房率（超85%），主卧套房必须配备独立步入式衣帽间与干湿分离双卫。,无需日常通勤，但要求30分钟内快捷通达凤凰机场或高铁站。,崇尚度假慢生活，清晨沙滩漫步，午后椰林下午茶，酷爱轻户外及后海冲浪。,名下持有一套旧两居，置换回款 65% + 个人理财储蓄补充 + 公积金商业贷,重性价比，不盲信大牌，但要求物业管理有序、绿化修剪及时、人防技防规范。,本地常住人口，四季生活规律，度假频次为常规年假出行。
三_2011_01013,三亚,2011,外地候鸟-华北,62,男,2.3,21.5,0.5,32.3,1,0,否,B,network,0.51,0.62,1,0.65,0.57,0.49,0.03,0,0.41,度假,一室一厅,68,2923,高校资深硕导,高知退休康养,三亚中环品质两居，车位及空间极其拥挤,老小区隔音差，邻里滋扰严重，且车位严重匮乏，每晚加班回来抢车位像打仗。,要求有超大面宽南向双阳台（观景家政分离），主卧大飘窗能270度直面自然景观。,无需日常通勤，但要求30分钟内快捷通达凤凰机场或高铁站。,崇尚度假慢生活，清晨沙滩漫步，午后椰林下午茶，酷爱轻户外及后海冲浪。,名下持有一套旧两居，置换回款 65% + 个人理财储蓄补充 + 公积金商业贷,重性价比，不盲信大牌，但要求物业管理有序、绿化修剪及时、人防技防规范。,每年11月至次年3月到此度过漫长冬季，极其依赖周边的康养及适老化服务。
三_2011_01014,三亚,2011,外地候鸟-华北,73,男,3.0,22.3,0.5,33.4,3,1,否,B,network,0.49,0.69,1,0.6,0.55,0.43,0,0,0.71,度假,两室一厅,60,3002,央企总部退休总工,三口之家(学龄段),三亚中环品质两居，车位及空间极其拥挤,小区无地下车库且人车不分流，小孩在楼下玩耍或者推婴儿车极为不安全。,要求有超大面宽南向双阳台（观景家政分离），主卧大飘窗能270度直面自然景观。,无需日常通勤，但要求30分钟内快捷通达凤凰机场或高铁站。,崇尚度假慢生活，清晨沙滩漫步，午后椰林下午茶，酷爱轻户外及后海冲浪。,名下持有一套旧两居，置换回款 65% + 个人理财储蓄补充 + 公积金商业贷,非仁恒、绿城、万科等金牌开发商不买，极度看重高端精装质量与顶级物业的增值口碑。,每年11月至次年3月到此度过漫长冬季，极其依赖周边的康养及适老化服务。
三_2011_01015,三亚,2011,本地改善,36,男,1.9,10.7,0.35,22.9,4,2,否,B,agent,0.59,0.6,0.53,0.36,0.46,0.8,0.41,0.81,0.43,自住-改善,两室两厅,64,2267,智能新能源车企研发骨干,二胎黄金期中大户型,三亚中环品质两居，车位及空间极其拥挤,小区无地下车库且人车不分流，小孩在楼下玩耍或者推婴儿车极为不安全。,讲究超高得房率（超85%），主卧套房必须配备独立步入式衣帽间与干湿分离双卫。,无需日常通勤，但要求30分钟内快捷通达凤凰机场或高铁站。,崇尚度假慢生活，清晨沙滩漫步，午后椰林下午茶，酷爱轻户外及后海冲浪。,名下持有一套旧两居，置换回款 65% + 个人理财储蓄补充 + 公积金商业贷,重性价比，不盲信大牌，但要求物业管理有序、绿化修剪及时、人防技防规范。,本地常住人口，四季生活规律，度假频次为常规年假出行。
三_2011_01016,三亚,2011,外地候鸟-华北,68,男,4.8,41.6,0.5,62.3,2,0,否,B,network,0.53,0.64,1,0.73,0.5,0.38,0.02,0.07,0.59,度假,一室一厅,54,6647,高校资深硕导,高知退休康养,三亚中环品质两居，车位及空间极其拥挤,老小区隔音差，邻里滋扰严重，且车位严重匮乏，每晚加班回来抢车位像打仗。,要求独立电梯入户，主次卧动线分明，配备独立保姆房和私密后院。,无需日常通勤，但要求30分钟内快捷通达凤凰机场或高铁站。,崇尚度假慢生活，清晨沙滩漫步，午后椰林下午茶，酷爱轻户外及后海冲浪。,名下持有一套旧两居，置换回款 65% + 个人理财储蓄补充 + 公积金商业贷,重性价比，不盲信大牌，但要求物业管理有序、绿化修剪及时、人防技防规范。,每年11月至次年3月到此度过漫长冬季，极其依赖周边的康养及适老化服务。
三_2011_01017,三亚,2011,高净值康养,53,女,41.7,417.8,0.6,522.2,3,0,否,A,network,0.91,0.26,0.97,1,0.94,0.51,0.04,0,0.87,养老,四室两厅,175,21432,高端海景资产收藏家,成熟期核心家庭,市中心私密洋房住宅,无高端私密会所及管家式物业配套，圈层鱼龙混杂，高净值居住体验差。,要求独立电梯入户，主次卧动线分明，配备独立保姆房和私密后院。,无需日常通勤，但要求30分钟内快捷通达凤凰机场或高铁站。,周末常去高端商圈消费，热衷打网球和马术，重度手冲咖啡及黑胶唱片发烧友。,名下已有企业股权套现或分红现金，一次性全款付清，基本不加杠杆,非仁恒、绿城、万科等金牌开发商不买，极度看重高端精装质量与顶级物业的增值口碑。,本地常住人口，四季生活规律，度假频次为常规年假出行。
三_2011_01018,三亚,2011,外地候鸟-西北,74,男,1.5,11.6,0.5,17.3,3,0,否,C,network,0.51,0.62,1,0.65,0.39,0.51,0,0.16,0.48,养老,两室一厅,70,1950,兰州煤炭物流运输企业主,高知退休康养,与父母同住，三代人拥挤在旧区小户型老房中,老小区隔音差，邻里滋扰严重，且车位严重匮乏，每晚加班回来抢车位像打仗。,要求有超大面宽南向双阳台（观景家政分离），主卧大飘窗能270度直面自然景观。,无需日常通勤，但要求30分钟内快捷通达凤凰机场或高铁站。,崇尚度假慢生活，清晨沙滩漫步，午后椰林下午茶，酷爱轻户外及后海冲浪。,名下持有一套旧两居，置换回款 65% + 个人理财储蓄补充 + 公积金商业贷,重性价比，不盲信大牌，但要求物业管理有序、绿化修剪及时、人防技防规范。,每年11月至次年3月到此度过漫长冬季，极其依赖周边的康养及适老化服务。
三_2011_01019,三亚,2011,本地改善,36,男,2.6,19.5,0.35,41.8,5,1,否,B,agent,0.84,0.45,0.68,0.55,0.46,0.81,0.53,0.71,0.47,自住-改善,两室两厅,53,4381,三甲医院主治医师,三口之家(幼龄段),三亚中环品质两居，车位及空间极其拥挤,小区无地下车库且人车不分流，小孩在楼下玩耍或者推婴儿车极为不安全。,讲究超高得房率（超85%），主卧套房必须配备独立步入式衣帽间与干湿分离双卫。,无需日常通勤，但要求30分钟内快捷通达凤凰机场或高铁站。,崇尚度假慢生活，清晨沙滩漫步，午后椰林下午茶，酷爱轻户外及后海冲浪。,名下持有一套旧两居，置换回款 65% + 个人理财储蓄补充 + 公积金商业贷,重性价比，不盲信大牌，但要求物业管理有序、绿化修剪及时、人防技防规范。,本地常住人口，四季生活规律，度假频次为常规年假出行。
三_2011_01020,三亚,2011,度假投资,35,男,6.0,51.0,0.4,95.6,4,0,是,A,research,0.64,0.67,0.84,0.6,0.69,0.53,0,0.04,0.77,投资-长持,两室一厅,98,6569,知名中医药连锁投资人,新婚过渡两居,西湖边高精平层,当前房屋属于旧多层无电梯房，父母年纪渐高每天爬楼梯极为吃力。,要求有超大面宽南向双阳台（观景家政分离），主卧大飘窗能270度直面自然景观。,无需日常通勤，但要求30分钟内快捷通达凤凰机场或高铁站。,周末常去高端商圈消费，热衷打网球和马术，重度手冲咖啡及黑胶唱片发烧友。,名下已有企业股权套现或分红现金，一次性全款付清，基本不加杠杆,非仁恒、绿城、万科等金牌开发商不买，极度看重高端精装质量与顶级物业的增值口碑。,每年11月至次年3月到此度过漫长冬季，极其依赖周边的康养及适老化服务。
三_2011_01021,三亚,2011,外地候鸟-东北,73,女,3.7,32.1,0.5,48.2,2,0,否,C,network,0.37,0.71,1.0,0.58,0.45,0.57,0.02,0.02,0.58,度假,两室一厅,59,5327,哈尔滨私营物流老板,高知退休康养,与父母同住，三代人拥挤在旧区小户型老房中,老小区隔音差，邻里滋扰严重，且车位严重匮乏，每晚加班回来抢车位像打仗。,要求有超大面宽南向双阳台（观景家政分离），主卧大飘窗能270度直面自然景观。,无需日常通勤，但要求30分钟内快捷通达凤凰机场或高铁站。,崇尚度假慢生活，清晨沙滩漫步，午后椰林下午茶，酷爱轻户外及后海冲浪。,名下持有一套旧两居，置换回款 65% + 个人理财储蓄补充 + 公积金商业贷,重性价比，不盲信大牌，但要求物业管理有序、绿化修剪及时、人防技防规范。,每年11月至次年3月到此度过漫长冬季，极其依赖周边的康养及适老化服务。
三_2011_01022,三亚,2011,本地改善,45,男,1.4,5.9,0.35,12.7,4,0,是,B,agent,0.75,0.66,0.73,0.48,0.38,0.74,0.52,0.71,0.53,自住-改善,一室一厅,91,984,智能新能源车企研发骨干,成熟期核心家庭,三亚中环品质两居，车位及空间极其拥挤,当前房屋属于旧多层无电梯房，父母年纪渐高每天爬楼梯极为吃力。,要求有超大面宽南向双阳台（观景家政分离），主卧大飘窗能270度直面自然景观。,无需日常通勤，但要求30分钟内快捷通达凤凰机场或高铁站。,崇尚度假慢生活，清晨沙滩漫步，午后椰林下午茶，酷爱轻户外及后海冲浪。,名下持有一套旧两居，置换回款 65% + 个人理财储蓄补充 + 公积金商业贷,重性价比，不盲信大牌，但要求物业管理有序、绿化修剪及时、人防技防规范。,本地常住人口，四季生活规律，度假频次为常规年假出行。
三_2011_01023,三亚,2011,外地候鸟-东北,78,男,2.2,18.5,0.5,27.7,3,0,否,C,network,0.4,0.67,0.83,0.64,0.67,0.48,0.03,0.12,0.47,度假,一室一厅,59,3210,哈尔滨私营物流老板,高知退休康养,与父母同住，三代人拥挤在旧区小户型老房中,老小区隔音差，邻里滋扰严重，且车位严重匮乏，每晚加班回来抢车位像打仗。,要求有超大面宽南向双阳台（观景家政分离），主卧大飘窗能270度直面自然景观。,无需日常通勤，但要求30分钟内快捷通达凤凰机场或高铁站。,崇尚度假慢生活，清晨沙滩漫步，午后椰林下午茶，酷爱轻户外及后海冲浪。,名下持有一套旧两居，置换回款 65% + 个人理财储蓄补充 + 公积金商业贷,重性价比，不盲信大牌，但要求物业管理有序、绿化修剪及时、人防技防规范。,每年11月至次年3月到此度过漫长冬季，极其依赖周边的康养及适老化服务。
三_2011_01024,三亚,2011,外地候鸟-西北,62,女,2.4,15.8,0.5,23.8,2,0,否,C,network,0.25,0.37,1,0.73,0.51,0.46,0,0,0.62,养老,两室两厅,85,1573,兰州煤炭物流运输企业主,高知退休康养,与父母同住，三代人拥挤在旧区小户型老房中,老小区隔音差，邻里滋扰严重，且车位严重匮乏，每晚加班回来抢车位像打仗。,要求独立电梯入户，主次卧动线分明，配备独立保姆房和私密后院。,无需日常通勤，但要求30分钟内快捷通达凤凰机场或高铁站。,崇尚度假慢生活，清晨沙滩漫步，午后椰林下午茶，酷爱轻户外及后海冲浪。,名下持有一套旧两居，置换回款 65% + 个人理财储蓄补充 + 公积金商业贷,重性价比，不盲信大牌，但要求物业管理有序、绿化修剪及时、人防技防规范。,每年11月至次年3月到此度过漫长冬季，极其依赖周边的康养及适老化服务。
三_2011_01025,三亚,2011,度假投资,38,男,8.4,60.8,0.4,113.9,3,1,否,A,research,0.89,0.38,0.9,0.48,0.57,0.39,0.03,0,0.79,度假,两室两厅,81,11500,高端海景资产收藏家,三口之家(学龄段),西湖边高精平层,无高端私密会所及管家式物业配套，圈层鱼龙混杂，高净值居住体验差。,要求有超大面宽南向双阳台（观景家政分离），主卧大飘窗能270度直面自然景观。,无需日常通勤，但要求30分钟内快捷通达凤凰机场或高铁站。,周末常去高端商圈消费，热衷打网球和马术，重度手冲咖啡及黑胶唱片发烧友。,名下已有企业股权套现或分红现金，一次性全款付清，基本不加杠杆,非仁恒、绿城、万科等金牌开发商不买，极度看重高端精装质量与顶级物业的增值口碑。,每年11月至次年3月到此度过漫长冬季，极其依赖周边的康养及适老化服务。
三_2011_01026,三亚,2011,度假投资,39,男,10.0,74.9,0.4,140.5,4,1,是,A,research,0.79,0.41,0.89,0.55,0.51,0.43,0.02,0.01,0.82,投资-短期,两室两厅,88,11569,高端海景资产收藏家,三口之家(学龄段),西湖边高精平层,当前房屋属于旧多层无电梯房，父母年纪渐高每天爬楼梯极为吃力。,要求有超大面宽南向双阳台（观景家政分离），主卧大飘窗能270度直面自然景观。,无需日常通勤，但要求30分钟内快捷通达凤凰机场或高铁站。,周末常去高端商圈消费，热衷打网球和马术，重度手冲咖啡及黑胶唱片发烧友。,名下已有企业股权套现或分红现金，一次性全款付清，基本不加杠杆,非仁恒、绿城、万科等金牌开发商不买，极度看重高端精装质量与顶级物业的增值口碑。,每年11月至次年3月到此度过漫长冬季，极其依赖周边的康养及适老化服务。
三_2011_01027,三亚,2011,度假投资,39,女,5.8,44.0,0.4,82.5,4,1,否,A,research,0.8,0.31,0.85,0.64,0.47,0.42,0,0.08,0.63,投资-长持,两室两厅,73,7538,上市公司退休联合创始人,三口之家(学龄段),市中心私密洋房住宅,无高端私密会所及管家式物业配套，圈层鱼龙混杂，高净值居住体验差。,要求有超大面宽南向双阳台（观景家政分离），主卧大飘窗能270度直面自然景观。,无需日常通勤，但要求30分钟内快捷通达凤凰机场或高铁站。,周末常去高端商圈消费，热衷打网球和马术，重度手冲咖啡及黑胶唱片发烧友。,名下已有企业股权套现或分红现金，一次性全款付清，基本不加杠杆,重性价比，不盲信大牌，但要求物业管理有序、绿化修剪及时、人防技防规范。,每年11月至次年3月到此度过漫长冬季，极其依赖周边的康养及适老化服务。
三_2011_01028,三亚,2011,本地改善,41,男,2.5,16.9,0.35,36.2,4,1,是,B,agent,0.89,0.56,0.55,0.47,0.27,0.71,0.25,0.75,0.44,自住-改善,两室一厅,70,3751,重点中学高级教师,三口之家(学龄段),三亚中环品质两居，车位及空间极其拥挤,小区无地下车库且人车不分流，小孩在楼下玩耍或者推婴儿车极为不安全。,讲究超高得房率（超85%），主卧套房必须配备独立步入式衣帽间与干湿分离双卫。,无需日常通勤，但要求30分钟内快捷通达凤凰机场或高铁站。,崇尚度假慢生活，清晨沙滩漫步，午后椰林下午茶，酷爱轻户外及后海冲浪。,名下持有一套旧两居，置换回款 65% + 个人理财储蓄补充 + 公积金商业贷,重性价比，不盲信大牌，但要求物业管理有序、绿化修剪及时、人防技防规范。,本地常住人口，四季生活规律，度假频次为常规年假出行。
三_2011_01029,三亚,2011,本地改善,49,男,2.6,16.2,0.35,34.8,5,1,是,B,agent,0.75,0.51,0.66,0.43,0.33,0.66,0.62,0.66,0.44,自住-改善,两室两厅,53,4874,国企中层管理,三口之家(学龄段),三亚中环品质两居，车位及空间极其拥挤,小区无地下车库且人车不分流，小孩在楼下玩耍或者推婴儿车极为不安全。,要求采光通透，全明户型，带多功能嵌入式收纳墙以最大化空间利用。,无需日常通勤，但要求30分钟内快捷通达凤凰机场或高铁站。,崇尚度假慢生活，清晨沙滩漫步，午后椰林下午茶，酷爱轻户外及后海冲浪。,名下持有一套旧两居，置换回款 65% + 个人理财储蓄补充 + 公积金商业贷,重性价比，不盲信大牌，但要求物业管理有序、绿化修剪及时、人防技防规范。,本地常住人口，四季生活规律，度假频次为常规年假出行。
三_2011_01030,三亚,2011,外地候鸟-华北,61,男,7.0,39.9,0.5,59.8,2,0,否,B,network,0.46,0.61,0.97,0.71,0.56,0.53,0,0.08,0.53,养老,两室一厅,64,7130,北京三甲医院退休教授,高知退休康养,三亚中环品质两居，车位及空间极其拥挤,老小区隔音差，邻里滋扰严重，且车位严重匮乏，每晚加班回来抢车位像打仗。,要求独立电梯入户，主次卧动线分明，配备独立保姆房和私密后院。,无需日常通勤，但要求30分钟内快捷通达凤凰机场或高铁站。,崇尚度假慢生活，清晨沙滩漫步，午后椰林下午茶，酷爱轻户外及后海冲浪。,名下持有一套旧两居，置换回款 65% + 个人理财储蓄补充 + 公积金商业贷,重性价比，不盲信大牌，但要求物业管理有序、绿化修剪及时、人防技防规范。,每年11月至次年3月到此度过漫长冬季，极其依赖周边的康养及适老化服务。
三_2011_01031,三亚,2011,本地改善,48,男,1.3,7.5,0.35,16.1,4,2,是,B,agent,0.93,0.61,0.74,0.44,0.25,0.69,0.57,0.7,0.41,自住-改善,两室一厅,73,1523,重点中学高级教师,二胎黄金期中大户型,三亚中环品质两居，车位及空间极其拥挤,小区无地下车库且人车不分流，小孩在楼下玩耍或者推婴儿车极为不安全。,要求有超大面宽南向双阳台（观景家政分离），主卧大飘窗能270度直面自然景观。,无需日常通勤，但要求30分钟内快捷通达凤凰机场或高铁站。,崇尚度假慢生活，清晨沙滩漫步，午后椰林下午茶，酷爱轻户外及后海冲浪。,名下持有一套旧两居，置换回款 65% + 个人理财储蓄补充 + 公积金商业贷,重性价比，不盲信大牌，但要求物业管理有序、绿化修剪及时、人防技防规范。,本地常住人口，四季生活规律，度假频次为常规年假出行。
三_2011_01032,三亚,2011,外地候鸟-东北,71,女,3.3,27.2,0.5,40.7,2,0,否,C,network,0.35,0.62,0.95,0.69,0.57,0.43,0,0,0.5,养老,两室一厅,62,4669,哈尔滨私营物流老板,高知退休康养,与父母同住，三代人拥挤在旧区小户型老房中,老小区隔音差，邻里滋扰严重，且车位严重匮乏，每晚加班回来抢车位像打仗。,要求有超大面宽南向双阳台（观景家政分离），主卧大飘窗能270度直面自然景观。,无需日常通勤，但要求30分钟内快捷通达凤凰机场或高铁站。,崇尚度假慢生活，清晨沙滩漫步，午后椰林下午茶，酷爱轻户外及后海冲浪。,名下持有一套旧两居，置换回款 65% + 个人理财储蓄补充 + 公积金商业贷,重性价比，不盲信大牌，但要求物业管理有序、绿化修剪及时、人防技防规范。,每年11月至次年3月到此度过漫长冬季，极其依赖周边的康养及适老化服务。
三_2011_01033,三亚,2011,度假投资,36,男,8.1,98.6,0.4,184.9,3,2,否,A,research,0.85,0.45,0.82,0.8,0.54,0.36,0.15,0.09,0.83,投资-短期,两室两厅,140,11070,知名中医药连锁投资人,二胎黄金期中大户型,西湖边高精平层,无高端私密会所及管家式物业配套，圈层鱼龙混杂，高净值居住体验差。,要求独立电梯入户，主次卧动线分明，配备独立保姆房和私密后院。,无需日常通勤，但要求30分钟内快捷通达凤凰机场或高铁站。,周末常去高端商圈消费，热衷打网球和马术，重度手冲咖啡及黑胶唱片发烧友。,名下已有企业股权套现或分红现金，一次性全款付清，基本不加杠杆,非仁恒、绿城、万科等金牌开发商不买，极度看重高端精装质量与顶级物业的增值口碑。,每年11月至次年3月到此度过漫长冬季，极其依赖周边的康养及适老化服务。
三_2011_01034,三亚,2011,外地候鸟-华北,75,男,5.9,53.9,0.5,80.8,2,0,否,B,network,0.44,0.45,0.86,0.74,0.53,0.51,0.03,0,0.44,养老,一室一厅,99,4915,高校资深硕导,高知退休康养,三亚中环品质两居，车位及空间极其拥挤,老小区隔音差，邻里滋扰严重，且车位严重匮乏，每晚加班回来抢车位像打仗。,要求独立电梯入户，主次卧动线分明，配备独立保姆房和私密后院。,无需日常通勤，但要求30分钟内快捷通达凤凰机场或高铁站。,崇尚度假慢生活，清晨沙滩漫步，午后椰林下午茶，酷爱轻户外及后海冲浪。,名下持有一套旧两居，置换回款 65% + 个人理财储蓄补充 + 公积金商业贷,重性价比，不盲信大牌，但要求物业管理有序、绿化修剪及时、人防技防规范。,每年11月至次年3月到此度过漫长冬季，极其依赖周边的康养及适老化服务。
三_2011_01035,三亚,2011,外地候鸟-华北,65,女,2.5,23.1,0.5,34.7,2,0,否,B,network,0.59,0.7,1,0.62,0.48,0.49,0,0,0.55,度假,两室一厅,95,2410,央企总部退休总工,高知退休康养,三亚中环品质两居，车位及空间极其拥挤,老小区隔音差，邻里滋扰严重，且车位严重匮乏，每晚加班回来抢车位像打仗。,要求有超大面宽南向双阳台（观景家政分离），主卧大飘窗能270度直面自然景观。,无需日常通勤，但要求30分钟内快捷通达凤凰机场或高铁站。,崇尚度假慢生活，清晨沙滩漫步，午后椰林下午茶，酷爱轻户外及后海冲浪。,名下持有一套旧两居，置换回款 65% + 个人理财储蓄补充 + 公积金商业贷,重性价比，不盲信大牌，但要求物业管理有序、绿化修剪及时、人防技防规范。,每年11月至次年3月到此度过漫长冬季，极其依赖周边的康养及适老化服务。
三_2011_01036,三亚,2011,高净值康养,56,女,3.2,30.3,0.6,37.9,2,0,否,A,network,0.62,0.3,1.0,0.92,0.84,0.53,0.17,0,1,养老,两室一厅,97,3196,高端海景资产收藏家,高知退休康养,陆家嘴核心区江景大平层,无高端私密会所及管家式物业配套，圈层鱼龙混杂，高净值居住体验差。,要求独立电梯入户，主次卧动线分明，配备独立保姆房和私密后院。,无需日常通勤，但要求30分钟内快捷通达凤凰机场或高铁站。,周末常去高端商圈消费，热衷打网球和马术，重度手冲咖啡及黑胶唱片发烧友。,名下已有企业股权套现或分红现金，一次性全款付清，基本不加杠杆,非仁恒、绿城、万科等金牌开发商不买，极度看重高端精装质量与顶级物业的增值口碑。,本地常住人口，四季生活规律，度假频次为常规年假出行。
三_2011_01037,三亚,2011,度假投资,40,女,11.5,92.0,0.4,172.5,3,1,否,A,research,1,0.39,0.84,0.8,0.63,0.45,0,0,0.71,投资-长持,两室两厅,91,15810,高端海景资产收藏家,三口之家(学龄段),西湖边高精平层,无高端私密会所及管家式物业配套，圈层鱼龙混杂，高净值居住体验差。,要求独立电梯入户，主次卧动线分明，配备独立保姆房和私密后院。,无需日常通勤，但要求30分钟内快捷通达凤凰机场或高铁站。,周末常去高端商圈消费，热衷打网球和马术，重度手冲咖啡及黑胶唱片发烧友。,名下已有企业股权套现或分红现金，一次性全款付清，基本不加杠杆,非仁恒、绿城、万科等金牌开发商不买，极度看重高端精装质量与顶级物业的增值口碑。,每年11月至次年3月到此度过漫长冬季，极其依赖周边的康养及适老化服务。
三_2011_01038,三亚,2011,外地候鸟-华北,58,女,2.6,24.2,0.5,36.3,2,0,是,B,network,0.34,0.5,0.96,0.64,0.65,0.48,0.11,0,0.59,度假,一室一厅,75,2761,高校资深硕导,高知退休康养,三亚中环品质两居，车位及空间极其拥挤,当前房屋属于旧多层无电梯房，父母年纪渐高每天爬楼梯极为吃力。,要求有超大面宽南向双阳台（观景家政分离），主卧大飘窗能270度直面自然景观。,无需日常通勤，但要求30分钟内快捷通达凤凰机场或高铁站。,崇尚度假慢生活，清晨沙滩漫步，午后椰林下午茶，酷爱轻户外及后海冲浪。,名下持有一套旧两居，置换回款 65% + 个人理财储蓄补充 + 公积金商业贷,重性价比，不盲信大牌，但要求物业管理有序、绿化修剪及时、人防技防规范。,每年11月至次年3月到此度过漫长冬季，极其依赖周边的康养及适老化服务。
三_2011_01039,三亚,2011,度假投资,48,女,2.8,27.9,0.4,52.2,3,1,否,A,research,0.85,0.51,0.84,0.53,0.64,0.51,0,0.06,0.76,投资-长持,两室一厅,86,4093,上市公司退休联合创始人,三口之家(学龄段),市中心私密洋房住宅,无高端私密会所及管家式物业配套，圈层鱼龙混杂，高净值居住体验差。,要求有超大面宽南向双阳台（观景家政分离），主卧大飘窗能270度直面自然景观。,无需日常通勤，但要求30分钟内快捷通达凤凰机场或高铁站。,周末常去高端商圈消费，热衷打网球和马术，重度手冲咖啡及黑胶唱片发烧友。,名下已有企业股权套现或分红现金，一次性全款付清，基本不加杠杆,非仁恒、绿城、万科等金牌开发商不买，极度看重高端精装质量与顶级物业的增值口碑。,每年11月至次年3月到此度过漫长冬季，极其依赖周边的康养及适老化服务。
三_2011_01040,三亚,2011,外地候鸟-西北,56,女,2.7,23.0,0.5,34.5,2,0,否,C,network,0.75,0.53,0.93,0.53,0.56,0.54,0,0,0.38,养老,两室两厅,90,3352,西安设计院退休总建筑师,高知退休康养,与父母同住，三代人拥挤在旧区小户型老房中,老小区隔音差，邻里滋扰严重，且车位严重匮乏，每晚加班回来抢车位像打仗。,要求有超大面宽南向双阳台（观景家政分离），主卧大飘窗能270度直面自然景观。,无需日常通勤，但要求30分钟内快捷通达凤凰机场或高铁站。,崇尚度假慢生活，清晨沙滩漫步，午后椰林下午茶，酷爱轻户外及后海冲浪。,名下持有一套旧两居，置换回款 65% + 个人理财储蓄补充 + 公积金商业贷,重性价比，不盲信大牌，但要求物业管理有序、绿化修剪及时、人防技防规范。,每年11月至次年3月到此度过漫长冬季，极其依赖周边的康养及适老化服务。
三_2011_01041,三亚,2011,本地改善,40,男,2.9,12.4,0.35,26.7,5,0,是,B,agent,0.92,0.6,0.67,0.46,0.38,0.94,0.41,0.71,0.43,自住-改善,两室一厅,83,2875,重点中学高级教师,成熟期核心家庭,三亚中环品质两居，车位及空间极其拥挤,当前房屋属于旧多层无电梯房，父母年纪渐高每天爬楼梯极为吃力。,讲究超高得房率（超85%），主卧套房必须配备独立步入式衣帽间与干湿分离双卫。,无需日常通勤，但要求30分钟内快捷通达凤凰机场或高铁站。,崇尚度假慢生活，清晨沙滩漫步，午后椰林下午茶，酷爱轻户外及后海冲浪。,名下持有一套旧两居，置换回款 65% + 个人理财储蓄补充 + 公积金商业贷,重性价比，不盲信大牌，但要求物业管理有序、绿化修剪及时、人防技防规范。,本地常住人口，四季生活规律，度假频次为常规年假出行。
三_2011_01042,三亚,2011,度假投资,44,女,6.4,61.6,0.4,115.5,3,0,否,A,research,1,0.33,0.81,0.73,0.56,0.55,0.21,0,0.78,投资-长持,一室一厅,82,7950,上市公司退休联合创始人,成熟期核心家庭,市中心私密洋房住宅,无高端私密会所及管家式物业配套，圈层鱼龙混杂，高净值居住体验差。,要求独立电梯入户，主次卧动线分明，配备独立保姆房和私密后院。,无需日常通勤，但要求30分钟内快捷通达凤凰机场或高铁站。,周末常去高端商圈消费，热衷打网球和马术，重度手冲咖啡及黑胶唱片发烧友。,名下已有企业股权套现或分红现金，一次性全款付清，基本不加杠杆,非仁恒、绿城、万科等金牌开发商不买，极度看重高端精装质量与顶级物业的增值口碑。,每年11月至次年3月到此度过漫长冬季，极其依赖周边的康养及适老化服务。
三_2011_01043,三亚,2011,外地候鸟-东北,70,女,3.8,28.0,0.5,42.0,1,0,否,C,network,0.33,0.61,1,0.55,0.49,0.56,0,0.0,0.55,养老,一室一厅,92,3946,沈阳大型重工企业退休副厂长,高知退休康养,与父母同住，三代人拥挤在旧区小户型老房中,老小区隔音差，邻里滋扰严重，且车位严重匮乏，每晚加班回来抢车位像打仗。,要求有超大面宽南向双阳台（观景家政分离），主卧大飘窗能270度直面自然景观。,无需日常通勤，但要求30分钟内快捷通达凤凰机场或高铁站。,崇尚度假慢生活，清晨沙滩漫步，午后椰林下午茶，酷爱轻户外及后海冲浪。,名下持有一套旧两居，置换回款 65% + 个人理财储蓄补充 + 公积金商业贷,重性价比，不盲信大牌，但要求物业管理有序、绿化修剪及时、人防技防规范。,每年11月至次年3月到此度过漫长冬季，极其依赖周边的康养及适老化服务。
三_2011_01044,三亚,2011,外地候鸟-华北,56,男,5.7,40.5,0.5,60.7,2,1,否,B,network,0.38,0.46,0.98,0.58,0.6,0.58,0.06,0,0.47,养老,两室两厅,70,4847,央企总部退休总工,三口之家(学龄段),三亚中环品质两居，车位及空间极其拥挤,小区无地下车库且人车不分流，小孩在楼下玩耍或者推婴儿车极为不安全。,要求有超大面宽南向双阳台（观景家政分离），主卧大飘窗能270度直面自然景观。,无需日常通勤，但要求30分钟内快捷通达凤凰机场或高铁站。,崇尚度假慢生活，清晨沙滩漫步，午后椰林下午茶，酷爱轻户外及后海冲浪。,名下持有一套旧两居，置换回款 65% + 个人理财储蓄补充 + 公积金商业贷,重性价比，不盲信大牌，但要求物业管理有序、绿化修剪及时、人防技防规范。,每年11月至次年3月到此度过漫长冬季，极其依赖周边的康养及适老化服务。
三_2011_01045,三亚,2011,本地改善,34,女,1.5,10.0,0.35,21.5,4,1,否,B,agent,0.64,0.61,0.66,0.44,0.37,0.76,0.41,0.67,0.38,自住-改善,一室一厅,96,1461,三甲医院主治医师,三口之家(幼龄段),三亚中环品质两居，车位及空间极其拥挤,小区无地下车库且人车不分流，小孩在楼下玩耍或者推婴儿车极为不安全。,讲究超高得房率（超85%），主卧套房必须配备独立步入式衣帽间与干湿分离双卫。,无需日常通勤，但要求30分钟内快捷通达凤凰机场或高铁站。,崇尚度假慢生活，清晨沙滩漫步，午后椰林下午茶，酷爱轻户外及后海冲浪。,名下持有一套旧两居，置换回款 65% + 个人理财储蓄补充 + 公积金商业贷,重性价比，不盲信大牌，但要求物业管理有序、绿化修剪及时、人防技防规范。,本地常住人口，四季生活规律，度假频次为常规年假出行。
三_2011_01046,三亚,2011,度假投资,38,女,6.7,63.0,0.4,118.1,3,1,否,A,research,0.82,0.46,0.79,0.66,0.52,0.27,0,0,0.72,投资-短期,一室一厅,57,17742,知名中医药连锁投资人,三口之家(学龄段),市中心私密洋房住宅,无高端私密会所及管家式物业配套，圈层鱼龙混杂，高净值居住体验差。,要求有超大面宽南向双阳台（观景家政分离），主卧大飘窗能270度直面自然景观。,无需日常通勤，但要求30分钟内快捷通达凤凰机场或高铁站。,周末常去高端商圈消费，热衷打网球和马术，重度手冲咖啡及黑胶唱片发烧友。,名下已有企业股权套现或分红现金，一次性全款付清，基本不加杠杆,非仁恒、绿城、万科等金牌开发商不买，极度看重高端精装质量与顶级物业的增值口碑。,每年11月至次年3月到此度过漫长冬季，极其依赖周边的康养及适老化服务。
三_2011_01047,三亚,2011,本地改善,44,男,3.7,25.3,0.35,54.2,5,0,是,B,agent,0.86,0.52,0.57,0.37,0.45,0.82,0.51,0.76,0.49,自住-改善,两室一厅,55,7976,三甲医院主治医师,成熟期核心家庭,三亚中环品质两居，车位及空间极其拥挤,当前房屋属于旧多层无电梯房，父母年纪渐高每天爬楼梯极为吃力。,讲究超高得房率（超85%），主卧套房必须配备独立步入式衣帽间与干湿分离双卫。,无需日常通勤，但要求30分钟内快捷通达凤凰机场或高铁站。,崇尚度假慢生活，清晨沙滩漫步，午后椰林下午茶，酷爱轻户外及后海冲浪。,名下持有一套旧两居，置换回款 65% + 个人理财储蓄补充 + 公积金商业贷,重性价比，不盲信大牌，但要求物业管理有序、绿化修剪及时、人防技防规范。,本地常住人口，四季生活规律，度假频次为常规年假出行。
三_2011_01048,三亚,2011,外地候鸟-西北,56,男,6.9,64.5,0.5,96.8,2,0,否,C,network,0.73,0.56,0.89,0.61,0.48,0.43,0.11,0,0.61,养老,两室一厅,67,8739,西安设计院退休总建筑师,高知退休康养,与父母同住，三代人拥挤在旧区小户型老房中,老小区隔音差，邻里滋扰严重，且车位严重匮乏，每晚加班回来抢车位像打仗。,要求有超大面宽南向双阳台（观景家政分离），主卧大飘窗能270度直面自然景观。,无需日常通勤，但要求30分钟内快捷通达凤凰机场或高铁站。,崇尚度假慢生活，清晨沙滩漫步，午后椰林下午茶，酷爱轻户外及后海冲浪。,名下持有一套旧两居，置换回款 65% + 个人理财储蓄补充 + 公积金商业贷,重性价比，不盲信大牌，但要求物业管理有序、绿化修剪及时、人防技防规范。,每年11月至次年3月到此度过漫长冬季，极其依赖周边的康养及适老化服务。
三_2011_01049,三亚,2011,外地候鸟-华北,72,男,4.5,39.4,0.5,59.1,2,1,否,B,network,0.65,0.38,0.97,0.56,0.56,0.5,0.14,0,0.58,度假,两室两厅,60,7482,央企总部退休总工,三口之家(学龄段),三亚中环品质两居，车位及空间极其拥挤,小区无地下车库且人车不分流，小孩在楼下玩耍或者推婴儿车极为不安全。,要求有超大面宽南向双阳台（观景家政分离），主卧大飘窗能270度直面自然景观。,无需日常通勤，但要求30分钟内快捷通达凤凰机场或高铁站。,崇尚度假慢生活，清晨沙滩漫步，午后椰林下午茶，酷爱轻户外及后海冲浪。,名下持有一套旧两居，置换回款 65% + 个人理财储蓄补充 + 公积金商业贷,重性价比，不盲信大牌，但要求物业管理有序、绿化修剪及时、人防技防规范。,每年11月至次年3月到此度过漫长冬季，极其依赖周边的康养及适老化服务。
三_2011_01050,三亚,2011,本地改善,37,女,1.8,12.6,0.35,27.1,4,0,否,B,agent,1,0.52,0.79,0.38,0.43,0.74,0.4,0.83,0.51,自住-改善,两室一厅,95,2137,区级税务局一级主办,成熟期核心家庭,三亚中环品质两居，车位及空间极其拥挤,老小区隔音差，邻里滋扰严重，且车位严重匮乏，每晚加班回来抢车位像打仗。,要求有超大面宽南向双阳台（观景家政分离），主卧大飘窗能270度直面自然景观。,无需日常通勤，但要求30分钟内快捷通达凤凰机场或高铁站。,崇尚度假慢生活，清晨沙滩漫步，午后椰林下午茶，酷爱轻户外及后海冲浪。,名下持有一套旧两居，置换回款 65% + 个人理财储蓄补充 + 公积金商业贷,重性价比，不盲信大牌，但要求物业管理有序、绿化修剪及时、人防技防规范。,本地常住人口，四季生活规律，度假频次为常规年假出行。
三_2011_01051,三亚,2011,本地改善,30,女,2.5,14.9,0.35,31.9,4,0,否,B,agent,0.76,0.68,0.58,0.5,0.18,0.79,0.6,0.81,0.47,自住-改善,两室一厅,62,3895,区级税务局一级主办,新婚过渡两居,三亚中环品质两居，车位及空间极其拥挤,老小区隔音差，邻里滋扰严重，且车位严重匮乏，每晚加班回来抢车位像打仗。,讲究超高得房率（超85%），主卧套房必须配备独立步入式衣帽间与干湿分离双卫。,无需日常通勤，但要求30分钟内快捷通达凤凰机场或高铁站。,崇尚度假慢生活，清晨沙滩漫步，午后椰林下午茶，酷爱轻户外及后海冲浪。,名下持有一套旧两居，置换回款 65% + 个人理财储蓄补充 + 公积金商业贷,重性价比，不盲信大牌，但要求物业管理有序、绿化修剪及时、人防技防规范。,本地常住人口，四季生活规律，度假频次为常规年假出行。
三_2011_01052,三亚,2011,外地候鸟-华北,72,男,6.5,48.5,0.5,72.8,1,0,否,B,network,0.41,0.65,1,0.71,0.62,0.43,0.15,0,0.64,养老,两室一厅,53,8353,北京三甲医院退休教授,高知退休康养,三亚中环品质两居，车位及空间极其拥挤,老小区隔音差，邻里滋扰严重，且车位严重匮乏，每晚加班回来抢车位像打仗。,要求独立电梯入户，主次卧动线分明，配备独立保姆房和私密后院。,无需日常通勤，但要求30分钟内快捷通达凤凰机场或高铁站。,崇尚度假慢生活，清晨沙滩漫步，午后椰林下午茶，酷爱轻户外及后海冲浪。,名下持有一套旧两居，置换回款 65% + 个人理财储蓄补充 + 公积金商业贷,重性价比，不盲信大牌，但要求物业管理有序、绿化修剪及时、人防技防规范。,每年11月至次年3月到此度过漫长冬季，极其依赖周边的康养及适老化服务。
三_2011_01053,三亚,2011,本地改善,44,男,2.3,15.6,0.35,33.5,3,2,是,B,agent,0.59,0.67,0.62,0.5,0.35,0.67,0.53,0.72,0.47,自住-改善,一室一厅,68,3152,三甲医院主治医师,二胎黄金期中大户型,三亚中环品质两居，车位及空间极其拥挤,小区无地下车库且人车不分流，小孩在楼下玩耍或者推婴儿车极为不安全。,核心要求地块属于第一梯队名校学区，且周边500米内解决幼小衔接教育配套。,无需日常通勤，但要求30分钟内快捷通达凤凰机场或高铁站。,崇尚度假慢生活，清晨沙滩漫步，午后椰林下午茶，酷爱轻户外及后海冲浪。,名下持有一套旧两居，置换回款 65% + 个人理财储蓄补充 + 公积金商业贷,重性价比，不盲信大牌，但要求物业管理有序、绿化修剪及时、人防技防规范。,本地常住人口，四季生活规律，度假频次为常规年假出行。
三_2011_01054,三亚,2011,本地改善,35,女,2.7,12.3,0.35,26.4,5,1,是,B,agent,0.77,0.55,0.59,0.49,0.4,0.8,0.39,0.52,0.5,自住-改善,两室两厅,93,1705,智能新能源车企研发骨干,三口之家(幼龄段),三亚中环品质两居，车位及空间极其拥挤,小区无地下车库且人车不分流，小孩在楼下玩耍或者推婴儿车极为不安全。,讲究超高得房率（超85%），主卧套房必须配备独立步入式衣帽间与干湿分离双卫。,无需日常通勤，但要求30分钟内快捷通达凤凰机场或高铁站。,崇尚度假慢生活，清晨沙滩漫步，午后椰林下午茶，酷爱轻户外及后海冲浪。,名下持有一套旧两居，置换回款 65% + 个人理财储蓄补充 + 公积金商业贷,重性价比，不盲信大牌，但要求物业管理有序、绿化修剪及时、人防技防规范。,本地常住人口，四季生活规律，度假频次为常规年假出行。
三_2011_01055,三亚,2011,本地改善,35,男,3.1,20.8,0.35,44.5,5,1,是,B,agent,0.73,0.53,0.51,0.46,0.23,0.77,0.39,0.73,0.44,自住-改善,一室一厅,61,6327,国企中层管理,三口之家(幼龄段),三亚中环品质两居，车位及空间极其拥挤,小区无地下车库且人车不分流，小孩在楼下玩耍或者推婴儿车极为不安全。,讲究超高得房率（超85%），主卧套房必须配备独立步入式衣帽间与干湿分离双卫。,无需日常通勤，但要求30分钟内快捷通达凤凰机场或高铁站。,崇尚度假慢生活，清晨沙滩漫步，午后椰林下午茶，酷爱轻户外及后海冲浪。,名下持有一套旧两居，置换回款 65% + 个人理财储蓄补充 + 公积金商业贷,重性价比，不盲信大牌，但要求物业管理有序、绿化修剪及时、人防技防规范。,本地常住人口，四季生活规律，度假频次为常规年假出行。
三_2011_01056,三亚,2011,度假投资,42,女,8.2,62.6,0.4,117.4,3,1,否,A,research,0.81,0.37,0.84,0.55,0.49,0.55,0.0,0,0.9,度假,两室一厅,94,7422,高端海景资产收藏家,三口之家(学龄段),西湖边高精平层,无高端私密会所及管家式物业配套，圈层鱼龙混杂，高净值居住体验差。,要求有超大面宽南向双阳台（观景家政分离），主卧大飘窗能270度直面自然景观。,无需日常通勤，但要求30分钟内快捷通达凤凰机场或高铁站。,周末常去高端商圈消费，热衷打网球和马术，重度手冲咖啡及黑胶唱片发烧友。,名下已有企业股权套现或分红现金，一次性全款付清，基本不加杠杆,非仁恒、绿城、万科等金牌开发商不买，极度看重高端精装质量与顶级物业的增值口碑。,每年11月至次年3月到此度过漫长冬季，极其依赖周边的康养及适老化服务。
三_2011_01057,三亚,2011,度假投资,53,男,14.0,178.7,0.4,335.1,2,1,是,A,research,0.61,0.42,0.82,0.71,0.53,0.5,0.11,0,0.77,投资-长持,四室两厅,173,10119,知名中医药连锁投资人,三口之家(学龄段),西湖边高精平层,当前房屋属于旧多层无电梯房，父母年纪渐高每天爬楼梯极为吃力。,要求独立电梯入户，主次卧动线分明，配备独立保姆房和私密后院。,无需日常通勤，但要求30分钟内快捷通达凤凰机场或高铁站。,周末常去高端商圈消费，热衷打网球和马术，重度手冲咖啡及黑胶唱片发烧友。,名下已有企业股权套现或分红现金，一次性全款付清，基本不加杠杆,非仁恒、绿城、万科等金牌开发商不买，极度看重高端精装质量与顶级物业的增值口碑。,每年11月至次年3月到此度过漫长冬季，极其依赖周边的康养及适老化服务。
三_2011_01058,三亚,2011,外地候鸟-华北,62,女,5.2,29.4,0.5,44.1,1,1,否,B,network,0.71,0.46,0.86,0.69,0.56,0.5,0.0,0,0.49,养老,一室一厅,91,3212,高校资深硕导,三口之家(学龄段),三亚中环品质两居，车位及空间极其拥挤,小区无地下车库且人车不分流，小孩在楼下玩耍或者推婴儿车极为不安全。,要求有超大面宽南向双阳台（观景家政分离），主卧大飘窗能270度直面自然景观。,无需日常通勤，但要求30分钟内快捷通达凤凰机场或高铁站。,崇尚度假慢生活，清晨沙滩漫步，午后椰林下午茶，酷爱轻户外及后海冲浪。,名下持有一套旧两居，置换回款 65% + 个人理财储蓄补充 + 公积金商业贷,重性价比，不盲信大牌，但要求物业管理有序、绿化修剪及时、人防技防规范。,每年11月至次年3月到此度过漫长冬季，极其依赖周边的康养及适老化服务。
三_2011_01059,三亚,2011,本地改善,37,女,3.9,19.5,0.35,41.7,5,1,是,B,agent,0.79,0.58,0.48,0.36,0.29,0.67,0.49,0.58,0.42,自住-改善,两室一厅,71,4377,智能新能源车企研发骨干,三口之家(幼龄段),三亚中环品质两居，车位及空间极其拥挤,小区无地下车库且人车不分流，小孩在楼下玩耍或者推婴儿车极为不安全。,要求采光通透，全明户型，带多功能嵌入式收纳墙以最大化空间利用。,无需日常通勤，但要求30分钟内快捷通达凤凰机场或高铁站。,崇尚度假慢生活，清晨沙滩漫步，午后椰林下午茶，酷爱轻户外及后海冲浪。,名下持有一套旧两居，置换回款 65% + 个人理财储蓄补充 + 公积金商业贷,重性价比，不盲信大牌，但要求物业管理有序、绿化修剪及时、人防技防规范。,本地常住人口，四季生活规律，度假频次为常规年假出行。
三_2011_01060,三亚,2011,度假投资,53,女,6.1,75.8,0.4,142.1,2,1,否,A,research,0.79,0.41,0.93,0.71,0.69,0.47,0.01,0,0.75,投资-短期,一室一厅,50,25539,知名中医药连锁投资人,三口之家(学龄段),市中心私密洋房住宅,无高端私密会所及管家式物业配套，圈层鱼龙混杂，高净值居住体验差。,要求独立电梯入户，主次卧动线分明，配备独立保姆房和私密后院。,无需日常通勤，但要求30分钟内快捷通达凤凰机场或高铁站。,周末常去高端商圈消费，热衷打网球和马术，重度手冲咖啡及黑胶唱片发烧友。,名下已有企业股权套现或分红现金，一次性全款付清，基本不加杠杆,非仁恒、绿城、万科等金牌开发商不买，极度看重高端精装质量与顶级物业的增值口碑。,每年11月至次年3月到此度过漫长冬季，极其依赖周边的康养及适老化服务。
三_2011_01061,三亚,2011,外地候鸟-华北,75,女,4.0,33.4,0.5,50.0,2,1,否,B,network,0.34,0.5,0.96,0.65,0.72,0.54,0.12,0,0.49,养老,一室一厅,72,3633,央企总部退休总工,三口之家(学龄段),三亚中环品质两居，车位及空间极其拥挤,小区无地下车库且人车不分流，小孩在楼下玩耍或者推婴儿车极为不安全。,要求有超大面宽南向双阳台（观景家政分离），主卧大飘窗能270度直面自然景观。,无需日常通勤，但要求30分钟内快捷通达凤凰机场或高铁站。,崇尚度假慢生活，清晨沙滩漫步，午后椰林下午茶，酷爱轻户外及后海冲浪。,名下持有一套旧两居，置换回款 65% + 个人理财储蓄补充 + 公积金商业贷,重性价比，不盲信大牌，但要求物业管理有序、绿化修剪及时、人防技防规范。,每年11月至次年3月到此度过漫长冬季，极其依赖周边的康养及适老化服务。
三_2011_01062,三亚,2011,本地改善,35,女,1.4,9.0,0.35,19.2,4,0,是,B,agent,0.68,0.67,0.58,0.25,0.38,0.73,0.54,0.59,0.6,自住-改善,一室一厅,84,1365,国企中层管理,新婚过渡两居,三亚中环品质两居，车位及空间极其拥挤,当前房屋属于旧多层无电梯房，父母年纪渐高每天爬楼梯极为吃力。,讲究超高得房率（超85%），主卧套房必须配备独立步入式衣帽间与干湿分离双卫。,无需日常通勤，但要求30分钟内快捷通达凤凰机场或高铁站。,崇尚度假慢生活，清晨沙滩漫步，午后椰林下午茶，酷爱轻户外及后海冲浪。,名下持有一套旧两居，置换回款 65% + 个人理财储蓄补充 + 公积金商业贷,重性价比，不盲信大牌，但要求物业管理有序、绿化修剪及时、人防技防规范。,本地常住人口，四季生活规律，度假频次为常规年假出行。
三_2011_01063,三亚,2011,本地改善,46,女,3.3,20.5,0.35,43.9,4,1,否,B,agent,0.55,0.62,0.51,0.55,0.38,0.77,0.34,0.75,0.35,自住-改善,两室一厅,71,5250,三甲医院主治医师,三口之家(学龄段),三亚中环品质两居，车位及空间极其拥挤,小区无地下车库且人车不分流，小孩在楼下玩耍或者推婴儿车极为不安全。,讲究超高得房率（超85%），主卧套房必须配备独立步入式衣帽间与干湿分离双卫。,无需日常通勤，但要求30分钟内快捷通达凤凰机场或高铁站。,崇尚度假慢生活，清晨沙滩漫步，午后椰林下午茶，酷爱轻户外及后海冲浪。,名下持有一套旧两居，置换回款 65% + 个人理财储蓄补充 + 公积金商业贷,重性价比，不盲信大牌，但要求物业管理有序、绿化修剪及时、人防技防规范。,本地常住人口，四季生活规律，度假频次为常规年假出行。
三_2011_01064,三亚,2011,外地候鸟-西北,75,女,3.8,28.7,0.5,43.1,2,0,否,C,network,0.4,0.48,0.97,0.64,0.5,0.41,0,0,0.46,养老,两室两厅,58,4784,西安设计院退休总建筑师,高知退休康养,与父母同住，三代人拥挤在旧区小户型老房中,老小区隔音差，邻里滋扰严重，且车位严重匮乏，每晚加班回来抢车位像打仗。,要求有超大面宽南向双阳台（观景家政分离），主卧大飘窗能270度直面自然景观。,无需日常通勤，但要求30分钟内快捷通达凤凰机场或高铁站。,崇尚度假慢生活，清晨沙滩漫步，午后椰林下午茶，酷爱轻户外及后海冲浪。,名下持有一套旧两居，置换回款 65% + 个人理财储蓄补充 + 公积金商业贷,重性价比，不盲信大牌，但要求物业管理有序、绿化修剪及时、人防技防规范。,每年11月至次年3月到此度过漫长冬季，极其依赖周边的康养及适老化服务。
三_2011_01065,三亚,2011,外地候鸟-西北,70,女,2.1,12.3,0.5,18.4,2,0,否,C,network,0.21,0.59,0.92,0.77,0.56,0.51,0.05,0,0.35,度假,一室一厅,70,1580,西安设计院退休总建筑师,高知退休康养,与父母同住，三代人拥挤在旧区小户型老房中,老小区隔音差，邻里滋扰严重，且车位严重匮乏，每晚加班回来抢车位像打仗。,要求独立电梯入户，主次卧动线分明，配备独立保姆房和私密后院。,无需日常通勤，但要求30分钟内快捷通达凤凰机场或高铁站。,崇尚度假慢生活，清晨沙滩漫步，午后椰林下午茶，酷爱轻户外及后海冲浪。,名下持有一套旧两居，置换回款 65% + 个人理财储蓄补充 + 公积金商业贷,重性价比，不盲信大牌，但要求物业管理有序、绿化修剪及时、人防技防规范。,每年11月至次年3月到此度过漫长冬季，极其依赖周边的康养及适老化服务。
三_2011_01066,三亚,2011,外地候鸟-华北,69,女,2.5,18.9,0.5,28.3,2,0,否,B,network,0.42,0.6,0.98,0.63,0.45,0.57,0.06,0.0,0.6,度假,一室一厅,52,4100,北京三甲医院退休教授,高知退休康养,三亚中环品质两居，车位及空间极其拥挤,老小区隔音差，邻里滋扰严重，且车位严重匮乏，每晚加班回来抢车位像打仗。,要求有超大面宽南向双阳台（观景家政分离），主卧大飘窗能270度直面自然景观。,无需日常通勤，但要求30分钟内快捷通达凤凰机场或高铁站。,崇尚度假慢生活，清晨沙滩漫步，午后椰林下午茶，酷爱轻户外及后海冲浪。,名下持有一套旧两居，置换回款 65% + 个人理财储蓄补充 + 公积金商业贷,重性价比，不盲信大牌，但要求物业管理有序、绿化修剪及时、人防技防规范。,每年11月至次年3月到此度过漫长冬季，极其依赖周边的康养及适老化服务。
三_2011_01067,三亚,2011,外地候鸟-华北,61,男,1.2,8.7,0.5,13.0,2,0,否,B,network,0.5,0.51,0.91,0.63,0.46,0.44,0,0.08,0.42,养老,一室一厅,94,702,高校资深硕导,高知退休康养,三亚中环品质两居，车位及空间极其拥挤,老小区隔音差，邻里滋扰严重，且车位严重匮乏，每晚加班回来抢车位像打仗。,要求有超大面宽南向双阳台（观景家政分离），主卧大飘窗能270度直面自然景观。,无需日常通勤，但要求30分钟内快捷通达凤凰机场或高铁站。,崇尚度假慢生活，清晨沙滩漫步，午后椰林下午茶，酷爱轻户外及后海冲浪。,名下持有一套旧两居，置换回款 65% + 个人理财储蓄补充 + 公积金商业贷,重性价比，不盲信大牌，但要求物业管理有序、绿化修剪及时、人防技防规范。,每年11月至次年3月到此度过漫长冬季，极其依赖周边的康养及适老化服务。
三_2011_01068,三亚,2011,本地改善,44,女,2.5,15.4,0.35,33.0,3,0,否,B,agent,0.72,0.54,0.73,0.38,0.48,0.87,0.6,0.69,0.39,自住-改善,两室两厅,60,3741,国企中层管理,成熟期核心家庭,三亚中环品质两居，车位及空间极其拥挤,老小区隔音差，邻里滋扰严重，且车位严重匮乏，每晚加班回来抢车位像打仗。,要求有超大面宽南向双阳台（观景家政分离），主卧大飘窗能270度直面自然景观。,无需日常通勤，但要求30分钟内快捷通达凤凰机场或高铁站。,崇尚度假慢生活，清晨沙滩漫步，午后椰林下午茶，酷爱轻户外及后海冲浪。,名下持有一套旧两居，置换回款 65% + 个人理财储蓄补充 + 公积金商业贷,重性价比，不盲信大牌，但要求物业管理有序、绿化修剪及时、人防技防规范。,本地常住人口，四季生活规律，度假频次为常规年假出行。
三_2011_01069,三亚,2011,本地改善,44,女,2.0,9.5,0.35,20.3,3,1,否,B,agent,0.65,0.61,0.52,0.4,0.46,0.8,0.49,0.67,0.5,自住-改善,两室两厅,59,2356,三甲医院主治医师,三口之家(学龄段),三亚中环品质两居，车位及空间极其拥挤,小区无地下车库且人车不分流，小孩在楼下玩耍或者推婴儿车极为不安全。,讲究超高得房率（超85%），主卧套房必须配备独立步入式衣帽间与干湿分离双卫。,无需日常通勤，但要求30分钟内快捷通达凤凰机场或高铁站。,崇尚度假慢生活，清晨沙滩漫步，午后椰林下午茶，酷爱轻户外及后海冲浪。,名下持有一套旧两居，置换回款 65% + 个人理财储蓄补充 + 公积金商业贷,重性价比，不盲信大牌，但要求物业管理有序、绿化修剪及时、人防技防规范。,本地常住人口，四季生活规律，度假频次为常规年假出行。
三_2011_01070,三亚,2011,度假投资,53,女,10.7,92.9,0.4,174.2,3,1,否,A,research,0.65,0.43,0.83,0.55,0.57,0.55,0.04,0,0.75,度假,三室一厅,110,9777,知名中医药连锁投资人,三口之家(学龄段),市中心私密洋房住宅,无高端私密会所及管家式物业配套，圈层鱼龙混杂，高净值居住体验差。,要求有超大面宽南向双阳台（观景家政分离），主卧大飘窗能270度直面自然景观。,无需日常通勤，但要求30分钟内快捷通达凤凰机场或高铁站。,周末常去高端商圈消费，热衷打网球和马术，重度手冲咖啡及黑胶唱片发烧友。,名下已有企业股权套现或分红现金，一次性全款付清，基本不加杠杆,非仁恒、绿城、万科等金牌开发商不买，极度看重高端精装质量与顶级物业的增值口碑。,每年11月至次年3月到此度过漫长冬季，极其依赖周边的康养及适老化服务。
三_2011_01071,三亚,2011,外地候鸟-东北,58,女,1.3,9.1,0.5,13.6,2,0,是,C,network,0.3,0.61,0.97,0.71,0.51,0.55,0.05,0,0.34,养老,一室一厅,88,1338,哈尔滨高校退休处长,高知退休康养,与父母同住，三代人拥挤在旧区小户型老房中,当前房屋属于旧多层无电梯房，父母年纪渐高每天爬楼梯极为吃力。,要求独立电梯入户，主次卧动线分明，配备独立保姆房和私密后院。,无需日常通勤，但要求30分钟内快捷通达凤凰机场或高铁站。,崇尚度假慢生活，清晨沙滩漫步，午后椰林下午茶，酷爱轻户外及后海冲浪。,名下持有一套旧两居，置换回款 65% + 个人理财储蓄补充 + 公积金商业贷,重性价比，不盲信大牌，但要求物业管理有序、绿化修剪及时、人防技防规范。,每年11月至次年3月到此度过漫长冬季，极其依赖周边的康养及适老化服务。
三_2011_01072,三亚,2011,度假投资,39,女,6.5,83.3,0.4,156.2,3,1,否,A,research,0.9,0.46,0.86,0.68,0.54,0.46,0,0.17,0.84,投资-长持,两室两厅,94,13854,知名中医药连锁投资人,三口之家(学龄段),市中心私密洋房住宅,无高端私密会所及管家式物业配套，圈层鱼龙混杂，高净值居住体验差。,要求有超大面宽南向双阳台（观景家政分离），主卧大飘窗能270度直面自然景观。,无需日常通勤，但要求30分钟内快捷通达凤凰机场或高铁站。,周末常去高端商圈消费，热衷打网球和马术，重度手冲咖啡及黑胶唱片发烧友。,名下已有企业股权套现或分红现金，一次性全款付清，基本不加杠杆,非仁恒、绿城、万科等金牌开发商不买，极度看重高端精装质量与顶级物业的增值口碑。,每年11月至次年3月到此度过漫长冬季，极其依赖周边的康养及适老化服务。
三_2011_01073,三亚,2011,度假投资,43,女,8.9,83.8,0.4,157.1,4,2,否,A,research,0.69,0.23,0.97,0.54,0.52,0.5,0.05,0,0.52,投资-短期,两室两厅,117,8559,上市公司退休联合创始人,二胎黄金期中大户型,西湖边高精平层,无高端私密会所及管家式物业配套，圈层鱼龙混杂，高净值居住体验差。,要求有超大面宽南向双阳台（观景家政分离），主卧大飘窗能270度直面自然景观。,无需日常通勤，但要求30分钟内快捷通达凤凰机场或高铁站。,周末常去高端商圈消费，热衷打网球和马术，重度手冲咖啡及黑胶唱片发烧友。,名下已有企业股权套现或分红现金，一次性全款付清，基本不加杠杆,重性价比，不盲信大牌，但要求物业管理有序、绿化修剪及时、人防技防规范。,每年11月至次年3月到此度过漫长冬季，极其依赖周边的康养及适老化服务。
三_2011_01074,三亚,2011,外地候鸟-华北,69,男,2.5,15.5,0.5,23.2,2,1,是,B,network,0.45,0.52,0.92,0.74,0.61,0.58,0,0.05,0.5,养老,两室两厅,99,1938,高校资深硕导,三口之家(学龄段),三亚中环品质两居，车位及空间极其拥挤,小区无地下车库且人车不分流，小孩在楼下玩耍或者推婴儿车极为不安全。,要求独立电梯入户，主次卧动线分明，配备独立保姆房和私密后院。,无需日常通勤，但要求30分钟内快捷通达凤凰机场或高铁站。,崇尚度假慢生活，清晨沙滩漫步，午后椰林下午茶，酷爱轻户外及后海冲浪。,名下持有一套旧两居，置换回款 65% + 个人理财储蓄补充 + 公积金商业贷,重性价比，不盲信大牌，但要求物业管理有序、绿化修剪及时、人防技防规范。,每年11月至次年3月到此度过漫长冬季，极其依赖周边的康养及适老化服务。
三_2011_01075,三亚,2011,外地候鸟-东北,61,女,5.7,46.6,0.5,69.9,2,1,否,C,network,0.44,0.58,1,0.7,0.46,0.35,0.01,0,0.61,养老,一室一厅,70,8854,沈阳大型重工企业退休副厂长,三口之家(学龄段),与父母同住，三代人拥挤在旧区小户型老房中,小区无地下车库且人车不分流，小孩在楼下玩耍或者推婴儿车极为不安全。,要求有超大面宽南向双阳台（观景家政分离），主卧大飘窗能270度直面自然景观。,无需日常通勤，但要求30分钟内快捷通达凤凰机场或高铁站。,崇尚度假慢生活，清晨沙滩漫步，午后椰林下午茶，酷爱轻户外及后海冲浪。,名下持有一套旧两居，置换回款 65% + 个人理财储蓄补充 + 公积金商业贷,重性价比，不盲信大牌，但要求物业管理有序、绿化修剪及时、人防技防规范。,每年11月至次年3月到此度过漫长冬季，极其依赖周边的康养及适老化服务。
三_2011_01076,三亚,2011,本地改善,48,男,1.2,9.0,0.35,19.3,4,2,否,B,agent,0.93,0.6,0.7,0.5,0.34,0.76,0.64,0.86,0.36,自住-改善,一室一厅,53,3136,区级税务局一级主办,二胎黄金期中大户型,三亚中环品质两居，车位及空间极其拥挤,小区无地下车库且人车不分流，小孩在楼下玩耍或者推婴儿车极为不安全。,要求有超大面宽南向双阳台（观景家政分离），主卧大飘窗能270度直面自然景观。,无需日常通勤，但要求30分钟内快捷通达凤凰机场或高铁站。,崇尚度假慢生活，清晨沙滩漫步，午后椰林下午茶，酷爱轻户外及后海冲浪。,名下持有一套旧两居，置换回款 65% + 个人理财储蓄补充 + 公积金商业贷,重性价比，不盲信大牌，但要求物业管理有序、绿化修剪及时、人防技防规范。,本地常住人口，四季生活规律，度假频次为常规年假出行。
三_2011_01077,三亚,2011,本地改善,43,男,2.2,16.0,0.35,34.2,4,1,否,B,agent,0.66,0.55,0.59,0.42,0.33,0.72,0.34,0.64,0.41,自住-改善,两室两厅,87,3455,区级税务局一级主办,三口之家(学龄段),三亚中环品质两居，车位及空间极其拥挤,小区无地下车库且人车不分流，小孩在楼下玩耍或者推婴儿车极为不安全。,讲究超高得房率（超85%），主卧套房必须配备独立步入式衣帽间与干湿分离双卫。,无需日常通勤，但要求30分钟内快捷通达凤凰机场或高铁站。,崇尚度假慢生活，清晨沙滩漫步，午后椰林下午茶，酷爱轻户外及后海冲浪。,名下持有一套旧两居，置换回款 65% + 个人理财储蓄补充 + 公积金商业贷,重性价比，不盲信大牌，但要求物业管理有序、绿化修剪及时、人防技防规范。,本地常住人口，四季生活规律，度假频次为常规年假出行。
三_2011_01078,三亚,2011,外地候鸟-华北,63,男,5.0,39.7,0.5,59.6,3,0,是,B,network,0.9,0.64,0.93,0.7,0.68,0.57,0,0.05,0.67,度假,两室两厅,70,4736,高校资深硕导,高知退休康养,三亚中环品质两居，车位及空间极其拥挤,当前房屋属于旧多层无电梯房，父母年纪渐高每天爬楼梯极为吃力。,要求独立电梯入户，主次卧动线分明，配备独立保姆房和私密后院。,无需日常通勤，但要求30分钟内快捷通达凤凰机场或高铁站。,崇尚度假慢生活，清晨沙滩漫步，午后椰林下午茶，酷爱轻户外及后海冲浪。,名下持有一套旧两居，置换回款 65% + 个人理财储蓄补充 + 公积金商业贷,重性价比，不盲信大牌，但要求物业管理有序、绿化修剪及时、人防技防规范。,每年11月至次年3月到此度过漫长冬季，极其依赖周边的康养及适老化服务。
三_2011_01079,三亚,2011,外地候鸟-华北,71,男,3.3,33.2,0.5,49.8,2,0,否,B,network,0.33,0.68,0.97,0.71,0.58,0.52,0.05,0.09,0.62,养老,两室两厅,87,3314,高校资深硕导,高知退休康养,三亚中环品质两居，车位及空间极其拥挤,老小区隔音差，邻里滋扰严重，且车位严重匮乏，每晚加班回来抢车位像打仗。,要求独立电梯入户，主次卧动线分明，配备独立保姆房和私密后院。,无需日常通勤，但要求30分钟内快捷通达凤凰机场或高铁站。,崇尚度假慢生活，清晨沙滩漫步，午后椰林下午茶，酷爱轻户外及后海冲浪。,名下持有一套旧两居，置换回款 65% + 个人理财储蓄补充 + 公积金商业贷,重性价比，不盲信大牌，但要求物业管理有序、绿化修剪及时、人防技防规范。,每年11月至次年3月到此度过漫长冬季，极其依赖周边的康养及适老化服务。
三_2011_01080,三亚,2011,外地候鸟-华北,66,男,2.6,20.1,0.5,30.1,2,1,否,B,network,0.36,0.47,1,0.74,0.64,0.48,0,0.03,0.53,度假,两室两厅,65,3077,央企总部退休总工,三口之家(学龄段),三亚中环品质两居，车位及空间极其拥挤,小区无地下车库且人车不分流，小孩在楼下玩耍或者推婴儿车极为不安全。,要求独立电梯入户，主次卧动线分明，配备独立保姆房和私密后院。,无需日常通勤，但要求30分钟内快捷通达凤凰机场或高铁站。,崇尚度假慢生活，清晨沙滩漫步，午后椰林下午茶，酷爱轻户外及后海冲浪。,名下持有一套旧两居，置换回款 65% + 个人理财储蓄补充 + 公积金商业贷,重性价比，不盲信大牌，但要求物业管理有序、绿化修剪及时、人防技防规范。,每年11月至次年3月到此度过漫长冬季，极其依赖周边的康养及适老化服务。
三_2011_01081,三亚,2011,外地候鸟-华北,74,男,6.7,44.0,0.5,66.0,2,0,否,B,network,0.34,0.64,0.96,0.83,0.49,0.65,0,0,0.54,度假,两室两厅,52,9167,北京三甲医院退休教授,高知退休康养,三亚中环品质两居，车位及空间极其拥挤,老小区隔音差，邻里滋扰严重，且车位严重匮乏，每晚加班回来抢车位像打仗。,要求独立电梯入户，主次卧动线分明，配备独立保姆房和私密后院。,无需日常通勤，但要求30分钟内快捷通达凤凰机场或高铁站。,崇尚度假慢生活，清晨沙滩漫步，午后椰林下午茶，酷爱轻户外及后海冲浪。,名下持有一套旧两居，置换回款 65% + 个人理财储蓄补充 + 公积金商业贷,重性价比，不盲信大牌，但要求物业管理有序、绿化修剪及时、人防技防规范。,每年11月至次年3月到此度过漫长冬季，极其依赖周边的康养及适老化服务。
三_2011_01082,三亚,2011,度假投资,43,女,7.0,59.3,0.4,111.1,4,1,否,A,research,0.7,0.43,0.85,0.67,0.63,0.32,0,0,0.81,投资-长持,一室一厅,65,9133,上市公司退休联合创始人,三口之家(学龄段),市中心私密洋房住宅,无高端私密会所及管家式物业配套，圈层鱼龙混杂，高净值居住体验差。,要求有超大面宽南向双阳台（观景家政分离），主卧大飘窗能270度直面自然景观。,无需日常通勤，但要求30分钟内快捷通达凤凰机场或高铁站。,周末常去高端商圈消费，热衷打网球和马术，重度手冲咖啡及黑胶唱片发烧友。,名下已有企业股权套现或分红现金，一次性全款付清，基本不加杠杆,非仁恒、绿城、万科等金牌开发商不买，极度看重高端精装质量与顶级物业的增值口碑。,每年11月至次年3月到此度过漫长冬季，极其依赖周边的康养及适老化服务。
三_2011_01083,三亚,2011,本地改善,40,女,1.4,6.9,0.35,14.7,4,2,是,B,agent,0.77,0.61,0.5,0.53,0.38,0.77,0.4,0.59,0.34,自住-改善,两室两厅,98,893,三甲医院主治医师,二胎黄金期中大户型,三亚中环品质两居，车位及空间极其拥挤,小区无地下车库且人车不分流，小孩在楼下玩耍或者推婴儿车极为不安全。,讲究超高得房率（超85%），主卧套房必须配备独立步入式衣帽间与干湿分离双卫。,无需日常通勤，但要求30分钟内快捷通达凤凰机场或高铁站。,崇尚度假慢生活，清晨沙滩漫步，午后椰林下午茶，酷爱轻户外及后海冲浪。,名下持有一套旧两居，置换回款 65% + 个人理财储蓄补充 + 公积金商业贷,重性价比，不盲信大牌，但要求物业管理有序、绿化修剪及时、人防技防规范。,本地常住人口，四季生活规律，度假频次为常规年假出行。
三_2011_01084,三亚,2011,本地改善,46,男,1.8,8.6,0.35,18.4,4,0,是,B,agent,0.5,0.61,0.6,0.53,0.43,0.71,0.48,0.74,0.55,自住-改善,一室一厅,86,1872,国企中层管理,成熟期核心家庭,三亚中环品质两居，车位及空间极其拥挤,当前房屋属于旧多层无电梯房，父母年纪渐高每天爬楼梯极为吃力。,讲究超高得房率（超85%），主卧套房必须配备独立步入式衣帽间与干湿分离双卫。,无需日常通勤，但要求30分钟内快捷通达凤凰机场或高铁站。,崇尚度假慢生活，清晨沙滩漫步，午后椰林下午茶，酷爱轻户外及后海冲浪。,名下持有一套旧两居，置换回款 65% + 个人理财储蓄补充 + 公积金商业贷,重性价比，不盲信大牌，但要求物业管理有序、绿化修剪及时、人防技防规范。,本地常住人口，四季生活规律，度假频次为常规年假出行。
三_2011_01085,三亚,2011,外地候鸟-东北,61,女,3.2,24.7,0.5,37.1,2,0,否,C,network,0.44,0.58,1,0.83,0.63,0.46,0,0.06,0.54,度假,两室两厅,63,4437,哈尔滨私营物流老板,高知退休康养,与父母同住，三代人拥挤在旧区小户型老房中,老小区隔音差，邻里滋扰严重，且车位严重匮乏，每晚加班回来抢车位像打仗。,要求独立电梯入户，主次卧动线分明，配备独立保姆房和私密后院。,无需日常通勤，但要求30分钟内快捷通达凤凰机场或高铁站。,崇尚度假慢生活，清晨沙滩漫步，午后椰林下午茶，酷爱轻户外及后海冲浪。,名下持有一套旧两居，置换回款 65% + 个人理财储蓄补充 + 公积金商业贷,重性价比，不盲信大牌，但要求物业管理有序、绿化修剪及时、人防技防规范。,每年11月至次年3月到此度过漫长冬季，极其依赖周边的康养及适老化服务。
三_2011_01086,三亚,2011,本地改善,37,女,2.5,19.3,0.35,41.4,3,1,是,B,agent,0.68,0.52,0.57,0.48,0.47,0.75,0.61,0.49,0.49,自住-改善,两室一厅,71,3996,重点中学高级教师,三口之家(幼龄段),三亚中环品质两居，车位及空间极其拥挤,小区无地下车库且人车不分流，小孩在楼下玩耍或者推婴儿车极为不安全。,讲究超高得房率（超85%），主卧套房必须配备独立步入式衣帽间与干湿分离双卫。,无需日常通勤，但要求30分钟内快捷通达凤凰机场或高铁站。,崇尚度假慢生活，清晨沙滩漫步，午后椰林下午茶，酷爱轻户外及后海冲浪。,名下持有一套旧两居，置换回款 65% + 个人理财储蓄补充 + 公积金商业贷,重性价比，不盲信大牌，但要求物业管理有序、绿化修剪及时、人防技防规范。,本地常住人口，四季生活规律，度假频次为常规年假出行。
三_2011_01087,三亚,2011,外地候鸟-西北,63,女,4.0,37.6,0.5,56.5,3,1,否,C,network,0.39,0.6,1,0.69,0.42,0.59,0,0.06,0.47,养老,两室两厅,93,5198,西安设计院退休总建筑师,三口之家(学龄段),与父母同住，三代人拥挤在旧区小户型老房中,小区无地下车库且人车不分流，小孩在楼下玩耍或者推婴儿车极为不安全。,要求有超大面宽南向双阳台（观景家政分离），主卧大飘窗能270度直面自然景观。,无需日常通勤，但要求30分钟内快捷通达凤凰机场或高铁站。,崇尚度假慢生活，清晨沙滩漫步，午后椰林下午茶，酷爱轻户外及后海冲浪。,名下持有一套旧两居，置换回款 65% + 个人理财储蓄补充 + 公积金商业贷,重性价比，不盲信大牌，但要求物业管理有序、绿化修剪及时、人防技防规范。,每年11月至次年3月到此度过漫长冬季，极其依赖周边的康养及适老化服务。
三_2011_01088,三亚,2011,外地候鸟-西北,58,男,3.8,39.2,0.5,58.8,3,0,否,C,network,0.32,0.6,0.92,0.56,0.51,0.52,0,0.01,0.41,度假,两室一厅,92,4597,兰州煤炭物流运输企业主,高知退休康养,与父母同住，三代人拥挤在旧区小户型老房中,老小区隔音差，邻里滋扰严重，且车位严重匮乏，每晚加班回来抢车位像打仗。,要求有超大面宽南向双阳台（观景家政分离），主卧大飘窗能270度直面自然景观。,无需日常通勤，但要求30分钟内快捷通达凤凰机场或高铁站。,崇尚度假慢生活，清晨沙滩漫步，午后椰林下午茶，酷爱轻户外及后海冲浪。,名下持有一套旧两居，置换回款 65% + 个人理财储蓄补充 + 公积金商业贷,重性价比，不盲信大牌，但要求物业管理有序、绿化修剪及时、人防技防规范。,每年11月至次年3月到此度过漫长冬季，极其依赖周边的康养及适老化服务。
三_2011_01089,三亚,2011,度假投资,55,男,5.2,64.9,0.4,121.8,4,1,否,A,research,0.9,0.33,0.77,0.59,0.53,0.44,0.04,0,0.9,投资-短期,两室一厅,54,11884,高端海景资产收藏家,三口之家(学龄段),市中心私密洋房住宅,无高端私密会所及管家式物业配套，圈层鱼龙混杂，高净值居住体验差。,要求有超大面宽南向双阳台（观景家政分离），主卧大飘窗能270度直面自然景观。,无需日常通勤，但要求30分钟内快捷通达凤凰机场或高铁站。,周末常去高端商圈消费，热衷打网球和马术，重度手冲咖啡及黑胶唱片发烧友。,名下已有企业股权套现或分红现金，一次性全款付清，基本不加杠杆,非仁恒、绿城、万科等金牌开发商不买，极度看重高端精装质量与顶级物业的增值口碑。,每年11月至次年3月到此度过漫长冬季，极其依赖周边的康养及适老化服务。
三_2011_01090,三亚,2011,度假投资,51,男,8.7,108.2,0.4,202.8,2,0,否,A,research,0.93,0.42,0.95,0.68,0.62,0.41,0.05,0.07,0.81,投资-短期,三室两厅,106,15086,高端海景资产收藏家,成熟期核心家庭,陆家嘴核心区江景大平层,无高端私密会所及管家式物业配套，圈层鱼龙混杂，高净值居住体验差。,要求有超大面宽南向双阳台（观景家政分离），主卧大飘窗能270度直面自然景观。,无需日常通勤，但要求30分钟内快捷通达凤凰机场或高铁站。,周末常去高端商圈消费，热衷打网球和马术，重度手冲咖啡及黑胶唱片发烧友。,名下已有企业股权套现或分红现金，一次性全款付清，基本不加杠杆,非仁恒、绿城、万科等金牌开发商不买，极度看重高端精装质量与顶级物业的增值口碑。,每年11月至次年3月到此度过漫长冬季，极其依赖周边的康养及适老化服务。
三_2011_01091,三亚,2011,本地改善,35,女,2.4,16.5,0.35,35.3,4,1,是,B,agent,0.65,0.57,0.58,0.43,0.5,0.74,0.5,0.62,0.53,自住-改善,一室一厅,74,3506,三甲医院主治医师,三口之家(幼龄段),三亚中环品质两居，车位及空间极其拥挤,小区无地下车库且人车不分流，小孩在楼下玩耍或者推婴儿车极为不安全。,讲究超高得房率（超85%），主卧套房必须配备独立步入式衣帽间与干湿分离双卫。,无需日常通勤，但要求30分钟内快捷通达凤凰机场或高铁站。,崇尚度假慢生活，清晨沙滩漫步，午后椰林下午茶，酷爱轻户外及后海冲浪。,名下持有一套旧两居，置换回款 65% + 个人理财储蓄补充 + 公积金商业贷,重性价比，不盲信大牌，但要求物业管理有序、绿化修剪及时、人防技防规范。,本地常住人口，四季生活规律，度假频次为常规年假出行。
三_2011_01092,三亚,2011,外地候鸟-华北,75,女,3.5,28.6,0.5,42.9,2,0,否,B,network,0.65,0.61,1,0.82,0.69,0.44,0.17,0,0.66,养老,一室一厅,98,2740,央企总部退休总工,高知退休康养,三亚中环品质两居，车位及空间极其拥挤,老小区隔音差，邻里滋扰严重，且车位严重匮乏，每晚加班回来抢车位像打仗。,要求独立电梯入户，主次卧动线分明，配备独立保姆房和私密后院。,无需日常通勤，但要求30分钟内快捷通达凤凰机场或高铁站。,崇尚度假慢生活，清晨沙滩漫步，午后椰林下午茶，酷爱轻户外及后海冲浪。,名下持有一套旧两居，置换回款 65% + 个人理财储蓄补充 + 公积金商业贷,重性价比，不盲信大牌，但要求物业管理有序、绿化修剪及时、人防技防规范。,每年11月至次年3月到此度过漫长冬季，极其依赖周边的康养及适老化服务。
三_2011_01093,三亚,2011,本地改善,37,男,3.3,20.3,0.35,43.4,4,0,否,B,agent,0.66,0.5,0.54,0.38,0.59,0.85,0.41,0.77,0.31,自住-改善,两室一厅,70,3562,三甲医院主治医师,成熟期核心家庭,三亚中环品质两居，车位及空间极其拥挤,老小区隔音差，邻里滋扰严重，且车位严重匮乏，每晚加班回来抢车位像打仗。,讲究超高得房率（超85%），主卧套房必须配备独立步入式衣帽间与干湿分离双卫。,无需日常通勤，但要求30分钟内快捷通达凤凰机场或高铁站。,崇尚度假慢生活，清晨沙滩漫步，午后椰林下午茶，酷爱轻户外及后海冲浪。,名下持有一套旧两居，置换回款 65% + 个人理财储蓄补充 + 公积金商业贷,重性价比，不盲信大牌，但要求物业管理有序、绿化修剪及时、人防技防规范。,本地常住人口，四季生活规律，度假频次为常规年假出行。
三_2011_01094,三亚,2011,本地改善,43,男,2.5,16.7,0.35,35.9,4,0,是,B,agent,0.81,0.57,0.5,0.55,0.41,0.79,0.61,0.59,0.32,自住-改善,一室一厅,59,3610,智能新能源车企研发骨干,成熟期核心家庭,三亚中环品质两居，车位及空间极其拥挤,当前房屋属于旧多层无电梯房，父母年纪渐高每天爬楼梯极为吃力。,讲究超高得房率（超85%），主卧套房必须配备独立步入式衣帽间与干湿分离双卫。,无需日常通勤，但要求30分钟内快捷通达凤凰机场或高铁站。,崇尚度假慢生活，清晨沙滩漫步，午后椰林下午茶，酷爱轻户外及后海冲浪。,名下持有一套旧两居，置换回款 65% + 个人理财储蓄补充 + 公积金商业贷,重性价比，不盲信大牌，但要求物业管理有序、绿化修剪及时、人防技防规范。,本地常住人口，四季生活规律，度假频次为常规年假出行。
三_2011_01095,三亚,2011,本地改善,36,女,1.6,7.1,0.35,15.3,4,1,是,B,agent,0.58,0.68,0.52,0.45,0.41,0.7,0.51,0.65,0.49,自住-改善,两室一厅,96,1426,重点中学高级教师,三口之家(幼龄段),三亚中环品质两居，车位及空间极其拥挤,小区无地下车库且人车不分流，小孩在楼下玩耍或者推婴儿车极为不安全。,要求采光通透，全明户型，带多功能嵌入式收纳墙以最大化空间利用。,无需日常通勤，但要求30分钟内快捷通达凤凰机场或高铁站。,崇尚度假慢生活，清晨沙滩漫步，午后椰林下午茶，酷爱轻户外及后海冲浪。,名下持有一套旧两居，置换回款 65% + 个人理财储蓄补充 + 公积金商业贷,重性价比，不盲信大牌，但要求物业管理有序、绿化修剪及时、人防技防规范。,本地常住人口，四季生活规律，度假频次为常规年假出行。
三_2011_01096,三亚,2011,本地改善,48,男,2.7,14.8,0.35,31.7,5,1,否,B,agent,0.92,0.67,0.57,0.34,0.36,0.85,0.52,0.46,0.51,自住-改善,两室两厅,84,2929,重点中学高级教师,三口之家(学龄段),三亚中环品质两居，车位及空间极其拥挤,小区无地下车库且人车不分流，小孩在楼下玩耍或者推婴儿车极为不安全。,讲究超高得房率（超85%），主卧套房必须配备独立步入式衣帽间与干湿分离双卫。,无需日常通勤，但要求30分钟内快捷通达凤凰机场或高铁站。,崇尚度假慢生活，清晨沙滩漫步，午后椰林下午茶，酷爱轻户外及后海冲浪。,名下持有一套旧两居，置换回款 65% + 个人理财储蓄补充 + 公积金商业贷,重性价比，不盲信大牌，但要求物业管理有序、绿化修剪及时、人防技防规范。,本地常住人口，四季生活规律，度假频次为常规年假出行。
三_2011_01097,三亚,2011,度假投资,43,男,3.8,39.3,0.4,73.8,3,1,否,A,research,0.76,0.4,0.93,0.77,0.58,0.47,0.08,0.1,0.69,度假,两室一厅,89,7102,高端海景资产收藏家,三口之家(学龄段),陆家嘴核心区江景大平层,无高端私密会所及管家式物业配套，圈层鱼龙混杂，高净值居住体验差。,要求独立电梯入户，主次卧动线分明，配备独立保姆房和私密后院。,无需日常通勤，但要求30分钟内快捷通达凤凰机场或高铁站。,周末常去高端商圈消费，热衷打网球和马术，重度手冲咖啡及黑胶唱片发烧友。,名下已有企业股权套现或分红现金，一次性全款付清，基本不加杠杆,重性价比，不盲信大牌，但要求物业管理有序、绿化修剪及时、人防技防规范。,每年11月至次年3月到此度过漫长冬季，极其依赖周边的康养及适老化服务。
三_2011_01098,三亚,2011,外地候鸟-华北,65,男,6.2,38.9,0.5,58.3,2,0,否,B,network,0.67,0.52,0.92,0.56,0.69,0.49,0.03,0.08,0.51,养老,一室一厅,100,4495,高校资深硕导,高知退休康养,三亚中环品质两居，车位及空间极其拥挤,老小区隔音差，邻里滋扰严重，且车位严重匮乏，每晚加班回来抢车位像打仗。,要求有超大面宽南向双阳台（观景家政分离），主卧大飘窗能270度直面自然景观。,无需日常通勤，但要求30分钟内快捷通达凤凰机场或高铁站。,崇尚度假慢生活，清晨沙滩漫步，午后椰林下午茶，酷爱轻户外及后海冲浪。,名下持有一套旧两居，置换回款 65% + 个人理财储蓄补充 + 公积金商业贷,重性价比，不盲信大牌，但要求物业管理有序、绿化修剪及时、人防技防规范。,每年11月至次年3月到此度过漫长冬季，极其依赖周边的康养及适老化服务。
三_2011_01099,三亚,2011,度假投资,41,男,8.8,74.9,0.4,140.4,3,1,否,A,research,1,0.45,0.82,0.58,0.57,0.52,0.13,0.05,0.81,度假,两室一厅,88,8508,上市公司退休联合创始人,三口之家(学龄段),市中心私密洋房住宅,无高端私密会所及管家式物业配套，圈层鱼龙混杂，高净值居住体验差。,要求有超大面宽南向双阳台（观景家政分离），主卧大飘窗能270度直面自然景观。,无需日常通勤，但要求30分钟内快捷通达凤凰机场或高铁站。,周末常去高端商圈消费，热衷打网球和马术，重度手冲咖啡及黑胶唱片发烧友。,名下已有企业股权套现或分红现金，一次性全款付清，基本不加杠杆,非仁恒、绿城、万科等金牌开发商不买，极度看重高端精装质量与顶级物业的增值口碑。,每年11月至次年3月到此度过漫长冬季，极其依赖周边的康养及适老化服务。
三_2011_01100,三亚,2011,外地候鸟-华北,57,女,3.7,36.5,0.5,54.7,2,0,否,B,network,0.23,0.58,1,0.68,0.53,0.5,0,0.02,0.46,度假,两室两厅,65,6881,北京三甲医院退休教授,高知退休康养,三亚中环品质两居，车位及空间极其拥挤,老小区隔音差，邻里滋扰严重，且车位严重匮乏，每晚加班回来抢车位像打仗。,要求有超大面宽南向双阳台（观景家政分离），主卧大飘窗能270度直面自然景观。,无需日常通勤，但要求30分钟内快捷通达凤凰机场或高铁站。,崇尚度假慢生活，清晨沙滩漫步，午后椰林下午茶，酷爱轻户外及后海冲浪。,名下持有一套旧两居，置换回款 65% + 个人理财储蓄补充 + 公积金商业贷,重性价比，不盲信大牌，但要求物业管理有序、绿化修剪及时、人防技防规范。,每年11月至次年3月到此度过漫长冬季，极其依赖周边的康养及适老化服务。
三_2011_01101,三亚,2011,度假投资,53,女,10.4,130.3,0.4,244.4,4,0,否,A,research,1,0.42,0.75,0.59,0.53,0.29,0,0,0.87,度假,三室一厅,115,18132,高端海景资产收藏家,成熟期核心家庭,市中心私密洋房住宅,无高端私密会所及管家式物业配套，圈层鱼龙混杂，高净值居住体验差。,要求有超大面宽南向双阳台（观景家政分离），主卧大飘窗能270度直面自然景观。,无需日常通勤，但要求30分钟内快捷通达凤凰机场或高铁站。,周末常去高端商圈消费，热衷打网球和马术，重度手冲咖啡及黑胶唱片发烧友。,名下已有企业股权套现或分红现金，一次性全款付清，基本不加杠杆,非仁恒、绿城、万科等金牌开发商不买，极度看重高端精装质量与顶级物业的增值口碑。,每年11月至次年3月到此度过漫长冬季，极其依赖周边的康养及适老化服务。
三_2011_01102,三亚,2011,本地改善,46,男,4.6,19.3,0.35,41.5,4,1,否,B,agent,0.49,0.44,0.5,0.45,0.44,0.67,0.54,0.76,0.32,自住-改善,两室两厅,89,4088,三甲医院主治医师,三口之家(学龄段),三亚中环品质两居，车位及空间极其拥挤,小区无地下车库且人车不分流，小孩在楼下玩耍或者推婴儿车极为不安全。,核心要求地块属于第一梯队名校学区，且周边500米内解决幼小衔接教育配套。,无需日常通勤，但要求30分钟内快捷通达凤凰机场或高铁站。,崇尚度假慢生活，清晨沙滩漫步，午后椰林下午茶，酷爱轻户外及后海冲浪。,名下持有一套旧两居，置换回款 65% + 个人理财储蓄补充 + 公积金商业贷,重性价比，不盲信大牌，但要求物业管理有序、绿化修剪及时、人防技防规范。,本地常住人口，四季生活规律，度假频次为常规年假出行。
三_2011_01103,三亚,2011,度假投资,36,女,15.3,125.6,0.4,235.4,3,2,否,A,research,0.79,0.48,0.89,0.63,0.58,0.39,0.08,0,0.84,度假,三室一厅,92,18205,知名中医药连锁投资人,二胎黄金期中大户型,陆家嘴核心区江景大平层,无高端私密会所及管家式物业配套，圈层鱼龙混杂，高净值居住体验差。,要求有超大面宽南向双阳台（观景家政分离），主卧大飘窗能270度直面自然景观。,无需日常通勤，但要求30分钟内快捷通达凤凰机场或高铁站。,周末常去高端商圈消费，热衷打网球和马术，重度手冲咖啡及黑胶唱片发烧友。,名下已有企业股权套现或分红现金，一次性全款付清，基本不加杠杆,非仁恒、绿城、万科等金牌开发商不买，极度看重高端精装质量与顶级物业的增值口碑。,每年11月至次年3月到此度过漫长冬季，极其依赖周边的康养及适老化服务。
三_2011_01104,三亚,2011,外地候鸟-东北,70,男,4.4,21.7,0.5,32.5,1,0,否,C,network,0.26,0.61,1,0.71,0.66,0.54,0.13,0,0.45,养老,两室两厅,66,2646,哈尔滨私营物流老板,高知退休康养,与父母同住，三代人拥挤在旧区小户型老房中,老小区隔音差，邻里滋扰严重，且车位严重匮乏，每晚加班回来抢车位像打仗。,要求独立电梯入户，主次卧动线分明，配备独立保姆房和私密后院。,无需日常通勤，但要求30分钟内快捷通达凤凰机场或高铁站。,崇尚度假慢生活，清晨沙滩漫步，午后椰林下午茶，酷爱轻户外及后海冲浪。,名下持有一套旧两居，置换回款 65% + 个人理财储蓄补充 + 公积金商业贷,重性价比，不盲信大牌，但要求物业管理有序、绿化修剪及时、人防技防规范。,每年11月至次年3月到此度过漫长冬季，极其依赖周边的康养及适老化服务。
三_2011_01105,三亚,2011,外地候鸟-东北,78,男,1.7,8.7,0.5,13.0,3,0,否,C,network,0.24,0.54,1,0.63,0.41,0.43,0.07,0.0,0.59,度假,两室两厅,64,1035,哈尔滨高校退休处长,高知退休康养,与父母同住，三代人拥挤在旧区小户型老房中,老小区隔音差，邻里滋扰严重，且车位严重匮乏，每晚加班回来抢车位像打仗。,要求有超大面宽南向双阳台（观景家政分离），主卧大飘窗能270度直面自然景观。,无需日常通勤，但要求30分钟内快捷通达凤凰机场或高铁站。,崇尚度假慢生活，清晨沙滩漫步，午后椰林下午茶，酷爱轻户外及后海冲浪。,名下持有一套旧两居，置换回款 65% + 个人理财储蓄补充 + 公积金商业贷,重性价比，不盲信大牌，但要求物业管理有序、绿化修剪及时、人防技防规范。,每年11月至次年3月到此度过漫长冬季，极其依赖周边的康养及适老化服务。
三_2011_01106,三亚,2011,本地改善,49,男,3.0,15.1,0.35,32.5,4,1,是,B,agent,0.85,0.49,0.7,0.51,0.45,0.68,0.55,0.62,0.32,自住-改善,一室一厅,60,4209,重点中学高级教师,三口之家(学龄段),三亚中环品质两居，车位及空间极其拥挤,小区无地下车库且人车不分流，小孩在楼下玩耍或者推婴儿车极为不安全。,要求采光通透，全明户型，带多功能嵌入式收纳墙以最大化空间利用。,无需日常通勤，但要求30分钟内快捷通达凤凰机场或高铁站。,崇尚度假慢生活，清晨沙滩漫步，午后椰林下午茶，酷爱轻户外及后海冲浪。,名下持有一套旧两居，置换回款 65% + 个人理财储蓄补充 + 公积金商业贷,重性价比，不盲信大牌，但要求物业管理有序、绿化修剪及时、人防技防规范。,本地常住人口，四季生活规律，度假频次为常规年假出行。
三_2011_01107,三亚,2011,本地改善,33,男,1.3,6.1,0.35,13.0,4,0,是,B,agent,0.77,0.47,0.54,0.4,0.48,0.87,0.43,0.75,0.46,自住-改善,两室两厅,88,1126,重点中学高级教师,新婚过渡两居,三亚中环品质两居，车位及空间极其拥挤,当前房屋属于旧多层无电梯房，父母年纪渐高每天爬楼梯极为吃力。,讲究超高得房率（超85%），主卧套房必须配备独立步入式衣帽间与干湿分离双卫。,无需日常通勤，但要求30分钟内快捷通达凤凰机场或高铁站。,崇尚度假慢生活，清晨沙滩漫步，午后椰林下午茶，酷爱轻户外及后海冲浪。,名下持有一套旧两居，置换回款 65% + 个人理财储蓄补充 + 公积金商业贷,重性价比，不盲信大牌，但要求物业管理有序、绿化修剪及时、人防技防规范。,本地常住人口，四季生活规律，度假频次为常规年假出行。
三_2011_01108,三亚,2011,本地改善,40,女,2.4,17.6,0.35,37.8,4,1,否,B,agent,0.79,0.57,0.61,0.5,0.32,0.82,0.38,0.54,0.51,自住-改善,一室一厅,65,4945,重点中学高级教师,三口之家(学龄段),三亚中环品质两居，车位及空间极其拥挤,小区无地下车库且人车不分流，小孩在楼下玩耍或者推婴儿车极为不安全。,讲究超高得房率（超85%），主卧套房必须配备独立步入式衣帽间与干湿分离双卫。,无需日常通勤，但要求30分钟内快捷通达凤凰机场或高铁站。,崇尚度假慢生活，清晨沙滩漫步，午后椰林下午茶，酷爱轻户外及后海冲浪。,名下持有一套旧两居，置换回款 65% + 个人理财储蓄补充 + 公积金商业贷,重性价比，不盲信大牌，但要求物业管理有序、绿化修剪及时、人防技防规范。,本地常住人口，四季生活规律，度假频次为常规年假出行。
三_2011_01109,三亚,2011,外地候鸟-华北,71,女,5.6,34.2,0.5,51.4,3,1,否,B,network,0.42,0.62,0.99,0.66,0.61,0.37,0.02,0.1,0.61,养老,两室两厅,67,6655,北京三甲医院退休教授,三口之家(学龄段),三亚中环品质两居，车位及空间极其拥挤,小区无地下车库且人车不分流，小孩在楼下玩耍或者推婴儿车极为不安全。,要求有超大面宽南向双阳台（观景家政分离），主卧大飘窗能270度直面自然景观。,无需日常通勤，但要求30分钟内快捷通达凤凰机场或高铁站。,崇尚度假慢生活，清晨沙滩漫步，午后椰林下午茶，酷爱轻户外及后海冲浪。,名下持有一套旧两居，置换回款 65% + 个人理财储蓄补充 + 公积金商业贷,重性价比，不盲信大牌，但要求物业管理有序、绿化修剪及时、人防技防规范。,每年11月至次年3月到此度过漫长冬季，极其依赖周边的康养及适老化服务。
三_2011_01110,三亚,2011,外地候鸟-华北,62,女,3.3,30.9,0.5,46.3,3,1,是,B,network,0.45,0.69,1,0.59,0.7,0.43,0,0,0.56,养老,两室两厅,85,3050,北京三甲医院退休教授,三口之家(学龄段),三亚中环品质两居，车位及空间极其拥挤,小区无地下车库且人车不分流，小孩在楼下玩耍或者推婴儿车极为不安全。,要求有超大面宽南向双阳台（观景家政分离），主卧大飘窗能270度直面自然景观。,无需日常通勤，但要求30分钟内快捷通达凤凰机场或高铁站。,崇尚度假慢生活，清晨沙滩漫步，午后椰林下午茶，酷爱轻户外及后海冲浪。,名下持有一套旧两居，置换回款 65% + 个人理财储蓄补充 + 公积金商业贷,重性价比，不盲信大牌，但要求物业管理有序、绿化修剪及时、人防技防规范。,每年11月至次年3月到此度过漫长冬季，极其依赖周边的康养及适老化服务。
三_2011_01111,三亚,2011,外地候鸟-东北,63,男,2.0,11.8,0.5,17.6,3,0,否,C,network,0.33,0.66,0.96,0.71,0.42,0.45,0,0.05,0.52,度假,一室一厅,52,1807,哈尔滨私营物流老板,高知退休康养,与父母同住，三代人拥挤在旧区小户型老房中,老小区隔音差，邻里滋扰严重，且车位严重匮乏，每晚加班回来抢车位像打仗。,要求独立电梯入户，主次卧动线分明，配备独立保姆房和私密后院。,无需日常通勤，但要求30分钟内快捷通达凤凰机场或高铁站。,崇尚度假慢生活，清晨沙滩漫步，午后椰林下午茶，酷爱轻户外及后海冲浪。,名下持有一套旧两居，置换回款 65% + 个人理财储蓄补充 + 公积金商业贷,重性价比，不盲信大牌，但要求物业管理有序、绿化修剪及时、人防技防规范。,每年11月至次年3月到此度过漫长冬季，极其依赖周边的康养及适老化服务。
三_2011_01112,三亚,2011,本地改善,45,男,4.0,25.4,0.35,54.4,5,0,是,B,agent,0.57,0.54,0.71,0.47,0.32,0.85,0.43,0.76,0.38,自住-改善,两室两厅,68,6946,重点中学高级教师,成熟期核心家庭,三亚中环品质两居，车位及空间极其拥挤,当前房屋属于旧多层无电梯房，父母年纪渐高每天爬楼梯极为吃力。,要求有超大面宽南向双阳台（观景家政分离），主卧大飘窗能270度直面自然景观。,无需日常通勤，但要求30分钟内快捷通达凤凰机场或高铁站。,崇尚度假慢生活，清晨沙滩漫步，午后椰林下午茶，酷爱轻户外及后海冲浪。,名下持有一套旧两居，置换回款 65% + 个人理财储蓄补充 + 公积金商业贷,重性价比，不盲信大牌，但要求物业管理有序、绿化修剪及时、人防技防规范。,本地常住人口，四季生活规律，度假频次为常规年假出行。
三_2011_01113,三亚,2011,本地改善,30,女,2.7,17.0,0.35,36.5,4,1,否,B,agent,0.83,0.48,0.69,0.47,0.46,0.78,0.59,0.74,0.3,自住-改善,一室一厅,70,4550,重点中学高级教师,三口之家(幼龄段),三亚中环品质两居，车位及空间极其拥挤,小区无地下车库且人车不分流，小孩在楼下玩耍或者推婴儿车极为不安全。,讲究超高得房率（超85%），主卧套房必须配备独立步入式衣帽间与干湿分离双卫。,无需日常通勤，但要求30分钟内快捷通达凤凰机场或高铁站。,崇尚度假慢生活，清晨沙滩漫步，午后椰林下午茶，酷爱轻户外及后海冲浪。,名下持有一套旧两居，置换回款 65% + 个人理财储蓄补充 + 公积金商业贷,重性价比，不盲信大牌，但要求物业管理有序、绿化修剪及时、人防技防规范。,本地常住人口，四季生活规律，度假频次为常规年假出行。
三_2011_01114,三亚,2011,外地候鸟-华北,73,男,2.8,28.0,0.5,42.0,2,0,是,B,network,0.44,0.63,0.91,0.73,0.61,0.37,0,0.13,0.5,养老,两室一厅,77,4679,央企总部退休总工,高知退休康养,三亚中环品质两居，车位及空间极其拥挤,当前房屋属于旧多层无电梯房，父母年纪渐高每天爬楼梯极为吃力。,要求独立电梯入户，主次卧动线分明，配备独立保姆房和私密后院。,无需日常通勤，但要求30分钟内快捷通达凤凰机场或高铁站。,崇尚度假慢生活，清晨沙滩漫步，午后椰林下午茶，酷爱轻户外及后海冲浪。,名下持有一套旧两居，置换回款 65% + 个人理财储蓄补充 + 公积金商业贷,重性价比，不盲信大牌，但要求物业管理有序、绿化修剪及时、人防技防规范。,每年11月至次年3月到此度过漫长冬季，极其依赖周边的康养及适老化服务。
三_2011_01115,三亚,2011,外地候鸟-华北,61,男,3.3,25.6,0.5,38.4,2,0,否,B,network,0.69,0.67,0.89,0.66,0.61,0.53,0.01,0.01,0.53,养老,一室一厅,100,2736,北京三甲医院退休教授,高知退休康养,三亚中环品质两居，车位及空间极其拥挤,老小区隔音差，邻里滋扰严重，且车位严重匮乏，每晚加班回来抢车位像打仗。,要求有超大面宽南向双阳台（观景家政分离），主卧大飘窗能270度直面自然景观。,无需日常通勤，但要求30分钟内快捷通达凤凰机场或高铁站。,崇尚度假慢生活，清晨沙滩漫步，午后椰林下午茶，酷爱轻户外及后海冲浪。,名下持有一套旧两居，置换回款 65% + 个人理财储蓄补充 + 公积金商业贷,重性价比，不盲信大牌，但要求物业管理有序、绿化修剪及时、人防技防规范。,每年11月至次年3月到此度过漫长冬季，极其依赖周边的康养及适老化服务。
三_2011_01116,三亚,2011,外地候鸟-华北,75,女,4.7,34.0,0.5,50.9,2,0,否,B,network,0.34,0.56,0.85,0.74,0.53,0.52,0,0,0.57,度假,两室两厅,60,6862,北京三甲医院退休教授,高知退休康养,三亚中环品质两居，车位及空间极其拥挤,老小区隔音差，邻里滋扰严重，且车位严重匮乏，每晚加班回来抢车位像打仗。,要求独立电梯入户，主次卧动线分明，配备独立保姆房和私密后院。,无需日常通勤，但要求30分钟内快捷通达凤凰机场或高铁站。,崇尚度假慢生活，清晨沙滩漫步，午后椰林下午茶，酷爱轻户外及后海冲浪。,名下持有一套旧两居，置换回款 65% + 个人理财储蓄补充 + 公积金商业贷,重性价比，不盲信大牌，但要求物业管理有序、绿化修剪及时、人防技防规范。,每年11月至次年3月到此度过漫长冬季，极其依赖周边的康养及适老化服务。
三_2011_01117,三亚,2011,本地改善,44,男,2.4,14.4,0.35,30.9,4,0,是,B,agent,0.8,0.6,0.62,0.56,0.5,0.83,0.46,0.68,0.42,自住-改善,两室两厅,81,2496,重点中学高级教师,成熟期核心家庭,三亚中环品质两居，车位及空间极其拥挤,当前房屋属于旧多层无电梯房，父母年纪渐高每天爬楼梯极为吃力。,讲究超高得房率（超85%），主卧套房必须配备独立步入式衣帽间与干湿分离双卫。,无需日常通勤，但要求30分钟内快捷通达凤凰机场或高铁站。,崇尚度假慢生活，清晨沙滩漫步，午后椰林下午茶，酷爱轻户外及后海冲浪。,名下持有一套旧两居，置换回款 65% + 个人理财储蓄补充 + 公积金商业贷,重性价比，不盲信大牌，但要求物业管理有序、绿化修剪及时、人防技防规范。,本地常住人口，四季生活规律，度假频次为常规年假出行。
三_2011_01118,三亚,2011,外地候鸟-华北,64,男,2.2,19.9,0.5,29.9,3,0,否,B,network,0.23,0.62,0.99,0.62,0.58,0.5,0.14,0.15,0.61,养老,两室两厅,77,2262,央企总部退休总工,高知退休康养,三亚中环品质两居，车位及空间极其拥挤,老小区隔音差，邻里滋扰严重，且车位严重匮乏，每晚加班回来抢车位像打仗。,要求有超大面宽南向双阳台（观景家政分离），主卧大飘窗能270度直面自然景观。,无需日常通勤，但要求30分钟内快捷通达凤凰机场或高铁站。,崇尚度假慢生活，清晨沙滩漫步，午后椰林下午茶，酷爱轻户外及后海冲浪。,名下持有一套旧两居，置换回款 65% + 个人理财储蓄补充 + 公积金商业贷,重性价比，不盲信大牌，但要求物业管理有序、绿化修剪及时、人防技防规范。,每年11月至次年3月到此度过漫长冬季，极其依赖周边的康养及适老化服务。
三_2011_01119,三亚,2011,本地改善,41,男,2.0,10.5,0.35,22.4,5,1,否,B,agent,0.89,0.56,0.47,0.41,0.5,0.63,0.51,0.68,0.32,自住-改善,一室一厅,90,2213,智能新能源车企研发骨干,三口之家(学龄段),三亚中环品质两居，车位及空间极其拥挤,小区无地下车库且人车不分流，小孩在楼下玩耍或者推婴儿车极为不安全。,要求采光通透，全明户型，带多功能嵌入式收纳墙以最大化空间利用。,无需日常通勤，但要求30分钟内快捷通达凤凰机场或高铁站。,崇尚度假慢生活，清晨沙滩漫步，午后椰林下午茶，酷爱轻户外及后海冲浪。,名下持有一套旧两居，置换回款 65% + 个人理财储蓄补充 + 公积金商业贷,重性价比，不盲信大牌，但要求物业管理有序、绿化修剪及时、人防技防规范。,本地常住人口，四季生活规律，度假频次为常规年假出行。
三_2011_01120,三亚,2011,外地候鸟-华北,67,男,2.4,16.1,0.5,24.2,3,0,否,B,network,0.8,0.61,0.94,0.67,0.61,0.41,0.03,0.13,0.53,度假,一室一厅,67,3152,央企总部退休总工,高知退休康养,三亚中环品质两居，车位及空间极其拥挤,老小区隔音差，邻里滋扰严重，且车位严重匮乏，每晚加班回来抢车位像打仗。,要求有超大面宽南向双阳台（观景家政分离），主卧大飘窗能270度直面自然景观。,无需日常通勤，但要求30分钟内快捷通达凤凰机场或高铁站。,崇尚度假慢生活，清晨沙滩漫步，午后椰林下午茶，酷爱轻户外及后海冲浪。,名下持有一套旧两居，置换回款 65% + 个人理财储蓄补充 + 公积金商业贷,重性价比，不盲信大牌，但要求物业管理有序、绿化修剪及时、人防技防规范。,每年11月至次年3月到此度过漫长冬季，极其依赖周边的康养及适老化服务。
三_2011_01121,三亚,2011,本地改善,33,男,2.2,14.9,0.35,31.8,5,0,是,B,agent,0.85,0.62,0.53,0.55,0.36,0.69,0.62,0.56,0.32,自住-改善,一室一厅,92,2480,区级税务局一级主办,新婚过渡两居,三亚中环品质两居，车位及空间极其拥挤,当前房屋属于旧多层无电梯房，父母年纪渐高每天爬楼梯极为吃力。,要求采光通透，全明户型，带多功能嵌入式收纳墙以最大化空间利用。,无需日常通勤，但要求30分钟内快捷通达凤凰机场或高铁站。,崇尚度假慢生活，清晨沙滩漫步，午后椰林下午茶，酷爱轻户外及后海冲浪。,名下持有一套旧两居，置换回款 65% + 个人理财储蓄补充 + 公积金商业贷,重性价比，不盲信大牌，但要求物业管理有序、绿化修剪及时、人防技防规范。,本地常住人口，四季生活规律，度假频次为常规年假出行。
三_2011_01122,三亚,2011,外地候鸟-华北,59,男,4.2,37.2,0.5,55.7,2,0,否,B,network,0.5,0.47,0.88,0.71,0.63,0.58,0.0,0,0.59,度假,两室两厅,87,5233,高校资深硕导,高知退休康养,三亚中环品质两居，车位及空间极其拥挤,老小区隔音差，邻里滋扰严重，且车位严重匮乏，每晚加班回来抢车位像打仗。,要求独立电梯入户，主次卧动线分明，配备独立保姆房和私密后院。,无需日常通勤，但要求30分钟内快捷通达凤凰机场或高铁站。,崇尚度假慢生活，清晨沙滩漫步，午后椰林下午茶，酷爱轻户外及后海冲浪。,名下持有一套旧两居，置换回款 65% + 个人理财储蓄补充 + 公积金商业贷,重性价比，不盲信大牌，但要求物业管理有序、绿化修剪及时、人防技防规范。,每年11月至次年3月到此度过漫长冬季，极其依赖周边的康养及适老化服务。
三_2011_01123,三亚,2011,度假投资,46,女,8.7,70.6,0.4,132.4,3,1,否,A,research,0.78,0.37,0.7,0.51,0.4,0.37,0,0,0.81,投资-短期,两室一厅,92,12181,上市公司退休联合创始人,三口之家(学龄段),西湖边高精平层,无高端私密会所及管家式物业配套，圈层鱼龙混杂，高净值居住体验差。,要求采光通透，全明户型，带多功能嵌入式收纳墙以最大化空间利用。,无需日常通勤，但要求30分钟内快捷通达凤凰机场或高铁站。,周末常去高端商圈消费，热衷打网球和马术，重度手冲咖啡及黑胶唱片发烧友。,名下已有企业股权套现或分红现金，一次性全款付清，基本不加杠杆,非仁恒、绿城、万科等金牌开发商不买，极度看重高端精装质量与顶级物业的增值口碑。,每年11月至次年3月到此度过漫长冬季，极其依赖周边的康养及适老化服务。
三_2011_01124,三亚,2011,外地候鸟-华北,73,男,2.8,18.0,0.5,27.1,1,0,否,B,network,0.86,0.48,0.94,0.64,0.64,0.44,0,0.02,0.47,养老,一室一厅,76,2090,高校资深硕导,高知退休康养,三亚中环品质两居，车位及空间极其拥挤,老小区隔音差，邻里滋扰严重，且车位严重匮乏，每晚加班回来抢车位像打仗。,要求有超大面宽南向双阳台（观景家政分离），主卧大飘窗能270度直面自然景观。,无需日常通勤，但要求30分钟内快捷通达凤凰机场或高铁站。,崇尚度假慢生活，清晨沙滩漫步，午后椰林下午茶，酷爱轻户外及后海冲浪。,名下持有一套旧两居，置换回款 65% + 个人理财储蓄补充 + 公积金商业贷,重性价比，不盲信大牌，但要求物业管理有序、绿化修剪及时、人防技防规范。,每年11月至次年3月到此度过漫长冬季，极其依赖周边的康养及适老化服务。
三_2011_01125,三亚,2011,本地改善,48,女,2.4,12.3,0.35,26.4,4,0,是,B,agent,0.68,0.49,0.6,0.56,0.36,0.64,0.65,0.69,0.38,自住-改善,两室两厅,79,2857,国企中层管理,成熟期核心家庭,三亚中环品质两居，车位及空间极其拥挤,当前房屋属于旧多层无电梯房，父母年纪渐高每天爬楼梯极为吃力。,要求采光通透，全明户型，带多功能嵌入式收纳墙以最大化空间利用。,无需日常通勤，但要求30分钟内快捷通达凤凰机场或高铁站。,崇尚度假慢生活，清晨沙滩漫步，午后椰林下午茶，酷爱轻户外及后海冲浪。,名下持有一套旧两居，置换回款 65% + 个人理财储蓄补充 + 公积金商业贷,重性价比，不盲信大牌，但要求物业管理有序、绿化修剪及时、人防技防规范。,本地常住人口，四季生活规律，度假频次为常规年假出行。
三_2011_01126,三亚,2011,本地改善,31,男,2.4,16.3,0.35,34.9,4,1,否,B,agent,0.57,0.55,0.5,0.38,0.36,0.85,0.39,0.7,0.35,自住-改善,两室两厅,69,3765,国企中层管理,三口之家(幼龄段),三亚中环品质两居，车位及空间极其拥挤,小区无地下车库且人车不分流，小孩在楼下玩耍或者推婴儿车极为不安全。,讲究超高得房率（超85%），主卧套房必须配备独立步入式衣帽间与干湿分离双卫。,无需日常通勤，但要求30分钟内快捷通达凤凰机场或高铁站。,崇尚度假慢生活，清晨沙滩漫步，午后椰林下午茶，酷爱轻户外及后海冲浪。,名下持有一套旧两居，置换回款 65% + 个人理财储蓄补充 + 公积金商业贷,重性价比，不盲信大牌，但要求物业管理有序、绿化修剪及时、人防技防规范。,本地常住人口，四季生活规律，度假频次为常规年假出行。
三_2011_01127,三亚,2011,本地改善,48,男,3.0,12.9,0.35,27.7,4,1,否,B,agent,0.83,0.48,0.56,0.54,0.46,0.86,0.51,0.61,0.49,自住-改善,两室两厅,56,3523,智能新能源车企研发骨干,三口之家(学龄段),三亚中环品质两居，车位及空间极其拥挤,小区无地下车库且人车不分流，小孩在楼下玩耍或者推婴儿车极为不安全。,讲究超高得房率（超85%），主卧套房必须配备独立步入式衣帽间与干湿分离双卫。,无需日常通勤，但要求30分钟内快捷通达凤凰机场或高铁站。,崇尚度假慢生活，清晨沙滩漫步，午后椰林下午茶，酷爱轻户外及后海冲浪。,名下持有一套旧两居，置换回款 65% + 个人理财储蓄补充 + 公积金商业贷,重性价比，不盲信大牌，但要求物业管理有序、绿化修剪及时、人防技防规范。,本地常住人口，四季生活规律，度假频次为常规年假出行。
三_2011_01128,三亚,2011,外地候鸟-东北,70,男,2.8,23.2,0.5,34.8,1,0,否,C,network,0.12,0.52,0.92,0.59,0.57,0.53,0,0.05,0.46,度假,两室两厅,67,3379,哈尔滨高校退休处长,高知退休康养,与父母同住，三代人拥挤在旧区小户型老房中,老小区隔音差，邻里滋扰严重，且车位严重匮乏，每晚加班回来抢车位像打仗。,要求有超大面宽南向双阳台（观景家政分离），主卧大飘窗能270度直面自然景观。,无需日常通勤，但要求30分钟内快捷通达凤凰机场或高铁站。,崇尚度假慢生活，清晨沙滩漫步，午后椰林下午茶，酷爱轻户外及后海冲浪。,名下持有一套旧两居，置换回款 65% + 个人理财储蓄补充 + 公积金商业贷,重性价比，不盲信大牌，但要求物业管理有序、绿化修剪及时、人防技防规范。,每年11月至次年3月到此度过漫长冬季，极其依赖周边的康养及适老化服务。
三_2011_01129,三亚,2011,本地改善,42,女,2.8,17.6,0.35,37.8,4,1,否,B,agent,0.69,0.7,0.49,0.6,0.47,0.83,0.53,0.65,0.66,自住-改善,两室一厅,87,3354,三甲医院主治医师,三口之家(学龄段),三亚中环品质两居，车位及空间极其拥挤,小区无地下车库且人车不分流，小孩在楼下玩耍或者推婴儿车极为不安全。,讲究超高得房率（超85%），主卧套房必须配备独立步入式衣帽间与干湿分离双卫。,无需日常通勤，但要求30分钟内快捷通达凤凰机场或高铁站。,崇尚度假慢生活，清晨沙滩漫步，午后椰林下午茶，酷爱轻户外及后海冲浪。,名下持有一套旧两居，置换回款 65% + 个人理财储蓄补充 + 公积金商业贷,重性价比，不盲信大牌，但要求物业管理有序、绿化修剪及时、人防技防规范。,本地常住人口，四季生活规律，度假频次为常规年假出行。
三_2011_01130,三亚,2011,本地改善,47,女,2.0,14.7,0.35,31.4,3,2,是,B,agent,0.5,0.67,0.61,0.53,0.41,0.79,0.5,0.69,0.47,自住-改善,两室一厅,67,3985,重点中学高级教师,二胎黄金期中大户型,三亚中环品质两居，车位及空间极其拥挤,小区无地下车库且人车不分流，小孩在楼下玩耍或者推婴儿车极为不安全。,讲究超高得房率（超85%），主卧套房必须配备独立步入式衣帽间与干湿分离双卫。,无需日常通勤，但要求30分钟内快捷通达凤凰机场或高铁站。,崇尚度假慢生活，清晨沙滩漫步，午后椰林下午茶，酷爱轻户外及后海冲浪。,名下持有一套旧两居，置换回款 65% + 个人理财储蓄补充 + 公积金商业贷,重性价比，不盲信大牌，但要求物业管理有序、绿化修剪及时、人防技防规范。,本地常住人口，四季生活规律，度假频次为常规年假出行。
三_2011_01131,三亚,2011,本地改善,46,女,2.2,17.2,0.35,36.8,4,1,否,B,agent,0.68,0.39,0.69,0.41,0.25,0.76,0.56,0.67,0.42,自住-改善,两室一厅,68,4224,三甲医院主治医师,三口之家(学龄段),三亚中环品质两居，车位及空间极其拥挤,小区无地下车库且人车不分流，小孩在楼下玩耍或者推婴儿车极为不安全。,讲究超高得房率（超85%），主卧套房必须配备独立步入式衣帽间与干湿分离双卫。,无需日常通勤，但要求30分钟内快捷通达凤凰机场或高铁站。,崇尚度假慢生活，清晨沙滩漫步，午后椰林下午茶，酷爱轻户外及后海冲浪。,名下持有一套旧两居，置换回款 65% + 个人理财储蓄补充 + 公积金商业贷,重性价比，不盲信大牌，但要求物业管理有序、绿化修剪及时、人防技防规范。,本地常住人口，四季生活规律，度假频次为常规年假出行。
三_2011_01132,三亚,2011,本地改善,34,女,3.0,16.9,0.35,36.3,4,1,否,B,agent,0.98,0.62,0.72,0.35,0.3,0.71,0.66,0.89,0.51,自住-改善,两室两厅,78,2809,国企中层管理,三口之家(幼龄段),三亚中环品质两居，车位及空间极其拥挤,小区无地下车库且人车不分流，小孩在楼下玩耍或者推婴儿车极为不安全。,要求有超大面宽南向双阳台（观景家政分离），主卧大飘窗能270度直面自然景观。,无需日常通勤，但要求30分钟内快捷通达凤凰机场或高铁站。,崇尚度假慢生活，清晨沙滩漫步，午后椰林下午茶，酷爱轻户外及后海冲浪。,名下持有一套旧两居，置换回款 65% + 个人理财储蓄补充 + 公积金商业贷,重性价比，不盲信大牌，但要求物业管理有序、绿化修剪及时、人防技防规范。,本地常住人口，四季生活规律，度假频次为常规年假出行。
三_2011_01133,三亚,2011,本地改善,46,女,2.6,13.6,0.35,29.2,4,1,否,B,agent,0.55,0.65,0.72,0.5,0.32,0.84,0.57,0.64,0.51,自住-改善,两室一厅,84,2357,区级税务局一级主办,三口之家(学龄段),三亚中环品质两居，车位及空间极其拥挤,小区无地下车库且人车不分流，小孩在楼下玩耍或者推婴儿车极为不安全。,要求有超大面宽南向双阳台（观景家政分离），主卧大飘窗能270度直面自然景观。,无需日常通勤，但要求30分钟内快捷通达凤凰机场或高铁站。,崇尚度假慢生活，清晨沙滩漫步，午后椰林下午茶，酷爱轻户外及后海冲浪。,名下持有一套旧两居，置换回款 65% + 个人理财储蓄补充 + 公积金商业贷,重性价比，不盲信大牌，但要求物业管理有序、绿化修剪及时、人防技防规范。,本地常住人口，四季生活规律，度假频次为常规年假出行。
三_2011_01134,三亚,2011,外地候鸟-华北,75,女,3.2,27.0,0.5,40.5,2,0,否,B,network,0.26,0.56,0.94,0.62,0.61,0.5,0,0,0.61,度假,一室一厅,88,3966,高校资深硕导,高知退休康养,三亚中环品质两居，车位及空间极其拥挤,老小区隔音差，邻里滋扰严重，且车位严重匮乏，每晚加班回来抢车位像打仗。,要求有超大面宽南向双阳台（观景家政分离），主卧大飘窗能270度直面自然景观。,无需日常通勤，但要求30分钟内快捷通达凤凰机场或高铁站。,崇尚度假慢生活，清晨沙滩漫步，午后椰林下午茶，酷爱轻户外及后海冲浪。,名下持有一套旧两居，置换回款 65% + 个人理财储蓄补充 + 公积金商业贷,重性价比，不盲信大牌，但要求物业管理有序、绿化修剪及时、人防技防规范。,每年11月至次年3月到此度过漫长冬季，极其依赖周边的康养及适老化服务。
三_2011_01135,三亚,2011,度假投资,54,男,5.8,66.6,0.4,124.8,3,1,否,A,research,0.96,0.48,0.71,0.59,0.58,0.59,0.12,0.03,0.82,投资-短期,两室两厅,77,13221,上市公司退休联合创始人,三口之家(学龄段),西湖边高精平层,无高端私密会所及管家式物业配套，圈层鱼龙混杂，高净值居住体验差。,要求有超大面宽南向双阳台（观景家政分离），主卧大飘窗能270度直面自然景观。,无需日常通勤，但要求30分钟内快捷通达凤凰机场或高铁站。,周末常去高端商圈消费，热衷打网球和马术，重度手冲咖啡及黑胶唱片发烧友。,名下已有企业股权套现或分红现金，一次性全款付清，基本不加杠杆,非仁恒、绿城、万科等金牌开发商不买，极度看重高端精装质量与顶级物业的增值口碑。,每年11月至次年3月到此度过漫长冬季，极其依赖周边的康养及适老化服务。
三_2011_01136,三亚,2011,外地候鸟-华北,58,女,6.7,67.8,0.5,101.7,2,0,是,B,network,0.34,0.48,0.89,0.68,0.57,0.48,0.09,0.12,0.63,养老,两室两厅,59,10191,北京三甲医院退休教授,高知退休康养,三亚中环品质两居，车位及空间极其拥挤,当前房屋属于旧多层无电梯房，父母年纪渐高每天爬楼梯极为吃力。,要求有超大面宽南向双阳台（观景家政分离），主卧大飘窗能270度直面自然景观。,无需日常通勤，但要求30分钟内快捷通达凤凰机场或高铁站。,崇尚度假慢生活，清晨沙滩漫步，午后椰林下午茶，酷爱轻户外及后海冲浪。,名下持有一套旧两居，置换回款 65% + 个人理财储蓄补充 + 公积金商业贷,重性价比，不盲信大牌，但要求物业管理有序、绿化修剪及时、人防技防规范。,每年11月至次年3月到此度过漫长冬季，极其依赖周边的康养及适老化服务。
三_2011_01137,三亚,2011,本地改善,36,女,3.2,14.6,0.35,31.2,4,2,是,B,agent,0.7,0.47,0.48,0.39,0.45,0.83,0.62,0.68,0.56,自住-改善,两室一厅,82,2799,国企中层管理,二胎黄金期中大户型,三亚中环品质两居，车位及空间极其拥挤,小区无地下车库且人车不分流，小孩在楼下玩耍或者推婴儿车极为不安全。,讲究超高得房率（超85%），主卧套房必须配备独立步入式衣帽间与干湿分离双卫。,无需日常通勤，但要求30分钟内快捷通达凤凰机场或高铁站。,崇尚度假慢生活，清晨沙滩漫步，午后椰林下午茶，酷爱轻户外及后海冲浪。,名下持有一套旧两居，置换回款 65% + 个人理财储蓄补充 + 公积金商业贷,重性价比，不盲信大牌，但要求物业管理有序、绿化修剪及时、人防技防规范。,本地常住人口，四季生活规律，度假频次为常规年假出行。
三_2011_01138,三亚,2011,度假投资,37,男,5.2,44.9,0.4,84.2,2,1,否,A,research,0.67,0.43,0.74,0.69,0.58,0.38,0,0.08,0.87,投资-长持,两室一厅,76,9793,上市公司退休联合创始人,三口之家(幼龄段),西湖边高精平层,无高端私密会所及管家式物业配套，圈层鱼龙混杂，高净值居住体验差。,要求有超大面宽南向双阳台（观景家政分离），主卧大飘窗能270度直面自然景观。,无需日常通勤，但要求30分钟内快捷通达凤凰机场或高铁站。,周末常去高端商圈消费，热衷打网球和马术，重度手冲咖啡及黑胶唱片发烧友。,名下已有企业股权套现或分红现金，一次性全款付清，基本不加杠杆,非仁恒、绿城、万科等金牌开发商不买，极度看重高端精装质量与顶级物业的增值口碑。,每年11月至次年3月到此度过漫长冬季，极其依赖周边的康养及适老化服务。
三_2011_01139,三亚,2011,本地改善,48,男,3.0,21.6,0.35,46.3,3,0,是,B,agent,0.81,0.53,0.6,0.52,0.46,0.71,0.5,0.67,0.44,自住-改善,一室一厅,74,5282,区级税务局一级主办,成熟期核心家庭,三亚中环品质两居，车位及空间极其拥挤,当前房屋属于旧多层无电梯房，父母年纪渐高每天爬楼梯极为吃力。,讲究超高得房率（超85%），主卧套房必须配备独立步入式衣帽间与干湿分离双卫。,无需日常通勤，但要求30分钟内快捷通达凤凰机场或高铁站。,崇尚度假慢生活，清晨沙滩漫步，午后椰林下午茶，酷爱轻户外及后海冲浪。,名下持有一套旧两居，置换回款 65% + 个人理财储蓄补充 + 公积金商业贷,重性价比，不盲信大牌，但要求物业管理有序、绿化修剪及时、人防技防规范。,本地常住人口，四季生活规律，度假频次为常规年假出行。
三_2011_01140,三亚,2011,本地改善,33,女,2.4,13.7,0.35,29.4,5,1,否,B,agent,0.79,0.55,0.7,0.57,0.46,0.76,0.49,0.65,0.3,自住-改善,两室两厅,62,3730,国企中层管理,三口之家(幼龄段),三亚中环品质两居，车位及空间极其拥挤,小区无地下车库且人车不分流，小孩在楼下玩耍或者推婴儿车极为不安全。,讲究超高得房率（超85%），主卧套房必须配备独立步入式衣帽间与干湿分离双卫。,无需日常通勤，但要求30分钟内快捷通达凤凰机场或高铁站。,崇尚度假慢生活，清晨沙滩漫步，午后椰林下午茶，酷爱轻户外及后海冲浪。,名下持有一套旧两居，置换回款 65% + 个人理财储蓄补充 + 公积金商业贷,重性价比，不盲信大牌，但要求物业管理有序、绿化修剪及时、人防技防规范。,本地常住人口，四季生活规律，度假频次为常规年假出行。
三_2011_01141,三亚,2011,度假投资,52,男,2.9,26.9,0.4,50.4,3,1,否,A,research,0.59,0.54,0.69,0.63,0.67,0.42,0,0.08,0.81,投资-长持,两室一厅,97,3528,上市公司退休联合创始人,三口之家(学龄段),西湖边高精平层,无高端私密会所及管家式物业配套，圈层鱼龙混杂，高净值居住体验差。,要求采光通透，全明户型，带多功能嵌入式收纳墙以最大化空间利用。,无需日常通勤，但要求30分钟内快捷通达凤凰机场或高铁站。,周末常去高端商圈消费，热衷打网球和马术，重度手冲咖啡及黑胶唱片发烧友。,名下已有企业股权套现或分红现金，一次性全款付清，基本不加杠杆,非仁恒、绿城、万科等金牌开发商不买，极度看重高端精装质量与顶级物业的增值口碑。,每年11月至次年3月到此度过漫长冬季，极其依赖周边的康养及适老化服务。
三_2011_01142,三亚,2011,外地候鸟-东北,75,女,2.5,21.4,0.5,32.1,2,0,否,C,network,0,0.51,1,0.78,0.48,0.56,0,0,0.46,度假,两室两厅,67,4215,哈尔滨私营物流老板,高知退休康养,与父母同住，三代人拥挤在旧区小户型老房中,老小区隔音差，邻里滋扰严重，且车位严重匮乏，每晚加班回来抢车位像打仗。,要求独立电梯入户，主次卧动线分明，配备独立保姆房和私密后院。,无需日常通勤，但要求30分钟内快捷通达凤凰机场或高铁站。,崇尚度假慢生活，清晨沙滩漫步，午后椰林下午茶，酷爱轻户外及后海冲浪。,名下持有一套旧两居，置换回款 65% + 个人理财储蓄补充 + 公积金商业贷,重性价比，不盲信大牌，但要求物业管理有序、绿化修剪及时、人防技防规范。,每年11月至次年3月到此度过漫长冬季，极其依赖周边的康养及适老化服务。
三_2011_01143,三亚,2011,度假投资,53,男,9.6,122.1,0.4,228.9,3,1,否,A,research,0.81,0.51,0.68,0.64,0.58,0.37,0.08,0.0,0.85,投资-短期,两室两厅,121,15133,上市公司退休联合创始人,三口之家(学龄段),西湖边高精平层,无高端私密会所及管家式物业配套，圈层鱼龙混杂，高净值居住体验差。,要求采光通透，全明户型，带多功能嵌入式收纳墙以最大化空间利用。,无需日常通勤，但要求30分钟内快捷通达凤凰机场或高铁站。,周末常去高端商圈消费，热衷打网球和马术，重度手冲咖啡及黑胶唱片发烧友。,名下已有企业股权套现或分红现金，一次性全款付清，基本不加杠杆,非仁恒、绿城、万科等金牌开发商不买，极度看重高端精装质量与顶级物业的增值口碑。,每年11月至次年3月到此度过漫长冬季，极其依赖周边的康养及适老化服务。
三_2011_01144,三亚,2011,本地改善,41,男,1.5,9.8,0.35,20.9,5,1,是,B,agent,0.93,0.53,0.74,0.56,0.29,0.77,0.45,0.64,0.47,自住-改善,两室两厅,71,1994,重点中学高级教师,三口之家(学龄段),三亚中环品质两居，车位及空间极其拥挤,小区无地下车库且人车不分流，小孩在楼下玩耍或者推婴儿车极为不安全。,要求有超大面宽南向双阳台（观景家政分离），主卧大飘窗能270度直面自然景观。,无需日常通勤，但要求30分钟内快捷通达凤凰机场或高铁站。,崇尚度假慢生活，清晨沙滩漫步，午后椰林下午茶，酷爱轻户外及后海冲浪。,名下持有一套旧两居，置换回款 65% + 个人理财储蓄补充 + 公积金商业贷,重性价比，不盲信大牌，但要求物业管理有序、绿化修剪及时、人防技防规范。,本地常住人口，四季生活规律，度假频次为常规年假出行。
三_2011_01145,三亚,2011,本地改善,35,男,3.6,18.5,0.35,39.7,5,1,是,B,agent,1,0.71,0.75,0.44,0.52,0.81,0.46,0.83,0.42,自住-改善,两室两厅,56,5027,三甲医院主治医师,三口之家(幼龄段),三亚中环品质两居，车位及空间极其拥挤,小区无地下车库且人车不分流，小孩在楼下玩耍或者推婴儿车极为不安全。,要求有超大面宽南向双阳台（观景家政分离），主卧大飘窗能270度直面自然景观。,无需日常通勤，但要求30分钟内快捷通达凤凰机场或高铁站。,崇尚度假慢生活，清晨沙滩漫步，午后椰林下午茶，酷爱轻户外及后海冲浪。,名下持有一套旧两居，置换回款 65% + 个人理财储蓄补充 + 公积金商业贷,重性价比，不盲信大牌，但要求物业管理有序、绿化修剪及时、人防技防规范。,本地常住人口，四季生活规律，度假频次为常规年假出行。
三_2011_01146,三亚,2011,度假投资,38,女,6.4,72.7,0.4,136.3,3,1,是,A,research,1,0.53,1.0,0.56,0.54,0.38,0.05,0.01,0.69,度假,两室一厅,64,10841,上市公司退休联合创始人,三口之家(学龄段),西湖边高精平层,当前房屋属于旧多层无电梯房，父母年纪渐高每天爬楼梯极为吃力。,要求有超大面宽南向双阳台（观景家政分离），主卧大飘窗能270度直面自然景观。,无需日常通勤，但要求30分钟内快捷通达凤凰机场或高铁站。,周末常去高端商圈消费，热衷打网球和马术，重度手冲咖啡及黑胶唱片发烧友。,名下已有企业股权套现或分红现金，一次性全款付清，基本不加杠杆,重性价比，不盲信大牌，但要求物业管理有序、绿化修剪及时、人防技防规范。,每年11月至次年3月到此度过漫长冬季，极其依赖周边的康养及适老化服务。
三_2011_01147,三亚,2011,本地改善,32,男,2.4,10.9,0.35,23.4,4,1,是,B,agent,0.83,0.61,0.47,0.59,0.44,0.66,0.52,0.71,0.5,自住-改善,两室两厅,91,1464,三甲医院主治医师,三口之家(幼龄段),三亚中环品质两居，车位及空间极其拥挤,小区无地下车库且人车不分流，小孩在楼下玩耍或者推婴儿车极为不安全。,核心要求地块属于第一梯队名校学区，且周边500米内解决幼小衔接教育配套。,无需日常通勤，但要求30分钟内快捷通达凤凰机场或高铁站。,崇尚度假慢生活，清晨沙滩漫步，午后椰林下午茶，酷爱轻户外及后海冲浪。,名下持有一套旧两居，置换回款 65% + 个人理财储蓄补充 + 公积金商业贷,重性价比，不盲信大牌，但要求物业管理有序、绿化修剪及时、人防技防规范。,本地常住人口，四季生活规律，度假频次为常规年假出行。
三_2011_01148,三亚,2011,本地改善,46,女,3.0,21.2,0.35,45.4,4,1,是,B,agent,0.53,0.51,0.66,0.49,0.32,0.73,0.48,0.79,0.52,自住-改善,两室两厅,72,3930,区级税务局一级主办,三口之家(学龄段),三亚中环品质两居，车位及空间极其拥挤,小区无地下车库且人车不分流，小孩在楼下玩耍或者推婴儿车极为不安全。,讲究超高得房率（超85%），主卧套房必须配备独立步入式衣帽间与干湿分离双卫。,无需日常通勤，但要求30分钟内快捷通达凤凰机场或高铁站。,崇尚度假慢生活，清晨沙滩漫步，午后椰林下午茶，酷爱轻户外及后海冲浪。,名下持有一套旧两居，置换回款 65% + 个人理财储蓄补充 + 公积金商业贷,重性价比，不盲信大牌，但要求物业管理有序、绿化修剪及时、人防技防规范。,本地常住人口，四季生活规律，度假频次为常规年假出行。
三_2011_01149,三亚,2011,本地改善,40,女,1.5,10.9,0.35,23.3,4,1,否,B,agent,0.84,0.63,0.61,0.6,0.28,0.67,0.53,0.76,0.42,自住-改善,两室两厅,53,3208,三甲医院主治医师,三口之家(学龄段),三亚中环品质两居，车位及空间极其拥挤,小区无地下车库且人车不分流，小孩在楼下玩耍或者推婴儿车极为不安全。,核心要求地块属于第一梯队名校学区，且周边500米内解决幼小衔接教育配套。,无需日常通勤，但要求30分钟内快捷通达凤凰机场或高铁站。,崇尚度假慢生活，清晨沙滩漫步，午后椰林下午茶，酷爱轻户外及后海冲浪。,名下持有一套旧两居，置换回款 65% + 个人理财储蓄补充 + 公积金商业贷,重性价比，不盲信大牌，但要求物业管理有序、绿化修剪及时、人防技防规范。,本地常住人口，四季生活规律，度假频次为常规年假出行。
三_2011_01150,三亚,2011,外地候鸟-华北,59,女,2.2,14.3,0.5,21.5,2,0,否,B,network,0.49,0.44,0.94,0.62,0.68,0.47,0,0.07,0.59,度假,两室两厅,78,2177,北京三甲医院退休教授,高知退休康养,三亚中环品质两居，车位及空间极其拥挤,老小区隔音差，邻里滋扰严重，且车位严重匮乏，每晚加班回来抢车位像打仗。,要求有超大面宽南向双阳台（观景家政分离），主卧大飘窗能270度直面自然景观。,无需日常通勤，但要求30分钟内快捷通达凤凰机场或高铁站。,崇尚度假慢生活，清晨沙滩漫步，午后椰林下午茶，酷爱轻户外及后海冲浪。,名下持有一套旧两居，置换回款 65% + 个人理财储蓄补充 + 公积金商业贷,重性价比，不盲信大牌，但要求物业管理有序、绿化修剪及时、人防技防规范。,每年11月至次年3月到此度过漫长冬季，极其依赖周边的康养及适老化服务。
三_2011_01151,三亚,2011,度假投资,48,女,9.6,92.3,0.4,173.0,3,0,是,A,research,0.88,0.46,0.93,0.67,0.66,0.31,0,0.08,0.73,度假,三室两厅,142,9395,知名中医药连锁投资人,成熟期核心家庭,陆家嘴核心区江景大平层,当前房屋属于旧多层无电梯房，父母年纪渐高每天爬楼梯极为吃力。,要求有超大面宽南向双阳台（观景家政分离），主卧大飘窗能270度直面自然景观。,无需日常通勤，但要求30分钟内快捷通达凤凰机场或高铁站。,周末常去高端商圈消费，热衷打网球和马术，重度手冲咖啡及黑胶唱片发烧友。,名下已有企业股权套现或分红现金，一次性全款付清，基本不加杠杆,非仁恒、绿城、万科等金牌开发商不买，极度看重高端精装质量与顶级物业的增值口碑。,每年11月至次年3月到此度过漫长冬季，极其依赖周边的康养及适老化服务。
三_2011_01152,三亚,2011,本地改善,40,女,1.7,7.6,0.35,16.2,3,1,否,B,agent,0.83,0.67,0.49,0.5,0.42,0.6,0.46,0.72,0.42,自住-改善,两室两厅,62,1816,三甲医院主治医师,三口之家(学龄段),三亚中环品质两居，车位及空间极其拥挤,小区无地下车库且人车不分流，小孩在楼下玩耍或者推婴儿车极为不安全。,核心要求地块属于第一梯队名校学区，且周边500米内解决幼小衔接教育配套。,无需日常通勤，但要求30分钟内快捷通达凤凰机场或高铁站。,崇尚度假慢生活，清晨沙滩漫步，午后椰林下午茶，酷爱轻户外及后海冲浪。,名下持有一套旧两居，置换回款 65% + 个人理财储蓄补充 + 公积金商业贷,重性价比，不盲信大牌，但要求物业管理有序、绿化修剪及时、人防技防规范。,本地常住人口，四季生活规律，度假频次为常规年假出行。
三_2011_01153,三亚,2011,度假投资,39,男,13.2,111.2,0.4,208.5,3,1,是,A,research,0.88,0.49,0.89,0.62,0.69,0.55,0,0.09,0.74,投资-短期,三室两厅,117,9027,高端海景资产收藏家,三口之家(学龄段),市中心私密洋房住宅,当前房屋属于旧多层无电梯房，父母年纪渐高每天爬楼梯极为吃力。,要求有超大面宽南向双阳台（观景家政分离），主卧大飘窗能270度直面自然景观。,无需日常通勤，但要求30分钟内快捷通达凤凰机场或高铁站。,周末常去高端商圈消费，热衷打网球和马术，重度手冲咖啡及黑胶唱片发烧友。,名下已有企业股权套现或分红现金，一次性全款付清，基本不加杠杆,非仁恒、绿城、万科等金牌开发商不买，极度看重高端精装质量与顶级物业的增值口碑。,每年11月至次年3月到此度过漫长冬季，极其依赖周边的康养及适老化服务。
三_2011_01154,三亚,2011,本地改善,46,女,2.1,14.8,0.35,31.7,5,1,是,B,agent,0.7,0.48,0.53,0.5,0.5,0.82,0.42,0.68,0.29,自住-改善,两室一厅,92,2739,三甲医院主治医师,三口之家(学龄段),三亚中环品质两居，车位及空间极其拥挤,小区无地下车库且人车不分流，小孩在楼下玩耍或者推婴儿车极为不安全。,讲究超高得房率（超85%），主卧套房必须配备独立步入式衣帽间与干湿分离双卫。,无需日常通勤，但要求30分钟内快捷通达凤凰机场或高铁站。,崇尚度假慢生活，清晨沙滩漫步，午后椰林下午茶，酷爱轻户外及后海冲浪。,名下持有一套旧两居，置换回款 65% + 个人理财储蓄补充 + 公积金商业贷,重性价比，不盲信大牌，但要求物业管理有序、绿化修剪及时、人防技防规范。,本地常住人口，四季生活规律，度假频次为常规年假出行。
三_2011_01155,三亚,2011,度假投资,36,男,14.9,166.3,0.4,311.8,2,0,否,A,research,0.82,0.36,0.95,0.54,0.52,0.5,0.03,0,0.77,度假,四室两厅,122,17270,上市公司退休联合创始人,成熟期核心家庭,西湖边高精平层,无高端私密会所及管家式物业配套，圈层鱼龙混杂，高净值居住体验差。,要求有超大面宽南向双阳台（观景家政分离），主卧大飘窗能270度直面自然景观。,无需日常通勤，但要求30分钟内快捷通达凤凰机场或高铁站。,周末常去高端商圈消费，热衷打网球和马术，重度手冲咖啡及黑胶唱片发烧友。,名下已有企业股权套现或分红现金，一次性全款付清，基本不加杠杆,非仁恒、绿城、万科等金牌开发商不买，极度看重高端精装质量与顶级物业的增值口碑。,每年11月至次年3月到此度过漫长冬季，极其依赖周边的康养及适老化服务。
三_2011_01156,三亚,2011,本地改善,32,女,2.4,17.9,0.35,38.5,4,1,是,B,agent,0.76,0.52,0.64,0.38,0.34,0.77,0.51,0.64,0.42,自住-改善,一室一厅,91,2931,区级税务局一级主办,三口之家(幼龄段),三亚中环品质两居，车位及空间极其拥挤,小区无地下车库且人车不分流，小孩在楼下玩耍或者推婴儿车极为不安全。,讲究超高得房率（超85%），主卧套房必须配备独立步入式衣帽间与干湿分离双卫。,无需日常通勤，但要求30分钟内快捷通达凤凰机场或高铁站。,崇尚度假慢生活，清晨沙滩漫步，午后椰林下午茶，酷爱轻户外及后海冲浪。,名下持有一套旧两居，置换回款 65% + 个人理财储蓄补充 + 公积金商业贷,重性价比，不盲信大牌，但要求物业管理有序、绿化修剪及时、人防技防规范。,本地常住人口，四季生活规律，度假频次为常规年假出行。
三_2011_01157,三亚,2011,度假投资,54,男,9.9,112.3,0.4,210.6,3,2,否,A,research,0.84,0.33,0.82,0.55,0.5,0.57,0.09,0.04,0.81,投资-长持,三室两厅,119,15090,知名中医药连锁投资人,二胎黄金期中大户型,陆家嘴核心区江景大平层,无高端私密会所及管家式物业配套，圈层鱼龙混杂，高净值居住体验差。,要求有超大面宽南向双阳台（观景家政分离），主卧大飘窗能270度直面自然景观。,无需日常通勤，但要求30分钟内快捷通达凤凰机场或高铁站。,周末常去高端商圈消费，热衷打网球和马术，重度手冲咖啡及黑胶唱片发烧友。,名下已有企业股权套现或分红现金，一次性全款付清，基本不加杠杆,非仁恒、绿城、万科等金牌开发商不买，极度看重高端精装质量与顶级物业的增值口碑。,每年11月至次年3月到此度过漫长冬季，极其依赖周边的康养及适老化服务。
三_2011_01158,三亚,2011,外地候鸟-华北,58,女,3.1,28.3,0.5,42.5,2,0,否,B,network,0.26,0.46,1,0.84,0.58,0.63,0.04,0,0.47,度假,两室一厅,95,2676,北京三甲医院退休教授,高知退休康养,三亚中环品质两居，车位及空间极其拥挤,老小区隔音差，邻里滋扰严重，且车位严重匮乏，每晚加班回来抢车位像打仗。,要求独立电梯入户，主次卧动线分明，配备独立保姆房和私密后院。,无需日常通勤，但要求30分钟内快捷通达凤凰机场或高铁站。,崇尚度假慢生活，清晨沙滩漫步，午后椰林下午茶，酷爱轻户外及后海冲浪。,名下持有一套旧两居，置换回款 65% + 个人理财储蓄补充 + 公积金商业贷,重性价比，不盲信大牌，但要求物业管理有序、绿化修剪及时、人防技防规范。,每年11月至次年3月到此度过漫长冬季，极其依赖周边的康养及适老化服务。
三_2011_01159,三亚,2011,本地改善,32,女,2.5,19.4,0.35,41.6,5,1,否,B,agent,0.78,0.39,0.6,0.4,0.3,0.81,0.51,0.63,0.47,自住-改善,两室两厅,100,2376,三甲医院主治医师,三口之家(幼龄段),三亚中环品质两居，车位及空间极其拥挤,小区无地下车库且人车不分流，小孩在楼下玩耍或者推婴儿车极为不安全。,讲究超高得房率（超85%），主卧套房必须配备独立步入式衣帽间与干湿分离双卫。,无需日常通勤，但要求30分钟内快捷通达凤凰机场或高铁站。,崇尚度假慢生活，清晨沙滩漫步，午后椰林下午茶，酷爱轻户外及后海冲浪。,名下持有一套旧两居，置换回款 65% + 个人理财储蓄补充 + 公积金商业贷,重性价比，不盲信大牌，但要求物业管理有序、绿化修剪及时、人防技防规范。,本地常住人口，四季生活规律，度假频次为常规年假出行。
三_2011_01160,三亚,2011,外地候鸟-华北,69,女,3.9,37.9,0.5,56.9,2,0,否,B,network,0.69,0.5,0.89,0.66,0.65,0.42,0.08,0,0.59,养老,两室两厅,87,4289,央企总部退休总工,高知退休康养,三亚中环品质两居，车位及空间极其拥挤,老小区隔音差，邻里滋扰严重，且车位严重匮乏，每晚加班回来抢车位像打仗。,要求有超大面宽南向双阳台（观景家政分离），主卧大飘窗能270度直面自然景观。,无需日常通勤，但要求30分钟内快捷通达凤凰机场或高铁站。,崇尚度假慢生活，清晨沙滩漫步，午后椰林下午茶，酷爱轻户外及后海冲浪。,名下持有一套旧两居，置换回款 65% + 个人理财储蓄补充 + 公积金商业贷,重性价比，不盲信大牌，但要求物业管理有序、绿化修剪及时、人防技防规范。,每年11月至次年3月到此度过漫长冬季，极其依赖周边的康养及适老化服务。
三_2011_01161,三亚,2011,度假投资,47,女,9.1,91.1,0.4,170.8,3,1,否,A,research,0.84,0.32,0.76,0.55,0.65,0.53,0.17,0,0.8,投资-长持,三室两厅,121,12191,高端海景资产收藏家,三口之家(学龄段),陆家嘴核心区江景大平层,无高端私密会所及管家式物业配套，圈层鱼龙混杂，高净值居住体验差。,要求有超大面宽南向双阳台（观景家政分离），主卧大飘窗能270度直面自然景观。,无需日常通勤，但要求30分钟内快捷通达凤凰机场或高铁站。,周末常去高端商圈消费，热衷打网球和马术，重度手冲咖啡及黑胶唱片发烧友。,名下已有企业股权套现或分红现金，一次性全款付清，基本不加杠杆,非仁恒、绿城、万科等金牌开发商不买，极度看重高端精装质量与顶级物业的增值口碑。,每年11月至次年3月到此度过漫长冬季，极其依赖周边的康养及适老化服务。
三_2011_01162,三亚,2011,度假投资,51,男,10.3,119.0,0.4,223.2,4,1,否,A,research,0.61,0.38,0.88,0.61,0.51,0.49,0.04,0.04,0.71,投资-长持,三室一厅,144,9244,知名中医药连锁投资人,三口之家(学龄段),陆家嘴核心区江景大平层,无高端私密会所及管家式物业配套，圈层鱼龙混杂，高净值居住体验差。,要求有超大面宽南向双阳台（观景家政分离），主卧大飘窗能270度直面自然景观。,无需日常通勤，但要求30分钟内快捷通达凤凰机场或高铁站。,周末常去高端商圈消费，热衷打网球和马术，重度手冲咖啡及黑胶唱片发烧友。,名下已有企业股权套现或分红现金，一次性全款付清，基本不加杠杆,非仁恒、绿城、万科等金牌开发商不买，极度看重高端精装质量与顶级物业的增值口碑。,每年11月至次年3月到此度过漫长冬季，极其依赖周边的康养及适老化服务。
三_2011_01163,三亚,2011,外地候鸟-华北,68,男,6.1,59.6,0.5,89.3,2,0,否,B,network,0.26,0.52,0.98,0.79,0.73,0.5,0.02,0,0.5,度假,两室一厅,93,6669,北京三甲医院退休教授,高知退休康养,三亚中环品质两居，车位及空间极其拥挤,老小区隔音差，邻里滋扰严重，且车位严重匮乏，每晚加班回来抢车位像打仗。,要求独立电梯入户，主次卧动线分明，配备独立保姆房和私密后院。,无需日常通勤，但要求30分钟内快捷通达凤凰机场或高铁站。,崇尚度假慢生活，清晨沙滩漫步，午后椰林下午茶，酷爱轻户外及后海冲浪。,名下持有一套旧两居，置换回款 65% + 个人理财储蓄补充 + 公积金商业贷,重性价比，不盲信大牌，但要求物业管理有序、绿化修剪及时、人防技防规范。,每年11月至次年3月到此度过漫长冬季，极其依赖周边的康养及适老化服务。
三_2011_01164,三亚,2011,外地候鸟-华北,69,男,6.6,40.4,0.5,60.5,2,0,否,B,network,0.69,0.47,1,0.74,0.62,0.44,0.06,0,0.53,度假,两室一厅,83,4649,北京三甲医院退休教授,高知退休康养,三亚中环品质两居，车位及空间极其拥挤,老小区隔音差，邻里滋扰严重，且车位严重匮乏，每晚加班回来抢车位像打仗。,要求独立电梯入户，主次卧动线分明，配备独立保姆房和私密后院。,无需日常通勤，但要求30分钟内快捷通达凤凰机场或高铁站。,崇尚度假慢生活，清晨沙滩漫步，午后椰林下午茶，酷爱轻户外及后海冲浪。,名下持有一套旧两居，置换回款 65% + 个人理财储蓄补充 + 公积金商业贷,重性价比，不盲信大牌，但要求物业管理有序、绿化修剪及时、人防技防规范。,每年11月至次年3月到此度过漫长冬季，极其依赖周边的康养及适老化服务。
三_2011_01165,三亚,2011,本地改善,46,女,2.1,13.9,0.35,29.9,3,0,否,B,agent,0.71,0.51,0.6,0.5,0.34,0.72,0.36,0.75,0.34,自住-改善,两室两厅,98,1544,国企中层管理,成熟期核心家庭,三亚中环品质两居，车位及空间极其拥挤,老小区隔音差，邻里滋扰严重，且车位严重匮乏，每晚加班回来抢车位像打仗。,讲究超高得房率（超85%），主卧套房必须配备独立步入式衣帽间与干湿分离双卫。,无需日常通勤，但要求30分钟内快捷通达凤凰机场或高铁站。,崇尚度假慢生活，清晨沙滩漫步，午后椰林下午茶，酷爱轻户外及后海冲浪。,名下持有一套旧两居，置换回款 65% + 个人理财储蓄补充 + 公积金商业贷,重性价比，不盲信大牌，但要求物业管理有序、绿化修剪及时、人防技防规范。,本地常住人口，四季生活规律，度假频次为常规年假出行。
三_2011_01166,三亚,2011,外地候鸟-东北,73,男,2.4,16.2,0.5,24.3,3,0,否,C,network,0.63,0.66,0.95,0.67,0.48,0.56,0.04,0.03,0.53,度假,两室一厅,54,2842,哈尔滨高校退休处长,高知退休康养,与父母同住，三代人拥挤在旧区小户型老房中,老小区隔音差，邻里滋扰严重，且车位严重匮乏，每晚加班回来抢车位像打仗。,要求有超大面宽南向双阳台（观景家政分离），主卧大飘窗能270度直面自然景观。,无需日常通勤，但要求30分钟内快捷通达凤凰机场或高铁站。,崇尚度假慢生活，清晨沙滩漫步，午后椰林下午茶，酷爱轻户外及后海冲浪。,名下持有一套旧两居，置换回款 65% + 个人理财储蓄补充 + 公积金商业贷,重性价比，不盲信大牌，但要求物业管理有序、绿化修剪及时、人防技防规范。,每年11月至次年3月到此度过漫长冬季，极其依赖周边的康养及适老化服务。
三_2011_01167,三亚,2011,外地候鸟-西北,66,女,4.0,26.8,0.5,40.2,3,0,否,C,network,0.37,0.64,0.9,0.54,0.47,0.53,0,0,0.44,度假,一室一厅,66,3448,兰州煤炭物流运输企业主,高知退休康养,与父母同住，三代人拥挤在旧区小户型老房中,老小区隔音差，邻里滋扰严重，且车位严重匮乏，每晚加班回来抢车位像打仗。,要求有超大面宽南向双阳台（观景家政分离），主卧大飘窗能270度直面自然景观。,无需日常通勤，但要求30分钟内快捷通达凤凰机场或高铁站。,崇尚度假慢生活，清晨沙滩漫步，午后椰林下午茶，酷爱轻户外及后海冲浪。,名下持有一套旧两居，置换回款 65% + 个人理财储蓄补充 + 公积金商业贷,重性价比，不盲信大牌，但要求物业管理有序、绿化修剪及时、人防技防规范。,每年11月至次年3月到此度过漫长冬季，极其依赖周边的康养及适老化服务。
三_2011_01168,三亚,2011,外地候鸟-华北,70,女,4.6,28.5,0.5,42.8,3,0,否,B,network,0.34,0.56,0.97,0.56,0.64,0.4,0.01,0,0.43,度假,一室一厅,96,3436,高校资深硕导,高知退休康养,三亚中环品质两居，车位及空间极其拥挤,老小区隔音差，邻里滋扰严重，且车位严重匮乏，每晚加班回来抢车位像打仗。,要求有超大面宽南向双阳台（观景家政分离），主卧大飘窗能270度直面自然景观。,无需日常通勤，但要求30分钟内快捷通达凤凰机场或高铁站。,崇尚度假慢生活，清晨沙滩漫步，午后椰林下午茶，酷爱轻户外及后海冲浪。,名下持有一套旧两居，置换回款 65% + 个人理财储蓄补充 + 公积金商业贷,重性价比，不盲信大牌，但要求物业管理有序、绿化修剪及时、人防技防规范。,每年11月至次年3月到此度过漫长冬季，极其依赖周边的康养及适老化服务。
三_2011_01169,三亚,2011,外地候鸟-华北,63,男,5.4,55.5,0.5,83.2,2,0,否,B,network,0.43,0.57,0.96,0.66,0.63,0.58,0,0.05,0.55,养老,两室两厅,68,9628,高校资深硕导,高知退休康养,三亚中环品质两居，车位及空间极其拥挤,老小区隔音差，邻里滋扰严重，且车位严重匮乏，每晚加班回来抢车位像打仗。,要求有超大面宽南向双阳台（观景家政分离），主卧大飘窗能270度直面自然景观。,无需日常通勤，但要求30分钟内快捷通达凤凰机场或高铁站。,崇尚度假慢生活，清晨沙滩漫步，午后椰林下午茶，酷爱轻户外及后海冲浪。,名下持有一套旧两居，置换回款 65% + 个人理财储蓄补充 + 公积金商业贷,重性价比，不盲信大牌，但要求物业管理有序、绿化修剪及时、人防技防规范。,每年11月至次年3月到此度过漫长冬季，极其依赖周边的康养及适老化服务。
三_2011_01170,三亚,2011,度假投资,48,男,9.5,122.0,0.4,228.7,4,0,否,A,research,0.8,0.48,0.92,0.61,0.64,0.39,0,0.03,0.82,度假,三室一厅,143,10377,上市公司退休联合创始人,成熟期核心家庭,西湖边高精平层,无高端私密会所及管家式物业配套，圈层鱼龙混杂，高净值居住体验差。,要求有超大面宽南向双阳台（观景家政分离），主卧大飘窗能270度直面自然景观。,无需日常通勤，但要求30分钟内快捷通达凤凰机场或高铁站。,周末常去高端商圈消费，热衷打网球和马术，重度手冲咖啡及黑胶唱片发烧友。,名下已有企业股权套现或分红现金，一次性全款付清，基本不加杠杆,非仁恒、绿城、万科等金牌开发商不买，极度看重高端精装质量与顶级物业的增值口碑。,每年11月至次年3月到此度过漫长冬季，极其依赖周边的康养及适老化服务。
三_2011_01171,三亚,2011,本地改善,37,男,1.7,11.1,0.35,23.9,3,0,否,B,agent,0.76,0.52,0.56,0.36,0.4,0.89,0.55,0.74,0.4,自住-改善,两室两厅,79,2457,重点中学高级教师,成熟期核心家庭,三亚中环品质两居，车位及空间极其拥挤,老小区隔音差，邻里滋扰严重，且车位严重匮乏，每晚加班回来抢车位像打仗。,讲究超高得房率（超85%），主卧套房必须配备独立步入式衣帽间与干湿分离双卫。,无需日常通勤，但要求30分钟内快捷通达凤凰机场或高铁站。,崇尚度假慢生活，清晨沙滩漫步，午后椰林下午茶，酷爱轻户外及后海冲浪。,名下持有一套旧两居，置换回款 65% + 个人理财储蓄补充 + 公积金商业贷,重性价比，不盲信大牌，但要求物业管理有序、绿化修剪及时、人防技防规范。,本地常住人口，四季生活规律，度假频次为常规年假出行。
三_2011_01172,三亚,2011,度假投资,38,女,8.2,98.2,0.4,184.2,2,0,否,A,research,0.97,0.42,0.9,0.52,0.5,0.43,0.03,0.02,0.73,度假,两室两厅,147,8815,知名中医药连锁投资人,成熟期核心家庭,西湖边高精平层,无高端私密会所及管家式物业配套，圈层鱼龙混杂，高净值居住体验差。,要求有超大面宽南向双阳台（观景家政分离），主卧大飘窗能270度直面自然景观。,无需日常通勤，但要求30分钟内快捷通达凤凰机场或高铁站。,周末常去高端商圈消费，热衷打网球和马术，重度手冲咖啡及黑胶唱片发烧友。,名下已有企业股权套现或分红现金，一次性全款付清，基本不加杠杆,非仁恒、绿城、万科等金牌开发商不买，极度看重高端精装质量与顶级物业的增值口碑。,每年11月至次年3月到此度过漫长冬季，极其依赖周边的康养及适老化服务。
三_2011_01173,三亚,2011,本地改善,38,女,2.2,11.6,0.35,24.8,5,1,是,B,agent,0.9,0.63,0.69,0.55,0.31,0.85,0.51,0.67,0.29,自住-改善,一室一厅,64,2141,重点中学高级教师,三口之家(学龄段),三亚中环品质两居，车位及空间极其拥挤,小区无地下车库且人车不分流，小孩在楼下玩耍或者推婴儿车极为不安全。,讲究超高得房率（超85%），主卧套房必须配备独立步入式衣帽间与干湿分离双卫。,无需日常通勤，但要求30分钟内快捷通达凤凰机场或高铁站。,崇尚度假慢生活，清晨沙滩漫步，午后椰林下午茶，酷爱轻户外及后海冲浪。,名下持有一套旧两居，置换回款 65% + 个人理财储蓄补充 + 公积金商业贷,重性价比，不盲信大牌，但要求物业管理有序、绿化修剪及时、人防技防规范。,本地常住人口，四季生活规律，度假频次为常规年假出行。
三_2011_01174,三亚,2011,外地候鸟-东北,58,男,2.1,19.0,0.5,28.5,1,0,否,C,network,0.29,0.72,1.0,0.66,0.46,0.41,0.03,0.03,0.49,养老,两室两厅,87,2303,沈阳大型重工企业退休副厂长,高知退休康养,与父母同住，三代人拥挤在旧区小户型老房中,老小区隔音差，邻里滋扰严重，且车位严重匮乏，每晚加班回来抢车位像打仗。,要求有超大面宽南向双阳台（观景家政分离），主卧大飘窗能270度直面自然景观。,无需日常通勤，但要求30分钟内快捷通达凤凰机场或高铁站。,崇尚度假慢生活，清晨沙滩漫步，午后椰林下午茶，酷爱轻户外及后海冲浪。,名下持有一套旧两居，置换回款 65% + 个人理财储蓄补充 + 公积金商业贷,重性价比，不盲信大牌，但要求物业管理有序、绿化修剪及时、人防技防规范。,每年11月至次年3月到此度过漫长冬季，极其依赖周边的康养及适老化服务。
三_2011_01175,三亚,2011,本地改善,31,男,2.4,14.1,0.35,30.3,4,1,否,B,agent,0.56,0.49,0.51,0.37,0.43,0.86,0.64,0.81,0.39,自住-改善,一室一厅,59,2900,智能新能源车企研发骨干,三口之家(幼龄段),三亚中环品质两居，车位及空间极其拥挤,小区无地下车库且人车不分流，小孩在楼下玩耍或者推婴儿车极为不安全。,讲究超高得房率（超85%），主卧套房必须配备独立步入式衣帽间与干湿分离双卫。,无需日常通勤，但要求30分钟内快捷通达凤凰机场或高铁站。,崇尚度假慢生活，清晨沙滩漫步，午后椰林下午茶，酷爱轻户外及后海冲浪。,名下持有一套旧两居，置换回款 65% + 个人理财储蓄补充 + 公积金商业贷,重性价比，不盲信大牌，但要求物业管理有序、绿化修剪及时、人防技防规范。,本地常住人口，四季生活规律，度假频次为常规年假出行。
三_2011_01176,三亚,2011,外地候鸟-西北,60,男,3.8,22.6,0.5,33.9,2,0,否,C,network,0.24,0.65,0.92,0.81,0.54,0.49,0,0.16,0.55,养老,一室一厅,100,1863,西安设计院退休总建筑师,高知退休康养,与父母同住，三代人拥挤在旧区小户型老房中,老小区隔音差，邻里滋扰严重，且车位严重匮乏，每晚加班回来抢车位像打仗。,要求独立电梯入户，主次卧动线分明，配备独立保姆房和私密后院。,无需日常通勤，但要求30分钟内快捷通达凤凰机场或高铁站。,崇尚度假慢生活，清晨沙滩漫步，午后椰林下午茶，酷爱轻户外及后海冲浪。,名下持有一套旧两居，置换回款 65% + 个人理财储蓄补充 + 公积金商业贷,重性价比，不盲信大牌，但要求物业管理有序、绿化修剪及时、人防技防规范。,每年11月至次年3月到此度过漫长冬季，极其依赖周边的康养及适老化服务。
三_2011_01177,三亚,2011,外地候鸟-东北,73,男,1.7,10.7,0.5,16.1,1,0,否,C,network,0.31,0.83,0.91,0.7,0.67,0.6,0,0.03,0.55,度假,一室一厅,71,1351,哈尔滨私营物流老板,高知退休康养,与父母同住，三代人拥挤在旧区小户型老房中,老小区隔音差，邻里滋扰严重，且车位严重匮乏，每晚加班回来抢车位像打仗。,要求独立电梯入户，主次卧动线分明，配备独立保姆房和私密后院。,无需日常通勤，但要求30分钟内快捷通达凤凰机场或高铁站。,崇尚度假慢生活，清晨沙滩漫步，午后椰林下午茶，酷爱轻户外及后海冲浪。,名下持有一套旧两居，置换回款 65% + 个人理财储蓄补充 + 公积金商业贷,重性价比，不盲信大牌，但要求物业管理有序、绿化修剪及时、人防技防规范。,每年11月至次年3月到此度过漫长冬季，极其依赖周边的康养及适老化服务。
三_2011_01178,三亚,2011,外地候鸟-华北,67,女,2.8,23.9,0.5,35.8,2,0,否,B,network,0.52,0.4,1,0.61,0.52,0.58,0,0,0.47,度假,一室一厅,67,3442,央企总部退休总工,高知退休康养,三亚中环品质两居，车位及空间极其拥挤,老小区隔音差，邻里滋扰严重，且车位严重匮乏，每晚加班回来抢车位像打仗。,要求有超大面宽南向双阳台（观景家政分离），主卧大飘窗能270度直面自然景观。,无需日常通勤，但要求30分钟内快捷通达凤凰机场或高铁站。,崇尚度假慢生活，清晨沙滩漫步，午后椰林下午茶，酷爱轻户外及后海冲浪。,名下持有一套旧两居，置换回款 65% + 个人理财储蓄补充 + 公积金商业贷,重性价比，不盲信大牌，但要求物业管理有序、绿化修剪及时、人防技防规范。,每年11月至次年3月到此度过漫长冬季，极其依赖周边的康养及适老化服务。
三_2011_01179,三亚,2011,外地候鸟-华北,72,女,4.3,37.1,0.5,55.7,2,0,否,B,network,0.65,0.53,0.99,0.76,0.65,0.44,0,0,0.57,度假,两室一厅,62,6154,高校资深硕导,高知退休康养,三亚中环品质两居，车位及空间极其拥挤,老小区隔音差，邻里滋扰严重，且车位严重匮乏，每晚加班回来抢车位像打仗。,要求独立电梯入户，主次卧动线分明，配备独立保姆房和私密后院。,无需日常通勤，但要求30分钟内快捷通达凤凰机场或高铁站。,崇尚度假慢生活，清晨沙滩漫步，午后椰林下午茶，酷爱轻户外及后海冲浪。,名下持有一套旧两居，置换回款 65% + 个人理财储蓄补充 + 公积金商业贷,重性价比，不盲信大牌，但要求物业管理有序、绿化修剪及时、人防技防规范。,每年11月至次年3月到此度过漫长冬季，极其依赖周边的康养及适老化服务。
三_2011_01180,三亚,2011,外地候鸟-西北,73,男,2.3,18.0,0.5,27.0,2,0,否,C,network,0.53,0.56,0.96,0.59,0.52,0.56,0.02,0,0.61,度假,两室一厅,80,2030,西安设计院退休总建筑师,高知退休康养,与父母同住，三代人拥挤在旧区小户型老房中,老小区隔音差，邻里滋扰严重，且车位严重匮乏，每晚加班回来抢车位像打仗。,要求有超大面宽南向双阳台（观景家政分离），主卧大飘窗能270度直面自然景观。,无需日常通勤，但要求30分钟内快捷通达凤凰机场或高铁站。,崇尚度假慢生活，清晨沙滩漫步，午后椰林下午茶，酷爱轻户外及后海冲浪。,名下持有一套旧两居，置换回款 65% + 个人理财储蓄补充 + 公积金商业贷,重性价比，不盲信大牌，但要求物业管理有序、绿化修剪及时、人防技防规范。,每年11月至次年3月到此度过漫长冬季，极其依赖周边的康养及适老化服务。
三_2011_01181,三亚,2011,度假投资,38,男,4.5,50.9,0.4,95.4,3,1,否,A,research,0.9,0.33,0.94,0.65,0.68,0.36,0,0.03,0.67,度假,两室一厅,62,11204,知名中医药连锁投资人,三口之家(学龄段),市中心私密洋房住宅,无高端私密会所及管家式物业配套，圈层鱼龙混杂，高净值居住体验差。,要求有超大面宽南向双阳台（观景家政分离），主卧大飘窗能270度直面自然景观。,无需日常通勤，但要求30分钟内快捷通达凤凰机场或高铁站。,周末常去高端商圈消费，热衷打网球和马术，重度手冲咖啡及黑胶唱片发烧友。,名下已有企业股权套现或分红现金，一次性全款付清，基本不加杠杆,重性价比，不盲信大牌，但要求物业管理有序、绿化修剪及时、人防技防规范。,每年11月至次年3月到此度过漫长冬季，极其依赖周边的康养及适老化服务。
三_2011_01182,三亚,2011,度假投资,43,女,9.3,96.7,0.4,181.3,2,1,否,A,research,0.76,0.42,0.79,0.52,0.56,0.39,0.08,0,0.82,度假,三室两厅,113,12510,上市公司退休联合创始人,三口之家(学龄段),陆家嘴核心区江景大平层,无高端私密会所及管家式物业配套，圈层鱼龙混杂，高净值居住体验差。,要求有超大面宽南向双阳台（观景家政分离），主卧大飘窗能270度直面自然景观。,无需日常通勤，但要求30分钟内快捷通达凤凰机场或高铁站。,周末常去高端商圈消费，热衷打网球和马术，重度手冲咖啡及黑胶唱片发烧友。,名下已有企业股权套现或分红现金，一次性全款付清，基本不加杠杆,非仁恒、绿城、万科等金牌开发商不买，极度看重高端精装质量与顶级物业的增值口碑。,每年11月至次年3月到此度过漫长冬季，极其依赖周边的康养及适老化服务。
三_2011_01183,三亚,2011,本地改善,32,女,4.8,36.7,0.35,78.7,5,0,是,B,agent,0.54,0.5,0.42,0.54,0.48,0.69,0.62,0.86,0.5,自住-改善,一室一厅,71,9386,区级税务局一级主办,新婚过渡两居,三亚中环品质两居，车位及空间极其拥挤,当前房屋属于旧多层无电梯房，父母年纪渐高每天爬楼梯极为吃力。,核心要求地块属于第一梯队名校学区，且周边500米内解决幼小衔接教育配套。,无需日常通勤，但要求30分钟内快捷通达凤凰机场或高铁站。,崇尚度假慢生活，清晨沙滩漫步，午后椰林下午茶，酷爱轻户外及后海冲浪。,名下持有一套旧两居，置换回款 65% + 个人理财储蓄补充 + 公积金商业贷,重性价比，不盲信大牌，但要求物业管理有序、绿化修剪及时、人防技防规范。,本地常住人口，四季生活规律，度假频次为常规年假出行。
三_2011_01184,三亚,2011,外地候鸟-华北,57,男,2.9,16.5,0.5,24.8,3,0,否,B,network,0.51,0.51,1,0.76,0.56,0.52,0,0.03,0.59,养老,一室一厅,68,2743,央企总部退休总工,高知退休康养,三亚中环品质两居，车位及空间极其拥挤,老小区隔音差，邻里滋扰严重，且车位严重匮乏，每晚加班回来抢车位像打仗。,要求独立电梯入户，主次卧动线分明，配备独立保姆房和私密后院。,无需日常通勤，但要求30分钟内快捷通达凤凰机场或高铁站。,崇尚度假慢生活，清晨沙滩漫步，午后椰林下午茶，酷爱轻户外及后海冲浪。,名下持有一套旧两居，置换回款 65% + 个人理财储蓄补充 + 公积金商业贷,重性价比，不盲信大牌，但要求物业管理有序、绿化修剪及时、人防技防规范。,每年11月至次年3月到此度过漫长冬季，极其依赖周边的康养及适老化服务。
三_2011_01185,三亚,2011,本地改善,47,女,2.7,16.8,0.35,36.1,3,2,否,B,agent,0.79,0.56,0.46,0.42,0.43,0.77,0.55,0.61,0.47,自住-改善,两室两厅,57,5691,国企中层管理,二胎黄金期中大户型,三亚中环品质两居，车位及空间极其拥挤,小区无地下车库且人车不分流，小孩在楼下玩耍或者推婴儿车极为不安全。,讲究超高得房率（超85%），主卧套房必须配备独立步入式衣帽间与干湿分离双卫。,无需日常通勤，但要求30分钟内快捷通达凤凰机场或高铁站。,崇尚度假慢生活，清晨沙滩漫步，午后椰林下午茶，酷爱轻户外及后海冲浪。,名下持有一套旧两居，置换回款 65% + 个人理财储蓄补充 + 公积金商业贷,重性价比，不盲信大牌，但要求物业管理有序、绿化修剪及时、人防技防规范。,本地常住人口，四季生活规律，度假频次为常规年假出行。
三_2011_01186,三亚,2011,本地改善,38,男,1.7,8.5,0.35,18.3,4,2,是,B,agent,1,0.63,0.59,0.45,0.49,0.76,0.58,0.68,0.44,自住-改善,两室两厅,76,2081,区级税务局一级主办,二胎黄金期中大户型,三亚中环品质两居，车位及空间极其拥挤,小区无地下车库且人车不分流，小孩在楼下玩耍或者推婴儿车极为不安全。,讲究超高得房率（超85%），主卧套房必须配备独立步入式衣帽间与干湿分离双卫。,无需日常通勤，但要求30分钟内快捷通达凤凰机场或高铁站。,崇尚度假慢生活，清晨沙滩漫步，午后椰林下午茶，酷爱轻户外及后海冲浪。,名下持有一套旧两居，置换回款 65% + 个人理财储蓄补充 + 公积金商业贷,重性价比，不盲信大牌，但要求物业管理有序、绿化修剪及时、人防技防规范。,本地常住人口，四季生活规律，度假频次为常规年假出行。
三_2011_01187,三亚,2011,度假投资,54,女,7.7,76.6,0.4,143.6,3,2,否,A,research,0.73,0.31,0.93,0.67,0.59,0.41,0.01,0,0.8,投资-长持,两室一厅,72,17825,知名中医药连锁投资人,二胎黄金期中大户型,西湖边高精平层,无高端私密会所及管家式物业配套，圈层鱼龙混杂，高净值居住体验差。,要求有超大面宽南向双阳台（观景家政分离），主卧大飘窗能270度直面自然景观。,无需日常通勤，但要求30分钟内快捷通达凤凰机场或高铁站。,周末常去高端商圈消费，热衷打网球和马术，重度手冲咖啡及黑胶唱片发烧友。,名下已有企业股权套现或分红现金，一次性全款付清，基本不加杠杆,非仁恒、绿城、万科等金牌开发商不买，极度看重高端精装质量与顶级物业的增值口碑。,每年11月至次年3月到此度过漫长冬季，极其依赖周边的康养及适老化服务。
三_2011_01188,三亚,2011,外地候鸟-东北,59,男,3.7,28.3,0.5,42.5,2,1,否,C,network,0.69,0.73,1,0.81,0.5,0.44,0.05,0,0.52,养老,两室两厅,80,3671,沈阳大型重工企业退休副厂长,三口之家(学龄段),与父母同住，三代人拥挤在旧区小户型老房中,小区无地下车库且人车不分流，小孩在楼下玩耍或者推婴儿车极为不安全。,要求独立电梯入户，主次卧动线分明，配备独立保姆房和私密后院。,无需日常通勤，但要求30分钟内快捷通达凤凰机场或高铁站。,崇尚度假慢生活，清晨沙滩漫步，午后椰林下午茶，酷爱轻户外及后海冲浪。,名下持有一套旧两居，置换回款 65% + 个人理财储蓄补充 + 公积金商业贷,重性价比，不盲信大牌，但要求物业管理有序、绿化修剪及时、人防技防规范。,每年11月至次年3月到此度过漫长冬季，极其依赖周边的康养及适老化服务。
三_2011_01189,三亚,2011,外地候鸟-东北,58,女,4.0,35.1,0.5,52.7,2,0,否,C,network,0.66,0.5,0.9,0.77,0.53,0.67,0.09,0.12,0.52,度假,一室一厅,78,3563,哈尔滨高校退休处长,高知退休康养,与父母同住，三代人拥挤在旧区小户型老房中,老小区隔音差，邻里滋扰严重，且车位严重匮乏，每晚加班回来抢车位像打仗。,要求独立电梯入户，主次卧动线分明，配备独立保姆房和私密后院。,无需日常通勤，但要求30分钟内快捷通达凤凰机场或高铁站。,崇尚度假慢生活，清晨沙滩漫步，午后椰林下午茶，酷爱轻户外及后海冲浪。,名下持有一套旧两居，置换回款 65% + 个人理财储蓄补充 + 公积金商业贷,重性价比，不盲信大牌，但要求物业管理有序、绿化修剪及时、人防技防规范。,每年11月至次年3月到此度过漫长冬季，极其依赖周边的康养及适老化服务。
三_2011_01190,三亚,2011,本地改善,41,男,2.9,15.7,0.35,33.6,4,1,是,B,agent,0.76,0.59,0.63,0.46,0.47,0.68,0.37,0.61,0.5,自住-改善,一室一厅,50,5446,智能新能源车企研发骨干,三口之家(学龄段),三亚中环品质两居，车位及空间极其拥挤,小区无地下车库且人车不分流，小孩在楼下玩耍或者推婴儿车极为不安全。,要求采光通透，全明户型，带多功能嵌入式收纳墙以最大化空间利用。,无需日常通勤，但要求30分钟内快捷通达凤凰机场或高铁站。,崇尚度假慢生活，清晨沙滩漫步，午后椰林下午茶，酷爱轻户外及后海冲浪。,名下持有一套旧两居，置换回款 65% + 个人理财储蓄补充 + 公积金商业贷,重性价比，不盲信大牌，但要求物业管理有序、绿化修剪及时、人防技防规范。,本地常住人口，四季生活规律，度假频次为常规年假出行。
三_2011_01191,三亚,2011,外地候鸟-西北,60,男,2.9,25.6,0.5,38.4,2,0,否,C,network,0.38,0.54,0.88,0.69,0.54,0.58,0,0.02,0.51,度假,一室一厅,50,4647,兰州煤炭物流运输企业主,高知退休康养,与父母同住，三代人拥挤在旧区小户型老房中,老小区隔音差，邻里滋扰严重，且车位严重匮乏，每晚加班回来抢车位像打仗。,要求有超大面宽南向双阳台（观景家政分离），主卧大飘窗能270度直面自然景观。,无需日常通勤，但要求30分钟内快捷通达凤凰机场或高铁站。,崇尚度假慢生活，清晨沙滩漫步，午后椰林下午茶，酷爱轻户外及后海冲浪。,名下持有一套旧两居，置换回款 65% + 个人理财储蓄补充 + 公积金商业贷,重性价比，不盲信大牌，但要求物业管理有序、绿化修剪及时、人防技防规范。,每年11月至次年3月到此度过漫长冬季，极其依赖周边的康养及适老化服务。
三_2011_01192,三亚,2011,外地候鸟-东北,73,男,1.4,12.3,0.5,18.5,3,1,否,C,network,0.29,0.58,1,0.73,0.45,0.56,0.1,0.04,0.56,养老,两室两厅,84,1680,哈尔滨私营物流老板,三口之家(学龄段),与父母同住，三代人拥挤在旧区小户型老房中,小区无地下车库且人车不分流，小孩在楼下玩耍或者推婴儿车极为不安全。,要求独立电梯入户，主次卧动线分明，配备独立保姆房和私密后院。,无需日常通勤，但要求30分钟内快捷通达凤凰机场或高铁站。,崇尚度假慢生活，清晨沙滩漫步，午后椰林下午茶，酷爱轻户外及后海冲浪。,名下持有一套旧两居，置换回款 65% + 个人理财储蓄补充 + 公积金商业贷,重性价比，不盲信大牌，但要求物业管理有序、绿化修剪及时、人防技防规范。,每年11月至次年3月到此度过漫长冬季，极其依赖周边的康养及适老化服务。
三_2011_01193,三亚,2011,度假投资,53,女,8.5,61.2,0.4,114.8,5,1,否,A,research,0.74,0.29,0.81,0.48,0.4,0.55,0,0.07,0.7,度假,两室一厅,91,8674,上市公司退休联合创始人,三口之家(学龄段),市中心私密洋房住宅,无高端私密会所及管家式物业配套，圈层鱼龙混杂，高净值居住体验差。,要求有超大面宽南向双阳台（观景家政分离），主卧大飘窗能270度直面自然景观。,无需日常通勤，但要求30分钟内快捷通达凤凰机场或高铁站。,周末常去高端商圈消费，热衷打网球和马术，重度手冲咖啡及黑胶唱片发烧友。,名下已有企业股权套现或分红现金，一次性全款付清，基本不加杠杆,非仁恒、绿城、万科等金牌开发商不买，极度看重高端精装质量与顶级物业的增值口碑。,每年11月至次年3月到此度过漫长冬季，极其依赖周边的康养及适老化服务。
三_2011_01194,三亚,2011,度假投资,43,女,6.9,80.2,0.4,150.3,3,1,否,A,research,1,0.43,0.84,0.58,0.52,0.46,0,0.17,0.65,投资-短期,三室一厅,112,7364,知名中医药连锁投资人,三口之家(学龄段),西湖边高精平层,无高端私密会所及管家式物业配套，圈层鱼龙混杂，高净值居住体验差。,要求有超大面宽南向双阳台（观景家政分离），主卧大飘窗能270度直面自然景观。,无需日常通勤，但要求30分钟内快捷通达凤凰机场或高铁站。,周末常去高端商圈消费，热衷打网球和马术，重度手冲咖啡及黑胶唱片发烧友。,名下已有企业股权套现或分红现金，一次性全款付清，基本不加杠杆,重性价比，不盲信大牌，但要求物业管理有序、绿化修剪及时、人防技防规范。,每年11月至次年3月到此度过漫长冬季，极其依赖周边的康养及适老化服务。
三_2011_01195,三亚,2011,本地改善,45,女,2.1,11.3,0.35,24.3,4,1,否,B,agent,0.73,0.52,0.6,0.3,0.45,0.76,0.45,0.61,0.54,自住-改善,两室一厅,72,2066,三甲医院主治医师,三口之家(学龄段),三亚中环品质两居，车位及空间极其拥挤,小区无地下车库且人车不分流，小孩在楼下玩耍或者推婴儿车极为不安全。,讲究超高得房率（超85%），主卧套房必须配备独立步入式衣帽间与干湿分离双卫。,无需日常通勤，但要求30分钟内快捷通达凤凰机场或高铁站。,崇尚度假慢生活，清晨沙滩漫步，午后椰林下午茶，酷爱轻户外及后海冲浪。,名下持有一套旧两居，置换回款 65% + 个人理财储蓄补充 + 公积金商业贷,重性价比，不盲信大牌，但要求物业管理有序、绿化修剪及时、人防技防规范。,本地常住人口，四季生活规律，度假频次为常规年假出行。
三_2011_01196,三亚,2011,外地候鸟-东北,65,女,5.6,28.6,0.5,42.9,1,0,否,C,network,0.52,0.51,0.97,0.78,0.46,0.55,0.07,0.07,0.42,养老,一室一厅,71,3898,哈尔滨高校退休处长,高知退休康养,与父母同住，三代人拥挤在旧区小户型老房中,老小区隔音差，邻里滋扰严重，且车位严重匮乏，每晚加班回来抢车位像打仗。,要求独立电梯入户，主次卧动线分明，配备独立保姆房和私密后院。,无需日常通勤，但要求30分钟内快捷通达凤凰机场或高铁站。,崇尚度假慢生活，清晨沙滩漫步，午后椰林下午茶，酷爱轻户外及后海冲浪。,名下持有一套旧两居，置换回款 65% + 个人理财储蓄补充 + 公积金商业贷,重性价比，不盲信大牌，但要求物业管理有序、绿化修剪及时、人防技防规范。,每年11月至次年3月到此度过漫长冬季，极其依赖周边的康养及适老化服务。
三_2011_01197,三亚,2011,外地候鸟-华北,57,男,2.5,22.0,0.5,33.0,1,0,否,B,network,0.42,0.66,0.97,0.57,0.46,0.49,0.01,0.01,0.54,度假,一室一厅,86,2095,北京三甲医院退休教授,高知退休康养,三亚中环品质两居，车位及空间极其拥挤,老小区隔音差，邻里滋扰严重，且车位严重匮乏，每晚加班回来抢车位像打仗。,要求有超大面宽南向双阳台（观景家政分离），主卧大飘窗能270度直面自然景观。,无需日常通勤，但要求30分钟内快捷通达凤凰机场或高铁站。,崇尚度假慢生活，清晨沙滩漫步，午后椰林下午茶，酷爱轻户外及后海冲浪。,名下持有一套旧两居，置换回款 65% + 个人理财储蓄补充 + 公积金商业贷,重性价比，不盲信大牌，但要求物业管理有序、绿化修剪及时、人防技防规范。,每年11月至次年3月到此度过漫长冬季，极其依赖周边的康养及适老化服务。
三_2011_01198,三亚,2011,度假投资,50,男,3.9,39.4,0.4,73.8,3,1,否,A,research,0.92,0.32,1,0.58,0.53,0.31,0,0,0.74,投资-短期,两室两厅,88,7522,高端海景资产收藏家,三口之家(学龄段),西湖边高精平层,无高端私密会所及管家式物业配套，圈层鱼龙混杂，高净值居住体验差。,要求有超大面宽南向双阳台（观景家政分离），主卧大飘窗能270度直面自然景观。,无需日常通勤，但要求30分钟内快捷通达凤凰机场或高铁站。,周末常去高端商圈消费，热衷打网球和马术，重度手冲咖啡及黑胶唱片发烧友。,名下已有企业股权套现或分红现金，一次性全款付清，基本不加杠杆,非仁恒、绿城、万科等金牌开发商不买，极度看重高端精装质量与顶级物业的增值口碑。,每年11月至次年3月到此度过漫长冬季，极其依赖周边的康养及适老化服务。
三_2011_01199,三亚,2011,本地改善,34,女,2.3,12.3,0.35,26.4,3,1,是,B,agent,0.47,0.57,0.5,0.36,0.49,0.68,0.5,0.79,0.39,自住-改善,两室一厅,81,2226,重点中学高级教师,三口之家(幼龄段),三亚中环品质两居，车位及空间极其拥挤,小区无地下车库且人车不分流，小孩在楼下玩耍或者推婴儿车极为不安全。,核心要求地块属于第一梯队名校学区，且周边500米内解决幼小衔接教育配套。,无需日常通勤，但要求30分钟内快捷通达凤凰机场或高铁站。,崇尚度假慢生活，清晨沙滩漫步，午后椰林下午茶，酷爱轻户外及后海冲浪。,名下持有一套旧两居，置换回款 65% + 个人理财储蓄补充 + 公积金商业贷,重性价比，不盲信大牌，但要求物业管理有序、绿化修剪及时、人防技防规范。,本地常住人口，四季生活规律，度假频次为常规年假出行。
三_2011_01200,三亚,2011,本地改善,32,女,2.5,13.1,0.35,28.1,4,2,否,B,agent,0.37,0.46,0.6,0.59,0.33,0.8,0.61,0.75,0.42,自住-改善,两室两厅,63,3240,三甲医院主治医师,二胎黄金期中大户型,三亚中环品质两居，车位及空间极其拥挤,小区无地下车库且人车不分流，小孩在楼下玩耍或者推婴儿车极为不安全。,讲究超高得房率（超85%），主卧套房必须配备独立步入式衣帽间与干湿分离双卫。,无需日常通勤，但要求30分钟内快捷通达凤凰机场或高铁站。,崇尚度假慢生活，清晨沙滩漫步，午后椰林下午茶，酷爱轻户外及后海冲浪。,名下持有一套旧两居，置换回款 65% + 个人理财储蓄补充 + 公积金商业贷,重性价比，不盲信大牌，但要求物业管理有序、绿化修剪及时、人防技防规范。,本地常住人口，四季生活规律，度假频次为常规年假出行。
三_2011_01201,三亚,2011,度假投资,40,女,5.0,54.5,0.4,102.2,3,2,否,A,research,0.83,0.45,0.84,0.61,0.6,0.57,0.11,0,0.75,度假,一室一厅,79,9332,知名中医药连锁投资人,二胎黄金期中大户型,陆家嘴核心区江景大平层,无高端私密会所及管家式物业配套，圈层鱼龙混杂，高净值居住体验差。,要求有超大面宽南向双阳台（观景家政分离），主卧大飘窗能270度直面自然景观。,无需日常通勤，但要求30分钟内快捷通达凤凰机场或高铁站。,周末常去高端商圈消费，热衷打网球和马术，重度手冲咖啡及黑胶唱片发烧友。,名下已有企业股权套现或分红现金，一次性全款付清，基本不加杠杆,非仁恒、绿城、万科等金牌开发商不买，极度看重高端精装质量与顶级物业的增值口碑。,每年11月至次年3月到此度过漫长冬季，极其依赖周边的康养及适老化服务。
三_2011_01202,三亚,2011,外地候鸟-华北,75,女,3.7,22.8,0.5,34.2,2,0,否,B,network,0.46,0.63,0.93,0.69,0.65,0.46,0,0,0.58,养老,两室一厅,75,3793,北京三甲医院退休教授,高知退休康养,三亚中环品质两居，车位及空间极其拥挤,老小区隔音差，邻里滋扰严重，且车位严重匮乏，每晚加班回来抢车位像打仗。,要求有超大面宽南向双阳台（观景家政分离），主卧大飘窗能270度直面自然景观。,无需日常通勤，但要求30分钟内快捷通达凤凰机场或高铁站。,崇尚度假慢生活，清晨沙滩漫步，午后椰林下午茶，酷爱轻户外及后海冲浪。,名下持有一套旧两居，置换回款 65% + 个人理财储蓄补充 + 公积金商业贷,重性价比，不盲信大牌，但要求物业管理有序、绿化修剪及时、人防技防规范。,每年11月至次年3月到此度过漫长冬季，极其依赖周边的康养及适老化服务。
三_2011_01203,三亚,2011,本地改善,35,男,2.5,17.8,0.35,38.2,4,1,否,B,agent,0.62,0.52,0.65,0.44,0.49,0.75,0.46,0.68,0.54,自住-改善,一室一厅,97,2710,智能新能源车企研发骨干,三口之家(幼龄段),三亚中环品质两居，车位及空间极其拥挤,小区无地下车库且人车不分流，小孩在楼下玩耍或者推婴儿车极为不安全。,讲究超高得房率（超85%），主卧套房必须配备独立步入式衣帽间与干湿分离双卫。,无需日常通勤，但要求30分钟内快捷通达凤凰机场或高铁站。,崇尚度假慢生活，清晨沙滩漫步，午后椰林下午茶，酷爱轻户外及后海冲浪。,名下持有一套旧两居，置换回款 65% + 个人理财储蓄补充 + 公积金商业贷,重性价比，不盲信大牌，但要求物业管理有序、绿化修剪及时、人防技防规范。,本地常住人口，四季生活规律，度假频次为常规年假出行。
三_2011_01204,三亚,2011,本地改善,40,男,2.7,15.7,0.35,33.7,4,1,是,B,agent,0.55,0.44,0.71,0.36,0.41,0.6,0.51,0.75,0.41,自住-改善,一室一厅,70,4154,区级税务局一级主办,三口之家(学龄段),三亚中环品质两居，车位及空间极其拥挤,小区无地下车库且人车不分流，小孩在楼下玩耍或者推婴儿车极为不安全。,要求有超大面宽南向双阳台（观景家政分离），主卧大飘窗能270度直面自然景观。,无需日常通勤，但要求30分钟内快捷通达凤凰机场或高铁站。,崇尚度假慢生活，清晨沙滩漫步，午后椰林下午茶，酷爱轻户外及后海冲浪。,名下持有一套旧两居，置换回款 65% + 个人理财储蓄补充 + 公积金商业贷,重性价比，不盲信大牌，但要求物业管理有序、绿化修剪及时、人防技防规范。,本地常住人口，四季生活规律，度假频次为常规年假出行。
三_2011_01205,三亚,2011,外地候鸟-西北,61,女,6.0,46.7,0.5,70.0,3,0,是,C,network,0.42,0.64,0.75,0.63,0.55,0.45,0.1,0,0.45,度假,两室两厅,88,5008,兰州煤炭物流运输企业主,高知退休康养,与父母同住，三代人拥挤在旧区小户型老房中,当前房屋属于旧多层无电梯房，父母年纪渐高每天爬楼梯极为吃力。,要求有超大面宽南向双阳台（观景家政分离），主卧大飘窗能270度直面自然景观。,无需日常通勤，但要求30分钟内快捷通达凤凰机场或高铁站。,崇尚度假慢生活，清晨沙滩漫步，午后椰林下午茶，酷爱轻户外及后海冲浪。,名下持有一套旧两居，置换回款 65% + 个人理财储蓄补充 + 公积金商业贷,重性价比，不盲信大牌，但要求物业管理有序、绿化修剪及时、人防技防规范。,每年11月至次年3月到此度过漫长冬季，极其依赖周边的康养及适老化服务。
三_2011_01206,三亚,2011,本地改善,47,男,1.8,13.3,0.35,28.5,4,1,是,B,agent,0.7,0.68,0.64,0.47,0.35,0.79,0.44,0.79,0.51,自住-改善,一室一厅,96,2144,智能新能源车企研发骨干,三口之家(学龄段),三亚中环品质两居，车位及空间极其拥挤,小区无地下车库且人车不分流，小孩在楼下玩耍或者推婴儿车极为不安全。,讲究超高得房率（超85%），主卧套房必须配备独立步入式衣帽间与干湿分离双卫。,无需日常通勤，但要求30分钟内快捷通达凤凰机场或高铁站。,崇尚度假慢生活，清晨沙滩漫步，午后椰林下午茶，酷爱轻户外及后海冲浪。,名下持有一套旧两居，置换回款 65% + 个人理财储蓄补充 + 公积金商业贷,重性价比，不盲信大牌，但要求物业管理有序、绿化修剪及时、人防技防规范。,本地常住人口，四季生活规律，度假频次为常规年假出行。
三_2011_01207,三亚,2011,度假投资,49,男,2.7,25.6,0.4,48.0,3,2,否,A,research,0.34,0.48,0.95,0.64,0.53,0.42,0,0.17,0.72,投资-长持,两室一厅,74,4963,知名中医药连锁投资人,二胎黄金期中大户型,西湖边高精平层,无高端私密会所及管家式物业配套，圈层鱼龙混杂，高净值居住体验差。,要求有超大面宽南向双阳台（观景家政分离），主卧大飘窗能270度直面自然景观。,无需日常通勤，但要求30分钟内快捷通达凤凰机场或高铁站。,周末常去高端商圈消费，热衷打网球和马术，重度手冲咖啡及黑胶唱片发烧友。,名下已有企业股权套现或分红现金，一次性全款付清，基本不加杠杆,非仁恒、绿城、万科等金牌开发商不买，极度看重高端精装质量与顶级物业的增值口碑。,每年11月至次年3月到此度过漫长冬季，极其依赖周边的康养及适老化服务。
三_2011_01208,三亚,2011,本地改善,39,男,3.2,24.1,0.35,51.6,4,1,否,B,agent,0.9,0.45,0.66,0.45,0.46,0.69,0.46,0.49,0.53,自住-改善,一室一厅,62,5205,三甲医院主治医师,三口之家(学龄段),三亚中环品质两居，车位及空间极其拥挤,小区无地下车库且人车不分流，小孩在楼下玩耍或者推婴儿车极为不安全。,要求采光通透，全明户型，带多功能嵌入式收纳墙以最大化空间利用。,无需日常通勤，但要求30分钟内快捷通达凤凰机场或高铁站。,崇尚度假慢生活，清晨沙滩漫步，午后椰林下午茶，酷爱轻户外及后海冲浪。,名下持有一套旧两居，置换回款 65% + 个人理财储蓄补充 + 公积金商业贷,重性价比，不盲信大牌，但要求物业管理有序、绿化修剪及时、人防技防规范。,本地常住人口，四季生活规律，度假频次为常规年假出行。
三_2011_01209,三亚,2011,高净值康养,56,男,21.1,230.4,0.6,288.0,3,1,否,A,network,0.65,0.25,0.91,0.98,0.97,0.55,0.04,0,0.8,度假,三室两厅,115,20479,高端海景资产收藏家,三口之家(学龄段),西湖边高精平层,无高端私密会所及管家式物业配套，圈层鱼龙混杂，高净值居住体验差。,要求独立电梯入户，主次卧动线分明，配备独立保姆房和私密后院。,无需日常通勤，但要求30分钟内快捷通达凤凰机场或高铁站。,周末常去高端商圈消费，热衷打网球和马术，重度手冲咖啡及黑胶唱片发烧友。,名下已有企业股权套现或分红现金，一次性全款付清，基本不加杠杆,非仁恒、绿城、万科等金牌开发商不买，极度看重高端精装质量与顶级物业的增值口碑。,本地常住人口，四季生活规律，度假频次为常规年假出行。
三_2011_01210,三亚,2011,本地改善,49,男,3.2,15.3,0.35,32.7,3,1,否,B,agent,0.77,0.57,0.67,0.58,0.38,0.83,0.38,0.75,0.59,自住-改善,两室一厅,98,2926,三甲医院主治医师,三口之家(学龄段),三亚中环品质两居，车位及空间极其拥挤,小区无地下车库且人车不分流，小孩在楼下玩耍或者推婴儿车极为不安全。,讲究超高得房率（超85%），主卧套房必须配备独立步入式衣帽间与干湿分离双卫。,无需日常通勤，但要求30分钟内快捷通达凤凰机场或高铁站。,崇尚度假慢生活，清晨沙滩漫步，午后椰林下午茶，酷爱轻户外及后海冲浪。,名下持有一套旧两居，置换回款 65% + 个人理财储蓄补充 + 公积金商业贷,重性价比，不盲信大牌，但要求物业管理有序、绿化修剪及时、人防技防规范。,本地常住人口，四季生活规律，度假频次为常规年假出行。
三_2011_01211,三亚,2011,外地候鸟-华北,71,男,1.8,13.9,0.5,20.9,2,0,否,B,network,0.69,0.53,0.95,0.69,0.52,0.54,0,0.01,0.54,度假,两室两厅,60,3020,北京三甲医院退休教授,高知退休康养,三亚中环品质两居，车位及空间极其拥挤,老小区隔音差，邻里滋扰严重，且车位严重匮乏，每晚加班回来抢车位像打仗。,要求有超大面宽南向双阳台（观景家政分离），主卧大飘窗能270度直面自然景观。,无需日常通勤，但要求30分钟内快捷通达凤凰机场或高铁站。,崇尚度假慢生活，清晨沙滩漫步，午后椰林下午茶，酷爱轻户外及后海冲浪。,名下持有一套旧两居，置换回款 65% + 个人理财储蓄补充 + 公积金商业贷,重性价比，不盲信大牌，但要求物业管理有序、绿化修剪及时、人防技防规范。,每年11月至次年3月到此度过漫长冬季，极其依赖周边的康养及适老化服务。
三_2011_01212,三亚,2011,度假投资,46,男,11.9,88.0,0.4,165.0,3,2,否,A,research,0.98,0.34,0.83,0.55,0.61,0.4,0,0,0.79,投资-长持,两室两厅,120,9935,上市公司退休联合创始人,二胎黄金期中大户型,陆家嘴核心区江景大平层,无高端私密会所及管家式物业配套，圈层鱼龙混杂，高净值居住体验差。,要求有超大面宽南向双阳台（观景家政分离），主卧大飘窗能270度直面自然景观。,无需日常通勤，但要求30分钟内快捷通达凤凰机场或高铁站。,周末常去高端商圈消费，热衷打网球和马术，重度手冲咖啡及黑胶唱片发烧友。,名下已有企业股权套现或分红现金，一次性全款付清，基本不加杠杆,非仁恒、绿城、万科等金牌开发商不买，极度看重高端精装质量与顶级物业的增值口碑。,每年11月至次年3月到此度过漫长冬季，极其依赖周边的康养及适老化服务。
三_2011_01213,三亚,2011,外地候鸟-华北,68,男,4.2,34.0,0.5,51.1,2,0,否,B,network,0.72,0.57,0.92,0.78,0.49,0.54,0,0.03,0.58,养老,两室一厅,92,4192,央企总部退休总工,高知退休康养,三亚中环品质两居，车位及空间极其拥挤,老小区隔音差，邻里滋扰严重，且车位严重匮乏，每晚加班回来抢车位像打仗。,要求独立电梯入户，主次卧动线分明，配备独立保姆房和私密后院。,无需日常通勤，但要求30分钟内快捷通达凤凰机场或高铁站。,崇尚度假慢生活，清晨沙滩漫步，午后椰林下午茶，酷爱轻户外及后海冲浪。,名下持有一套旧两居，置换回款 65% + 个人理财储蓄补充 + 公积金商业贷,重性价比，不盲信大牌，但要求物业管理有序、绿化修剪及时、人防技防规范。,每年11月至次年3月到此度过漫长冬季，极其依赖周边的康养及适老化服务。
三_2011_01214,三亚,2011,度假投资,47,女,7.2,62.0,0.4,116.2,3,1,否,A,research,0.95,0.53,0.95,0.62,0.55,0.38,0.04,0.11,0.88,投资-短期,两室两厅,83,11787,知名中医药连锁投资人,三口之家(学龄段),西湖边高精平层,无高端私密会所及管家式物业配套，圈层鱼龙混杂，高净值居住体验差。,要求有超大面宽南向双阳台（观景家政分离），主卧大飘窗能270度直面自然景观。,无需日常通勤，但要求30分钟内快捷通达凤凰机场或高铁站。,周末常去高端商圈消费，热衷打网球和马术，重度手冲咖啡及黑胶唱片发烧友。,名下已有企业股权套现或分红现金，一次性全款付清，基本不加杠杆,非仁恒、绿城、万科等金牌开发商不买，极度看重高端精装质量与顶级物业的增值口碑。,每年11月至次年3月到此度过漫长冬季，极其依赖周边的康养及适老化服务。
三_2011_01215,三亚,2011,本地改善,38,女,2.3,14.6,0.35,31.2,4,1,否,B,agent,0.79,0.53,0.52,0.42,0.46,0.71,0.39,0.53,0.43,自住-改善,一室一厅,82,2213,三甲医院主治医师,三口之家(学龄段),三亚中环品质两居，车位及空间极其拥挤,小区无地下车库且人车不分流，小孩在楼下玩耍或者推婴儿车极为不安全。,讲究超高得房率（超85%），主卧套房必须配备独立步入式衣帽间与干湿分离双卫。,无需日常通勤，但要求30分钟内快捷通达凤凰机场或高铁站。,崇尚度假慢生活，清晨沙滩漫步，午后椰林下午茶，酷爱轻户外及后海冲浪。,名下持有一套旧两居，置换回款 65% + 个人理财储蓄补充 + 公积金商业贷,重性价比，不盲信大牌，但要求物业管理有序、绿化修剪及时、人防技防规范。,本地常住人口，四季生活规律，度假频次为常规年假出行。
三_2011_01216,三亚,2011,度假投资,36,男,6.6,50.8,0.4,95.3,3,0,否,A,research,1,0.38,0.79,0.55,0.6,0.21,0.03,0.09,0.9,投资-短期,两室一厅,83,6536,知名中医药连锁投资人,成熟期核心家庭,陆家嘴核心区江景大平层,无高端私密会所及管家式物业配套，圈层鱼龙混杂，高净值居住体验差。,要求有超大面宽南向双阳台（观景家政分离），主卧大飘窗能270度直面自然景观。,无需日常通勤，但要求30分钟内快捷通达凤凰机场或高铁站。,周末常去高端商圈消费，热衷打网球和马术，重度手冲咖啡及黑胶唱片发烧友。,名下已有企业股权套现或分红现金，一次性全款付清，基本不加杠杆,非仁恒、绿城、万科等金牌开发商不买，极度看重高端精装质量与顶级物业的增值口碑。,每年11月至次年3月到此度过漫长冬季，极其依赖周边的康养及适老化服务。
三_2011_01217,三亚,2011,外地候鸟-华北,57,男,4.4,42.2,0.5,63.4,1,0,否,B,network,0.5,0.51,0.86,0.71,0.53,0.56,0.08,0.02,0.53,养老,两室一厅,56,9433,央企总部退休总工,高知退休康养,三亚中环品质两居，车位及空间极其拥挤,老小区隔音差，邻里滋扰严重，且车位严重匮乏，每晚加班回来抢车位像打仗。,要求独立电梯入户，主次卧动线分明，配备独立保姆房和私密后院。,无需日常通勤，但要求30分钟内快捷通达凤凰机场或高铁站。,崇尚度假慢生活，清晨沙滩漫步，午后椰林下午茶，酷爱轻户外及后海冲浪。,名下持有一套旧两居，置换回款 65% + 个人理财储蓄补充 + 公积金商业贷,重性价比，不盲信大牌，但要求物业管理有序、绿化修剪及时、人防技防规范。,每年11月至次年3月到此度过漫长冬季，极其依赖周边的康养及适老化服务。
三_2011_01218,三亚,2011,本地改善,32,女,1.7,10.1,0.35,21.6,4,0,否,B,agent,0.62,0.51,0.84,0.53,0.48,0.79,0.44,0.62,0.4,自住-改善,两室两厅,78,1506,三甲医院主治医师,新婚过渡两居,三亚中环品质两居，车位及空间极其拥挤,老小区隔音差，邻里滋扰严重，且车位严重匮乏，每晚加班回来抢车位像打仗。,要求有超大面宽南向双阳台（观景家政分离），主卧大飘窗能270度直面自然景观。,无需日常通勤，但要求30分钟内快捷通达凤凰机场或高铁站。,崇尚度假慢生活，清晨沙滩漫步，午后椰林下午茶，酷爱轻户外及后海冲浪。,名下持有一套旧两居，置换回款 65% + 个人理财储蓄补充 + 公积金商业贷,重性价比，不盲信大牌，但要求物业管理有序、绿化修剪及时、人防技防规范。,本地常住人口，四季生活规律，度假频次为常规年假出行。
三_2011_01219,三亚,2011,度假投资,44,女,11.1,83.5,0.4,156.6,3,1,否,A,research,0.84,0.52,0.97,0.54,0.57,0.39,0,0.07,0.79,投资-短期,三室一厅,96,10747,高端海景资产收藏家,三口之家(学龄段),西湖边高精平层,无高端私密会所及管家式物业配套，圈层鱼龙混杂，高净值居住体验差。,要求有超大面宽南向双阳台（观景家政分离），主卧大飘窗能270度直面自然景观。,无需日常通勤，但要求30分钟内快捷通达凤凰机场或高铁站。,周末常去高端商圈消费，热衷打网球和马术，重度手冲咖啡及黑胶唱片发烧友。,名下已有企业股权套现或分红现金，一次性全款付清，基本不加杠杆,非仁恒、绿城、万科等金牌开发商不买，极度看重高端精装质量与顶级物业的增值口碑。,每年11月至次年3月到此度过漫长冬季，极其依赖周边的康养及适老化服务。
三_2011_01220,三亚,2011,本地改善,35,男,2.1,16.3,0.35,34.9,3,2,否,B,agent,0.63,0.53,0.69,0.42,0.29,0.63,0.39,0.86,0.36,自住-改善,两室一厅,85,2820,重点中学高级教师,二胎黄金期中大户型,三亚中环品质两居，车位及空间极其拥挤,小区无地下车库且人车不分流，小孩在楼下玩耍或者推婴儿车极为不安全。,核心要求地块属于第一梯队名校学区，且周边500米内解决幼小衔接教育配套。,无需日常通勤，但要求30分钟内快捷通达凤凰机场或高铁站。,崇尚度假慢生活，清晨沙滩漫步，午后椰林下午茶，酷爱轻户外及后海冲浪。,名下持有一套旧两居，置换回款 65% + 个人理财储蓄补充 + 公积金商业贷,重性价比，不盲信大牌，但要求物业管理有序、绿化修剪及时、人防技防规范。,本地常住人口，四季生活规律，度假频次为常规年假出行。
三_2011_01221,三亚,2011,外地候鸟-东北,72,男,3.7,18.8,0.5,28.2,3,0,否,C,network,0.24,0.65,0.97,0.61,0.44,0.42,0,0.17,0.55,养老,两室一厅,78,3103,哈尔滨高校退休处长,高知退休康养,与父母同住，三代人拥挤在旧区小户型老房中,老小区隔音差，邻里滋扰严重，且车位严重匮乏，每晚加班回来抢车位像打仗。,要求有超大面宽南向双阳台（观景家政分离），主卧大飘窗能270度直面自然景观。,无需日常通勤，但要求30分钟内快捷通达凤凰机场或高铁站。,崇尚度假慢生活，清晨沙滩漫步，午后椰林下午茶，酷爱轻户外及后海冲浪。,名下持有一套旧两居，置换回款 65% + 个人理财储蓄补充 + 公积金商业贷,重性价比，不盲信大牌，但要求物业管理有序、绿化修剪及时、人防技防规范。,每年11月至次年3月到此度过漫长冬季，极其依赖周边的康养及适老化服务。
三_2011_01222,三亚,2011,本地改善,36,女,4.4,22.5,0.35,48.2,4,1,否,B,agent,1,0.55,0.57,0.53,0.44,0.76,0.58,0.5,0.59,自住-改善,两室一厅,76,5422,区级税务局一级主办,三口之家(幼龄段),三亚中环品质两居，车位及空间极其拥挤,小区无地下车库且人车不分流，小孩在楼下玩耍或者推婴儿车极为不安全。,讲究超高得房率（超85%），主卧套房必须配备独立步入式衣帽间与干湿分离双卫。,无需日常通勤，但要求30分钟内快捷通达凤凰机场或高铁站。,崇尚度假慢生活，清晨沙滩漫步，午后椰林下午茶，酷爱轻户外及后海冲浪。,名下持有一套旧两居，置换回款 65% + 个人理财储蓄补充 + 公积金商业贷,重性价比，不盲信大牌，但要求物业管理有序、绿化修剪及时、人防技防规范。,本地常住人口，四季生活规律，度假频次为常规年假出行。
三_2011_01223,三亚,2011,度假投资,42,男,5.7,45.0,0.4,84.4,3,1,否,A,research,1,0.49,0.95,0.43,0.66,0.42,0,0.05,0.75,度假,一室一厅,76,5771,高端海景资产收藏家,三口之家(学龄段),陆家嘴核心区江景大平层,无高端私密会所及管家式物业配套，圈层鱼龙混杂，高净值居住体验差。,要求有超大面宽南向双阳台（观景家政分离），主卧大飘窗能270度直面自然景观。,无需日常通勤，但要求30分钟内快捷通达凤凰机场或高铁站。,周末常去高端商圈消费，热衷打网球和马术，重度手冲咖啡及黑胶唱片发烧友。,名下已有企业股权套现或分红现金，一次性全款付清，基本不加杠杆,非仁恒、绿城、万科等金牌开发商不买，极度看重高端精装质量与顶级物业的增值口碑。,每年11月至次年3月到此度过漫长冬季，极其依赖周边的康养及适老化服务。
三_2011_01224,三亚,2011,度假投资,38,男,11.2,102.1,0.4,191.4,3,1,否,A,research,0.56,0.34,0.77,0.7,0.58,0.56,0,0,0.72,度假,三室一厅,112,13843,上市公司退休联合创始人,三口之家(学龄段),陆家嘴核心区江景大平层,无高端私密会所及管家式物业配套，圈层鱼龙混杂，高净值居住体验差。,要求有超大面宽南向双阳台（观景家政分离），主卧大飘窗能270度直面自然景观。,无需日常通勤，但要求30分钟内快捷通达凤凰机场或高铁站。,周末常去高端商圈消费，热衷打网球和马术，重度手冲咖啡及黑胶唱片发烧友。,名下已有企业股权套现或分红现金，一次性全款付清，基本不加杠杆,非仁恒、绿城、万科等金牌开发商不买，极度看重高端精装质量与顶级物业的增值口碑。,每年11月至次年3月到此度过漫长冬季，极其依赖周边的康养及适老化服务。
三_2011_01225,三亚,2011,本地改善,50,女,1.9,10.1,0.35,21.7,5,1,是,B,agent,0.96,0.5,0.54,0.45,0.43,0.69,0.58,0.66,0.51,自住-改善,一室一厅,75,1609,智能新能源车企研发骨干,三口之家(学龄段),三亚中环品质两居，车位及空间极其拥挤,小区无地下车库且人车不分流，小孩在楼下玩耍或者推婴儿车极为不安全。,要求采光通透，全明户型，带多功能嵌入式收纳墙以最大化空间利用。,无需日常通勤，但要求30分钟内快捷通达凤凰机场或高铁站。,崇尚度假慢生活，清晨沙滩漫步，午后椰林下午茶，酷爱轻户外及后海冲浪。,名下持有一套旧两居，置换回款 65% + 个人理财储蓄补充 + 公积金商业贷,重性价比，不盲信大牌，但要求物业管理有序、绿化修剪及时、人防技防规范。,本地常住人口，四季生活规律，度假频次为常规年假出行。
三_2011_01226,三亚,2011,外地候鸟-华北,63,男,3.7,25.0,0.5,37.4,2,0,否,B,network,0.51,0.41,0.99,0.66,0.62,0.52,0,0.11,0.55,养老,两室一厅,79,2534,央企总部退休总工,高知退休康养,三亚中环品质两居，车位及空间极其拥挤,老小区隔音差，邻里滋扰严重，且车位严重匮乏，每晚加班回来抢车位像打仗。,要求有超大面宽南向双阳台（观景家政分离），主卧大飘窗能270度直面自然景观。,无需日常通勤，但要求30分钟内快捷通达凤凰机场或高铁站。,崇尚度假慢生活，清晨沙滩漫步，午后椰林下午茶，酷爱轻户外及后海冲浪。,名下持有一套旧两居，置换回款 65% + 个人理财储蓄补充 + 公积金商业贷,重性价比，不盲信大牌，但要求物业管理有序、绿化修剪及时、人防技防规范。,每年11月至次年3月到此度过漫长冬季，极其依赖周边的康养及适老化服务。
三_2011_01227,三亚,2011,外地候鸟-东北,75,男,2.7,18.9,0.5,28.3,2,0,否,C,network,0.1,0.61,1,0.62,0.58,0.56,0,0.01,0.55,度假,一室一厅,74,3358,哈尔滨私营物流老板,高知退休康养,与父母同住，三代人拥挤在旧区小户型老房中,老小区隔音差，邻里滋扰严重，且车位严重匮乏，每晚加班回来抢车位像打仗。,要求有超大面宽南向双阳台（观景家政分离），主卧大飘窗能270度直面自然景观。,无需日常通勤，但要求30分钟内快捷通达凤凰机场或高铁站。,崇尚度假慢生活，清晨沙滩漫步，午后椰林下午茶，酷爱轻户外及后海冲浪。,名下持有一套旧两居，置换回款 65% + 个人理财储蓄补充 + 公积金商业贷,重性价比，不盲信大牌，但要求物业管理有序、绿化修剪及时、人防技防规范。,每年11月至次年3月到此度过漫长冬季，极其依赖周边的康养及适老化服务。
三_2011_01228,三亚,2011,外地候鸟-华北,60,男,5.8,52.5,0.5,78.7,3,0,否,B,network,0.29,0.7,1,0.64,0.53,0.49,0,0.09,0.46,养老,两室两厅,91,7468,北京三甲医院退休教授,高知退休康养,三亚中环品质两居，车位及空间极其拥挤,老小区隔音差，邻里滋扰严重，且车位严重匮乏，每晚加班回来抢车位像打仗。,要求有超大面宽南向双阳台（观景家政分离），主卧大飘窗能270度直面自然景观。,无需日常通勤，但要求30分钟内快捷通达凤凰机场或高铁站。,崇尚度假慢生活，清晨沙滩漫步，午后椰林下午茶，酷爱轻户外及后海冲浪。,名下持有一套旧两居，置换回款 65% + 个人理财储蓄补充 + 公积金商业贷,重性价比，不盲信大牌，但要求物业管理有序、绿化修剪及时、人防技防规范。,每年11月至次年3月到此度过漫长冬季，极其依赖周边的康养及适老化服务。
三_2011_01229,三亚,2011,本地改善,40,女,1.3,6.9,0.35,14.7,4,1,是,B,agent,0.64,0.59,0.52,0.39,0.41,0.7,0.37,0.68,0.44,自住-改善,两室一厅,99,948,区级税务局一级主办,三口之家(学龄段),三亚中环品质两居，车位及空间极其拥挤,小区无地下车库且人车不分流，小孩在楼下玩耍或者推婴儿车极为不安全。,讲究超高得房率（超85%），主卧套房必须配备独立步入式衣帽间与干湿分离双卫。,无需日常通勤，但要求30分钟内快捷通达凤凰机场或高铁站。,崇尚度假慢生活，清晨沙滩漫步，午后椰林下午茶，酷爱轻户外及后海冲浪。,名下持有一套旧两居，置换回款 65% + 个人理财储蓄补充 + 公积金商业贷,重性价比，不盲信大牌，但要求物业管理有序、绿化修剪及时、人防技防规范。,本地常住人口，四季生活规律，度假频次为常规年假出行。
三_2011_01230,三亚,2011,本地改善,35,男,3.1,20.3,0.35,43.5,4,2,否,B,agent,0.82,0.51,0.64,0.52,0.57,0.72,0.51,0.74,0.39,自住-改善,两室两厅,95,3174,重点中学高级教师,二胎黄金期中大户型,三亚中环品质两居，车位及空间极其拥挤,小区无地下车库且人车不分流，小孩在楼下玩耍或者推婴儿车极为不安全。,讲究超高得房率（超85%），主卧套房必须配备独立步入式衣帽间与干湿分离双卫。,无需日常通勤，但要求30分钟内快捷通达凤凰机场或高铁站。,崇尚度假慢生活，清晨沙滩漫步，午后椰林下午茶，酷爱轻户外及后海冲浪。,名下持有一套旧两居，置换回款 65% + 个人理财储蓄补充 + 公积金商业贷,重性价比，不盲信大牌，但要求物业管理有序、绿化修剪及时、人防技防规范。,本地常住人口，四季生活规律，度假频次为常规年假出行。
三_2011_01231,三亚,2011,本地改善,37,男,2.2,15.5,0.35,33.2,4,1,是,B,agent,0.79,0.59,0.68,0.45,0.42,0.64,0.53,0.78,0.49,自住-改善,一室一厅,75,2278,国企中层管理,三口之家(幼龄段),三亚中环品质两居，车位及空间极其拥挤,小区无地下车库且人车不分流，小孩在楼下玩耍或者推婴儿车极为不安全。,核心要求地块属于第一梯队名校学区，且周边500米内解决幼小衔接教育配套。,无需日常通勤，但要求30分钟内快捷通达凤凰机场或高铁站。,崇尚度假慢生活，清晨沙滩漫步，午后椰林下午茶，酷爱轻户外及后海冲浪。,名下持有一套旧两居，置换回款 65% + 个人理财储蓄补充 + 公积金商业贷,重性价比，不盲信大牌，但要求物业管理有序、绿化修剪及时、人防技防规范。,本地常住人口，四季生活规律，度假频次为常规年假出行。
三_2011_01232,三亚,2011,外地候鸟-西北,58,男,1.9,13.4,0.5,20.0,2,0,否,C,network,0.27,0.66,0.94,0.71,0.44,0.5,0,0,0.45,度假,两室一厅,84,2082,西安设计院退休总建筑师,高知退休康养,与父母同住，三代人拥挤在旧区小户型老房中,老小区隔音差，邻里滋扰严重，且车位严重匮乏，每晚加班回来抢车位像打仗。,要求独立电梯入户，主次卧动线分明，配备独立保姆房和私密后院。,无需日常通勤，但要求30分钟内快捷通达凤凰机场或高铁站。,崇尚度假慢生活，清晨沙滩漫步，午后椰林下午茶，酷爱轻户外及后海冲浪。,名下持有一套旧两居，置换回款 65% + 个人理财储蓄补充 + 公积金商业贷,重性价比，不盲信大牌，但要求物业管理有序、绿化修剪及时、人防技防规范。,每年11月至次年3月到此度过漫长冬季，极其依赖周边的康养及适老化服务。
三_2011_01233,三亚,2011,度假投资,46,女,6.4,56.6,0.4,106.2,4,1,否,A,research,1,0.31,0.96,0.53,0.59,0.5,0.03,0,0.77,度假,两室一厅,74,8992,高端海景资产收藏家,三口之家(学龄段),西湖边高精平层,无高端私密会所及管家式物业配套，圈层鱼龙混杂，高净值居住体验差。,要求有超大面宽南向双阳台（观景家政分离），主卧大飘窗能270度直面自然景观。,无需日常通勤，但要求30分钟内快捷通达凤凰机场或高铁站。,周末常去高端商圈消费，热衷打网球和马术，重度手冲咖啡及黑胶唱片发烧友。,名下已有企业股权套现或分红现金，一次性全款付清，基本不加杠杆,非仁恒、绿城、万科等金牌开发商不买，极度看重高端精装质量与顶级物业的增值口碑。,每年11月至次年3月到此度过漫长冬季，极其依赖周边的康养及适老化服务。
三_2011_01234,三亚,2011,本地改善,36,男,2.9,17.6,0.35,37.7,5,1,否,B,agent,0.78,0.65,0.6,0.29,0.39,0.79,0.31,0.71,0.44,自住-改善,两室一厅,65,4934,智能新能源车企研发骨干,三口之家(幼龄段),三亚中环品质两居，车位及空间极其拥挤,小区无地下车库且人车不分流，小孩在楼下玩耍或者推婴儿车极为不安全。,讲究超高得房率（超85%），主卧套房必须配备独立步入式衣帽间与干湿分离双卫。,无需日常通勤，但要求30分钟内快捷通达凤凰机场或高铁站。,崇尚度假慢生活，清晨沙滩漫步，午后椰林下午茶，酷爱轻户外及后海冲浪。,名下持有一套旧两居，置换回款 65% + 个人理财储蓄补充 + 公积金商业贷,重性价比，不盲信大牌，但要求物业管理有序、绿化修剪及时、人防技防规范。,本地常住人口，四季生活规律，度假频次为常规年假出行。
三_2011_01235,三亚,2011,度假投资,42,男,5.1,51.7,0.4,97.0,3,1,否,A,research,0.71,0.4,0.8,0.51,0.53,0.53,0.13,0.05,0.74,度假,两室一厅,74,10344,知名中医药连锁投资人,三口之家(学龄段),西湖边高精平层,无高端私密会所及管家式物业配套，圈层鱼龙混杂，高净值居住体验差。,要求有超大面宽南向双阳台（观景家政分离），主卧大飘窗能270度直面自然景观。,无需日常通勤，但要求30分钟内快捷通达凤凰机场或高铁站。,周末常去高端商圈消费，热衷打网球和马术，重度手冲咖啡及黑胶唱片发烧友。,名下已有企业股权套现或分红现金，一次性全款付清，基本不加杠杆,非仁恒、绿城、万科等金牌开发商不买，极度看重高端精装质量与顶级物业的增值口碑。,每年11月至次年3月到此度过漫长冬季，极其依赖周边的康养及适老化服务。
三_2011_01236,三亚,2011,本地改善,32,男,2.6,12.2,0.35,26.1,4,1,否,B,agent,0.79,0.46,0.67,0.42,0.42,0.83,0.37,0.58,0.3,自住-改善,一室一厅,78,2743,国企中层管理,三口之家(幼龄段),三亚中环品质两居，车位及空间极其拥挤,小区无地下车库且人车不分流，小孩在楼下玩耍或者推婴儿车极为不安全。,讲究超高得房率（超85%），主卧套房必须配备独立步入式衣帽间与干湿分离双卫。,无需日常通勤，但要求30分钟内快捷通达凤凰机场或高铁站。,崇尚度假慢生活，清晨沙滩漫步，午后椰林下午茶，酷爱轻户外及后海冲浪。,名下持有一套旧两居，置换回款 65% + 个人理财储蓄补充 + 公积金商业贷,重性价比，不盲信大牌，但要求物业管理有序、绿化修剪及时、人防技防规范。,本地常住人口，四季生活规律，度假频次为常规年假出行。
三_2011_01237,三亚,2011,度假投资,36,男,8.9,112.7,0.4,211.2,3,1,否,A,research,0.88,0.37,0.96,0.41,0.55,0.5,0,0.04,0.73,投资-长持,两室两厅,94,11894,高端海景资产收藏家,三口之家(幼龄段),市中心私密洋房住宅,无高端私密会所及管家式物业配套，圈层鱼龙混杂，高净值居住体验差。,要求有超大面宽南向双阳台（观景家政分离），主卧大飘窗能270度直面自然景观。,无需日常通勤，但要求30分钟内快捷通达凤凰机场或高铁站。,周末常去高端商圈消费，热衷打网球和马术，重度手冲咖啡及黑胶唱片发烧友。,名下已有企业股权套现或分红现金，一次性全款付清，基本不加杠杆,非仁恒、绿城、万科等金牌开发商不买，极度看重高端精装质量与顶级物业的增值口碑。,每年11月至次年3月到此度过漫长冬季，极其依赖周边的康养及适老化服务。
三_2011_01238,三亚,2011,本地改善,40,男,2.1,9.5,0.35,20.4,4,1,否,B,agent,0.78,0.46,0.65,0.47,0.51,0.9,0.52,0.69,0.46,自住-改善,两室两厅,65,1914,重点中学高级教师,三口之家(学龄段),三亚中环品质两居，车位及空间极其拥挤,小区无地下车库且人车不分流，小孩在楼下玩耍或者推婴儿车极为不安全。,讲究超高得房率（超85%），主卧套房必须配备独立步入式衣帽间与干湿分离双卫。,无需日常通勤，但要求30分钟内快捷通达凤凰机场或高铁站。,崇尚度假慢生活，清晨沙滩漫步，午后椰林下午茶，酷爱轻户外及后海冲浪。,名下持有一套旧两居，置换回款 65% + 个人理财储蓄补充 + 公积金商业贷,重性价比，不盲信大牌，但要求物业管理有序、绿化修剪及时、人防技防规范。,本地常住人口，四季生活规律，度假频次为常规年假出行。
三_2011_01239,三亚,2011,外地候鸟-华北,72,男,4.2,25.3,0.5,37.9,1,0,否,B,network,0.6,0.59,0.86,0.65,0.54,0.48,0,0.06,0.61,养老,一室一厅,55,4288,高校资深硕导,高知退休康养,三亚中环品质两居，车位及空间极其拥挤,老小区隔音差，邻里滋扰严重，且车位严重匮乏，每晚加班回来抢车位像打仗。,要求有超大面宽南向双阳台（观景家政分离），主卧大飘窗能270度直面自然景观。,无需日常通勤，但要求30分钟内快捷通达凤凰机场或高铁站。,崇尚度假慢生活，清晨沙滩漫步，午后椰林下午茶，酷爱轻户外及后海冲浪。,名下持有一套旧两居，置换回款 65% + 个人理财储蓄补充 + 公积金商业贷,重性价比，不盲信大牌，但要求物业管理有序、绿化修剪及时、人防技防规范。,每年11月至次年3月到此度过漫长冬季，极其依赖周边的康养及适老化服务。
三_2011_01240,三亚,2011,外地候鸟-华北,64,男,2.5,24.9,0.5,37.4,2,0,否,B,network,0.52,0.63,0.96,0.75,0.62,0.35,0,0.02,0.61,度假,一室一厅,90,2853,高校资深硕导,高知退休康养,三亚中环品质两居，车位及空间极其拥挤,老小区隔音差，邻里滋扰严重，且车位严重匮乏，每晚加班回来抢车位像打仗。,要求独立电梯入户，主次卧动线分明，配备独立保姆房和私密后院。,无需日常通勤，但要求30分钟内快捷通达凤凰机场或高铁站。,崇尚度假慢生活，清晨沙滩漫步，午后椰林下午茶，酷爱轻户外及后海冲浪。,名下持有一套旧两居，置换回款 65% + 个人理财储蓄补充 + 公积金商业贷,重性价比，不盲信大牌，但要求物业管理有序、绿化修剪及时、人防技防规范。,每年11月至次年3月到此度过漫长冬季，极其依赖周边的康养及适老化服务。
三_2011_01241,三亚,2011,本地改善,43,男,3.2,23.7,0.35,50.8,5,1,否,B,agent,0.58,0.55,0.73,0.46,0.44,0.88,0.39,0.82,0.59,自住-改善,两室一厅,54,7512,区级税务局一级主办,三口之家(学龄段),三亚中环品质两居，车位及空间极其拥挤,小区无地下车库且人车不分流，小孩在楼下玩耍或者推婴儿车极为不安全。,要求有超大面宽南向双阳台（观景家政分离），主卧大飘窗能270度直面自然景观。,无需日常通勤，但要求30分钟内快捷通达凤凰机场或高铁站。,崇尚度假慢生活，清晨沙滩漫步，午后椰林下午茶，酷爱轻户外及后海冲浪。,名下持有一套旧两居，置换回款 65% + 个人理财储蓄补充 + 公积金商业贷,重性价比，不盲信大牌，但要求物业管理有序、绿化修剪及时、人防技防规范。,本地常住人口，四季生活规律，度假频次为常规年假出行。
三_2011_01242,三亚,2011,本地改善,41,女,2.1,12.1,0.35,25.9,5,1,是,B,agent,0.99,0.53,0.64,0.5,0.59,0.68,0.53,0.65,0.44,自住-改善,一室一厅,57,3649,区级税务局一级主办,三口之家(学龄段),三亚中环品质两居，车位及空间极其拥挤,小区无地下车库且人车不分流，小孩在楼下玩耍或者推婴儿车极为不安全。,要求采光通透，全明户型，带多功能嵌入式收纳墙以最大化空间利用。,无需日常通勤，但要求30分钟内快捷通达凤凰机场或高铁站。,崇尚度假慢生活，清晨沙滩漫步，午后椰林下午茶，酷爱轻户外及后海冲浪。,名下持有一套旧两居，置换回款 65% + 个人理财储蓄补充 + 公积金商业贷,重性价比，不盲信大牌，但要求物业管理有序、绿化修剪及时、人防技防规范。,本地常住人口，四季生活规律，度假频次为常规年假出行。
三_2011_01243,三亚,2011,度假投资,47,女,8.2,77.6,0.4,145.5,3,1,否,A,research,0.86,0.51,0.79,0.79,0.57,0.55,0,0.06,0.71,投资-长持,两室一厅,83,13680,知名中医药连锁投资人,三口之家(学龄段),市中心私密洋房住宅,无高端私密会所及管家式物业配套，圈层鱼龙混杂，高净值居住体验差。,要求独立电梯入户，主次卧动线分明，配备独立保姆房和私密后院。,无需日常通勤，但要求30分钟内快捷通达凤凰机场或高铁站。,周末常去高端商圈消费，热衷打网球和马术，重度手冲咖啡及黑胶唱片发烧友。,名下已有企业股权套现或分红现金，一次性全款付清，基本不加杠杆,非仁恒、绿城、万科等金牌开发商不买，极度看重高端精装质量与顶级物业的增值口碑。,每年11月至次年3月到此度过漫长冬季，极其依赖周边的康养及适老化服务。
三_2011_01244,三亚,2011,外地候鸟-华北,56,男,3.4,25.1,0.5,37.6,1,0,否,B,network,0.43,0.53,0.89,0.59,0.59,0.49,0.12,0,0.41,度假,一室一厅,55,3715,高校资深硕导,高知退休康养,三亚中环品质两居，车位及空间极其拥挤,老小区隔音差，邻里滋扰严重，且车位严重匮乏，每晚加班回来抢车位像打仗。,要求有超大面宽南向双阳台（观景家政分离），主卧大飘窗能270度直面自然景观。,无需日常通勤，但要求30分钟内快捷通达凤凰机场或高铁站。,崇尚度假慢生活，清晨沙滩漫步，午后椰林下午茶，酷爱轻户外及后海冲浪。,名下持有一套旧两居，置换回款 65% + 个人理财储蓄补充 + 公积金商业贷,重性价比，不盲信大牌，但要求物业管理有序、绿化修剪及时、人防技防规范。,每年11月至次年3月到此度过漫长冬季，极其依赖周边的康养及适老化服务。
三_2011_01245,三亚,2011,外地候鸟-华北,70,男,6.3,46.9,0.5,70.3,2,0,否,B,network,0.84,0.55,1,0.59,0.57,0.59,0,0.03,0.58,养老,两室一厅,92,4489,高校资深硕导,高知退休康养,三亚中环品质两居，车位及空间极其拥挤,老小区隔音差，邻里滋扰严重，且车位严重匮乏，每晚加班回来抢车位像打仗。,要求有超大面宽南向双阳台（观景家政分离），主卧大飘窗能270度直面自然景观。,无需日常通勤，但要求30分钟内快捷通达凤凰机场或高铁站。,崇尚度假慢生活，清晨沙滩漫步，午后椰林下午茶，酷爱轻户外及后海冲浪。,名下持有一套旧两居，置换回款 65% + 个人理财储蓄补充 + 公积金商业贷,重性价比，不盲信大牌，但要求物业管理有序、绿化修剪及时、人防技防规范。,每年11月至次年3月到此度过漫长冬季，极其依赖周边的康养及适老化服务。
三_2011_01246,三亚,2011,外地候鸟-东北,65,男,2.7,23.5,0.5,35.3,2,0,否,C,network,0.42,0.55,1,0.74,0.39,0.51,0,0.04,0.45,度假,两室两厅,93,2457,哈尔滨高校退休处长,高知退休康养,与父母同住，三代人拥挤在旧区小户型老房中,老小区隔音差，邻里滋扰严重，且车位严重匮乏，每晚加班回来抢车位像打仗。,要求独立电梯入户，主次卧动线分明，配备独立保姆房和私密后院。,无需日常通勤，但要求30分钟内快捷通达凤凰机场或高铁站。,崇尚度假慢生活，清晨沙滩漫步，午后椰林下午茶，酷爱轻户外及后海冲浪。,名下持有一套旧两居，置换回款 65% + 个人理财储蓄补充 + 公积金商业贷,重性价比，不盲信大牌，但要求物业管理有序、绿化修剪及时、人防技防规范。,每年11月至次年3月到此度过漫长冬季，极其依赖周边的康养及适老化服务。
三_2011_01247,三亚,2011,外地候鸟-东北,67,女,1.6,8.3,0.5,12.5,2,0,是,C,network,0.48,0.42,1,0.7,0.53,0.48,0,0,0.42,度假,两室一厅,91,880,沈阳大型重工企业退休副厂长,高知退休康养,与父母同住，三代人拥挤在旧区小户型老房中,当前房屋属于旧多层无电梯房，父母年纪渐高每天爬楼梯极为吃力。,要求独立电梯入户，主次卧动线分明，配备独立保姆房和私密后院。,无需日常通勤，但要求30分钟内快捷通达凤凰机场或高铁站。,崇尚度假慢生活，清晨沙滩漫步，午后椰林下午茶，酷爱轻户外及后海冲浪。,名下持有一套旧两居，置换回款 65% + 个人理财储蓄补充 + 公积金商业贷,重性价比，不盲信大牌，但要求物业管理有序、绿化修剪及时、人防技防规范。,每年11月至次年3月到此度过漫长冬季，极其依赖周边的康养及适老化服务。
三_2011_01248,三亚,2011,本地改善,39,女,2.6,19.9,0.35,42.6,3,1,是,B,agent,0.65,0.66,0.62,0.4,0.33,0.77,0.53,0.6,0.54,自住-改善,两室两厅,52,4236,区级税务局一级主办,三口之家(学龄段),三亚中环品质两居，车位及空间极其拥挤,小区无地下车库且人车不分流，小孩在楼下玩耍或者推婴儿车极为不安全。,讲究超高得房率（超85%），主卧套房必须配备独立步入式衣帽间与干湿分离双卫。,无需日常通勤，但要求30分钟内快捷通达凤凰机场或高铁站。,崇尚度假慢生活，清晨沙滩漫步，午后椰林下午茶，酷爱轻户外及后海冲浪。,名下持有一套旧两居，置换回款 65% + 个人理财储蓄补充 + 公积金商业贷,重性价比，不盲信大牌，但要求物业管理有序、绿化修剪及时、人防技防规范。,本地常住人口，四季生活规律，度假频次为常规年假出行。
三_2011_01249,三亚,2011,度假投资,40,男,7.8,92.3,0.4,173.0,3,1,否,A,research,0.68,0.4,0.86,0.74,0.5,0.39,0,0,0.67,投资-短期,三室一厅,137,10102,上市公司退休联合创始人,三口之家(学龄段),西湖边高精平层,无高端私密会所及管家式物业配套，圈层鱼龙混杂，高净值居住体验差。,要求独立电梯入户，主次卧动线分明，配备独立保姆房和私密后院。,无需日常通勤，但要求30分钟内快捷通达凤凰机场或高铁站。,周末常去高端商圈消费，热衷打网球和马术，重度手冲咖啡及黑胶唱片发烧友。,名下已有企业股权套现或分红现金，一次性全款付清，基本不加杠杆,重性价比，不盲信大牌，但要求物业管理有序、绿化修剪及时、人防技防规范。,每年11月至次年3月到此度过漫长冬季，极其依赖周边的康养及适老化服务。
三_2011_01250,三亚,2011,度假投资,49,女,7.4,82.4,0.4,154.5,3,0,否,A,research,1,0.38,0.76,0.71,0.55,0.38,0,0.1,0.79,投资-短期,三室一厅,113,9627,上市公司退休联合创始人,成熟期核心家庭,陆家嘴核心区江景大平层,无高端私密会所及管家式物业配套，圈层鱼龙混杂，高净值居住体验差。,要求独立电梯入户，主次卧动线分明，配备独立保姆房和私密后院。,无需日常通勤，但要求30分钟内快捷通达凤凰机场或高铁站。,周末常去高端商圈消费，热衷打网球和马术，重度手冲咖啡及黑胶唱片发烧友。,名下已有企业股权套现或分红现金，一次性全款付清，基本不加杠杆,非仁恒、绿城、万科等金牌开发商不买，极度看重高端精装质量与顶级物业的增值口碑。,每年11月至次年3月到此度过漫长冬季，极其依赖周边的康养及适老化服务。
三_2011_01251,三亚,2011,本地改善,41,女,3.1,18.5,0.35,39.7,5,1,是,B,agent,0.92,0.68,0.58,0.36,0.32,0.75,0.43,0.71,0.31,自住-改善,一室一厅,100,2792,重点中学高级教师,三口之家(学龄段),三亚中环品质两居，车位及空间极其拥挤,小区无地下车库且人车不分流，小孩在楼下玩耍或者推婴儿车极为不安全。,讲究超高得房率（超85%），主卧套房必须配备独立步入式衣帽间与干湿分离双卫。,无需日常通勤，但要求30分钟内快捷通达凤凰机场或高铁站。,崇尚度假慢生活，清晨沙滩漫步，午后椰林下午茶，酷爱轻户外及后海冲浪。,名下持有一套旧两居，置换回款 65% + 个人理财储蓄补充 + 公积金商业贷,重性价比，不盲信大牌，但要求物业管理有序、绿化修剪及时、人防技防规范。,本地常住人口，四季生活规律，度假频次为常规年假出行。
三_2011_01252,三亚,2011,外地候鸟-华北,57,男,4.9,47.3,0.5,71.0,2,0,否,B,network,0.57,0.54,0.99,0.61,0.62,0.6,0.09,0,0.61,度假,两室两厅,93,5846,北京三甲医院退休教授,高知退休康养,三亚中环品质两居，车位及空间极其拥挤,老小区隔音差，邻里滋扰严重，且车位严重匮乏，每晚加班回来抢车位像打仗。,要求有超大面宽南向双阳台（观景家政分离），主卧大飘窗能270度直面自然景观。,无需日常通勤，但要求30分钟内快捷通达凤凰机场或高铁站。,崇尚度假慢生活，清晨沙滩漫步，午后椰林下午茶，酷爱轻户外及后海冲浪。,名下持有一套旧两居，置换回款 65% + 个人理财储蓄补充 + 公积金商业贷,重性价比，不盲信大牌，但要求物业管理有序、绿化修剪及时、人防技防规范。,每年11月至次年3月到此度过漫长冬季，极其依赖周边的康养及适老化服务。
三_2011_01253,三亚,2011,外地候鸟-华北,67,女,4.8,36.1,0.5,54.1,3,0,是,B,network,0.51,0.61,1,0.8,0.63,0.58,0.06,0,0.4,养老,一室一厅,50,7470,北京三甲医院退休教授,高知退休康养,三亚中环品质两居，车位及空间极其拥挤,当前房屋属于旧多层无电梯房，父母年纪渐高每天爬楼梯极为吃力。,要求独立电梯入户，主次卧动线分明，配备独立保姆房和私密后院。,无需日常通勤，但要求30分钟内快捷通达凤凰机场或高铁站。,崇尚度假慢生活，清晨沙滩漫步，午后椰林下午茶，酷爱轻户外及后海冲浪。,名下持有一套旧两居，置换回款 65% + 个人理财储蓄补充 + 公积金商业贷,重性价比，不盲信大牌，但要求物业管理有序、绿化修剪及时、人防技防规范。,每年11月至次年3月到此度过漫长冬季，极其依赖周边的康养及适老化服务。
三_2011_01254,三亚,2011,外地候鸟-华北,61,女,2.5,14.7,0.5,22.0,1,1,是,B,network,0.61,0.58,0.93,0.68,0.57,0.36,0,0.02,0.41,养老,一室一厅,56,2050,北京三甲医院退休教授,三口之家(学龄段),三亚中环品质两居，车位及空间极其拥挤,小区无地下车库且人车不分流，小孩在楼下玩耍或者推婴儿车极为不安全。,要求有超大面宽南向双阳台（观景家政分离），主卧大飘窗能270度直面自然景观。,无需日常通勤，但要求30分钟内快捷通达凤凰机场或高铁站。,崇尚度假慢生活，清晨沙滩漫步，午后椰林下午茶，酷爱轻户外及后海冲浪。,名下持有一套旧两居，置换回款 65% + 个人理财储蓄补充 + 公积金商业贷,重性价比，不盲信大牌，但要求物业管理有序、绿化修剪及时、人防技防规范。,每年11月至次年3月到此度过漫长冬季，极其依赖周边的康养及适老化服务。
三_2011_01255,三亚,2011,本地改善,40,女,1.4,9.3,0.35,19.9,4,1,否,B,agent,0.73,0.55,0.58,0.62,0.34,0.81,0.45,0.69,0.51,自住-改善,一室一厅,84,1992,三甲医院主治医师,三口之家(学龄段),三亚中环品质两居，车位及空间极其拥挤,小区无地下车库且人车不分流，小孩在楼下玩耍或者推婴儿车极为不安全。,讲究超高得房率（超85%），主卧套房必须配备独立步入式衣帽间与干湿分离双卫。,无需日常通勤，但要求30分钟内快捷通达凤凰机场或高铁站。,崇尚度假慢生活，清晨沙滩漫步，午后椰林下午茶，酷爱轻户外及后海冲浪。,名下持有一套旧两居，置换回款 65% + 个人理财储蓄补充 + 公积金商业贷,重性价比，不盲信大牌，但要求物业管理有序、绿化修剪及时、人防技防规范。,本地常住人口，四季生活规律，度假频次为常规年假出行。
三_2011_01256,三亚,2011,外地候鸟-华北,71,男,3.3,22.2,0.5,33.3,2,0,否,B,network,0.42,0.58,1,0.76,0.68,0.39,0,0,0.62,养老,两室一厅,68,3348,高校资深硕导,高知退休康养,三亚中环品质两居，车位及空间极其拥挤,老小区隔音差，邻里滋扰严重，且车位严重匮乏，每晚加班回来抢车位像打仗。,要求独立电梯入户，主次卧动线分明，配备独立保姆房和私密后院。,无需日常通勤，但要求30分钟内快捷通达凤凰机场或高铁站。,崇尚度假慢生活，清晨沙滩漫步，午后椰林下午茶，酷爱轻户外及后海冲浪。,名下持有一套旧两居，置换回款 65% + 个人理财储蓄补充 + 公积金商业贷,重性价比，不盲信大牌，但要求物业管理有序、绿化修剪及时、人防技防规范。,每年11月至次年3月到此度过漫长冬季，极其依赖周边的康养及适老化服务。
三_2011_01257,三亚,2011,本地改善,48,女,1.6,12.0,0.35,25.8,5,1,是,B,agent,0.92,0.5,0.62,0.43,0.44,0.83,0.52,0.74,0.5,自住-改善,一室一厅,58,3559,重点中学高级教师,三口之家(学龄段),三亚中环品质两居，车位及空间极其拥挤,小区无地下车库且人车不分流，小孩在楼下玩耍或者推婴儿车极为不安全。,讲究超高得房率（超85%），主卧套房必须配备独立步入式衣帽间与干湿分离双卫。,无需日常通勤，但要求30分钟内快捷通达凤凰机场或高铁站。,崇尚度假慢生活，清晨沙滩漫步，午后椰林下午茶，酷爱轻户外及后海冲浪。,名下持有一套旧两居，置换回款 65% + 个人理财储蓄补充 + 公积金商业贷,重性价比，不盲信大牌，但要求物业管理有序、绿化修剪及时、人防技防规范。,本地常住人口，四季生活规律，度假频次为常规年假出行。
三_2011_01258,三亚,2011,度假投资,54,男,9.9,77.8,0.4,145.8,3,2,否,A,research,0.73,0.64,0.77,0.62,0.65,0.4,0,0.07,0.9,投资-长持,两室一厅,73,14807,高端海景资产收藏家,二胎黄金期中大户型,陆家嘴核心区江景大平层,无高端私密会所及管家式物业配套，圈层鱼龙混杂，高净值居住体验差。,要求有超大面宽南向双阳台（观景家政分离），主卧大飘窗能270度直面自然景观。,无需日常通勤，但要求30分钟内快捷通达凤凰机场或高铁站。,周末常去高端商圈消费，热衷打网球和马术，重度手冲咖啡及黑胶唱片发烧友。,名下已有企业股权套现或分红现金，一次性全款付清，基本不加杠杆,非仁恒、绿城、万科等金牌开发商不买，极度看重高端精装质量与顶级物业的增值口碑。,每年11月至次年3月到此度过漫长冬季，极其依赖周边的康养及适老化服务。
三_2011_01259,三亚,2011,外地候鸟-华北,55,女,3.0,26.7,0.5,40.1,3,0,否,B,network,0.53,0.47,1,0.76,0.58,0.47,0,0.01,0.46,养老,两室两厅,68,4114,央企总部退休总工,高知退休康养,三亚中环品质两居，车位及空间极其拥挤,老小区隔音差，邻里滋扰严重，且车位严重匮乏，每晚加班回来抢车位像打仗。,要求独立电梯入户，主次卧动线分明，配备独立保姆房和私密后院。,无需日常通勤，但要求30分钟内快捷通达凤凰机场或高铁站。,崇尚度假慢生活，清晨沙滩漫步，午后椰林下午茶，酷爱轻户外及后海冲浪。,名下持有一套旧两居，置换回款 65% + 个人理财储蓄补充 + 公积金商业贷,重性价比，不盲信大牌，但要求物业管理有序、绿化修剪及时、人防技防规范。,每年11月至次年3月到此度过漫长冬季，极其依赖周边的康养及适老化服务。
三_2011_01260,三亚,2011,本地改善,45,男,3.1,14.6,0.35,31.3,4,1,否,B,agent,0.72,0.51,0.55,0.4,0.54,0.77,0.54,0.64,0.47,自住-改善,两室一厅,67,4202,国企中层管理,三口之家(学龄段),三亚中环品质两居，车位及空间极其拥挤,小区无地下车库且人车不分流，小孩在楼下玩耍或者推婴儿车极为不安全。,讲究超高得房率（超85%），主卧套房必须配备独立步入式衣帽间与干湿分离双卫。,无需日常通勤，但要求30分钟内快捷通达凤凰机场或高铁站。,崇尚度假慢生活，清晨沙滩漫步，午后椰林下午茶，酷爱轻户外及后海冲浪。,名下持有一套旧两居，置换回款 65% + 个人理财储蓄补充 + 公积金商业贷,重性价比，不盲信大牌，但要求物业管理有序、绿化修剪及时、人防技防规范。,本地常住人口，四季生活规律，度假频次为常规年假出行。
三_2011_01261,三亚,2011,本地改善,35,男,2.3,11.9,0.35,25.5,3,2,是,B,agent,0.77,0.44,0.64,0.62,0.47,0.72,0.55,0.69,0.56,自住-改善,两室一厅,57,2262,区级税务局一级主办,二胎黄金期中大户型,三亚中环品质两居，车位及空间极其拥挤,小区无地下车库且人车不分流，小孩在楼下玩耍或者推婴儿车极为不安全。,讲究超高得房率（超85%），主卧套房必须配备独立步入式衣帽间与干湿分离双卫。,无需日常通勤，但要求30分钟内快捷通达凤凰机场或高铁站。,崇尚度假慢生活，清晨沙滩漫步，午后椰林下午茶，酷爱轻户外及后海冲浪。,名下持有一套旧两居，置换回款 65% + 个人理财储蓄补充 + 公积金商业贷,重性价比，不盲信大牌，但要求物业管理有序、绿化修剪及时、人防技防规范。,本地常住人口，四季生活规律，度假频次为常规年假出行。
三_2011_01262,三亚,2011,度假投资,49,女,9.5,102.2,0.4,191.6,2,1,否,A,research,0.72,0.48,0.93,0.43,0.58,0.45,0.03,0.1,0.8,度假,三室一厅,120,12370,知名中医药连锁投资人,三口之家(学龄段),西湖边高精平层,无高端私密会所及管家式物业配套，圈层鱼龙混杂，高净值居住体验差。,要求有超大面宽南向双阳台（观景家政分离），主卧大飘窗能270度直面自然景观。,无需日常通勤，但要求30分钟内快捷通达凤凰机场或高铁站。,周末常去高端商圈消费，热衷打网球和马术，重度手冲咖啡及黑胶唱片发烧友。,名下已有企业股权套现或分红现金，一次性全款付清，基本不加杠杆,非仁恒、绿城、万科等金牌开发商不买，极度看重高端精装质量与顶级物业的增值口碑。,每年11月至次年3月到此度过漫长冬季，极其依赖周边的康养及适老化服务。
三_2011_01263,三亚,2011,度假投资,44,男,8.2,62.6,0.4,117.4,4,1,否,A,research,0.94,0.35,0.77,0.44,0.57,0.4,0.03,0,0.76,度假,两室两厅,50,12487,高端海景资产收藏家,三口之家(学龄段),陆家嘴核心区江景大平层,无高端私密会所及管家式物业配套，圈层鱼龙混杂，高净值居住体验差。,要求有超大面宽南向双阳台（观景家政分离），主卧大飘窗能270度直面自然景观。,无需日常通勤，但要求30分钟内快捷通达凤凰机场或高铁站。,周末常去高端商圈消费，热衷打网球和马术，重度手冲咖啡及黑胶唱片发烧友。,名下已有企业股权套现或分红现金，一次性全款付清，基本不加杠杆,非仁恒、绿城、万科等金牌开发商不买，极度看重高端精装质量与顶级物业的增值口碑。,每年11月至次年3月到此度过漫长冬季，极其依赖周边的康养及适老化服务。
三_2011_01264,三亚,2011,本地改善,38,男,1.3,6.0,0.35,12.9,4,1,否,B,agent,0.46,0.66,0.54,0.44,0.46,0.74,0.57,0.69,0.5,自住-改善,两室两厅,66,1009,智能新能源车企研发骨干,三口之家(学龄段),三亚中环品质两居，车位及空间极其拥挤,小区无地下车库且人车不分流，小孩在楼下玩耍或者推婴儿车极为不安全。,讲究超高得房率（超85%），主卧套房必须配备独立步入式衣帽间与干湿分离双卫。,无需日常通勤，但要求30分钟内快捷通达凤凰机场或高铁站。,崇尚度假慢生活，清晨沙滩漫步，午后椰林下午茶，酷爱轻户外及后海冲浪。,名下持有一套旧两居，置换回款 65% + 个人理财储蓄补充 + 公积金商业贷,重性价比，不盲信大牌，但要求物业管理有序、绿化修剪及时、人防技防规范。,本地常住人口，四季生活规律，度假频次为常规年假出行。
三_2011_01265,三亚,2011,高净值康养,58,女,26.5,271.8,0.6,339.7,2,0,是,A,network,0.5,0.16,0.99,1,0.88,0.74,0.0,0.13,0.93,度假,三室两厅,140,14712,上市公司退休联合创始人,高知退休康养,陆家嘴核心区江景大平层,当前房屋属于旧多层无电梯房，父母年纪渐高每天爬楼梯极为吃力。,要求独立电梯入户，主次卧动线分明，配备独立保姆房和私密后院。,无需日常通勤，但要求30分钟内快捷通达凤凰机场或高铁站。,周末常去高端商圈消费，热衷打网球和马术，重度手冲咖啡及黑胶唱片发烧友。,名下已有企业股权套现或分红现金，一次性全款付清，基本不加杠杆,非仁恒、绿城、万科等金牌开发商不买，极度看重高端精装质量与顶级物业的增值口碑。,本地常住人口，四季生活规律，度假频次为常规年假出行。
三_2011_01266,三亚,2011,外地候鸟-东北,72,男,3.2,27.3,0.5,41.0,2,0,否,C,network,0.65,0.5,1,0.64,0.56,0.5,0,0.03,0.34,度假,一室一厅,59,5287,沈阳大型重工企业退休副厂长,高知退休康养,与父母同住，三代人拥挤在旧区小户型老房中,老小区隔音差，邻里滋扰严重，且车位严重匮乏，每晚加班回来抢车位像打仗。,要求有超大面宽南向双阳台（观景家政分离），主卧大飘窗能270度直面自然景观。,无需日常通勤，但要求30分钟内快捷通达凤凰机场或高铁站。,崇尚度假慢生活，清晨沙滩漫步，午后椰林下午茶，酷爱轻户外及后海冲浪。,名下持有一套旧两居，置换回款 65% + 个人理财储蓄补充 + 公积金商业贷,重性价比，不盲信大牌，但要求物业管理有序、绿化修剪及时、人防技防规范。,每年11月至次年3月到此度过漫长冬季，极其依赖周边的康养及适老化服务。
三_2011_01267,三亚,2011,本地改善,48,女,2.6,14.1,0.35,30.1,3,1,否,B,agent,0.67,0.58,0.43,0.47,0.43,0.94,0.45,0.51,0.23,自住-改善,两室一厅,64,4038,区级税务局一级主办,三口之家(学龄段),三亚中环品质两居，车位及空间极其拥挤,小区无地下车库且人车不分流，小孩在楼下玩耍或者推婴儿车极为不安全。,讲究超高得房率（超85%），主卧套房必须配备独立步入式衣帽间与干湿分离双卫。,无需日常通勤，但要求30分钟内快捷通达凤凰机场或高铁站。,崇尚度假慢生活，清晨沙滩漫步，午后椰林下午茶，酷爱轻户外及后海冲浪。,名下持有一套旧两居，置换回款 65% + 个人理财储蓄补充 + 公积金商业贷,重性价比，不盲信大牌，但要求物业管理有序、绿化修剪及时、人防技防规范。,本地常住人口，四季生活规律，度假频次为常规年假出行。
三_2011_01268,三亚,2011,本地改善,37,女,2.7,15.5,0.35,33.2,4,2,是,B,agent,0.88,0.7,0.66,0.44,0.52,0.69,0.54,0.73,0.47,自住-改善,一室一厅,52,5671,国企中层管理,二胎黄金期中大户型,三亚中环品质两居，车位及空间极其拥挤,小区无地下车库且人车不分流，小孩在楼下玩耍或者推婴儿车极为不安全。,核心要求地块属于第一梯队名校学区，且周边500米内解决幼小衔接教育配套。,无需日常通勤，但要求30分钟内快捷通达凤凰机场或高铁站。,崇尚度假慢生活，清晨沙滩漫步，午后椰林下午茶，酷爱轻户外及后海冲浪。,名下持有一套旧两居，置换回款 65% + 个人理财储蓄补充 + 公积金商业贷,重性价比，不盲信大牌，但要求物业管理有序、绿化修剪及时、人防技防规范。,本地常住人口，四季生活规律，度假频次为常规年假出行。
三_2011_01269,三亚,2011,本地改善,33,女,1.3,7.4,0.35,15.8,4,0,否,B,agent,0.45,0.6,0.5,0.32,0.41,0.73,0.39,0.65,0.39,自住-改善,一室一厅,58,2303,区级税务局一级主办,新婚过渡两居,三亚中环品质两居，车位及空间极其拥挤,老小区隔音差，邻里滋扰严重，且车位严重匮乏，每晚加班回来抢车位像打仗。,讲究超高得房率（超85%），主卧套房必须配备独立步入式衣帽间与干湿分离双卫。,无需日常通勤，但要求30分钟内快捷通达凤凰机场或高铁站。,崇尚度假慢生活，清晨沙滩漫步，午后椰林下午茶，酷爱轻户外及后海冲浪。,名下持有一套旧两居，置换回款 65% + 个人理财储蓄补充 + 公积金商业贷,重性价比，不盲信大牌，但要求物业管理有序、绿化修剪及时、人防技防规范。,本地常住人口，四季生活规律，度假频次为常规年假出行。
三_2011_01270,三亚,2011,度假投资,40,男,12.4,139.4,0.4,261.3,4,0,否,A,research,0.52,0.29,0.83,0.65,0.37,0.38,0.07,0.1,0.69,度假,两室两厅,121,14628,上市公司退休联合创始人,成熟期核心家庭,市中心私密洋房住宅,无高端私密会所及管家式物业配套，圈层鱼龙混杂，高净值居住体验差。,要求有超大面宽南向双阳台（观景家政分离），主卧大飘窗能270度直面自然景观。,无需日常通勤，但要求30分钟内快捷通达凤凰机场或高铁站。,周末常去高端商圈消费，热衷打网球和马术，重度手冲咖啡及黑胶唱片发烧友。,名下已有企业股权套现或分红现金，一次性全款付清，基本不加杠杆,重性价比，不盲信大牌，但要求物业管理有序、绿化修剪及时、人防技防规范。,每年11月至次年3月到此度过漫长冬季，极其依赖周边的康养及适老化服务。
三_2011_01271,三亚,2011,度假投资,38,女,7.6,81.2,0.4,152.3,2,1,否,A,research,0.71,0.25,0.85,0.68,0.59,0.48,0,0.08,0.81,投资-短期,三室一厅,134,6697,知名中医药连锁投资人,三口之家(学龄段),陆家嘴核心区江景大平层,无高端私密会所及管家式物业配套，圈层鱼龙混杂，高净值居住体验差。,要求有超大面宽南向双阳台（观景家政分离），主卧大飘窗能270度直面自然景观。,无需日常通勤，但要求30分钟内快捷通达凤凰机场或高铁站。,周末常去高端商圈消费，热衷打网球和马术，重度手冲咖啡及黑胶唱片发烧友。,名下已有企业股权套现或分红现金，一次性全款付清，基本不加杠杆,非仁恒、绿城、万科等金牌开发商不买，极度看重高端精装质量与顶级物业的增值口碑。,每年11月至次年3月到此度过漫长冬季，极其依赖周边的康养及适老化服务。
三_2011_01272,三亚,2011,本地改善,47,男,2.7,14.3,0.35,30.7,5,0,否,B,agent,0.91,0.49,0.62,0.52,0.41,0.8,0.39,0.58,0.33,自住-改善,两室两厅,70,3158,区级税务局一级主办,成熟期核心家庭,三亚中环品质两居，车位及空间极其拥挤,老小区隔音差，邻里滋扰严重，且车位严重匮乏，每晚加班回来抢车位像打仗。,讲究超高得房率（超85%），主卧套房必须配备独立步入式衣帽间与干湿分离双卫。,无需日常通勤，但要求30分钟内快捷通达凤凰机场或高铁站。,崇尚度假慢生活，清晨沙滩漫步，午后椰林下午茶，酷爱轻户外及后海冲浪。,名下持有一套旧两居，置换回款 65% + 个人理财储蓄补充 + 公积金商业贷,重性价比，不盲信大牌，但要求物业管理有序、绿化修剪及时、人防技防规范。,本地常住人口，四季生活规律，度假频次为常规年假出行。
三_2011_01273,三亚,2011,度假投资,36,男,8.6,110.2,0.4,206.6,3,2,是,A,research,0.73,0.34,0.84,0.73,0.53,0.44,0,0,0.65,投资-短期,三室一厅,135,9659,高端海景资产收藏家,二胎黄金期中大户型,市中心私密洋房住宅,当前房屋属于旧多层无电梯房，父母年纪渐高每天爬楼梯极为吃力。,要求独立电梯入户，主次卧动线分明，配备独立保姆房和私密后院。,无需日常通勤，但要求30分钟内快捷通达凤凰机场或高铁站。,周末常去高端商圈消费，热衷打网球和马术，重度手冲咖啡及黑胶唱片发烧友。,名下已有企业股权套现或分红现金，一次性全款付清，基本不加杠杆,重性价比，不盲信大牌，但要求物业管理有序、绿化修剪及时、人防技防规范。,每年11月至次年3月到此度过漫长冬季，极其依赖周边的康养及适老化服务。
三_2011_01274,三亚,2011,本地改善,36,男,2.6,16.6,0.35,35.5,4,1,否,B,agent,0.82,0.6,0.65,0.45,0.43,0.72,0.6,0.63,0.37,自住-改善,两室一厅,59,3212,国企中层管理,三口之家(幼龄段),三亚中环品质两居，车位及空间极其拥挤,小区无地下车库且人车不分流，小孩在楼下玩耍或者推婴儿车极为不安全。,讲究超高得房率（超85%），主卧套房必须配备独立步入式衣帽间与干湿分离双卫。,无需日常通勤，但要求30分钟内快捷通达凤凰机场或高铁站。,崇尚度假慢生活，清晨沙滩漫步，午后椰林下午茶，酷爱轻户外及后海冲浪。,名下持有一套旧两居，置换回款 65% + 个人理财储蓄补充 + 公积金商业贷,重性价比，不盲信大牌，但要求物业管理有序、绿化修剪及时、人防技防规范。,本地常住人口，四季生活规律，度假频次为常规年假出行。
三_2011_01275,三亚,2011,度假投资,55,男,7.4,57.8,0.4,108.4,3,1,否,A,research,0.87,0.47,0.81,0.64,0.47,0.51,0.15,0.05,0.7,度假,两室两厅,85,7178,知名中医药连锁投资人,三口之家(学龄段),陆家嘴核心区江景大平层,无高端私密会所及管家式物业配套，圈层鱼龙混杂，高净值居住体验差。,要求有超大面宽南向双阳台（观景家政分离），主卧大飘窗能270度直面自然景观。,无需日常通勤，但要求30分钟内快捷通达凤凰机场或高铁站。,周末常去高端商圈消费，热衷打网球和马术，重度手冲咖啡及黑胶唱片发烧友。,名下已有企业股权套现或分红现金，一次性全款付清，基本不加杠杆,重性价比，不盲信大牌，但要求物业管理有序、绿化修剪及时、人防技防规范。,每年11月至次年3月到此度过漫长冬季，极其依赖周边的康养及适老化服务。
三_2011_01276,三亚,2011,本地改善,43,男,2.7,15.9,0.35,34.1,5,0,否,B,agent,0.85,0.54,0.49,0.4,0.5,0.73,0.35,0.6,0.42,自住-改善,两室两厅,83,3190,三甲医院主治医师,成熟期核心家庭,三亚中环品质两居，车位及空间极其拥挤,老小区隔音差，邻里滋扰严重，且车位严重匮乏，每晚加班回来抢车位像打仗。,讲究超高得房率（超85%），主卧套房必须配备独立步入式衣帽间与干湿分离双卫。,无需日常通勤，但要求30分钟内快捷通达凤凰机场或高铁站。,崇尚度假慢生活，清晨沙滩漫步，午后椰林下午茶，酷爱轻户外及后海冲浪。,名下持有一套旧两居，置换回款 65% + 个人理财储蓄补充 + 公积金商业贷,重性价比，不盲信大牌，但要求物业管理有序、绿化修剪及时、人防技防规范。,本地常住人口，四季生活规律，度假频次为常规年假出行。
三_2011_01277,三亚,2011,本地改善,34,女,2.4,10.7,0.35,23.0,5,1,是,B,agent,1,0.51,0.5,0.5,0.23,0.66,0.52,0.61,0.44,自住-改善,两室一厅,90,2215,三甲医院主治医师,三口之家(幼龄段),三亚中环品质两居，车位及空间极其拥挤,小区无地下车库且人车不分流，小孩在楼下玩耍或者推婴儿车极为不安全。,要求采光通透，全明户型，带多功能嵌入式收纳墙以最大化空间利用。,无需日常通勤，但要求30分钟内快捷通达凤凰机场或高铁站。,崇尚度假慢生活，清晨沙滩漫步，午后椰林下午茶，酷爱轻户外及后海冲浪。,名下持有一套旧两居，置换回款 65% + 个人理财储蓄补充 + 公积金商业贷,重性价比，不盲信大牌，但要求物业管理有序、绿化修剪及时、人防技防规范。,本地常住人口，四季生活规律，度假频次为常规年假出行。
三_2011_01278,三亚,2011,外地候鸟-东北,59,女,3.9,28.6,0.5,42.8,2,0,否,C,network,0.27,0.76,1.0,0.75,0.63,0.54,0,0,0.5,养老,一室一厅,94,2837,沈阳大型重工企业退休副厂长,高知退休康养,与父母同住，三代人拥挤在旧区小户型老房中,老小区隔音差，邻里滋扰严重，且车位严重匮乏，每晚加班回来抢车位像打仗。,要求独立电梯入户，主次卧动线分明，配备独立保姆房和私密后院。,无需日常通勤，但要求30分钟内快捷通达凤凰机场或高铁站。,崇尚度假慢生活，清晨沙滩漫步，午后椰林下午茶，酷爱轻户外及后海冲浪。,名下持有一套旧两居，置换回款 65% + 个人理财储蓄补充 + 公积金商业贷,重性价比，不盲信大牌，但要求物业管理有序、绿化修剪及时、人防技防规范。,每年11月至次年3月到此度过漫长冬季，极其依赖周边的康养及适老化服务。
三_2011_01279,三亚,2011,外地候鸟-华北,58,女,3.0,29.8,0.5,44.7,1,0,否,B,network,0.33,0.66,1,0.62,0.73,0.51,0,0,0.59,养老,一室一厅,78,3027,北京三甲医院退休教授,高知退休康养,三亚中环品质两居，车位及空间极其拥挤,老小区隔音差，邻里滋扰严重，且车位严重匮乏，每晚加班回来抢车位像打仗。,要求有超大面宽南向双阳台（观景家政分离），主卧大飘窗能270度直面自然景观。,无需日常通勤，但要求30分钟内快捷通达凤凰机场或高铁站。,崇尚度假慢生活，清晨沙滩漫步，午后椰林下午茶，酷爱轻户外及后海冲浪。,名下持有一套旧两居，置换回款 65% + 个人理财储蓄补充 + 公积金商业贷,重性价比，不盲信大牌，但要求物业管理有序、绿化修剪及时、人防技防规范。,每年11月至次年3月到此度过漫长冬季，极其依赖周边的康养及适老化服务。
三_2011_01280,三亚,2011,度假投资,35,女,5.5,52.6,0.4,98.6,3,2,否,A,research,0.89,0.42,0.7,0.66,0.7,0.42,0.05,0.15,0.81,度假,一室一厅,67,12881,高端海景资产收藏家,二胎黄金期中大户型,西湖边高精平层,无高端私密会所及管家式物业配套，圈层鱼龙混杂，高净值居住体验差。,要求采光通透，全明户型，带多功能嵌入式收纳墙以最大化空间利用。,无需日常通勤，但要求30分钟内快捷通达凤凰机场或高铁站。,周末常去高端商圈消费，热衷打网球和马术，重度手冲咖啡及黑胶唱片发烧友。,名下已有企业股权套现或分红现金，一次性全款付清，基本不加杠杆,非仁恒、绿城、万科等金牌开发商不买，极度看重高端精装质量与顶级物业的增值口碑。,每年11月至次年3月到此度过漫长冬季，极其依赖周边的康养及适老化服务。
三_2011_01281,三亚,2011,外地候鸟-华北,55,女,3.6,27.0,0.5,40.5,2,1,否,B,network,0.64,0.63,1,0.69,0.6,0.47,0.05,0,0.43,养老,两室两厅,92,3194,北京三甲医院退休教授,三口之家(学龄段),三亚中环品质两居，车位及空间极其拥挤,小区无地下车库且人车不分流，小孩在楼下玩耍或者推婴儿车极为不安全。,要求有超大面宽南向双阳台（观景家政分离），主卧大飘窗能270度直面自然景观。,无需日常通勤，但要求30分钟内快捷通达凤凰机场或高铁站。,崇尚度假慢生活，清晨沙滩漫步，午后椰林下午茶，酷爱轻户外及后海冲浪。,名下持有一套旧两居，置换回款 65% + 个人理财储蓄补充 + 公积金商业贷,重性价比，不盲信大牌，但要求物业管理有序、绿化修剪及时、人防技防规范。,每年11月至次年3月到此度过漫长冬季，极其依赖周边的康养及适老化服务。
三_2011_01282,三亚,2011,本地改善,47,男,2.4,14.3,0.35,30.7,5,1,否,B,agent,0.67,0.68,0.51,0.43,0.48,0.81,0.51,0.83,0.5,自住-改善,两室一厅,55,3408,区级税务局一级主办,三口之家(学龄段),三亚中环品质两居，车位及空间极其拥挤,小区无地下车库且人车不分流，小孩在楼下玩耍或者推婴儿车极为不安全。,讲究超高得房率（超85%），主卧套房必须配备独立步入式衣帽间与干湿分离双卫。,无需日常通勤，但要求30分钟内快捷通达凤凰机场或高铁站。,崇尚度假慢生活，清晨沙滩漫步，午后椰林下午茶，酷爱轻户外及后海冲浪。,名下持有一套旧两居，置换回款 65% + 个人理财储蓄补充 + 公积金商业贷,重性价比，不盲信大牌，但要求物业管理有序、绿化修剪及时、人防技防规范。,本地常住人口，四季生活规律，度假频次为常规年假出行。
三_2011_01283,三亚,2011,度假投资,55,女,10.5,118.5,0.4,222.1,3,2,是,A,research,0.97,0.46,0.72,0.48,0.49,0.48,0,0,0.86,度假,三室一厅,111,13277,知名中医药连锁投资人,二胎黄金期中大户型,市中心私密洋房住宅,当前房屋属于旧多层无电梯房，父母年纪渐高每天爬楼梯极为吃力。,要求有超大面宽南向双阳台（观景家政分离），主卧大飘窗能270度直面自然景观。,无需日常通勤，但要求30分钟内快捷通达凤凰机场或高铁站。,周末常去高端商圈消费，热衷打网球和马术，重度手冲咖啡及黑胶唱片发烧友。,名下已有企业股权套现或分红现金，一次性全款付清，基本不加杠杆,非仁恒、绿城、万科等金牌开发商不买，极度看重高端精装质量与顶级物业的增值口碑。,每年11月至次年3月到此度过漫长冬季，极其依赖周边的康养及适老化服务。
三_2011_01284,三亚,2011,本地改善,36,女,3.4,18.9,0.35,40.5,4,1,是,B,agent,0.97,0.58,0.66,0.53,0.4,0.79,0.52,0.63,0.49,自住-改善,两室两厅,50,4982,国企中层管理,三口之家(幼龄段),三亚中环品质两居，车位及空间极其拥挤,小区无地下车库且人车不分流，小孩在楼下玩耍或者推婴儿车极为不安全。,讲究超高得房率（超85%），主卧套房必须配备独立步入式衣帽间与干湿分离双卫。,无需日常通勤，但要求30分钟内快捷通达凤凰机场或高铁站。,崇尚度假慢生活，清晨沙滩漫步，午后椰林下午茶，酷爱轻户外及后海冲浪。,名下持有一套旧两居，置换回款 65% + 个人理财储蓄补充 + 公积金商业贷,重性价比，不盲信大牌，但要求物业管理有序、绿化修剪及时、人防技防规范。,本地常住人口，四季生活规律，度假频次为常规年假出行。
三_2011_01285,三亚,2011,度假投资,51,女,4.7,46.0,0.4,86.3,2,1,否,A,research,0.85,0.39,0.85,0.67,0.48,0.45,0,0,0.72,度假,两室两厅,79,5936,知名中医药连锁投资人,三口之家(学龄段),陆家嘴核心区江景大平层,无高端私密会所及管家式物业配套，圈层鱼龙混杂，高净值居住体验差。,要求有超大面宽南向双阳台（观景家政分离），主卧大飘窗能270度直面自然景观。,无需日常通勤，但要求30分钟内快捷通达凤凰机场或高铁站。,周末常去高端商圈消费，热衷打网球和马术，重度手冲咖啡及黑胶唱片发烧友。,名下已有企业股权套现或分红现金，一次性全款付清，基本不加杠杆,非仁恒、绿城、万科等金牌开发商不买，极度看重高端精装质量与顶级物业的增值口碑。,每年11月至次年3月到此度过漫长冬季，极其依赖周边的康养及适老化服务。
三_2011_01286,三亚,2011,高净值康养,68,男,18.0,166.2,0.6,207.8,2,0,否,A,network,0.56,0.36,0.99,0.9,0.95,0.72,0,0.06,0.89,度假,两室两厅,114,14031,知名中医药连锁投资人,高知退休康养,市中心私密洋房住宅,无高端私密会所及管家式物业配套，圈层鱼龙混杂，高净值居住体验差。,要求独立电梯入户，主次卧动线分明，配备独立保姆房和私密后院。,无需日常通勤，但要求30分钟内快捷通达凤凰机场或高铁站。,周末常去高端商圈消费，热衷打网球和马术，重度手冲咖啡及黑胶唱片发烧友。,名下已有企业股权套现或分红现金，一次性全款付清，基本不加杠杆,非仁恒、绿城、万科等金牌开发商不买，极度看重高端精装质量与顶级物业的增值口碑。,本地常住人口，四季生活规律，度假频次为常规年假出行。
三_2011_01287,三亚,2011,本地改善,36,男,3.4,21.3,0.35,45.7,4,1,否,B,agent,0.75,0.62,0.56,0.44,0.32,0.81,0.65,0.65,0.56,自住-改善,两室两厅,66,3873,重点中学高级教师,三口之家(幼龄段),三亚中环品质两居，车位及空间极其拥挤,小区无地下车库且人车不分流，小孩在楼下玩耍或者推婴儿车极为不安全。,讲究超高得房率（超85%），主卧套房必须配备独立步入式衣帽间与干湿分离双卫。,无需日常通勤，但要求30分钟内快捷通达凤凰机场或高铁站。,崇尚度假慢生活，清晨沙滩漫步，午后椰林下午茶，酷爱轻户外及后海冲浪。,名下持有一套旧两居，置换回款 65% + 个人理财储蓄补充 + 公积金商业贷,重性价比，不盲信大牌，但要求物业管理有序、绿化修剪及时、人防技防规范。,本地常住人口，四季生活规律，度假频次为常规年假出行。
三_2011_01288,三亚,2011,外地候鸟-东北,70,女,5.0,36.7,0.5,55.1,3,0,否,C,network,0.22,0.57,0.98,0.58,0.52,0.56,0.1,0.06,0.65,养老,一室一厅,69,4904,哈尔滨高校退休处长,高知退休康养,与父母同住，三代人拥挤在旧区小户型老房中,老小区隔音差，邻里滋扰严重，且车位严重匮乏，每晚加班回来抢车位像打仗。,要求有超大面宽南向双阳台（观景家政分离），主卧大飘窗能270度直面自然景观。,无需日常通勤，但要求30分钟内快捷通达凤凰机场或高铁站。,崇尚度假慢生活，清晨沙滩漫步，午后椰林下午茶，酷爱轻户外及后海冲浪。,名下持有一套旧两居，置换回款 65% + 个人理财储蓄补充 + 公积金商业贷,重性价比，不盲信大牌，但要求物业管理有序、绿化修剪及时、人防技防规范。,每年11月至次年3月到此度过漫长冬季，极其依赖周边的康养及适老化服务。
三_2011_01289,三亚,2011,本地改善,32,女,2.5,18.9,0.35,40.6,4,2,否,B,agent,0.84,0.64,0.66,0.45,0.38,0.8,0.31,0.7,0.35,自住-改善,一室一厅,53,6115,国企中层管理,二胎黄金期中大户型,三亚中环品质两居，车位及空间极其拥挤,小区无地下车库且人车不分流，小孩在楼下玩耍或者推婴儿车极为不安全。,讲究超高得房率（超85%），主卧套房必须配备独立步入式衣帽间与干湿分离双卫。,无需日常通勤，但要求30分钟内快捷通达凤凰机场或高铁站。,崇尚度假慢生活，清晨沙滩漫步，午后椰林下午茶，酷爱轻户外及后海冲浪。,名下持有一套旧两居，置换回款 65% + 个人理财储蓄补充 + 公积金商业贷,重性价比，不盲信大牌，但要求物业管理有序、绿化修剪及时、人防技防规范。,本地常住人口，四季生活规律，度假频次为常规年假出行。
三_2011_01290,三亚,2011,度假投资,39,男,8.4,91.5,0.4,171.6,3,1,是,A,research,0.94,0.3,0.7,0.53,0.61,0.61,0.01,0.11,0.72,度假,两室两厅,140,8952,高端海景资产收藏家,三口之家(学龄段),陆家嘴核心区江景大平层,当前房屋属于旧多层无电梯房，父母年纪渐高每天爬楼梯极为吃力。,要求有超大面宽南向双阳台（观景家政分离），主卧大飘窗能270度直面自然景观。,无需日常通勤，但要求30分钟内快捷通达凤凰机场或高铁站。,周末常去高端商圈消费，热衷打网球和马术，重度手冲咖啡及黑胶唱片发烧友。,名下已有企业股权套现或分红现金，一次性全款付清，基本不加杠杆,非仁恒、绿城、万科等金牌开发商不买，极度看重高端精装质量与顶级物业的增值口碑。,每年11月至次年3月到此度过漫长冬季，极其依赖周边的康养及适老化服务。
三_2011_01291,三亚,2011,本地改善,37,男,2.9,15.6,0.35,33.4,4,1,是,B,agent,0.95,0.44,0.56,0.38,0.28,0.81,0.49,0.75,0.36,自住-改善,两室两厅,63,3305,国企中层管理,三口之家(幼龄段),三亚中环品质两居，车位及空间极其拥挤,小区无地下车库且人车不分流，小孩在楼下玩耍或者推婴儿车极为不安全。,讲究超高得房率（超85%），主卧套房必须配备独立步入式衣帽间与干湿分离双卫。,无需日常通勤，但要求30分钟内快捷通达凤凰机场或高铁站。,崇尚度假慢生活，清晨沙滩漫步，午后椰林下午茶，酷爱轻户外及后海冲浪。,名下持有一套旧两居，置换回款 65% + 个人理财储蓄补充 + 公积金商业贷,重性价比，不盲信大牌，但要求物业管理有序、绿化修剪及时、人防技防规范。,本地常住人口，四季生活规律，度假频次为常规年假出行。
三_2011_01292,三亚,2011,本地改善,43,男,2.6,14.5,0.35,31.1,4,1,是,B,agent,0.7,0.57,0.68,0.37,0.45,0.66,0.46,0.76,0.4,自住-改善,两室一厅,54,3989,三甲医院主治医师,三口之家(学龄段),三亚中环品质两居，车位及空间极其拥挤,小区无地下车库且人车不分流，小孩在楼下玩耍或者推婴儿车极为不安全。,核心要求地块属于第一梯队名校学区，且周边500米内解决幼小衔接教育配套。,无需日常通勤，但要求30分钟内快捷通达凤凰机场或高铁站。,崇尚度假慢生活，清晨沙滩漫步，午后椰林下午茶，酷爱轻户外及后海冲浪。,名下持有一套旧两居，置换回款 65% + 个人理财储蓄补充 + 公积金商业贷,重性价比，不盲信大牌，但要求物业管理有序、绿化修剪及时、人防技防规范。,本地常住人口，四季生活规律，度假频次为常规年假出行。
三_2011_01293,三亚,2011,度假投资,51,男,8.4,67.5,0.4,126.6,4,1,否,A,research,0.79,0.32,0.9,0.61,0.45,0.44,0,0.0,0.71,度假,一室一厅,73,12981,上市公司退休联合创始人,三口之家(学龄段),陆家嘴核心区江景大平层,无高端私密会所及管家式物业配套，圈层鱼龙混杂，高净值居住体验差。,要求有超大面宽南向双阳台（观景家政分离），主卧大飘窗能270度直面自然景观。,无需日常通勤，但要求30分钟内快捷通达凤凰机场或高铁站。,周末常去高端商圈消费，热衷打网球和马术，重度手冲咖啡及黑胶唱片发烧友。,名下已有企业股权套现或分红现金，一次性全款付清，基本不加杠杆,非仁恒、绿城、万科等金牌开发商不买，极度看重高端精装质量与顶级物业的增值口碑。,每年11月至次年3月到此度过漫长冬季，极其依赖周边的康养及适老化服务。
三_2011_01294,三亚,2011,外地候鸟-华北,61,男,4.2,38.7,0.5,58.0,2,0,否,B,network,0.73,0.41,1,0.7,0.55,0.36,0.02,0,0.52,养老,两室两厅,56,5216,北京三甲医院退休教授,高知退休康养,三亚中环品质两居，车位及空间极其拥挤,老小区隔音差，邻里滋扰严重，且车位严重匮乏，每晚加班回来抢车位像打仗。,要求有超大面宽南向双阳台（观景家政分离），主卧大飘窗能270度直面自然景观。,无需日常通勤，但要求30分钟内快捷通达凤凰机场或高铁站。,崇尚度假慢生活，清晨沙滩漫步，午后椰林下午茶，酷爱轻户外及后海冲浪。,名下持有一套旧两居，置换回款 65% + 个人理财储蓄补充 + 公积金商业贷,重性价比，不盲信大牌，但要求物业管理有序、绿化修剪及时、人防技防规范。,每年11月至次年3月到此度过漫长冬季，极其依赖周边的康养及适老化服务。
三_2011_01295,三亚,2011,外地候鸟-西北,70,女,3.0,26.9,0.5,40.4,2,0,否,C,network,0.23,0.57,0.96,0.78,0.66,0.47,0,0,0.51,养老,两室一厅,67,4422,西安设计院退休总建筑师,高知退休康养,与父母同住，三代人拥挤在旧区小户型老房中,老小区隔音差，邻里滋扰严重，且车位严重匮乏，每晚加班回来抢车位像打仗。,要求独立电梯入户，主次卧动线分明，配备独立保姆房和私密后院。,无需日常通勤，但要求30分钟内快捷通达凤凰机场或高铁站。,崇尚度假慢生活，清晨沙滩漫步，午后椰林下午茶，酷爱轻户外及后海冲浪。,名下持有一套旧两居，置换回款 65% + 个人理财储蓄补充 + 公积金商业贷,重性价比，不盲信大牌，但要求物业管理有序、绿化修剪及时、人防技防规范。,每年11月至次年3月到此度过漫长冬季，极其依赖周边的康养及适老化服务。
三_2011_01296,三亚,2011,度假投资,50,女,3.7,43.9,0.4,82.2,4,1,否,A,research,1.0,0.39,0.83,0.56,0.52,0.55,0,0,0.74,投资-短期,两室两厅,90,7060,高端海景资产收藏家,三口之家(学龄段),市中心私密洋房住宅,无高端私密会所及管家式物业配套，圈层鱼龙混杂，高净值居住体验差。,要求有超大面宽南向双阳台（观景家政分离），主卧大飘窗能270度直面自然景观。,无需日常通勤，但要求30分钟内快捷通达凤凰机场或高铁站。,周末常去高端商圈消费，热衷打网球和马术，重度手冲咖啡及黑胶唱片发烧友。,名下已有企业股权套现或分红现金，一次性全款付清，基本不加杠杆,非仁恒、绿城、万科等金牌开发商不买，极度看重高端精装质量与顶级物业的增值口碑。,每年11月至次年3月到此度过漫长冬季，极其依赖周边的康养及适老化服务。
三_2011_01297,三亚,2011,度假投资,38,女,4.2,36.4,0.4,68.2,3,0,否,A,research,0.86,0.47,0.87,0.77,0.43,0.61,0,0,0.76,投资-长持,一室一厅,78,5009,知名中医药连锁投资人,成熟期核心家庭,陆家嘴核心区江景大平层,无高端私密会所及管家式物业配套，圈层鱼龙混杂，高净值居住体验差。,要求独立电梯入户，主次卧动线分明，配备独立保姆房和私密后院。,无需日常通勤，但要求30分钟内快捷通达凤凰机场或高铁站。,周末常去高端商圈消费，热衷打网球和马术，重度手冲咖啡及黑胶唱片发烧友。,名下已有企业股权套现或分红现金，一次性全款付清，基本不加杠杆,非仁恒、绿城、万科等金牌开发商不买，极度看重高端精装质量与顶级物业的增值口碑。,每年11月至次年3月到此度过漫长冬季，极其依赖周边的康养及适老化服务。
三_2011_01298,三亚,2011,外地候鸟-华北,74,男,6.1,50.0,0.5,75.0,2,0,否,B,network,0.6,0.61,0.95,0.72,0.58,0.48,0.03,0.01,0.51,养老,两室两厅,93,4559,央企总部退休总工,高知退休康养,三亚中环品质两居，车位及空间极其拥挤,老小区隔音差，邻里滋扰严重，且车位严重匮乏，每晚加班回来抢车位像打仗。,要求独立电梯入户，主次卧动线分明，配备独立保姆房和私密后院。,无需日常通勤，但要求30分钟内快捷通达凤凰机场或高铁站。,崇尚度假慢生活，清晨沙滩漫步，午后椰林下午茶，酷爱轻户外及后海冲浪。,名下持有一套旧两居，置换回款 65% + 个人理财储蓄补充 + 公积金商业贷,重性价比，不盲信大牌，但要求物业管理有序、绿化修剪及时、人防技防规范。,每年11月至次年3月到此度过漫长冬季，极其依赖周边的康养及适老化服务。
三_2011_01299,三亚,2011,本地改善,40,男,4.2,20.1,0.35,43.0,4,1,否,B,agent,0.64,0.52,0.63,0.49,0.42,0.7,0.6,0.67,0.33,自住-改善,两室两厅,90,4240,区级税务局一级主办,三口之家(学龄段),三亚中环品质两居，车位及空间极其拥挤,小区无地下车库且人车不分流，小孩在楼下玩耍或者推婴儿车极为不安全。,要求采光通透，全明户型，带多功能嵌入式收纳墙以最大化空间利用。,无需日常通勤，但要求30分钟内快捷通达凤凰机场或高铁站。,崇尚度假慢生活，清晨沙滩漫步，午后椰林下午茶，酷爱轻户外及后海冲浪。,名下持有一套旧两居，置换回款 65% + 个人理财储蓄补充 + 公积金商业贷,重性价比，不盲信大牌，但要求物业管理有序、绿化修剪及时、人防技防规范。,本地常住人口，四季生活规律，度假频次为常规年假出行。
三_2011_01300,三亚,2011,度假投资,39,女,9.0,75.9,0.4,142.4,3,1,否,A,research,0.74,0.41,0.93,0.57,0.65,0.43,0,0,0.81,投资-长持,两室一厅,91,9937,知名中医药连锁投资人,三口之家(学龄段),西湖边高精平层,无高端私密会所及管家式物业配套，圈层鱼龙混杂，高净值居住体验差。,要求有超大面宽南向双阳台（观景家政分离），主卧大飘窗能270度直面自然景观。,无需日常通勤，但要求30分钟内快捷通达凤凰机场或高铁站。,周末常去高端商圈消费，热衷打网球和马术，重度手冲咖啡及黑胶唱片发烧友。,名下已有企业股权套现或分红现金，一次性全款付清，基本不加杠杆,非仁恒、绿城、万科等金牌开发商不买，极度看重高端精装质量与顶级物业的增值口碑。,每年11月至次年3月到此度过漫长冬季，极其依赖周边的康养及适老化服务。
三_2011_01301,三亚,2011,外地候鸟-东北,59,男,2.9,18.7,0.5,28.0,2,0,否,C,network,0.45,0.69,0.91,0.72,0.52,0.48,0.06,0.01,0.51,养老,两室两厅,92,2032,哈尔滨私营物流老板,高知退休康养,与父母同住，三代人拥挤在旧区小户型老房中,老小区隔音差，邻里滋扰严重，且车位严重匮乏，每晚加班回来抢车位像打仗。,要求独立电梯入户，主次卧动线分明，配备独立保姆房和私密后院。,无需日常通勤，但要求30分钟内快捷通达凤凰机场或高铁站。,崇尚度假慢生活，清晨沙滩漫步，午后椰林下午茶，酷爱轻户外及后海冲浪。,名下持有一套旧两居，置换回款 65% + 个人理财储蓄补充 + 公积金商业贷,重性价比，不盲信大牌，但要求物业管理有序、绿化修剪及时、人防技防规范。,每年11月至次年3月到此度过漫长冬季，极其依赖周边的康养及适老化服务。
三_2011_01302,三亚,2011,度假投资,51,女,5.3,39.8,0.4,74.6,3,1,否,A,research,1,0.39,0.85,0.49,0.5,0.44,0,0,0.84,投资-长持,一室一厅,82,7308,上市公司退休联合创始人,三口之家(学龄段),陆家嘴核心区江景大平层,无高端私密会所及管家式物业配套，圈层鱼龙混杂，高净值居住体验差。,要求有超大面宽南向双阳台（观景家政分离），主卧大飘窗能270度直面自然景观。,无需日常通勤，但要求30分钟内快捷通达凤凰机场或高铁站。,周末常去高端商圈消费，热衷打网球和马术，重度手冲咖啡及黑胶唱片发烧友。,名下已有企业股权套现或分红现金，一次性全款付清，基本不加杠杆,非仁恒、绿城、万科等金牌开发商不买，极度看重高端精装质量与顶级物业的增值口碑。,每年11月至次年3月到此度过漫长冬季，极其依赖周边的康养及适老化服务。
三_2011_01303,三亚,2011,度假投资,42,女,10.0,100.1,0.4,187.8,3,2,否,A,research,1,0.36,0.69,0.55,0.68,0.57,0.01,0.06,0.77,度假,三室两厅,143,8576,知名中医药连锁投资人,二胎黄金期中大户型,西湖边高精平层,无高端私密会所及管家式物业配套，圈层鱼龙混杂，高净值居住体验差。,要求采光通透，全明户型，带多功能嵌入式收纳墙以最大化空间利用。,无需日常通勤，但要求30分钟内快捷通达凤凰机场或高铁站。,周末常去高端商圈消费，热衷打网球和马术，重度手冲咖啡及黑胶唱片发烧友。,名下已有企业股权套现或分红现金，一次性全款付清，基本不加杠杆,非仁恒、绿城、万科等金牌开发商不买，极度看重高端精装质量与顶级物业的增值口碑。,每年11月至次年3月到此度过漫长冬季，极其依赖周边的康养及适老化服务。
三_2011_01304,三亚,2011,度假投资,40,男,8.7,91.2,0.4,171.0,2,1,否,A,research,0.68,0.21,0.98,0.72,0.51,0.43,0,0,0.7,度假,三室两厅,130,7703,高端海景资产收藏家,三口之家(学龄段),市中心私密洋房住宅,无高端私密会所及管家式物业配套，圈层鱼龙混杂，高净值居住体验差。,要求独立电梯入户，主次卧动线分明，配备独立保姆房和私密后院。,无需日常通勤，但要求30分钟内快捷通达凤凰机场或高铁站。,周末常去高端商圈消费，热衷打网球和马术，重度手冲咖啡及黑胶唱片发烧友。,名下已有企业股权套现或分红现金，一次性全款付清，基本不加杠杆,非仁恒、绿城、万科等金牌开发商不买，极度看重高端精装质量与顶级物业的增值口碑。,每年11月至次年3月到此度过漫长冬季，极其依赖周边的康养及适老化服务。
三_2011_01305,三亚,2011,本地改善,36,女,3.8,17.2,0.35,36.9,4,1,否,B,agent,0.95,0.45,0.61,0.52,0.32,0.79,0.47,0.72,0.43,自住-改善,两室一厅,96,2754,三甲医院主治医师,三口之家(幼龄段),三亚中环品质两居，车位及空间极其拥挤,小区无地下车库且人车不分流，小孩在楼下玩耍或者推婴儿车极为不安全。,讲究超高得房率（超85%），主卧套房必须配备独立步入式衣帽间与干湿分离双卫。,无需日常通勤，但要求30分钟内快捷通达凤凰机场或高铁站。,崇尚度假慢生活，清晨沙滩漫步，午后椰林下午茶，酷爱轻户外及后海冲浪。,名下持有一套旧两居，置换回款 65% + 个人理财储蓄补充 + 公积金商业贷,重性价比，不盲信大牌，但要求物业管理有序、绿化修剪及时、人防技防规范。,本地常住人口，四季生活规律，度假频次为常规年假出行。
三_2011_01306,三亚,2011,度假投资,38,女,10.5,89.7,0.4,168.2,3,1,是,A,research,0.71,0.33,0.75,0.55,0.55,0.48,0.02,0,0.69,度假,两室两厅,112,11301,知名中医药连锁投资人,三口之家(学龄段),陆家嘴核心区江景大平层,当前房屋属于旧多层无电梯房，父母年纪渐高每天爬楼梯极为吃力。,要求有超大面宽南向双阳台（观景家政分离），主卧大飘窗能270度直面自然景观。,无需日常通勤，但要求30分钟内快捷通达凤凰机场或高铁站。,周末常去高端商圈消费，热衷打网球和马术，重度手冲咖啡及黑胶唱片发烧友。,名下已有企业股权套现或分红现金，一次性全款付清，基本不加杠杆,重性价比，不盲信大牌，但要求物业管理有序、绿化修剪及时、人防技防规范。,每年11月至次年3月到此度过漫长冬季，极其依赖周边的康养及适老化服务。
三_2011_01307,三亚,2011,本地改善,42,女,2.3,11.9,0.35,25.5,3,0,是,B,agent,0.68,0.6,0.52,0.48,0.29,0.6,0.59,0.67,0.41,自住-改善,一室一厅,79,1676,三甲医院主治医师,成熟期核心家庭,三亚中环品质两居，车位及空间极其拥挤,当前房屋属于旧多层无电梯房，父母年纪渐高每天爬楼梯极为吃力。,要求采光通透，全明户型，带多功能嵌入式收纳墙以最大化空间利用。,无需日常通勤，但要求30分钟内快捷通达凤凰机场或高铁站。,崇尚度假慢生活，清晨沙滩漫步，午后椰林下午茶，酷爱轻户外及后海冲浪。,名下持有一套旧两居，置换回款 65% + 个人理财储蓄补充 + 公积金商业贷,重性价比，不盲信大牌，但要求物业管理有序、绿化修剪及时、人防技防规范。,本地常住人口，四季生活规律，度假频次为常规年假出行。
三_2011_01308,三亚,2011,本地改善,32,女,4.2,31.8,0.35,68.2,5,0,是,B,agent,0.84,0.73,0.48,0.43,0.47,0.66,0.49,0.62,0.39,自住-改善,两室一厅,60,8584,区级税务局一级主办,新婚过渡两居,三亚中环品质两居，车位及空间极其拥挤,当前房屋属于旧多层无电梯房，父母年纪渐高每天爬楼梯极为吃力。,要求采光通透，全明户型，带多功能嵌入式收纳墙以最大化空间利用。,无需日常通勤，但要求30分钟内快捷通达凤凰机场或高铁站。,崇尚度假慢生活，清晨沙滩漫步，午后椰林下午茶，酷爱轻户外及后海冲浪。,名下持有一套旧两居，置换回款 65% + 个人理财储蓄补充 + 公积金商业贷,重性价比，不盲信大牌，但要求物业管理有序、绿化修剪及时、人防技防规范。,本地常住人口，四季生活规律，度假频次为常规年假出行。
三_2011_01309,三亚,2011,外地候鸟-华北,75,女,4.9,33.6,0.5,50.3,2,0,否,B,network,0.48,0.65,0.87,0.8,0.57,0.47,0,0.13,0.46,养老,一室一厅,61,6418,央企总部退休总工,高知退休康养,三亚中环品质两居，车位及空间极其拥挤,老小区隔音差，邻里滋扰严重，且车位严重匮乏，每晚加班回来抢车位像打仗。,要求独立电梯入户，主次卧动线分明，配备独立保姆房和私密后院。,无需日常通勤，但要求30分钟内快捷通达凤凰机场或高铁站。,崇尚度假慢生活，清晨沙滩漫步，午后椰林下午茶，酷爱轻户外及后海冲浪。,名下持有一套旧两居，置换回款 65% + 个人理财储蓄补充 + 公积金商业贷,重性价比，不盲信大牌，但要求物业管理有序、绿化修剪及时、人防技防规范。,每年11月至次年3月到此度过漫长冬季，极其依赖周边的康养及适老化服务。
三_2011_01310,三亚,2011,本地改善,45,女,1.7,9.0,0.35,19.3,4,0,否,B,agent,0.76,0.61,0.55,0.34,0.44,0.66,0.5,0.64,0.32,自住-改善,两室两厅,95,1609,国企中层管理,成熟期核心家庭,三亚中环品质两居，车位及空间极其拥挤,老小区隔音差，邻里滋扰严重，且车位严重匮乏，每晚加班回来抢车位像打仗。,要求采光通透，全明户型，带多功能嵌入式收纳墙以最大化空间利用。,无需日常通勤，但要求30分钟内快捷通达凤凰机场或高铁站。,崇尚度假慢生活，清晨沙滩漫步，午后椰林下午茶，酷爱轻户外及后海冲浪。,名下持有一套旧两居，置换回款 65% + 个人理财储蓄补充 + 公积金商业贷,重性价比，不盲信大牌，但要求物业管理有序、绿化修剪及时、人防技防规范。,本地常住人口，四季生活规律，度假频次为常规年假出行。
三_2011_01311,三亚,2011,度假投资,42,男,15.1,168.3,0.4,315.5,3,0,否,A,research,0.95,0.35,0.79,0.72,0.71,0.61,0,0.04,0.79,投资-长持,四室两厅,180,15202,知名中医药连锁投资人,成熟期核心家庭,陆家嘴核心区江景大平层,无高端私密会所及管家式物业配套，圈层鱼龙混杂，高净值居住体验差。,要求独立电梯入户，主次卧动线分明，配备独立保姆房和私密后院。,无需日常通勤，但要求30分钟内快捷通达凤凰机场或高铁站。,周末常去高端商圈消费，热衷打网球和马术，重度手冲咖啡及黑胶唱片发烧友。,名下已有企业股权套现或分红现金，一次性全款付清，基本不加杠杆,非仁恒、绿城、万科等金牌开发商不买，极度看重高端精装质量与顶级物业的增值口碑。,每年11月至次年3月到此度过漫长冬季，极其依赖周边的康养及适老化服务。
三_2011_01312,三亚,2011,外地候鸟-华北,67,女,1.8,13.1,0.5,19.6,3,0,否,B,network,0.78,0.56,0.93,0.68,0.63,0.61,0,0.05,0.59,养老,一室一厅,68,2038,高校资深硕导,高知退休康养,三亚中环品质两居，车位及空间极其拥挤,老小区隔音差，邻里滋扰严重，且车位严重匮乏，每晚加班回来抢车位像打仗。,要求有超大面宽南向双阳台（观景家政分离），主卧大飘窗能270度直面自然景观。,无需日常通勤，但要求30分钟内快捷通达凤凰机场或高铁站。,崇尚度假慢生活，清晨沙滩漫步，午后椰林下午茶，酷爱轻户外及后海冲浪。,名下持有一套旧两居，置换回款 65% + 个人理财储蓄补充 + 公积金商业贷,重性价比，不盲信大牌，但要求物业管理有序、绿化修剪及时、人防技防规范。,每年11月至次年3月到此度过漫长冬季，极其依赖周边的康养及适老化服务。
三_2011_01313,三亚,2011,外地候鸟-东北,76,女,4.0,27.4,0.5,41.1,2,1,否,C,network,0.44,0.61,1,0.76,0.47,0.5,0,0.08,0.47,养老,一室一厅,66,4873,沈阳大型重工企业退休副厂长,三口之家(学龄段),与父母同住，三代人拥挤在旧区小户型老房中,小区无地下车库且人车不分流，小孩在楼下玩耍或者推婴儿车极为不安全。,要求独立电梯入户，主次卧动线分明，配备独立保姆房和私密后院。,无需日常通勤，但要求30分钟内快捷通达凤凰机场或高铁站。,崇尚度假慢生活，清晨沙滩漫步，午后椰林下午茶，酷爱轻户外及后海冲浪。,名下持有一套旧两居，置换回款 65% + 个人理财储蓄补充 + 公积金商业贷,重性价比，不盲信大牌，但要求物业管理有序、绿化修剪及时、人防技防规范。,每年11月至次年3月到此度过漫长冬季，极其依赖周边的康养及适老化服务。
三_2011_01314,三亚,2011,本地改善,33,女,2.7,12.7,0.35,27.2,3,1,是,B,agent,0.77,0.35,0.6,0.38,0.36,0.86,0.56,0.65,0.47,自住-改善,一室一厅,95,1681,重点中学高级教师,三口之家(幼龄段),三亚中环品质两居，车位及空间极其拥挤,小区无地下车库且人车不分流，小孩在楼下玩耍或者推婴儿车极为不安全。,讲究超高得房率（超85%），主卧套房必须配备独立步入式衣帽间与干湿分离双卫。,无需日常通勤，但要求30分钟内快捷通达凤凰机场或高铁站。,崇尚度假慢生活，清晨沙滩漫步，午后椰林下午茶，酷爱轻户外及后海冲浪。,名下持有一套旧两居，置换回款 65% + 个人理财储蓄补充 + 公积金商业贷,重性价比，不盲信大牌，但要求物业管理有序、绿化修剪及时、人防技防规范。,本地常住人口，四季生活规律，度假频次为常规年假出行。
三_2011_01315,三亚,2011,本地改善,42,女,2.5,14.9,0.35,31.8,5,2,否,B,agent,1.0,0.61,0.48,0.46,0.32,0.72,0.66,0.69,0.47,自住-改善,两室一厅,77,2895,重点中学高级教师,二胎黄金期中大户型,三亚中环品质两居，车位及空间极其拥挤,小区无地下车库且人车不分流，小孩在楼下玩耍或者推婴儿车极为不安全。,讲究超高得房率（超85%），主卧套房必须配备独立步入式衣帽间与干湿分离双卫。,无需日常通勤，但要求30分钟内快捷通达凤凰机场或高铁站。,崇尚度假慢生活，清晨沙滩漫步，午后椰林下午茶，酷爱轻户外及后海冲浪。,名下持有一套旧两居，置换回款 65% + 个人理财储蓄补充 + 公积金商业贷,重性价比，不盲信大牌，但要求物业管理有序、绿化修剪及时、人防技防规范。,本地常住人口，四季生活规律，度假频次为常规年假出行。
三_2011_01316,三亚,2011,本地改善,46,男,2.9,16.0,0.35,34.3,4,0,是,B,agent,1,0.54,0.63,0.55,0.24,0.77,0.54,0.83,0.56,自住-改善,两室两厅,71,3699,国企中层管理,成熟期核心家庭,三亚中环品质两居，车位及空间极其拥挤,当前房屋属于旧多层无电梯房，父母年纪渐高每天爬楼梯极为吃力。,讲究超高得房率（超85%），主卧套房必须配备独立步入式衣帽间与干湿分离双卫。,无需日常通勤，但要求30分钟内快捷通达凤凰机场或高铁站。,崇尚度假慢生活，清晨沙滩漫步，午后椰林下午茶，酷爱轻户外及后海冲浪。,名下持有一套旧两居，置换回款 65% + 个人理财储蓄补充 + 公积金商业贷,重性价比，不盲信大牌，但要求物业管理有序、绿化修剪及时、人防技防规范。,本地常住人口，四季生活规律，度假频次为常规年假出行。
三_2011_01317,三亚,2011,度假投资,55,男,9.3,74.0,0.4,138.8,2,1,否,A,research,0.95,0.33,0.9,0.66,0.49,0.56,0,0.01,0.72,投资-长持,两室两厅,88,14018,上市公司退休联合创始人,三口之家(学龄段),西湖边高精平层,无高端私密会所及管家式物业配套，圈层鱼龙混杂，高净值居住体验差。,要求有超大面宽南向双阳台（观景家政分离），主卧大飘窗能270度直面自然景观。,无需日常通勤，但要求30分钟内快捷通达凤凰机场或高铁站。,周末常去高端商圈消费，热衷打网球和马术，重度手冲咖啡及黑胶唱片发烧友。,名下已有企业股权套现或分红现金，一次性全款付清，基本不加杠杆,非仁恒、绿城、万科等金牌开发商不买，极度看重高端精装质量与顶级物业的增值口碑。,每年11月至次年3月到此度过漫长冬季，极其依赖周边的康养及适老化服务。
三_2011_01318,三亚,2011,度假投资,53,男,6.3,78.0,0.4,146.2,1,1,是,A,research,1,0.36,0.96,0.62,0.65,0.43,0.04,0,0.85,投资-长持,两室两厅,80,9268,高端海景资产收藏家,三口之家(学龄段),陆家嘴核心区江景大平层,当前房屋属于旧多层无电梯房，父母年纪渐高每天爬楼梯极为吃力。,要求有超大面宽南向双阳台（观景家政分离），主卧大飘窗能270度直面自然景观。,无需日常通勤，但要求30分钟内快捷通达凤凰机场或高铁站。,周末常去高端商圈消费，热衷打网球和马术，重度手冲咖啡及黑胶唱片发烧友。,名下已有企业股权套现或分红现金，一次性全款付清，基本不加杠杆,非仁恒、绿城、万科等金牌开发商不买，极度看重高端精装质量与顶级物业的增值口碑。,每年11月至次年3月到此度过漫长冬季，极其依赖周边的康养及适老化服务。
三_2011_01319,三亚,2011,本地改善,37,女,4.2,25.1,0.35,53.8,3,1,否,B,agent,0.74,0.34,0.57,0.29,0.53,0.71,0.52,0.71,0.44,自住-改善,两室一厅,76,6299,智能新能源车企研发骨干,三口之家(幼龄段),三亚中环品质两居，车位及空间极其拥挤,小区无地下车库且人车不分流，小孩在楼下玩耍或者推婴儿车极为不安全。,讲究超高得房率（超85%），主卧套房必须配备独立步入式衣帽间与干湿分离双卫。,无需日常通勤，但要求30分钟内快捷通达凤凰机场或高铁站。,崇尚度假慢生活，清晨沙滩漫步，午后椰林下午茶，酷爱轻户外及后海冲浪。,名下持有一套旧两居，置换回款 65% + 个人理财储蓄补充 + 公积金商业贷,重性价比，不盲信大牌，但要求物业管理有序、绿化修剪及时、人防技防规范。,本地常住人口，四季生活规律，度假频次为常规年假出行。
三_2011_01320,三亚,2011,度假投资,38,女,7.4,83.3,0.4,156.3,3,1,否,A,research,1,0.33,0.81,0.57,0.63,0.43,0,0,0.79,投资-短期,三室两厅,125,8891,知名中医药连锁投资人,三口之家(学龄段),西湖边高精平层,无高端私密会所及管家式物业配套，圈层鱼龙混杂，高净值居住体验差。,要求有超大面宽南向双阳台（观景家政分离），主卧大飘窗能270度直面自然景观。,无需日常通勤，但要求30分钟内快捷通达凤凰机场或高铁站。,周末常去高端商圈消费，热衷打网球和马术，重度手冲咖啡及黑胶唱片发烧友。,名下已有企业股权套现或分红现金，一次性全款付清，基本不加杠杆,非仁恒、绿城、万科等金牌开发商不买，极度看重高端精装质量与顶级物业的增值口碑。,每年11月至次年3月到此度过漫长冬季，极其依赖周边的康养及适老化服务。
三_2011_01321,三亚,2011,本地改善,45,男,1.7,8.1,0.35,17.4,5,0,否,B,agent,0.82,0.54,0.53,0.5,0.4,0.76,0.44,0.74,0.37,自住-改善,一室一厅,78,1886,重点中学高级教师,成熟期核心家庭,三亚中环品质两居，车位及空间极其拥挤,老小区隔音差，邻里滋扰严重，且车位严重匮乏，每晚加班回来抢车位像打仗。,讲究超高得房率（超85%），主卧套房必须配备独立步入式衣帽间与干湿分离双卫。,无需日常通勤，但要求30分钟内快捷通达凤凰机场或高铁站。,崇尚度假慢生活，清晨沙滩漫步，午后椰林下午茶，酷爱轻户外及后海冲浪。,名下持有一套旧两居，置换回款 65% + 个人理财储蓄补充 + 公积金商业贷,重性价比，不盲信大牌，但要求物业管理有序、绿化修剪及时、人防技防规范。,本地常住人口，四季生活规律，度假频次为常规年假出行。
三_2011_01322,三亚,2011,本地改善,49,男,1.3,6.4,0.35,13.6,3,1,是,B,agent,0.77,0.65,0.6,0.58,0.39,0.62,0.55,0.67,0.37,自住-改善,一室一厅,73,1522,三甲医院主治医师,三口之家(学龄段),三亚中环品质两居，车位及空间极其拥挤,小区无地下车库且人车不分流，小孩在楼下玩耍或者推婴儿车极为不安全。,要求采光通透，全明户型，带多功能嵌入式收纳墙以最大化空间利用。,无需日常通勤，但要求30分钟内快捷通达凤凰机场或高铁站。,崇尚度假慢生活，清晨沙滩漫步，午后椰林下午茶，酷爱轻户外及后海冲浪。,名下持有一套旧两居，置换回款 65% + 个人理财储蓄补充 + 公积金商业贷,重性价比，不盲信大牌，但要求物业管理有序、绿化修剪及时、人防技防规范。,本地常住人口，四季生活规律，度假频次为常规年假出行。
三_2011_01323,三亚,2011,本地改善,31,男,2.3,17.3,0.35,37.0,4,1,是,B,agent,0.8,0.52,0.63,0.39,0.46,0.7,0.36,0.77,0.48,自住-改善,两室两厅,87,3109,三甲医院主治医师,三口之家(幼龄段),三亚中环品质两居，车位及空间极其拥挤,小区无地下车库且人车不分流，小孩在楼下玩耍或者推婴儿车极为不安全。,核心要求地块属于第一梯队名校学区，且周边500米内解决幼小衔接教育配套。,无需日常通勤，但要求30分钟内快捷通达凤凰机场或高铁站。,崇尚度假慢生活，清晨沙滩漫步，午后椰林下午茶，酷爱轻户外及后海冲浪。,名下持有一套旧两居，置换回款 65% + 个人理财储蓄补充 + 公积金商业贷,重性价比，不盲信大牌，但要求物业管理有序、绿化修剪及时、人防技防规范。,本地常住人口，四季生活规律，度假频次为常规年假出行。
三_2011_01324,三亚,2011,外地候鸟-东北,75,男,5.5,43.9,0.5,65.8,2,0,否,C,network,0.42,0.64,0.96,0.77,0.46,0.47,0.07,0.04,0.51,养老,两室一厅,96,4784,哈尔滨私营物流老板,高知退休康养,与父母同住，三代人拥挤在旧区小户型老房中,老小区隔音差，邻里滋扰严重，且车位严重匮乏，每晚加班回来抢车位像打仗。,要求独立电梯入户，主次卧动线分明，配备独立保姆房和私密后院。,无需日常通勤，但要求30分钟内快捷通达凤凰机场或高铁站。,崇尚度假慢生活，清晨沙滩漫步，午后椰林下午茶，酷爱轻户外及后海冲浪。,名下持有一套旧两居，置换回款 65% + 个人理财储蓄补充 + 公积金商业贷,重性价比，不盲信大牌，但要求物业管理有序、绿化修剪及时、人防技防规范。,每年11月至次年3月到此度过漫长冬季，极其依赖周边的康养及适老化服务。
三_2011_01325,三亚,2011,外地候鸟-西北,68,男,3.1,30.4,0.5,45.5,1,0,否,C,network,0.45,0.67,0.88,0.51,0.42,0.56,0,0,0.48,度假,一室一厅,97,3080,兰州煤炭物流运输企业主,高知退休康养,与父母同住，三代人拥挤在旧区小户型老房中,老小区隔音差，邻里滋扰严重，且车位严重匮乏，每晚加班回来抢车位像打仗。,要求有超大面宽南向双阳台（观景家政分离），主卧大飘窗能270度直面自然景观。,无需日常通勤，但要求30分钟内快捷通达凤凰机场或高铁站。,崇尚度假慢生活，清晨沙滩漫步，午后椰林下午茶，酷爱轻户外及后海冲浪。,名下持有一套旧两居，置换回款 65% + 个人理财储蓄补充 + 公积金商业贷,重性价比，不盲信大牌，但要求物业管理有序、绿化修剪及时、人防技防规范。,每年11月至次年3月到此度过漫长冬季，极其依赖周边的康养及适老化服务。
三_2011_01326,三亚,2011,外地候鸟-东北,75,男,2.4,16.2,0.5,24.3,3,0,否,C,network,0.46,0.48,0.92,0.8,0.58,0.45,0.01,0,0.49,度假,一室一厅,68,2459,哈尔滨高校退休处长,高知退休康养,与父母同住，三代人拥挤在旧区小户型老房中,老小区隔音差，邻里滋扰严重，且车位严重匮乏，每晚加班回来抢车位像打仗。,要求独立电梯入户，主次卧动线分明，配备独立保姆房和私密后院。,无需日常通勤，但要求30分钟内快捷通达凤凰机场或高铁站。,崇尚度假慢生活，清晨沙滩漫步，午后椰林下午茶，酷爱轻户外及后海冲浪。,名下持有一套旧两居，置换回款 65% + 个人理财储蓄补充 + 公积金商业贷,重性价比，不盲信大牌，但要求物业管理有序、绿化修剪及时、人防技防规范。,每年11月至次年3月到此度过漫长冬季，极其依赖周边的康养及适老化服务。
三_2011_01327,三亚,2011,本地改善,31,男,1.2,7.2,0.35,15.5,4,2,是,B,agent,0.57,0.48,0.55,0.53,0.36,0.73,0.46,0.71,0.56,自住-改善,一室一厅,62,1456,智能新能源车企研发骨干,二胎黄金期中大户型,三亚中环品质两居，车位及空间极其拥挤,小区无地下车库且人车不分流，小孩在楼下玩耍或者推婴儿车极为不安全。,讲究超高得房率（超85%），主卧套房必须配备独立步入式衣帽间与干湿分离双卫。,无需日常通勤，但要求30分钟内快捷通达凤凰机场或高铁站。,崇尚度假慢生活，清晨沙滩漫步，午后椰林下午茶，酷爱轻户外及后海冲浪。,名下持有一套旧两居，置换回款 65% + 个人理财储蓄补充 + 公积金商业贷,重性价比，不盲信大牌，但要求物业管理有序、绿化修剪及时、人防技防规范。,本地常住人口，四季生活规律，度假频次为常规年假出行。
三_2011_01328,三亚,2011,本地改善,36,女,2.8,15.7,0.35,33.6,5,1,否,B,agent,0.61,0.52,0.5,0.49,0.42,0.78,0.58,0.84,0.39,自住-改善,一室一厅,93,2074,国企中层管理,三口之家(幼龄段),三亚中环品质两居，车位及空间极其拥挤,小区无地下车库且人车不分流，小孩在楼下玩耍或者推婴儿车极为不安全。,讲究超高得房率（超85%），主卧套房必须配备独立步入式衣帽间与干湿分离双卫。,无需日常通勤，但要求30分钟内快捷通达凤凰机场或高铁站。,崇尚度假慢生活，清晨沙滩漫步，午后椰林下午茶，酷爱轻户外及后海冲浪。,名下持有一套旧两居，置换回款 65% + 个人理财储蓄补充 + 公积金商业贷,重性价比，不盲信大牌，但要求物业管理有序、绿化修剪及时、人防技防规范。,本地常住人口，四季生活规律，度假频次为常规年假出行。
三_2011_01329,三亚,2011,本地改善,43,男,2.8,13.2,0.35,28.3,4,1,是,B,agent,0.69,0.44,0.68,0.5,0.21,0.72,0.39,0.83,0.44,自住-改善,两室两厅,95,1655,智能新能源车企研发骨干,三口之家(学龄段),三亚中环品质两居，车位及空间极其拥挤,小区无地下车库且人车不分流，小孩在楼下玩耍或者推婴儿车极为不安全。,讲究超高得房率（超85%），主卧套房必须配备独立步入式衣帽间与干湿分离双卫。,无需日常通勤，但要求30分钟内快捷通达凤凰机场或高铁站。,崇尚度假慢生活，清晨沙滩漫步，午后椰林下午茶，酷爱轻户外及后海冲浪。,名下持有一套旧两居，置换回款 65% + 个人理财储蓄补充 + 公积金商业贷,重性价比，不盲信大牌，但要求物业管理有序、绿化修剪及时、人防技防规范。,本地常住人口，四季生活规律，度假频次为常规年假出行。
三_2011_01330,三亚,2011,本地改善,32,女,3.4,16.7,0.35,35.9,4,1,是,B,agent,0.86,0.57,0.5,0.48,0.34,0.86,0.51,0.8,0.45,自住-改善,一室一厅,54,4595,三甲医院主治医师,三口之家(幼龄段),三亚中环品质两居，车位及空间极其拥挤,小区无地下车库且人车不分流，小孩在楼下玩耍或者推婴儿车极为不安全。,讲究超高得房率（超85%），主卧套房必须配备独立步入式衣帽间与干湿分离双卫。,无需日常通勤，但要求30分钟内快捷通达凤凰机场或高铁站。,崇尚度假慢生活，清晨沙滩漫步，午后椰林下午茶，酷爱轻户外及后海冲浪。,名下持有一套旧两居，置换回款 65% + 个人理财储蓄补充 + 公积金商业贷,重性价比，不盲信大牌，但要求物业管理有序、绿化修剪及时、人防技防规范。,本地常住人口，四季生活规律，度假频次为常规年假出行。
三_2011_01331,三亚,2011,度假投资,41,男,9.9,102.0,0.4,191.3,4,2,是,A,research,0.77,0.45,0.88,0.63,0.58,0.5,0.04,0.04,0.72,投资-短期,两室两厅,125,8333,上市公司退休联合创始人,二胎黄金期中大户型,陆家嘴核心区江景大平层,当前房屋属于旧多层无电梯房，父母年纪渐高每天爬楼梯极为吃力。,要求有超大面宽南向双阳台（观景家政分离），主卧大飘窗能270度直面自然景观。,无需日常通勤，但要求30分钟内快捷通达凤凰机场或高铁站。,周末常去高端商圈消费，热衷打网球和马术，重度手冲咖啡及黑胶唱片发烧友。,名下已有企业股权套现或分红现金，一次性全款付清，基本不加杠杆,非仁恒、绿城、万科等金牌开发商不买，极度看重高端精装质量与顶级物业的增值口碑。,每年11月至次年3月到此度过漫长冬季，极其依赖周边的康养及适老化服务。
三_2011_01332,三亚,2011,度假投资,43,男,11.5,101.4,0.4,190.2,2,2,是,A,research,0.75,0.38,0.81,0.57,0.44,0.41,0,0,0.65,投资-短期,三室两厅,109,11616,高端海景资产收藏家,二胎黄金期中大户型,西湖边高精平层,当前房屋属于旧多层无电梯房，父母年纪渐高每天爬楼梯极为吃力。,要求有超大面宽南向双阳台（观景家政分离），主卧大飘窗能270度直面自然景观。,无需日常通勤，但要求30分钟内快捷通达凤凰机场或高铁站。,周末常去高端商圈消费，热衷打网球和马术，重度手冲咖啡及黑胶唱片发烧友。,名下已有企业股权套现或分红现金，一次性全款付清，基本不加杠杆,重性价比，不盲信大牌，但要求物业管理有序、绿化修剪及时、人防技防规范。,每年11月至次年3月到此度过漫长冬季，极其依赖周边的康养及适老化服务。
三_2011_01333,三亚,2011,度假投资,39,女,10.0,99.1,0.4,185.8,3,1,否,A,research,0.92,0.34,0.8,0.56,0.57,0.49,0.07,0.09,0.71,投资-长持,三室两厅,98,14747,知名中医药连锁投资人,三口之家(学龄段),市中心私密洋房住宅,无高端私密会所及管家式物业配套，圈层鱼龙混杂，高净值居住体验差。,要求有超大面宽南向双阳台（观景家政分离），主卧大飘窗能270度直面自然景观。,无需日常通勤，但要求30分钟内快捷通达凤凰机场或高铁站。,周末常去高端商圈消费，热衷打网球和马术，重度手冲咖啡及黑胶唱片发烧友。,名下已有企业股权套现或分红现金，一次性全款付清，基本不加杠杆,非仁恒、绿城、万科等金牌开发商不买，极度看重高端精装质量与顶级物业的增值口碑。,每年11月至次年3月到此度过漫长冬季，极其依赖周边的康养及适老化服务。
三_2011_01334,三亚,2011,外地候鸟-华北,60,女,5.3,50.0,0.5,75.0,1,0,否,B,network,0.26,0.5,1,0.92,0.53,0.55,0.01,0.06,0.55,养老,两室一厅,74,8986,北京三甲医院退休教授,高知退休康养,三亚中环品质两居，车位及空间极其拥挤,老小区隔音差，邻里滋扰严重，且车位严重匮乏，每晚加班回来抢车位像打仗。,要求独立电梯入户，主次卧动线分明，配备独立保姆房和私密后院。,无需日常通勤，但要求30分钟内快捷通达凤凰机场或高铁站。,崇尚度假慢生活，清晨沙滩漫步，午后椰林下午茶，酷爱轻户外及后海冲浪。,名下持有一套旧两居，置换回款 65% + 个人理财储蓄补充 + 公积金商业贷,重性价比，不盲信大牌，但要求物业管理有序、绿化修剪及时、人防技防规范。,每年11月至次年3月到此度过漫长冬季，极其依赖周边的康养及适老化服务。
三_2011_01335,三亚,2011,本地改善,42,男,2.8,18.4,0.35,39.3,4,0,是,B,agent,0.83,0.54,0.54,0.41,0.44,0.8,0.47,0.78,0.46,自住-改善,一室一厅,93,2865,国企中层管理,成熟期核心家庭,三亚中环品质两居，车位及空间极其拥挤,当前房屋属于旧多层无电梯房，父母年纪渐高每天爬楼梯极为吃力。,讲究超高得房率（超85%），主卧套房必须配备独立步入式衣帽间与干湿分离双卫。,无需日常通勤，但要求30分钟内快捷通达凤凰机场或高铁站。,崇尚度假慢生活，清晨沙滩漫步，午后椰林下午茶，酷爱轻户外及后海冲浪。,名下持有一套旧两居，置换回款 65% + 个人理财储蓄补充 + 公积金商业贷,重性价比，不盲信大牌，但要求物业管理有序、绿化修剪及时、人防技防规范。,本地常住人口，四季生活规律，度假频次为常规年假出行。
三_2011_01336,三亚,2011,本地改善,47,男,1.8,9.9,0.35,21.1,3,2,否,B,agent,0.86,0.45,0.61,0.5,0.39,0.79,0.58,0.65,0.45,自住-改善,两室两厅,74,2526,重点中学高级教师,二胎黄金期中大户型,三亚中环品质两居，车位及空间极其拥挤,小区无地下车库且人车不分流，小孩在楼下玩耍或者推婴儿车极为不安全。,讲究超高得房率（超85%），主卧套房必须配备独立步入式衣帽间与干湿分离双卫。,无需日常通勤，但要求30分钟内快捷通达凤凰机场或高铁站。,崇尚度假慢生活，清晨沙滩漫步，午后椰林下午茶，酷爱轻户外及后海冲浪。,名下持有一套旧两居，置换回款 65% + 个人理财储蓄补充 + 公积金商业贷,重性价比，不盲信大牌，但要求物业管理有序、绿化修剪及时、人防技防规范。,本地常住人口，四季生活规律，度假频次为常规年假出行。
三_2011_01337,三亚,2011,本地改善,32,女,2.9,14.0,0.35,30.0,5,1,否,B,agent,0.87,0.52,0.49,0.39,0.5,0.7,0.33,0.76,0.44,自住-改善,一室一厅,52,3363,重点中学高级教师,三口之家(幼龄段),三亚中环品质两居，车位及空间极其拥挤,小区无地下车库且人车不分流，小孩在楼下玩耍或者推婴儿车极为不安全。,讲究超高得房率（超85%），主卧套房必须配备独立步入式衣帽间与干湿分离双卫。,无需日常通勤，但要求30分钟内快捷通达凤凰机场或高铁站。,崇尚度假慢生活，清晨沙滩漫步，午后椰林下午茶，酷爱轻户外及后海冲浪。,名下持有一套旧两居，置换回款 65% + 个人理财储蓄补充 + 公积金商业贷,重性价比，不盲信大牌，但要求物业管理有序、绿化修剪及时、人防技防规范。,本地常住人口，四季生活规律，度假频次为常规年假出行。
三_2011_01338,三亚,2011,外地候鸟-华北,68,女,5.7,43.9,0.5,65.9,2,0,否,B,network,0.46,0.39,0.86,0.63,0.69,0.64,0,0,0.49,养老,一室一厅,62,7887,北京三甲医院退休教授,高知退休康养,三亚中环品质两居，车位及空间极其拥挤,老小区隔音差，邻里滋扰严重，且车位严重匮乏，每晚加班回来抢车位像打仗。,要求有超大面宽南向双阳台（观景家政分离），主卧大飘窗能270度直面自然景观。,无需日常通勤，但要求30分钟内快捷通达凤凰机场或高铁站。,崇尚度假慢生活，清晨沙滩漫步，午后椰林下午茶，酷爱轻户外及后海冲浪。,名下持有一套旧两居，置换回款 65% + 个人理财储蓄补充 + 公积金商业贷,重性价比，不盲信大牌，但要求物业管理有序、绿化修剪及时、人防技防规范。,每年11月至次年3月到此度过漫长冬季，极其依赖周边的康养及适老化服务。
三_2011_01339,三亚,2011,外地候鸟-东北,61,女,2.3,15.2,0.5,22.9,2,0,否,C,network,0.4,0.68,0.87,0.75,0.52,0.41,0.18,0,0.39,养老,两室一厅,60,2323,沈阳大型重工企业退休副厂长,高知退休康养,与父母同住，三代人拥挤在旧区小户型老房中,老小区隔音差，邻里滋扰严重，且车位严重匮乏，每晚加班回来抢车位像打仗。,要求独立电梯入户，主次卧动线分明，配备独立保姆房和私密后院。,无需日常通勤，但要求30分钟内快捷通达凤凰机场或高铁站。,崇尚度假慢生活，清晨沙滩漫步，午后椰林下午茶，酷爱轻户外及后海冲浪。,名下持有一套旧两居，置换回款 65% + 个人理财储蓄补充 + 公积金商业贷,重性价比，不盲信大牌，但要求物业管理有序、绿化修剪及时、人防技防规范。,每年11月至次年3月到此度过漫长冬季，极其依赖周边的康养及适老化服务。
三_2011_01340,三亚,2011,本地改善,39,男,2.5,17.7,0.35,37.9,4,1,否,B,agent,0.75,0.57,0.6,0.56,0.48,0.9,0.38,0.55,0.51,自住-改善,两室两厅,70,3523,三甲医院主治医师,三口之家(学龄段),三亚中环品质两居，车位及空间极其拥挤,小区无地下车库且人车不分流，小孩在楼下玩耍或者推婴儿车极为不安全。,讲究超高得房率（超85%），主卧套房必须配备独立步入式衣帽间与干湿分离双卫。,无需日常通勤，但要求30分钟内快捷通达凤凰机场或高铁站。,崇尚度假慢生活，清晨沙滩漫步，午后椰林下午茶，酷爱轻户外及后海冲浪。,名下持有一套旧两居，置换回款 65% + 个人理财储蓄补充 + 公积金商业贷,重性价比，不盲信大牌，但要求物业管理有序、绿化修剪及时、人防技防规范。,本地常住人口，四季生活规律，度假频次为常规年假出行。
三_2011_01341,三亚,2011,度假投资,47,女,5.7,39.9,0.4,74.9,3,0,否,A,research,1,0.46,0.83,0.75,0.65,0.46,0,0,0.77,投资-短期,一室一厅,75,8064,知名中医药连锁投资人,成熟期核心家庭,西湖边高精平层,无高端私密会所及管家式物业配套，圈层鱼龙混杂，高净值居住体验差。,要求独立电梯入户，主次卧动线分明，配备独立保姆房和私密后院。,无需日常通勤，但要求30分钟内快捷通达凤凰机场或高铁站。,周末常去高端商圈消费，热衷打网球和马术，重度手冲咖啡及黑胶唱片发烧友。,名下已有企业股权套现或分红现金，一次性全款付清，基本不加杠杆,非仁恒、绿城、万科等金牌开发商不买，极度看重高端精装质量与顶级物业的增值口碑。,每年11月至次年3月到此度过漫长冬季，极其依赖周边的康养及适老化服务。
三_2011_01342,三亚,2011,外地候鸟-华北,74,男,6.3,49.5,0.5,74.3,2,0,否,B,network,0.59,0.48,0.99,0.57,0.69,0.43,0,0.06,0.45,养老,两室两厅,97,4763,高校资深硕导,高知退休康养,三亚中环品质两居，车位及空间极其拥挤,老小区隔音差，邻里滋扰严重，且车位严重匮乏，每晚加班回来抢车位像打仗。,要求有超大面宽南向双阳台（观景家政分离），主卧大飘窗能270度直面自然景观。,无需日常通勤，但要求30分钟内快捷通达凤凰机场或高铁站。,崇尚度假慢生活，清晨沙滩漫步，午后椰林下午茶，酷爱轻户外及后海冲浪。,名下持有一套旧两居，置换回款 65% + 个人理财储蓄补充 + 公积金商业贷,重性价比，不盲信大牌，但要求物业管理有序、绿化修剪及时、人防技防规范。,每年11月至次年3月到此度过漫长冬季，极其依赖周边的康养及适老化服务。
三_2011_01343,三亚,2011,外地候鸟-西北,72,男,4.8,44.4,0.5,66.6,3,1,否,C,network,0.12,0.53,0.89,0.65,0.57,0.37,0,0.1,0.41,养老,两室两厅,80,5284,西安设计院退休总建筑师,三口之家(学龄段),与父母同住，三代人拥挤在旧区小户型老房中,小区无地下车库且人车不分流，小孩在楼下玩耍或者推婴儿车极为不安全。,要求有超大面宽南向双阳台（观景家政分离），主卧大飘窗能270度直面自然景观。,无需日常通勤，但要求30分钟内快捷通达凤凰机场或高铁站。,崇尚度假慢生活，清晨沙滩漫步，午后椰林下午茶，酷爱轻户外及后海冲浪。,名下持有一套旧两居，置换回款 65% + 个人理财储蓄补充 + 公积金商业贷,重性价比，不盲信大牌，但要求物业管理有序、绿化修剪及时、人防技防规范。,每年11月至次年3月到此度过漫长冬季，极其依赖周边的康养及适老化服务。
三_2011_01344,三亚,2011,外地候鸟-西北,72,男,4.4,43.6,0.5,65.5,2,0,否,C,network,0.44,0.48,0.9,0.71,0.34,0.7,0,0,0.48,度假,一室一厅,91,5130,西安设计院退休总建筑师,高知退休康养,与父母同住，三代人拥挤在旧区小户型老房中,老小区隔音差，邻里滋扰严重，且车位严重匮乏，每晚加班回来抢车位像打仗。,要求独立电梯入户，主次卧动线分明，配备独立保姆房和私密后院。,无需日常通勤，但要求30分钟内快捷通达凤凰机场或高铁站。,崇尚度假慢生活，清晨沙滩漫步，午后椰林下午茶，酷爱轻户外及后海冲浪。,名下持有一套旧两居，置换回款 65% + 个人理财储蓄补充 + 公积金商业贷,重性价比，不盲信大牌，但要求物业管理有序、绿化修剪及时、人防技防规范。,每年11月至次年3月到此度过漫长冬季，极其依赖周边的康养及适老化服务。
三_2011_01345,三亚,2011,本地改善,42,男,2.2,14.6,0.35,31.3,3,1,否,B,agent,0.8,0.53,0.72,0.59,0.35,0.85,0.61,0.59,0.33,自住-改善,两室两厅,59,2709,国企中层管理,三口之家(学龄段),三亚中环品质两居，车位及空间极其拥挤,小区无地下车库且人车不分流，小孩在楼下玩耍或者推婴儿车极为不安全。,要求有超大面宽南向双阳台（观景家政分离），主卧大飘窗能270度直面自然景观。,无需日常通勤，但要求30分钟内快捷通达凤凰机场或高铁站。,崇尚度假慢生活，清晨沙滩漫步，午后椰林下午茶，酷爱轻户外及后海冲浪。,名下持有一套旧两居，置换回款 65% + 个人理财储蓄补充 + 公积金商业贷,重性价比，不盲信大牌，但要求物业管理有序、绿化修剪及时、人防技防规范。,本地常住人口，四季生活规律，度假频次为常规年假出行。
三_2011_01346,三亚,2011,度假投资,43,男,6.2,58.4,0.4,109.5,4,1,否,A,research,0.76,0.45,0.77,0.56,0.58,0.48,0.03,0.07,0.76,度假,一室一厅,90,8726,知名中医药连锁投资人,三口之家(学龄段),西湖边高精平层,无高端私密会所及管家式物业配套，圈层鱼龙混杂，高净值居住体验差。,要求有超大面宽南向双阳台（观景家政分离），主卧大飘窗能270度直面自然景观。,无需日常通勤，但要求30分钟内快捷通达凤凰机场或高铁站。,周末常去高端商圈消费，热衷打网球和马术，重度手冲咖啡及黑胶唱片发烧友。,名下已有企业股权套现或分红现金，一次性全款付清，基本不加杠杆,非仁恒、绿城、万科等金牌开发商不买，极度看重高端精装质量与顶级物业的增值口碑。,每年11月至次年3月到此度过漫长冬季，极其依赖周边的康养及适老化服务。
三_2011_01347,三亚,2011,外地候鸟-东北,63,男,2.5,22.1,0.5,33.2,3,0,是,C,network,0.53,0.56,1,0.74,0.54,0.43,0,0,0.52,养老,两室一厅,62,3656,哈尔滨私营物流老板,高知退休康养,与父母同住，三代人拥挤在旧区小户型老房中,当前房屋属于旧多层无电梯房，父母年纪渐高每天爬楼梯极为吃力。,要求独立电梯入户，主次卧动线分明，配备独立保姆房和私密后院。,无需日常通勤，但要求30分钟内快捷通达凤凰机场或高铁站。,崇尚度假慢生活，清晨沙滩漫步，午后椰林下午茶，酷爱轻户外及后海冲浪。,名下持有一套旧两居，置换回款 65% + 个人理财储蓄补充 + 公积金商业贷,重性价比，不盲信大牌，但要求物业管理有序、绿化修剪及时、人防技防规范。,每年11月至次年3月到此度过漫长冬季，极其依赖周边的康养及适老化服务。
三_2011_01348,三亚,2011,本地改善,48,男,3.0,16.2,0.35,34.6,4,1,是,B,agent,0.52,0.67,0.72,0.47,0.44,0.62,0.66,0.65,0.52,自住-改善,两室两厅,67,3449,智能新能源车企研发骨干,三口之家(学龄段),三亚中环品质两居，车位及空间极其拥挤,小区无地下车库且人车不分流，小孩在楼下玩耍或者推婴儿车极为不安全。,要求有超大面宽南向双阳台（观景家政分离），主卧大飘窗能270度直面自然景观。,无需日常通勤，但要求30分钟内快捷通达凤凰机场或高铁站。,崇尚度假慢生活，清晨沙滩漫步，午后椰林下午茶，酷爱轻户外及后海冲浪。,名下持有一套旧两居，置换回款 65% + 个人理财储蓄补充 + 公积金商业贷,重性价比，不盲信大牌，但要求物业管理有序、绿化修剪及时、人防技防规范。,本地常住人口，四季生活规律，度假频次为常规年假出行。
三_2011_01349,三亚,2011,本地改善,40,男,2.9,15.8,0.35,33.9,4,1,否,B,agent,1,0.48,0.51,0.57,0.36,0.64,0.48,0.82,0.47,自住-改善,两室两厅,52,3596,智能新能源车企研发骨干,三口之家(学龄段),三亚中环品质两居，车位及空间极其拥挤,小区无地下车库且人车不分流，小孩在楼下玩耍或者推婴儿车极为不安全。,核心要求地块属于第一梯队名校学区，且周边500米内解决幼小衔接教育配套。,无需日常通勤，但要求30分钟内快捷通达凤凰机场或高铁站。,崇尚度假慢生活，清晨沙滩漫步，午后椰林下午茶，酷爱轻户外及后海冲浪。,名下持有一套旧两居，置换回款 65% + 个人理财储蓄补充 + 公积金商业贷,重性价比，不盲信大牌，但要求物业管理有序、绿化修剪及时、人防技防规范。,本地常住人口，四季生活规律，度假频次为常规年假出行。
三_2011_01350,三亚,2011,外地候鸟-华北,73,女,1.8,12.5,0.5,18.7,2,0,否,B,network,0.79,0.63,1,0.63,0.49,0.52,0,0,0.55,度假,一室一厅,100,991,高校资深硕导,高知退休康养,三亚中环品质两居，车位及空间极其拥挤,老小区隔音差，邻里滋扰严重，且车位严重匮乏，每晚加班回来抢车位像打仗。,要求有超大面宽南向双阳台（观景家政分离），主卧大飘窗能270度直面自然景观。,无需日常通勤，但要求30分钟内快捷通达凤凰机场或高铁站。,崇尚度假慢生活，清晨沙滩漫步，午后椰林下午茶，酷爱轻户外及后海冲浪。,名下持有一套旧两居，置换回款 65% + 个人理财储蓄补充 + 公积金商业贷,重性价比，不盲信大牌，但要求物业管理有序、绿化修剪及时、人防技防规范。,每年11月至次年3月到此度过漫长冬季，极其依赖周边的康养及适老化服务。
三_2011_01351,三亚,2011,外地候鸟-华北,65,男,2.2,14.5,0.5,21.8,2,0,是,B,network,0.73,0.56,0.85,0.7,0.57,0.72,0.1,0.15,0.66,度假,两室两厅,57,3252,央企总部退休总工,高知退休康养,三亚中环品质两居，车位及空间极其拥挤,当前房屋属于旧多层无电梯房，父母年纪渐高每天爬楼梯极为吃力。,要求有超大面宽南向双阳台（观景家政分离），主卧大飘窗能270度直面自然景观。,无需日常通勤，但要求30分钟内快捷通达凤凰机场或高铁站。,崇尚度假慢生活，清晨沙滩漫步，午后椰林下午茶，酷爱轻户外及后海冲浪。,名下持有一套旧两居，置换回款 65% + 个人理财储蓄补充 + 公积金商业贷,重性价比，不盲信大牌，但要求物业管理有序、绿化修剪及时、人防技防规范。,每年11月至次年3月到此度过漫长冬季，极其依赖周边的康养及适老化服务。
三_2011_01352,三亚,2011,外地候鸟-东北,65,男,2.1,12.2,0.5,18.3,2,0,否,C,network,0.67,0.62,0.8,0.67,0.58,0.61,0.09,0,0.6,度假,一室一厅,82,1191,哈尔滨高校退休处长,高知退休康养,与父母同住，三代人拥挤在旧区小户型老房中,老小区隔音差，邻里滋扰严重，且车位严重匮乏，每晚加班回来抢车位像打仗。,要求有超大面宽南向双阳台（观景家政分离），主卧大飘窗能270度直面自然景观。,无需日常通勤，但要求30分钟内快捷通达凤凰机场或高铁站。,崇尚度假慢生活，清晨沙滩漫步，午后椰林下午茶，酷爱轻户外及后海冲浪。,名下持有一套旧两居，置换回款 65% + 个人理财储蓄补充 + 公积金商业贷,重性价比，不盲信大牌，但要求物业管理有序、绿化修剪及时、人防技防规范。,每年11月至次年3月到此度过漫长冬季，极其依赖周边的康养及适老化服务。
三_2011_01353,三亚,2011,外地候鸟-东北,60,男,2.1,13.1,0.5,19.7,1,1,是,C,network,0.46,0.66,0.87,0.74,0.43,0.5,0,0,0.44,养老,两室一厅,88,1321,哈尔滨高校退休处长,三口之家(学龄段),与父母同住，三代人拥挤在旧区小户型老房中,小区无地下车库且人车不分流，小孩在楼下玩耍或者推婴儿车极为不安全。,要求独立电梯入户，主次卧动线分明，配备独立保姆房和私密后院。,无需日常通勤，但要求30分钟内快捷通达凤凰机场或高铁站。,崇尚度假慢生活，清晨沙滩漫步，午后椰林下午茶，酷爱轻户外及后海冲浪。,名下持有一套旧两居，置换回款 65% + 个人理财储蓄补充 + 公积金商业贷,重性价比，不盲信大牌，但要求物业管理有序、绿化修剪及时、人防技防规范。,每年11月至次年3月到此度过漫长冬季，极其依赖周边的康养及适老化服务。
三_2011_01354,三亚,2011,本地改善,42,女,2.0,12.5,0.35,26.9,3,1,否,B,agent,0.77,0.53,0.57,0.44,0.41,0.74,0.45,0.64,0.44,自住-改善,一室一厅,91,2381,重点中学高级教师,三口之家(学龄段),三亚中环品质两居，车位及空间极其拥挤,小区无地下车库且人车不分流，小孩在楼下玩耍或者推婴儿车极为不安全。,讲究超高得房率（超85%），主卧套房必须配备独立步入式衣帽间与干湿分离双卫。,无需日常通勤，但要求30分钟内快捷通达凤凰机场或高铁站。,崇尚度假慢生活，清晨沙滩漫步，午后椰林下午茶，酷爱轻户外及后海冲浪。,名下持有一套旧两居，置换回款 65% + 个人理财储蓄补充 + 公积金商业贷,重性价比，不盲信大牌，但要求物业管理有序、绿化修剪及时、人防技防规范。,本地常住人口，四季生活规律，度假频次为常规年假出行。
三_2011_01355,三亚,2011,度假投资,55,女,6.0,57.1,0.4,107.0,2,2,否,A,research,0.88,0.41,0.84,0.71,0.56,0.64,0,0,0.65,投资-长持,两室一厅,89,6044,知名中医药连锁投资人,二胎黄金期中大户型,西湖边高精平层,无高端私密会所及管家式物业配套，圈层鱼龙混杂，高净值居住体验差。,要求独立电梯入户，主次卧动线分明，配备独立保姆房和私密后院。,无需日常通勤，但要求30分钟内快捷通达凤凰机场或高铁站。,周末常去高端商圈消费，热衷打网球和马术，重度手冲咖啡及黑胶唱片发烧友。,名下已有企业股权套现或分红现金，一次性全款付清，基本不加杠杆,重性价比，不盲信大牌，但要求物业管理有序、绿化修剪及时、人防技防规范。,每年11月至次年3月到此度过漫长冬季，极其依赖周边的康养及适老化服务。
三_2011_01356,三亚,2011,外地候鸟-华北,66,女,3.5,32.6,0.5,48.9,2,0,否,B,network,0.52,0.62,0.98,0.59,0.59,0.54,0,0,0.49,度假,一室一厅,68,4615,央企总部退休总工,高知退休康养,三亚中环品质两居，车位及空间极其拥挤,老小区隔音差，邻里滋扰严重，且车位严重匮乏，每晚加班回来抢车位像打仗。,要求有超大面宽南向双阳台（观景家政分离），主卧大飘窗能270度直面自然景观。,无需日常通勤，但要求30分钟内快捷通达凤凰机场或高铁站。,崇尚度假慢生活，清晨沙滩漫步，午后椰林下午茶，酷爱轻户外及后海冲浪。,名下持有一套旧两居，置换回款 65% + 个人理财储蓄补充 + 公积金商业贷,重性价比，不盲信大牌，但要求物业管理有序、绿化修剪及时、人防技防规范。,每年11月至次年3月到此度过漫长冬季，极其依赖周边的康养及适老化服务。
三_2011_01357,三亚,2011,外地候鸟-西北,65,男,3.6,23.8,0.5,35.7,1,0,否,C,network,0.19,0.68,0.87,0.78,0.42,0.58,0,0.02,0.57,度假,两室两厅,55,3717,兰州煤炭物流运输企业主,高知退休康养,与父母同住，三代人拥挤在旧区小户型老房中,老小区隔音差，邻里滋扰严重，且车位严重匮乏，每晚加班回来抢车位像打仗。,要求独立电梯入户，主次卧动线分明，配备独立保姆房和私密后院。,无需日常通勤，但要求30分钟内快捷通达凤凰机场或高铁站。,崇尚度假慢生活，清晨沙滩漫步，午后椰林下午茶，酷爱轻户外及后海冲浪。,名下持有一套旧两居，置换回款 65% + 个人理财储蓄补充 + 公积金商业贷,重性价比，不盲信大牌，但要求物业管理有序、绿化修剪及时、人防技防规范。,每年11月至次年3月到此度过漫长冬季，极其依赖周边的康养及适老化服务。
三_2011_01358,三亚,2011,外地候鸟-华北,64,女,3.3,21.8,0.5,32.7,2,0,否,B,network,0.26,0.45,1,0.76,0.46,0.64,0,0.03,0.54,度假,两室一厅,82,3183,北京三甲医院退休教授,高知退休康养,三亚中环品质两居，车位及空间极其拥挤,老小区隔音差，邻里滋扰严重，且车位严重匮乏，每晚加班回来抢车位像打仗。,要求独立电梯入户，主次卧动线分明，配备独立保姆房和私密后院。,无需日常通勤，但要求30分钟内快捷通达凤凰机场或高铁站。,崇尚度假慢生活，清晨沙滩漫步，午后椰林下午茶，酷爱轻户外及后海冲浪。,名下持有一套旧两居，置换回款 65% + 个人理财储蓄补充 + 公积金商业贷,重性价比，不盲信大牌，但要求物业管理有序、绿化修剪及时、人防技防规范。,每年11月至次年3月到此度过漫长冬季，极其依赖周边的康养及适老化服务。
三_2011_01359,三亚,2011,度假投资,43,女,12.9,125.3,0.4,235.0,4,1,否,A,research,0.76,0.39,0.78,0.63,0.62,0.44,0,0.03,0.84,投资-长持,三室两厅,96,19233,高端海景资产收藏家,三口之家(学龄段),西湖边高精平层,无高端私密会所及管家式物业配套，圈层鱼龙混杂，高净值居住体验差。,要求有超大面宽南向双阳台（观景家政分离），主卧大飘窗能270度直面自然景观。,无需日常通勤，但要求30分钟内快捷通达凤凰机场或高铁站。,周末常去高端商圈消费，热衷打网球和马术，重度手冲咖啡及黑胶唱片发烧友。,名下已有企业股权套现或分红现金，一次性全款付清，基本不加杠杆,非仁恒、绿城、万科等金牌开发商不买，极度看重高端精装质量与顶级物业的增值口碑。,每年11月至次年3月到此度过漫长冬季，极其依赖周边的康养及适老化服务。
三_2011_01360,三亚,2011,度假投资,40,女,7.9,67.0,0.4,125.6,2,1,否,A,research,0.82,0.3,0.85,0.58,0.63,0.45,0.04,0.08,0.84,投资-长持,两室两厅,99,8550,知名中医药连锁投资人,三口之家(学龄段),市中心私密洋房住宅,无高端私密会所及管家式物业配套，圈层鱼龙混杂，高净值居住体验差。,要求有超大面宽南向双阳台（观景家政分离），主卧大飘窗能270度直面自然景观。,无需日常通勤，但要求30分钟内快捷通达凤凰机场或高铁站。,周末常去高端商圈消费，热衷打网球和马术，重度手冲咖啡及黑胶唱片发烧友。,名下已有企业股权套现或分红现金，一次性全款付清，基本不加杠杆,非仁恒、绿城、万科等金牌开发商不买，极度看重高端精装质量与顶级物业的增值口碑。,每年11月至次年3月到此度过漫长冬季，极其依赖周边的康养及适老化服务。
三_2011_01361,三亚,2011,本地改善,47,女,3.1,14.5,0.35,31.2,4,1,是,B,agent,0.86,0.78,0.63,0.47,0.33,0.72,0.34,0.71,0.43,自住-改善,一室一厅,90,1908,重点中学高级教师,三口之家(学龄段),三亚中环品质两居，车位及空间极其拥挤,小区无地下车库且人车不分流，小孩在楼下玩耍或者推婴儿车极为不安全。,讲究超高得房率（超85%），主卧套房必须配备独立步入式衣帽间与干湿分离双卫。,无需日常通勤，但要求30分钟内快捷通达凤凰机场或高铁站。,崇尚度假慢生活，清晨沙滩漫步，午后椰林下午茶，酷爱轻户外及后海冲浪。,名下持有一套旧两居，置换回款 65% + 个人理财储蓄补充 + 公积金商业贷,重性价比，不盲信大牌，但要求物业管理有序、绿化修剪及时、人防技防规范。,本地常住人口，四季生活规律，度假频次为常规年假出行。
三_2011_01362,三亚,2011,外地候鸟-西北,58,女,1.9,15.9,0.5,23.9,3,0,否,C,network,0.26,0.62,0.83,0.73,0.5,0.51,0,0,0.66,度假,两室一厅,63,2939,兰州煤炭物流运输企业主,高知退休康养,与父母同住，三代人拥挤在旧区小户型老房中,老小区隔音差，邻里滋扰严重，且车位严重匮乏，每晚加班回来抢车位像打仗。,要求独立电梯入户，主次卧动线分明，配备独立保姆房和私密后院。,无需日常通勤，但要求30分钟内快捷通达凤凰机场或高铁站。,崇尚度假慢生活，清晨沙滩漫步，午后椰林下午茶，酷爱轻户外及后海冲浪。,名下持有一套旧两居，置换回款 65% + 个人理财储蓄补充 + 公积金商业贷,重性价比，不盲信大牌，但要求物业管理有序、绿化修剪及时、人防技防规范。,每年11月至次年3月到此度过漫长冬季，极其依赖周边的康养及适老化服务。
三_2011_01363,三亚,2011,外地候鸟-西北,58,女,2.6,20.7,0.5,31.0,2,0,否,C,network,0.42,0.45,0.96,0.54,0.53,0.47,0,0,0.44,养老,一室一厅,80,2515,西安设计院退休总建筑师,高知退休康养,与父母同住，三代人拥挤在旧区小户型老房中,老小区隔音差，邻里滋扰严重，且车位严重匮乏，每晚加班回来抢车位像打仗。,要求有超大面宽南向双阳台（观景家政分离），主卧大飘窗能270度直面自然景观。,无需日常通勤，但要求30分钟内快捷通达凤凰机场或高铁站。,崇尚度假慢生活，清晨沙滩漫步，午后椰林下午茶，酷爱轻户外及后海冲浪。,名下持有一套旧两居，置换回款 65% + 个人理财储蓄补充 + 公积金商业贷,重性价比，不盲信大牌，但要求物业管理有序、绿化修剪及时、人防技防规范。,每年11月至次年3月到此度过漫长冬季，极其依赖周边的康养及适老化服务。
三_2011_01364,三亚,2011,外地候鸟-东北,74,女,4.1,31.1,0.5,46.7,3,0,否,C,network,0.23,0.5,1,0.71,0.43,0.48,0.06,0,0.52,度假,两室两厅,78,4085,哈尔滨私营物流老板,高知退休康养,与父母同住，三代人拥挤在旧区小户型老房中,老小区隔音差，邻里滋扰严重，且车位严重匮乏，每晚加班回来抢车位像打仗。,要求独立电梯入户，主次卧动线分明，配备独立保姆房和私密后院。,无需日常通勤，但要求30分钟内快捷通达凤凰机场或高铁站。,崇尚度假慢生活，清晨沙滩漫步，午后椰林下午茶，酷爱轻户外及后海冲浪。,名下持有一套旧两居，置换回款 65% + 个人理财储蓄补充 + 公积金商业贷,重性价比，不盲信大牌，但要求物业管理有序、绿化修剪及时、人防技防规范。,每年11月至次年3月到此度过漫长冬季，极其依赖周边的康养及适老化服务。
三_2011_01365,三亚,2011,外地候鸟-西北,69,男,2.5,23.4,0.5,35.0,1,1,是,C,network,0.53,0.6,0.88,0.63,0.54,0.56,0.06,0,0.56,养老,两室一厅,61,4412,西安设计院退休总建筑师,三口之家(学龄段),与父母同住，三代人拥挤在旧区小户型老房中,小区无地下车库且人车不分流，小孩在楼下玩耍或者推婴儿车极为不安全。,要求有超大面宽南向双阳台（观景家政分离），主卧大飘窗能270度直面自然景观。,无需日常通勤，但要求30分钟内快捷通达凤凰机场或高铁站。,崇尚度假慢生活，清晨沙滩漫步，午后椰林下午茶，酷爱轻户外及后海冲浪。,名下持有一套旧两居，置换回款 65% + 个人理财储蓄补充 + 公积金商业贷,重性价比，不盲信大牌，但要求物业管理有序、绿化修剪及时、人防技防规范。,每年11月至次年3月到此度过漫长冬季，极其依赖周边的康养及适老化服务。
三_2011_01366,三亚,2011,度假投资,41,女,10.4,131.2,0.4,246.1,1,1,否,A,research,0.88,0.42,0.76,0.49,0.58,0.45,0.13,0,0.74,投资-短期,三室两厅,115,18469,上市公司退休联合创始人,三口之家(学龄段),陆家嘴核心区江景大平层,无高端私密会所及管家式物业配套，圈层鱼龙混杂，高净值居住体验差。,要求有超大面宽南向双阳台（观景家政分离），主卧大飘窗能270度直面自然景观。,无需日常通勤，但要求30分钟内快捷通达凤凰机场或高铁站。,周末常去高端商圈消费，热衷打网球和马术，重度手冲咖啡及黑胶唱片发烧友。,名下已有企业股权套现或分红现金，一次性全款付清，基本不加杠杆,非仁恒、绿城、万科等金牌开发商不买，极度看重高端精装质量与顶级物业的增值口碑。,每年11月至次年3月到此度过漫长冬季，极其依赖周边的康养及适老化服务。
三_2011_01367,三亚,2011,外地候鸟-东北,67,女,5.4,36.4,0.5,54.7,1,0,否,C,network,0.28,0.63,0.87,0.71,0.41,0.48,0,0,0.55,度假,两室两厅,50,6051,哈尔滨私营物流老板,高知退休康养,与父母同住，三代人拥挤在旧区小户型老房中,老小区隔音差，邻里滋扰严重，且车位严重匮乏，每晚加班回来抢车位像打仗。,要求独立电梯入户，主次卧动线分明，配备独立保姆房和私密后院。,无需日常通勤，但要求30分钟内快捷通达凤凰机场或高铁站。,崇尚度假慢生活，清晨沙滩漫步，午后椰林下午茶，酷爱轻户外及后海冲浪。,名下持有一套旧两居，置换回款 65% + 个人理财储蓄补充 + 公积金商业贷,重性价比，不盲信大牌，但要求物业管理有序、绿化修剪及时、人防技防规范。,每年11月至次年3月到此度过漫长冬季，极其依赖周边的康养及适老化服务。
三_2011_01368,三亚,2011,度假投资,49,女,6.3,49.5,0.4,92.8,3,2,否,A,research,0.9,0.35,0.91,0.6,0.56,0.54,0,0.11,0.68,投资-短期,两室一厅,87,7656,知名中医药连锁投资人,二胎黄金期中大户型,西湖边高精平层,无高端私密会所及管家式物业配套，圈层鱼龙混杂，高净值居住体验差。,要求有超大面宽南向双阳台（观景家政分离），主卧大飘窗能270度直面自然景观。,无需日常通勤，但要求30分钟内快捷通达凤凰机场或高铁站。,周末常去高端商圈消费，热衷打网球和马术，重度手冲咖啡及黑胶唱片发烧友。,名下已有企业股权套现或分红现金，一次性全款付清，基本不加杠杆,重性价比，不盲信大牌，但要求物业管理有序、绿化修剪及时、人防技防规范。,每年11月至次年3月到此度过漫长冬季，极其依赖周边的康养及适老化服务。
三_2011_01369,三亚,2011,外地候鸟-西北,55,女,3.5,22.9,0.5,34.3,3,0,否,C,network,0.39,0.69,1,0.7,0.6,0.44,0.06,0,0.4,度假,一室一厅,89,3435,西安设计院退休总建筑师,高知退休康养,与父母同住，三代人拥挤在旧区小户型老房中,老小区隔音差，邻里滋扰严重，且车位严重匮乏，每晚加班回来抢车位像打仗。,要求独立电梯入户，主次卧动线分明，配备独立保姆房和私密后院。,无需日常通勤，但要求30分钟内快捷通达凤凰机场或高铁站。,崇尚度假慢生活，清晨沙滩漫步，午后椰林下午茶，酷爱轻户外及后海冲浪。,名下持有一套旧两居，置换回款 65% + 个人理财储蓄补充 + 公积金商业贷,重性价比，不盲信大牌，但要求物业管理有序、绿化修剪及时、人防技防规范。,每年11月至次年3月到此度过漫长冬季，极其依赖周边的康养及适老化服务。
三_2011_01370,三亚,2011,本地改善,30,女,2.6,15.7,0.35,33.6,4,1,否,B,agent,0.58,0.57,0.62,0.41,0.47,0.7,0.56,0.74,0.43,自住-改善,一室一厅,66,3034,区级税务局一级主办,三口之家(幼龄段),三亚中环品质两居，车位及空间极其拥挤,小区无地下车库且人车不分流，小孩在楼下玩耍或者推婴儿车极为不安全。,讲究超高得房率（超85%），主卧套房必须配备独立步入式衣帽间与干湿分离双卫。,无需日常通勤，但要求30分钟内快捷通达凤凰机场或高铁站。,崇尚度假慢生活，清晨沙滩漫步，午后椰林下午茶，酷爱轻户外及后海冲浪。,名下持有一套旧两居，置换回款 65% + 个人理财储蓄补充 + 公积金商业贷,重性价比，不盲信大牌，但要求物业管理有序、绿化修剪及时、人防技防规范。,本地常住人口，四季生活规律，度假频次为常规年假出行。
三_2011_01371,三亚,2011,度假投资,42,男,6.8,69.9,0.4,131.0,4,1,是,A,research,0.82,0.4,0.93,0.7,0.61,0.38,0.05,0,0.83,投资-短期,一室一厅,91,11766,上市公司退休联合创始人,三口之家(学龄段),市中心私密洋房住宅,当前房屋属于旧多层无电梯房，父母年纪渐高每天爬楼梯极为吃力。,要求有超大面宽南向双阳台（观景家政分离），主卧大飘窗能270度直面自然景观。,无需日常通勤，但要求30分钟内快捷通达凤凰机场或高铁站。,周末常去高端商圈消费，热衷打网球和马术，重度手冲咖啡及黑胶唱片发烧友。,名下已有企业股权套现或分红现金，一次性全款付清，基本不加杠杆,非仁恒、绿城、万科等金牌开发商不买，极度看重高端精装质量与顶级物业的增值口碑。,每年11月至次年3月到此度过漫长冬季，极其依赖周边的康养及适老化服务。
三_2011_01372,三亚,2011,外地候鸟-华北,57,男,5.7,39.9,0.5,59.9,2,0,是,B,network,0.68,0.67,1,0.66,0.56,0.4,0,0.2,0.55,养老,一室一厅,59,6278,高校资深硕导,高知退休康养,三亚中环品质两居，车位及空间极其拥挤,当前房屋属于旧多层无电梯房，父母年纪渐高每天爬楼梯极为吃力。,要求有超大面宽南向双阳台（观景家政分离），主卧大飘窗能270度直面自然景观。,无需日常通勤，但要求30分钟内快捷通达凤凰机场或高铁站。,崇尚度假慢生活，清晨沙滩漫步，午后椰林下午茶，酷爱轻户外及后海冲浪。,名下持有一套旧两居，置换回款 65% + 个人理财储蓄补充 + 公积金商业贷,重性价比，不盲信大牌，但要求物业管理有序、绿化修剪及时、人防技防规范。,每年11月至次年3月到此度过漫长冬季，极其依赖周边的康养及适老化服务。
三_2011_01373,三亚,2011,外地候鸟-东北,63,女,3.3,23.9,0.5,35.9,1,0,否,C,network,0,0.6,0.86,0.74,0.44,0.44,0.04,0,0.43,养老,两室一厅,79,2916,沈阳大型重工企业退休副厂长,高知退休康养,与父母同住，三代人拥挤在旧区小户型老房中,老小区隔音差，邻里滋扰严重，且车位严重匮乏，每晚加班回来抢车位像打仗。,要求独立电梯入户，主次卧动线分明，配备独立保姆房和私密后院。,无需日常通勤，但要求30分钟内快捷通达凤凰机场或高铁站。,崇尚度假慢生活，清晨沙滩漫步，午后椰林下午茶，酷爱轻户外及后海冲浪。,名下持有一套旧两居，置换回款 65% + 个人理财储蓄补充 + 公积金商业贷,重性价比，不盲信大牌，但要求物业管理有序、绿化修剪及时、人防技防规范。,每年11月至次年3月到此度过漫长冬季，极其依赖周边的康养及适老化服务。
三_2011_01374,三亚,2011,度假投资,42,女,8.7,99.4,0.4,186.3,3,1,是,A,research,0.84,0.32,0.98,0.58,0.54,0.38,0.08,0.04,0.78,度假,三室一厅,112,10921,上市公司退休联合创始人,三口之家(学龄段),陆家嘴核心区江景大平层,当前房屋属于旧多层无电梯房，父母年纪渐高每天爬楼梯极为吃力。,要求有超大面宽南向双阳台（观景家政分离），主卧大飘窗能270度直面自然景观。,无需日常通勤，但要求30分钟内快捷通达凤凰机场或高铁站。,周末常去高端商圈消费，热衷打网球和马术，重度手冲咖啡及黑胶唱片发烧友。,名下已有企业股权套现或分红现金，一次性全款付清，基本不加杠杆,非仁恒、绿城、万科等金牌开发商不买，极度看重高端精装质量与顶级物业的增值口碑。,每年11月至次年3月到此度过漫长冬季，极其依赖周边的康养及适老化服务。
三_2011_01375,三亚,2011,本地改善,46,男,4.1,21.5,0.35,46.0,4,1,否,B,agent,0.75,0.46,0.6,0.37,0.49,0.81,0.64,0.72,0.45,自住-改善,两室两厅,50,7047,三甲医院主治医师,三口之家(学龄段),三亚中环品质两居，车位及空间极其拥挤,小区无地下车库且人车不分流，小孩在楼下玩耍或者推婴儿车极为不安全。,讲究超高得房率（超85%），主卧套房必须配备独立步入式衣帽间与干湿分离双卫。,无需日常通勤，但要求30分钟内快捷通达凤凰机场或高铁站。,崇尚度假慢生活，清晨沙滩漫步，午后椰林下午茶，酷爱轻户外及后海冲浪。,名下持有一套旧两居，置换回款 65% + 个人理财储蓄补充 + 公积金商业贷,重性价比，不盲信大牌，但要求物业管理有序、绿化修剪及时、人防技防规范。,本地常住人口，四季生活规律，度假频次为常规年假出行。
三_2011_01376,三亚,2011,本地改善,44,男,3.8,22.2,0.35,47.6,4,2,是,B,agent,0.84,0.53,0.79,0.35,0.44,0.67,0.56,0.53,0.57,自住-改善,两室一厅,57,6697,国企中层管理,二胎黄金期中大户型,三亚中环品质两居，车位及空间极其拥挤,小区无地下车库且人车不分流，小孩在楼下玩耍或者推婴儿车极为不安全。,要求有超大面宽南向双阳台（观景家政分离），主卧大飘窗能270度直面自然景观。,无需日常通勤，但要求30分钟内快捷通达凤凰机场或高铁站。,崇尚度假慢生活，清晨沙滩漫步，午后椰林下午茶，酷爱轻户外及后海冲浪。,名下持有一套旧两居，置换回款 65% + 个人理财储蓄补充 + 公积金商业贷,重性价比，不盲信大牌，但要求物业管理有序、绿化修剪及时、人防技防规范。,本地常住人口，四季生活规律，度假频次为常规年假出行。
三_2011_01377,三亚,2011,外地候鸟-华北,56,女,2.5,19.1,0.5,28.6,3,0,否,B,network,0.33,0.63,1,0.72,0.64,0.43,0,0,0.58,度假,两室两厅,98,2262,央企总部退休总工,高知退休康养,三亚中环品质两居，车位及空间极其拥挤,老小区隔音差，邻里滋扰严重，且车位严重匮乏，每晚加班回来抢车位像打仗。,要求独立电梯入户，主次卧动线分明，配备独立保姆房和私密后院。,无需日常通勤，但要求30分钟内快捷通达凤凰机场或高铁站。,崇尚度假慢生活，清晨沙滩漫步，午后椰林下午茶，酷爱轻户外及后海冲浪。,名下持有一套旧两居，置换回款 65% + 个人理财储蓄补充 + 公积金商业贷,重性价比，不盲信大牌，但要求物业管理有序、绿化修剪及时、人防技防规范。,每年11月至次年3月到此度过漫长冬季，极其依赖周边的康养及适老化服务。
三_2011_01378,三亚,2011,外地候鸟-西北,74,男,3.3,21.0,0.5,31.5,1,0,否,C,network,0.37,0.68,0.85,0.65,0.57,0.53,0.03,0.2,0.46,养老,一室一厅,78,2540,兰州煤炭物流运输企业主,高知退休康养,与父母同住，三代人拥挤在旧区小户型老房中,老小区隔音差，邻里滋扰严重，且车位严重匮乏，每晚加班回来抢车位像打仗。,要求有超大面宽南向双阳台（观景家政分离），主卧大飘窗能270度直面自然景观。,无需日常通勤，但要求30分钟内快捷通达凤凰机场或高铁站。,崇尚度假慢生活，清晨沙滩漫步，午后椰林下午茶，酷爱轻户外及后海冲浪。,名下持有一套旧两居，置换回款 65% + 个人理财储蓄补充 + 公积金商业贷,重性价比，不盲信大牌，但要求物业管理有序、绿化修剪及时、人防技防规范。,每年11月至次年3月到此度过漫长冬季，极其依赖周边的康养及适老化服务。
三_2011_01379,三亚,2011,外地候鸟-东北,66,女,2.9,20.3,0.5,30.5,2,1,否,C,network,0.44,0.61,0.88,0.7,0.66,0.39,0.06,0,0.56,养老,一室一厅,71,3309,哈尔滨私营物流老板,三口之家(学龄段),与父母同住，三代人拥挤在旧区小户型老房中,小区无地下车库且人车不分流，小孩在楼下玩耍或者推婴儿车极为不安全。,要求独立电梯入户，主次卧动线分明，配备独立保姆房和私密后院。,无需日常通勤，但要求30分钟内快捷通达凤凰机场或高铁站。,崇尚度假慢生活，清晨沙滩漫步，午后椰林下午茶，酷爱轻户外及后海冲浪。,名下持有一套旧两居，置换回款 65% + 个人理财储蓄补充 + 公积金商业贷,重性价比，不盲信大牌，但要求物业管理有序、绿化修剪及时、人防技防规范。,每年11月至次年3月到此度过漫长冬季，极其依赖周边的康养及适老化服务。
三_2011_01380,三亚,2011,外地候鸟-华北,56,女,4.2,43.4,0.5,65.2,2,0,是,B,network,0.79,0.7,0.92,0.59,0.59,0.4,0,0.14,0.57,度假,两室两厅,72,6191,高校资深硕导,高知退休康养,三亚中环品质两居，车位及空间极其拥挤,当前房屋属于旧多层无电梯房，父母年纪渐高每天爬楼梯极为吃力。,要求有超大面宽南向双阳台（观景家政分离），主卧大飘窗能270度直面自然景观。,无需日常通勤，但要求30分钟内快捷通达凤凰机场或高铁站。,崇尚度假慢生活，清晨沙滩漫步，午后椰林下午茶，酷爱轻户外及后海冲浪。,名下持有一套旧两居，置换回款 65% + 个人理财储蓄补充 + 公积金商业贷,重性价比，不盲信大牌，但要求物业管理有序、绿化修剪及时、人防技防规范。,每年11月至次年3月到此度过漫长冬季，极其依赖周边的康养及适老化服务。
三_2011_01381,三亚,2011,外地候鸟-东北,70,男,2.5,15.4,0.5,23.2,1,1,否,C,network,0.21,0.59,0.82,0.68,0.44,0.56,0.04,0.1,0.49,度假,一室一厅,80,1781,哈尔滨高校退休处长,三口之家(学龄段),与父母同住，三代人拥挤在旧区小户型老房中,小区无地下车库且人车不分流，小孩在楼下玩耍或者推婴儿车极为不安全。,要求有超大面宽南向双阳台（观景家政分离），主卧大飘窗能270度直面自然景观。,无需日常通勤，但要求30分钟内快捷通达凤凰机场或高铁站。,崇尚度假慢生活，清晨沙滩漫步，午后椰林下午茶，酷爱轻户外及后海冲浪。,名下持有一套旧两居，置换回款 65% + 个人理财储蓄补充 + 公积金商业贷,重性价比，不盲信大牌，但要求物业管理有序、绿化修剪及时、人防技防规范。,每年11月至次年3月到此度过漫长冬季，极其依赖周边的康养及适老化服务。
三_2011_01382,三亚,2011,外地候鸟-华北,61,男,3.6,25.2,0.5,37.7,2,0,否,B,network,0.47,0.53,0.91,0.69,0.7,0.51,0,0,0.65,度假,一室一厅,59,3251,央企总部退休总工,高知退休康养,三亚中环品质两居，车位及空间极其拥挤,老小区隔音差，邻里滋扰严重，且车位严重匮乏，每晚加班回来抢车位像打仗。,要求有超大面宽南向双阳台（观景家政分离），主卧大飘窗能270度直面自然景观。,无需日常通勤，但要求30分钟内快捷通达凤凰机场或高铁站。,崇尚度假慢生活，清晨沙滩漫步，午后椰林下午茶，酷爱轻户外及后海冲浪。,名下持有一套旧两居，置换回款 65% + 个人理财储蓄补充 + 公积金商业贷,重性价比，不盲信大牌，但要求物业管理有序、绿化修剪及时、人防技防规范。,每年11月至次年3月到此度过漫长冬季，极其依赖周边的康养及适老化服务。
三_2011_01383,三亚,2011,本地改善,36,女,2.8,18.4,0.35,39.5,5,1,否,B,agent,0.84,0.5,0.64,0.45,0.37,0.59,0.49,0.75,0.44,自住-改善,两室两厅,82,2466,三甲医院主治医师,三口之家(幼龄段),三亚中环品质两居，车位及空间极其拥挤,小区无地下车库且人车不分流，小孩在楼下玩耍或者推婴儿车极为不安全。,核心要求地块属于第一梯队名校学区，且周边500米内解决幼小衔接教育配套。,无需日常通勤，但要求30分钟内快捷通达凤凰机场或高铁站。,崇尚度假慢生活，清晨沙滩漫步，午后椰林下午茶，酷爱轻户外及后海冲浪。,名下持有一套旧两居，置换回款 65% + 个人理财储蓄补充 + 公积金商业贷,重性价比，不盲信大牌，但要求物业管理有序、绿化修剪及时、人防技防规范。,本地常住人口，四季生活规律，度假频次为常规年假出行。
三_2011_01384,三亚,2011,外地候鸟-华北,65,男,1.6,11.7,0.5,17.5,2,0,是,B,network,0.32,0.57,0.89,0.78,0.58,0.57,0,0.04,0.54,度假,两室一厅,91,1143,北京三甲医院退休教授,高知退休康养,三亚中环品质两居，车位及空间极其拥挤,当前房屋属于旧多层无电梯房，父母年纪渐高每天爬楼梯极为吃力。,要求独立电梯入户，主次卧动线分明，配备独立保姆房和私密后院。,无需日常通勤，但要求30分钟内快捷通达凤凰机场或高铁站。,崇尚度假慢生活，清晨沙滩漫步，午后椰林下午茶，酷爱轻户外及后海冲浪。,名下持有一套旧两居，置换回款 65% + 个人理财储蓄补充 + 公积金商业贷,重性价比，不盲信大牌，但要求物业管理有序、绿化修剪及时、人防技防规范。,每年11月至次年3月到此度过漫长冬季，极其依赖周边的康养及适老化服务。
三_2011_01385,三亚,2011,本地改善,48,男,1.8,11.0,0.35,23.7,5,1,否,B,agent,0.85,0.54,0.53,0.5,0.36,0.64,0.53,0.74,0.36,自住-改善,两室两厅,81,1893,重点中学高级教师,三口之家(学龄段),三亚中环品质两居，车位及空间极其拥挤,小区无地下车库且人车不分流，小孩在楼下玩耍或者推婴儿车极为不安全。,核心要求地块属于第一梯队名校学区，且周边500米内解决幼小衔接教育配套。,无需日常通勤，但要求30分钟内快捷通达凤凰机场或高铁站。,崇尚度假慢生活，清晨沙滩漫步，午后椰林下午茶，酷爱轻户外及后海冲浪。,名下持有一套旧两居，置换回款 65% + 个人理财储蓄补充 + 公积金商业贷,重性价比，不盲信大牌，但要求物业管理有序、绿化修剪及时、人防技防规范。,本地常住人口，四季生活规律，度假频次为常规年假出行。
三_2011_01386,三亚,2011,外地候鸟-华北,59,男,5.0,37.3,0.5,55.9,2,0,是,B,network,0.5,0.56,0.93,0.72,0.59,0.48,0,0.02,0.68,养老,一室一厅,75,5010,北京三甲医院退休教授,高知退休康养,三亚中环品质两居，车位及空间极其拥挤,当前房屋属于旧多层无电梯房，父母年纪渐高每天爬楼梯极为吃力。,要求独立电梯入户，主次卧动线分明，配备独立保姆房和私密后院。,无需日常通勤，但要求30分钟内快捷通达凤凰机场或高铁站。,崇尚度假慢生活，清晨沙滩漫步，午后椰林下午茶，酷爱轻户外及后海冲浪。,名下持有一套旧两居，置换回款 65% + 个人理财储蓄补充 + 公积金商业贷,重性价比，不盲信大牌，但要求物业管理有序、绿化修剪及时、人防技防规范。,每年11月至次年3月到此度过漫长冬季，极其依赖周边的康养及适老化服务。
三_2011_01387,三亚,2011,度假投资,43,男,6.9,71.9,0.4,134.8,3,2,否,A,research,0.74,0.36,0.85,0.62,0.49,0.51,0.03,0.09,0.74,投资-短期,两室一厅,69,15677,高端海景资产收藏家,二胎黄金期中大户型,西湖边高精平层,无高端私密会所及管家式物业配套，圈层鱼龙混杂，高净值居住体验差。,要求有超大面宽南向双阳台（观景家政分离），主卧大飘窗能270度直面自然景观。,无需日常通勤，但要求30分钟内快捷通达凤凰机场或高铁站。,周末常去高端商圈消费，热衷打网球和马术，重度手冲咖啡及黑胶唱片发烧友。,名下已有企业股权套现或分红现金，一次性全款付清，基本不加杠杆,非仁恒、绿城、万科等金牌开发商不买，极度看重高端精装质量与顶级物业的增值口碑。,每年11月至次年3月到此度过漫长冬季，极其依赖周边的康养及适老化服务。
三_2011_01388,三亚,2011,本地改善,39,女,1.2,8.3,0.35,17.7,3,1,是,B,agent,0.93,0.38,0.54,0.49,0.45,0.76,0.61,0.7,0.41,自住-改善,两室一厅,69,1879,国企中层管理,三口之家(学龄段),三亚中环品质两居，车位及空间极其拥挤,小区无地下车库且人车不分流，小孩在楼下玩耍或者推婴儿车极为不安全。,讲究超高得房率（超85%），主卧套房必须配备独立步入式衣帽间与干湿分离双卫。,无需日常通勤，但要求30分钟内快捷通达凤凰机场或高铁站。,崇尚度假慢生活，清晨沙滩漫步，午后椰林下午茶，酷爱轻户外及后海冲浪。,名下持有一套旧两居，置换回款 65% + 个人理财储蓄补充 + 公积金商业贷,重性价比，不盲信大牌，但要求物业管理有序、绿化修剪及时、人防技防规范。,本地常住人口，四季生活规律，度假频次为常规年假出行。
三_2011_01389,三亚,2011,外地候鸟-华北,56,男,4.1,41.0,0.5,61.5,1,0,否,B,network,0.37,0.6,1,0.57,0.64,0.5,0,0,0.53,度假,两室两厅,78,6955,高校资深硕导,高知退休康养,三亚中环品质两居，车位及空间极其拥挤,老小区隔音差，邻里滋扰严重，且车位严重匮乏，每晚加班回来抢车位像打仗。,要求有超大面宽南向双阳台（观景家政分离），主卧大飘窗能270度直面自然景观。,无需日常通勤，但要求30分钟内快捷通达凤凰机场或高铁站。,崇尚度假慢生活，清晨沙滩漫步，午后椰林下午茶，酷爱轻户外及后海冲浪。,名下持有一套旧两居，置换回款 65% + 个人理财储蓄补充 + 公积金商业贷,重性价比，不盲信大牌，但要求物业管理有序、绿化修剪及时、人防技防规范。,每年11月至次年3月到此度过漫长冬季，极其依赖周边的康养及适老化服务。
三_2011_01390,三亚,2011,本地改善,30,女,1.3,7.7,0.35,16.5,4,0,是,B,agent,1,0.61,0.57,0.46,0.24,0.83,0.34,0.79,0.43,自住-改善,一室一厅,55,2470,区级税务局一级主办,新婚过渡两居,三亚中环品质两居，车位及空间极其拥挤,当前房屋属于旧多层无电梯房，父母年纪渐高每天爬楼梯极为吃力。,讲究超高得房率（超85%），主卧套房必须配备独立步入式衣帽间与干湿分离双卫。,无需日常通勤，但要求30分钟内快捷通达凤凰机场或高铁站。,崇尚度假慢生活，清晨沙滩漫步，午后椰林下午茶，酷爱轻户外及后海冲浪。,名下持有一套旧两居，置换回款 65% + 个人理财储蓄补充 + 公积金商业贷,重性价比，不盲信大牌，但要求物业管理有序、绿化修剪及时、人防技防规范。,本地常住人口，四季生活规律，度假频次为常规年假出行。
三_2011_01391,三亚,2011,外地候鸟-东北,69,女,5.6,43.4,0.5,65.1,3,0,否,C,network,0.28,0.62,1,0.63,0.58,0.47,0.03,0.02,0.46,度假,两室一厅,96,5124,哈尔滨私营物流老板,高知退休康养,与父母同住，三代人拥挤在旧区小户型老房中,老小区隔音差，邻里滋扰严重，且车位严重匮乏，每晚加班回来抢车位像打仗。,要求有超大面宽南向双阳台（观景家政分离），主卧大飘窗能270度直面自然景观。,无需日常通勤，但要求30分钟内快捷通达凤凰机场或高铁站。,崇尚度假慢生活，清晨沙滩漫步，午后椰林下午茶，酷爱轻户外及后海冲浪。,名下持有一套旧两居，置换回款 65% + 个人理财储蓄补充 + 公积金商业贷,重性价比，不盲信大牌，但要求物业管理有序、绿化修剪及时、人防技防规范。,每年11月至次年3月到此度过漫长冬季，极其依赖周边的康养及适老化服务。
三_2011_01392,三亚,2011,外地候鸟-华北,62,男,3.5,21.2,0.5,31.9,1,2,否,B,network,0.27,0.64,0.96,0.67,0.59,0.42,0,0,0.5,养老,一室一厅,52,5376,央企总部退休总工,二胎黄金期中大户型,三亚中环品质两居，车位及空间极其拥挤,小区无地下车库且人车不分流，小孩在楼下玩耍或者推婴儿车极为不安全。,要求有超大面宽南向双阳台（观景家政分离），主卧大飘窗能270度直面自然景观。,无需日常通勤，但要求30分钟内快捷通达凤凰机场或高铁站。,崇尚度假慢生活，清晨沙滩漫步，午后椰林下午茶，酷爱轻户外及后海冲浪。,名下持有一套旧两居，置换回款 65% + 个人理财储蓄补充 + 公积金商业贷,重性价比，不盲信大牌，但要求物业管理有序、绿化修剪及时、人防技防规范。,每年11月至次年3月到此度过漫长冬季，极其依赖周边的康养及适老化服务。
三_2011_01393,三亚,2011,本地改善,48,女,1.2,8.3,0.35,17.7,4,2,否,B,agent,0.84,0.51,0.56,0.49,0.25,0.72,0.39,0.61,0.41,自住-改善,一室一厅,84,1645,智能新能源车企研发骨干,二胎黄金期中大户型,三亚中环品质两居，车位及空间极其拥挤,小区无地下车库且人车不分流，小孩在楼下玩耍或者推婴儿车极为不安全。,讲究超高得房率（超85%），主卧套房必须配备独立步入式衣帽间与干湿分离双卫。,无需日常通勤，但要求30分钟内快捷通达凤凰机场或高铁站。,崇尚度假慢生活，清晨沙滩漫步，午后椰林下午茶，酷爱轻户外及后海冲浪。,名下持有一套旧两居，置换回款 65% + 个人理财储蓄补充 + 公积金商业贷,重性价比，不盲信大牌，但要求物业管理有序、绿化修剪及时、人防技防规范。,本地常住人口，四季生活规律，度假频次为常规年假出行。
三_2011_01394,三亚,2011,外地候鸟-东北,77,女,2.7,23.8,0.5,35.7,2,0,否,C,network,0.26,0.59,0.97,0.76,0.46,0.43,0.04,0.13,0.51,养老,两室一厅,67,3853,哈尔滨私营物流老板,高知退休康养,与父母同住，三代人拥挤在旧区小户型老房中,老小区隔音差，邻里滋扰严重，且车位严重匮乏，每晚加班回来抢车位像打仗。,要求独立电梯入户，主次卧动线分明，配备独立保姆房和私密后院。,无需日常通勤，但要求30分钟内快捷通达凤凰机场或高铁站。,崇尚度假慢生活，清晨沙滩漫步，午后椰林下午茶，酷爱轻户外及后海冲浪。,名下持有一套旧两居，置换回款 65% + 个人理财储蓄补充 + 公积金商业贷,重性价比，不盲信大牌，但要求物业管理有序、绿化修剪及时、人防技防规范。,每年11月至次年3月到此度过漫长冬季，极其依赖周边的康养及适老化服务。
三_2011_01395,三亚,2011,度假投资,54,女,6.0,72.8,0.4,136.5,3,1,是,A,research,1,0.34,0.86,0.52,0.6,0.51,0.16,0.04,0.76,投资-短期,两室两厅,69,11706,高端海景资产收藏家,三口之家(学龄段),市中心私密洋房住宅,当前房屋属于旧多层无电梯房，父母年纪渐高每天爬楼梯极为吃力。,要求有超大面宽南向双阳台（观景家政分离），主卧大飘窗能270度直面自然景观。,无需日常通勤，但要求30分钟内快捷通达凤凰机场或高铁站。,周末常去高端商圈消费，热衷打网球和马术，重度手冲咖啡及黑胶唱片发烧友。,名下已有企业股权套现或分红现金，一次性全款付清，基本不加杠杆,非仁恒、绿城、万科等金牌开发商不买，极度看重高端精装质量与顶级物业的增值口碑。,每年11月至次年3月到此度过漫长冬季，极其依赖周边的康养及适老化服务。
三_2011_01396,三亚,2011,度假投资,47,女,5.5,68.9,0.4,129.3,3,1,否,A,research,0.94,0.44,0.89,0.61,0.51,0.45,0,0.09,0.5,投资-长持,一室一厅,78,8290,高端海景资产收藏家,三口之家(学龄段),西湖边高精平层,无高端私密会所及管家式物业配套，圈层鱼龙混杂，高净值居住体验差。,要求有超大面宽南向双阳台（观景家政分离），主卧大飘窗能270度直面自然景观。,无需日常通勤，但要求30分钟内快捷通达凤凰机场或高铁站。,周末常去高端商圈消费，热衷打网球和马术，重度手冲咖啡及黑胶唱片发烧友。,名下已有企业股权套现或分红现金，一次性全款付清，基本不加杠杆,重性价比，不盲信大牌，但要求物业管理有序、绿化修剪及时、人防技防规范。,每年11月至次年3月到此度过漫长冬季，极其依赖周边的康养及适老化服务。
三_2011_01397,三亚,2011,度假投资,51,女,5.5,40.3,0.4,75.5,3,1,否,A,research,0.81,0.35,0.76,0.68,0.66,0.53,0,0,0.76,投资-短期,两室两厅,84,5345,知名中医药连锁投资人,三口之家(学龄段),西湖边高精平层,无高端私密会所及管家式物业配套，圈层鱼龙混杂，高净值居住体验差。,要求有超大面宽南向双阳台（观景家政分离），主卧大飘窗能270度直面自然景观。,无需日常通勤，但要求30分钟内快捷通达凤凰机场或高铁站。,周末常去高端商圈消费，热衷打网球和马术，重度手冲咖啡及黑胶唱片发烧友。,名下已有企业股权套现或分红现金，一次性全款付清，基本不加杠杆,非仁恒、绿城、万科等金牌开发商不买，极度看重高端精装质量与顶级物业的增值口碑。,每年11月至次年3月到此度过漫长冬季，极其依赖周边的康养及适老化服务。
三_2011_01398,三亚,2011,本地改善,42,男,2.2,15.7,0.35,33.6,4,0,是,B,agent,0.83,0.51,0.6,0.4,0.45,0.86,0.59,0.61,0.43,自住-改善,一室一厅,85,3346,三甲医院主治医师,成熟期核心家庭,三亚中环品质两居，车位及空间极其拥挤,当前房屋属于旧多层无电梯房，父母年纪渐高每天爬楼梯极为吃力。,讲究超高得房率（超85%），主卧套房必须配备独立步入式衣帽间与干湿分离双卫。,无需日常通勤，但要求30分钟内快捷通达凤凰机场或高铁站。,崇尚度假慢生活，清晨沙滩漫步，午后椰林下午茶，酷爱轻户外及后海冲浪。,名下持有一套旧两居，置换回款 65% + 个人理财储蓄补充 + 公积金商业贷,重性价比，不盲信大牌，但要求物业管理有序、绿化修剪及时、人防技防规范。,本地常住人口，四季生活规律，度假频次为常规年假出行。
三_2011_01399,三亚,2011,度假投资,51,男,3.5,43.1,0.4,80.8,3,1,否,A,research,0.84,0.49,0.87,0.59,0.62,0.35,0.1,0,0.7,投资-短期,两室两厅,100,5969,高端海景资产收藏家,三口之家(学龄段),西湖边高精平层,无高端私密会所及管家式物业配套，圈层鱼龙混杂，高净值居住体验差。,要求有超大面宽南向双阳台（观景家政分离），主卧大飘窗能270度直面自然景观。,无需日常通勤，但要求30分钟内快捷通达凤凰机场或高铁站。,周末常去高端商圈消费，热衷打网球和马术，重度手冲咖啡及黑胶唱片发烧友。,名下已有企业股权套现或分红现金，一次性全款付清，基本不加杠杆,重性价比，不盲信大牌，但要求物业管理有序、绿化修剪及时、人防技防规范。,每年11月至次年3月到此度过漫长冬季，极其依赖周边的康养及适老化服务。
三_2011_01400,三亚,2011,本地改善,47,男,2.1,15.8,0.35,33.8,4,2,否,B,agent,0.72,0.36,0.52,0.4,0.29,0.79,0.63,0.75,0.41,自住-改善,两室两厅,72,3830,三甲医院主治医师,二胎黄金期中大户型,三亚中环品质两居，车位及空间极其拥挤,小区无地下车库且人车不分流，小孩在楼下玩耍或者推婴儿车极为不安全。,讲究超高得房率（超85%），主卧套房必须配备独立步入式衣帽间与干湿分离双卫。,无需日常通勤，但要求30分钟内快捷通达凤凰机场或高铁站。,崇尚度假慢生活，清晨沙滩漫步，午后椰林下午茶，酷爱轻户外及后海冲浪。,名下持有一套旧两居，置换回款 65% + 个人理财储蓄补充 + 公积金商业贷,重性价比，不盲信大牌，但要求物业管理有序、绿化修剪及时、人防技防规范。,本地常住人口，四季生活规律，度假频次为常规年假出行。
三_2011_01401,三亚,2011,度假投资,54,男,9.7,123.1,0.4,230.7,3,1,是,A,research,0.69,0.36,0.92,0.47,0.67,0.44,0,0,0.74,投资-长持,三室一厅,117,13792,上市公司退休联合创始人,三口之家(学龄段),陆家嘴核心区江景大平层,当前房屋属于旧多层无电梯房，父母年纪渐高每天爬楼梯极为吃力。,要求有超大面宽南向双阳台（观景家政分离），主卧大飘窗能270度直面自然景观。,无需日常通勤，但要求30分钟内快捷通达凤凰机场或高铁站。,周末常去高端商圈消费，热衷打网球和马术，重度手冲咖啡及黑胶唱片发烧友。,名下已有企业股权套现或分红现金，一次性全款付清，基本不加杠杆,非仁恒、绿城、万科等金牌开发商不买，极度看重高端精装质量与顶级物业的增值口碑。,每年11月至次年3月到此度过漫长冬季，极其依赖周边的康养及适老化服务。
三_2011_01402,三亚,2011,外地候鸟-西北,63,男,3.5,26.4,0.5,39.7,2,0,否,C,network,0.26,0.51,0.87,0.77,0.34,0.48,0.05,0.03,0.51,养老,两室一厅,90,3310,兰州煤炭物流运输企业主,高知退休康养,与父母同住，三代人拥挤在旧区小户型老房中,老小区隔音差，邻里滋扰严重，且车位严重匮乏，每晚加班回来抢车位像打仗。,要求独立电梯入户，主次卧动线分明，配备独立保姆房和私密后院。,无需日常通勤，但要求30分钟内快捷通达凤凰机场或高铁站。,崇尚度假慢生活，清晨沙滩漫步，午后椰林下午茶，酷爱轻户外及后海冲浪。,名下持有一套旧两居，置换回款 65% + 个人理财储蓄补充 + 公积金商业贷,重性价比，不盲信大牌，但要求物业管理有序、绿化修剪及时、人防技防规范。,每年11月至次年3月到此度过漫长冬季，极其依赖周边的康养及适老化服务。
三_2011_01403,三亚,2011,本地改善,49,男,3.4,18.8,0.35,40.3,3,0,否,B,agent,0.66,0.66,0.53,0.55,0.33,0.59,0.4,0.63,0.5,自住-改善,两室两厅,59,5590,区级税务局一级主办,成熟期核心家庭,三亚中环品质两居，车位及空间极其拥挤,老小区隔音差，邻里滋扰严重，且车位严重匮乏，每晚加班回来抢车位像打仗。,要求采光通透，全明户型，带多功能嵌入式收纳墙以最大化空间利用。,无需日常通勤，但要求30分钟内快捷通达凤凰机场或高铁站。,崇尚度假慢生活，清晨沙滩漫步，午后椰林下午茶，酷爱轻户外及后海冲浪。,名下持有一套旧两居，置换回款 65% + 个人理财储蓄补充 + 公积金商业贷,重性价比，不盲信大牌，但要求物业管理有序、绿化修剪及时、人防技防规范。,本地常住人口，四季生活规律，度假频次为常规年假出行。
三_2011_01404,三亚,2011,外地候鸟-东北,60,女,1.2,7.1,0.5,10.6,1,0,否,C,network,0.29,0.64,0.89,0.85,0.65,0.58,0,0.05,0.49,养老,一室一厅,59,1056,哈尔滨私营物流老板,高知退休康养,与父母同住，三代人拥挤在旧区小户型老房中,老小区隔音差，邻里滋扰严重，且车位严重匮乏，每晚加班回来抢车位像打仗。,要求独立电梯入户，主次卧动线分明，配备独立保姆房和私密后院。,无需日常通勤，但要求30分钟内快捷通达凤凰机场或高铁站。,崇尚度假慢生活，清晨沙滩漫步，午后椰林下午茶，酷爱轻户外及后海冲浪。,名下持有一套旧两居，置换回款 65% + 个人理财储蓄补充 + 公积金商业贷,重性价比，不盲信大牌，但要求物业管理有序、绿化修剪及时、人防技防规范。,每年11月至次年3月到此度过漫长冬季，极其依赖周边的康养及适老化服务。
三_2011_01405,三亚,2011,本地改善,33,女,1.8,9.6,0.35,20.5,3,1,否,B,agent,0.64,0.64,0.6,0.48,0.4,0.65,0.57,0.69,0.34,自住-改善,两室两厅,64,2018,智能新能源车企研发骨干,三口之家(幼龄段),三亚中环品质两居，车位及空间极其拥挤,小区无地下车库且人车不分流，小孩在楼下玩耍或者推婴儿车极为不安全。,要求采光通透，全明户型，带多功能嵌入式收纳墙以最大化空间利用。,无需日常通勤，但要求30分钟内快捷通达凤凰机场或高铁站。,崇尚度假慢生活，清晨沙滩漫步，午后椰林下午茶，酷爱轻户外及后海冲浪。,名下持有一套旧两居，置换回款 65% + 个人理财储蓄补充 + 公积金商业贷,重性价比，不盲信大牌，但要求物业管理有序、绿化修剪及时、人防技防规范。,本地常住人口，四季生活规律，度假频次为常规年假出行。
三_2011_01406,三亚,2011,外地候鸟-西北,61,男,2.9,28.2,0.5,42.3,1,0,否,C,network,0.33,0.53,0.88,0.59,0.57,0.39,0.03,0,0.57,度假,两室两厅,69,4690,西安设计院退休总建筑师,高知退休康养,与父母同住，三代人拥挤在旧区小户型老房中,老小区隔音差，邻里滋扰严重，且车位严重匮乏，每晚加班回来抢车位像打仗。,要求有超大面宽南向双阳台（观景家政分离），主卧大飘窗能270度直面自然景观。,无需日常通勤，但要求30分钟内快捷通达凤凰机场或高铁站。,崇尚度假慢生活，清晨沙滩漫步，午后椰林下午茶，酷爱轻户外及后海冲浪。,名下持有一套旧两居，置换回款 65% + 个人理财储蓄补充 + 公积金商业贷,重性价比，不盲信大牌，但要求物业管理有序、绿化修剪及时、人防技防规范。,每年11月至次年3月到此度过漫长冬季，极其依赖周边的康养及适老化服务。
三_2011_01407,三亚,2011,外地候鸟-西北,74,女,3.4,23.9,0.5,35.8,3,0,否,C,network,0.34,0.64,0.74,0.66,0.46,0.52,0.02,0.02,0.54,度假,一室一厅,59,4808,西安设计院退休总建筑师,高知退休康养,与父母同住，三代人拥挤在旧区小户型老房中,老小区隔音差，邻里滋扰严重，且车位严重匮乏，每晚加班回来抢车位像打仗。,要求有超大面宽南向双阳台（观景家政分离），主卧大飘窗能270度直面自然景观。,无需日常通勤，但要求30分钟内快捷通达凤凰机场或高铁站。,崇尚度假慢生活，清晨沙滩漫步，午后椰林下午茶，酷爱轻户外及后海冲浪。,名下持有一套旧两居，置换回款 65% + 个人理财储蓄补充 + 公积金商业贷,重性价比，不盲信大牌，但要求物业管理有序、绿化修剪及时、人防技防规范。,每年11月至次年3月到此度过漫长冬季，极其依赖周边的康养及适老化服务。
三_2011_01408,三亚,2011,外地候鸟-华北,63,男,4.0,32.9,0.5,49.3,2,0,否,B,network,0.34,0.79,1,0.66,0.48,0.66,0,0.03,0.48,养老,一室一厅,74,5025,央企总部退休总工,高知退休康养,三亚中环品质两居，车位及空间极其拥挤,老小区隔音差，邻里滋扰严重，且车位严重匮乏，每晚加班回来抢车位像打仗。,要求有超大面宽南向双阳台（观景家政分离），主卧大飘窗能270度直面自然景观。,无需日常通勤，但要求30分钟内快捷通达凤凰机场或高铁站。,崇尚度假慢生活，清晨沙滩漫步，午后椰林下午茶，酷爱轻户外及后海冲浪。,名下持有一套旧两居，置换回款 65% + 个人理财储蓄补充 + 公积金商业贷,重性价比，不盲信大牌，但要求物业管理有序、绿化修剪及时、人防技防规范。,每年11月至次年3月到此度过漫长冬季，极其依赖周边的康养及适老化服务。
三_2011_01409,三亚,2011,本地改善,47,女,1.8,12.1,0.35,26.0,5,1,是,B,agent,0.73,0.61,0.61,0.19,0.61,0.59,0.58,0.8,0.31,自住-改善,两室两厅,91,2433,重点中学高级教师,三口之家(学龄段),三亚中环品质两居，车位及空间极其拥挤,小区无地下车库且人车不分流，小孩在楼下玩耍或者推婴儿车极为不安全。,核心要求地块属于第一梯队名校学区，且周边500米内解决幼小衔接教育配套。,无需日常通勤，但要求30分钟内快捷通达凤凰机场或高铁站。,崇尚度假慢生活，清晨沙滩漫步，午后椰林下午茶，酷爱轻户外及后海冲浪。,名下持有一套旧两居，置换回款 65% + 个人理财储蓄补充 + 公积金商业贷,重性价比，不盲信大牌，但要求物业管理有序、绿化修剪及时、人防技防规范。,本地常住人口，四季生活规律，度假频次为常规年假出行。
三_2011_01410,三亚,2011,外地候鸟-华北,69,女,3.1,17.8,0.5,26.6,2,0,是,B,network,0.44,0.44,0.95,0.76,0.64,0.41,0,0,0.5,养老,一室一厅,59,2830,北京三甲医院退休教授,高知退休康养,三亚中环品质两居，车位及空间极其拥挤,当前房屋属于旧多层无电梯房，父母年纪渐高每天爬楼梯极为吃力。,要求独立电梯入户，主次卧动线分明，配备独立保姆房和私密后院。,无需日常通勤，但要求30分钟内快捷通达凤凰机场或高铁站。,崇尚度假慢生活，清晨沙滩漫步，午后椰林下午茶，酷爱轻户外及后海冲浪。,名下持有一套旧两居，置换回款 65% + 个人理财储蓄补充 + 公积金商业贷,重性价比，不盲信大牌，但要求物业管理有序、绿化修剪及时、人防技防规范。,每年11月至次年3月到此度过漫长冬季，极其依赖周边的康养及适老化服务。
三_2011_01411,三亚,2011,本地改善,46,男,1.7,9.2,0.35,19.8,4,1,是,B,agent,0.71,0.53,0.7,0.4,0.49,0.79,0.42,0.71,0.37,自住-改善,两室两厅,95,1436,智能新能源车企研发骨干,三口之家(学龄段),三亚中环品质两居，车位及空间极其拥挤,小区无地下车库且人车不分流，小孩在楼下玩耍或者推婴儿车极为不安全。,要求有超大面宽南向双阳台（观景家政分离），主卧大飘窗能270度直面自然景观。,无需日常通勤，但要求30分钟内快捷通达凤凰机场或高铁站。,崇尚度假慢生活，清晨沙滩漫步，午后椰林下午茶，酷爱轻户外及后海冲浪。,名下持有一套旧两居，置换回款 65% + 个人理财储蓄补充 + 公积金商业贷,重性价比，不盲信大牌，但要求物业管理有序、绿化修剪及时、人防技防规范。,本地常住人口，四季生活规律，度假频次为常规年假出行。
三_2011_01412,三亚,2011,度假投资,40,女,3.8,30.3,0.4,56.7,3,0,否,A,research,0.91,0.27,0.81,0.51,0.54,0.56,0.01,0.03,0.74,度假,两室两厅,87,3643,上市公司退休联合创始人,成熟期核心家庭,西湖边高精平层,无高端私密会所及管家式物业配套，圈层鱼龙混杂，高净值居住体验差。,要求有超大面宽南向双阳台（观景家政分离），主卧大飘窗能270度直面自然景观。,无需日常通勤，但要求30分钟内快捷通达凤凰机场或高铁站。,周末常去高端商圈消费，热衷打网球和马术，重度手冲咖啡及黑胶唱片发烧友。,名下已有企业股权套现或分红现金，一次性全款付清，基本不加杠杆,非仁恒、绿城、万科等金牌开发商不买，极度看重高端精装质量与顶级物业的增值口碑。,每年11月至次年3月到此度过漫长冬季，极其依赖周边的康养及适老化服务。
三_2011_01413,三亚,2011,本地改善,50,女,4.1,26.7,0.35,57.2,3,2,否,B,agent,0.87,0.66,0.57,0.31,0.19,0.78,0.44,0.6,0.51,自住-改善,一室一厅,94,3356,三甲医院主治医师,二胎黄金期中大户型,三亚中环品质两居，车位及空间极其拥挤,小区无地下车库且人车不分流，小孩在楼下玩耍或者推婴儿车极为不安全。,讲究超高得房率（超85%），主卧套房必须配备独立步入式衣帽间与干湿分离双卫。,无需日常通勤，但要求30分钟内快捷通达凤凰机场或高铁站。,崇尚度假慢生活，清晨沙滩漫步，午后椰林下午茶，酷爱轻户外及后海冲浪。,名下持有一套旧两居，置换回款 65% + 个人理财储蓄补充 + 公积金商业贷,重性价比，不盲信大牌，但要求物业管理有序、绿化修剪及时、人防技防规范。,本地常住人口，四季生活规律，度假频次为常规年假出行。
三_2011_01414,三亚,2011,外地候鸟-华北,67,女,6.4,47.6,0.5,71.4,2,0,否,B,network,0.57,0.64,0.98,0.76,0.61,0.4,0.03,0,0.47,度假,两室两厅,99,5449,高校资深硕导,高知退休康养,三亚中环品质两居，车位及空间极其拥挤,老小区隔音差，邻里滋扰严重，且车位严重匮乏，每晚加班回来抢车位像打仗。,要求独立电梯入户，主次卧动线分明，配备独立保姆房和私密后院。,无需日常通勤，但要求30分钟内快捷通达凤凰机场或高铁站。,崇尚度假慢生活，清晨沙滩漫步，午后椰林下午茶，酷爱轻户外及后海冲浪。,名下持有一套旧两居，置换回款 65% + 个人理财储蓄补充 + 公积金商业贷,重性价比，不盲信大牌，但要求物业管理有序、绿化修剪及时、人防技防规范。,每年11月至次年3月到此度过漫长冬季，极其依赖周边的康养及适老化服务。
三_2011_01415,三亚,2011,度假投资,50,男,7.0,53.1,0.4,99.6,2,1,否,A,research,0.87,0.41,0.82,0.62,0.67,0.46,0.14,0.04,0.88,投资-短期,两室一厅,56,11663,高端海景资产收藏家,三口之家(学龄段),陆家嘴核心区江景大平层,无高端私密会所及管家式物业配套，圈层鱼龙混杂，高净值居住体验差。,要求有超大面宽南向双阳台（观景家政分离），主卧大飘窗能270度直面自然景观。,无需日常通勤，但要求30分钟内快捷通达凤凰机场或高铁站。,周末常去高端商圈消费，热衷打网球和马术，重度手冲咖啡及黑胶唱片发烧友。,名下已有企业股权套现或分红现金，一次性全款付清，基本不加杠杆,非仁恒、绿城、万科等金牌开发商不买，极度看重高端精装质量与顶级物业的增值口碑。,每年11月至次年3月到此度过漫长冬季，极其依赖周边的康养及适老化服务。
三_2011_01416,三亚,2011,外地候鸟-华北,55,男,3.7,28.9,0.5,43.4,3,0,否,B,network,0.44,0.65,0.96,0.84,0.67,0.47,0,0.1,0.64,度假,一室一厅,55,5995,央企总部退休总工,高知退休康养,三亚中环品质两居，车位及空间极其拥挤,老小区隔音差，邻里滋扰严重，且车位严重匮乏，每晚加班回来抢车位像打仗。,要求独立电梯入户，主次卧动线分明，配备独立保姆房和私密后院。,无需日常通勤，但要求30分钟内快捷通达凤凰机场或高铁站。,崇尚度假慢生活，清晨沙滩漫步，午后椰林下午茶，酷爱轻户外及后海冲浪。,名下持有一套旧两居，置换回款 65% + 个人理财储蓄补充 + 公积金商业贷,重性价比，不盲信大牌，但要求物业管理有序、绿化修剪及时、人防技防规范。,每年11月至次年3月到此度过漫长冬季，极其依赖周边的康养及适老化服务。
三_2011_01417,三亚,2011,外地候鸟-东北,71,女,2.8,16.1,0.5,24.1,2,0,否,C,network,0.41,0.65,0.92,0.64,0.52,0.35,0,0.03,0.56,养老,两室一厅,97,1264,沈阳大型重工企业退休副厂长,高知退休康养,与父母同住，三代人拥挤在旧区小户型老房中,老小区隔音差，邻里滋扰严重，且车位严重匮乏，每晚加班回来抢车位像打仗。,要求有超大面宽南向双阳台（观景家政分离），主卧大飘窗能270度直面自然景观。,无需日常通勤，但要求30分钟内快捷通达凤凰机场或高铁站。,崇尚度假慢生活，清晨沙滩漫步，午后椰林下午茶，酷爱轻户外及后海冲浪。,名下持有一套旧两居，置换回款 65% + 个人理财储蓄补充 + 公积金商业贷,重性价比，不盲信大牌，但要求物业管理有序、绿化修剪及时、人防技防规范。,每年11月至次年3月到此度过漫长冬季，极其依赖周边的康养及适老化服务。
三_2011_01418,三亚,2011,度假投资,52,女,10.6,99.4,0.4,186.3,3,1,否,A,research,0.81,0.28,0.85,0.48,0.56,0.43,0.1,0,0.62,投资-长持,三室一厅,109,14766,知名中医药连锁投资人,三口之家(学龄段),西湖边高精平层,无高端私密会所及管家式物业配套，圈层鱼龙混杂，高净值居住体验差。,要求有超大面宽南向双阳台（观景家政分离），主卧大飘窗能270度直面自然景观。,无需日常通勤，但要求30分钟内快捷通达凤凰机场或高铁站。,周末常去高端商圈消费，热衷打网球和马术，重度手冲咖啡及黑胶唱片发烧友。,名下已有企业股权套现或分红现金，一次性全款付清，基本不加杠杆,重性价比，不盲信大牌，但要求物业管理有序、绿化修剪及时、人防技防规范。,每年11月至次年3月到此度过漫长冬季，极其依赖周边的康养及适老化服务。
三_2011_01419,三亚,2011,本地改善,50,女,1.8,8.3,0.35,17.9,4,1,否,B,agent,0.92,0.58,0.63,0.43,0.2,0.67,0.46,0.67,0.36,自住-改善,两室一厅,50,2840,区级税务局一级主办,三口之家(学龄段),三亚中环品质两居，车位及空间极其拥挤,小区无地下车库且人车不分流，小孩在楼下玩耍或者推婴儿车极为不安全。,要求采光通透，全明户型，带多功能嵌入式收纳墙以最大化空间利用。,无需日常通勤，但要求30分钟内快捷通达凤凰机场或高铁站。,崇尚度假慢生活，清晨沙滩漫步，午后椰林下午茶，酷爱轻户外及后海冲浪。,名下持有一套旧两居，置换回款 65% + 个人理财储蓄补充 + 公积金商业贷,重性价比，不盲信大牌，但要求物业管理有序、绿化修剪及时、人防技防规范。,本地常住人口，四季生活规律，度假频次为常规年假出行。
三_2011_01420,三亚,2011,本地改善,32,女,3.1,15.5,0.35,33.1,5,2,否,B,agent,0.79,0.65,0.52,0.51,0.3,0.77,0.59,0.56,0.56,自住-改善,两室一厅,57,4034,智能新能源车企研发骨干,二胎黄金期中大户型,三亚中环品质两居，车位及空间极其拥挤,小区无地下车库且人车不分流，小孩在楼下玩耍或者推婴儿车极为不安全。,讲究超高得房率（超85%），主卧套房必须配备独立步入式衣帽间与干湿分离双卫。,无需日常通勤，但要求30分钟内快捷通达凤凰机场或高铁站。,崇尚度假慢生活，清晨沙滩漫步，午后椰林下午茶，酷爱轻户外及后海冲浪。,名下持有一套旧两居，置换回款 65% + 个人理财储蓄补充 + 公积金商业贷,重性价比，不盲信大牌，但要求物业管理有序、绿化修剪及时、人防技防规范。,本地常住人口，四季生活规律，度假频次为常规年假出行。
三_2011_01421,三亚,2011,本地改善,39,男,3.7,24.1,0.35,51.7,5,1,是,B,agent,0.71,0.51,0.56,0.5,0.3,0.75,0.53,0.52,0.31,自住-改善,一室一厅,69,5331,重点中学高级教师,三口之家(学龄段),三亚中环品质两居，车位及空间极其拥挤,小区无地下车库且人车不分流，小孩在楼下玩耍或者推婴儿车极为不安全。,讲究超高得房率（超85%），主卧套房必须配备独立步入式衣帽间与干湿分离双卫。,无需日常通勤，但要求30分钟内快捷通达凤凰机场或高铁站。,崇尚度假慢生活，清晨沙滩漫步，午后椰林下午茶，酷爱轻户外及后海冲浪。,名下持有一套旧两居，置换回款 65% + 个人理财储蓄补充 + 公积金商业贷,重性价比，不盲信大牌，但要求物业管理有序、绿化修剪及时、人防技防规范。,本地常住人口，四季生活规律，度假频次为常规年假出行。
三_2011_01422,三亚,2011,外地候鸟-东北,75,女,2.6,17.9,0.5,26.8,2,0,否,C,network,0.43,0.67,0.95,0.67,0.51,0.54,0.02,0,0.55,度假,两室两厅,99,2304,沈阳大型重工企业退休副厂长,高知退休康养,与父母同住，三代人拥挤在旧区小户型老房中,老小区隔音差，邻里滋扰严重，且车位严重匮乏，每晚加班回来抢车位像打仗。,要求有超大面宽南向双阳台（观景家政分离），主卧大飘窗能270度直面自然景观。,无需日常通勤，但要求30分钟内快捷通达凤凰机场或高铁站。,崇尚度假慢生活，清晨沙滩漫步，午后椰林下午茶，酷爱轻户外及后海冲浪。,名下持有一套旧两居，置换回款 65% + 个人理财储蓄补充 + 公积金商业贷,重性价比，不盲信大牌，但要求物业管理有序、绿化修剪及时、人防技防规范。,每年11月至次年3月到此度过漫长冬季，极其依赖周边的康养及适老化服务。
三_2011_01423,三亚,2011,高净值康养,69,女,38.3,545.8,0.6,682.3,2,0,否,A,network,0.87,0.23,1,0.81,0.86,0.48,0.04,0.06,0.98,度假,四室两厅,299,15491,上市公司退休联合创始人,高知退休康养,西湖边高精平层,无高端私密会所及管家式物业配套，圈层鱼龙混杂，高净值居住体验差。,要求独立电梯入户，主次卧动线分明，配备独立保姆房和私密后院。,无需日常通勤，但要求30分钟内快捷通达凤凰机场或高铁站。,周末常去高端商圈消费，热衷打网球和马术，重度手冲咖啡及黑胶唱片发烧友。,名下已有企业股权套现或分红现金，一次性全款付清，基本不加杠杆,非仁恒、绿城、万科等金牌开发商不买，极度看重高端精装质量与顶级物业的增值口碑。,本地常住人口，四季生活规律，度假频次为常规年假出行。
三_2011_01424,三亚,2011,度假投资,38,男,4.7,38.0,0.4,71.2,2,1,否,A,research,0.86,0.36,0.89,0.65,0.63,0.48,0,0.11,0.83,投资-短期,两室一厅,59,7660,高端海景资产收藏家,三口之家(学龄段),市中心私密洋房住宅,无高端私密会所及管家式物业配套，圈层鱼龙混杂，高净值居住体验差。,要求有超大面宽南向双阳台（观景家政分离），主卧大飘窗能270度直面自然景观。,无需日常通勤，但要求30分钟内快捷通达凤凰机场或高铁站。,周末常去高端商圈消费，热衷打网球和马术，重度手冲咖啡及黑胶唱片发烧友。,名下已有企业股权套现或分红现金，一次性全款付清，基本不加杠杆,非仁恒、绿城、万科等金牌开发商不买，极度看重高端精装质量与顶级物业的增值口碑。,每年11月至次年3月到此度过漫长冬季，极其依赖周边的康养及适老化服务。
三_2011_01425,三亚,2011,度假投资,53,男,4.6,49.6,0.4,93.0,3,0,否,A,research,0.73,0.32,0.83,0.67,0.74,0.54,0.08,0,0.7,投资-长持,两室两厅,63,7831,高端海景资产收藏家,成熟期核心家庭,市中心私密洋房住宅,无高端私密会所及管家式物业配套，圈层鱼龙混杂，高净值居住体验差。,要求有超大面宽南向双阳台（观景家政分离），主卧大飘窗能270度直面自然景观。,无需日常通勤，但要求30分钟内快捷通达凤凰机场或高铁站。,周末常去高端商圈消费，热衷打网球和马术，重度手冲咖啡及黑胶唱片发烧友。,名下已有企业股权套现或分红现金，一次性全款付清，基本不加杠杆,重性价比，不盲信大牌，但要求物业管理有序、绿化修剪及时、人防技防规范。,每年11月至次年3月到此度过漫长冬季，极其依赖周边的康养及适老化服务。
三_2011_01426,三亚,2011,本地改善,30,男,2.1,9.0,0.35,19.3,5,1,否,B,agent,0.76,0.46,0.65,0.43,0.47,0.8,0.32,0.74,0.45,自住-改善,一室一厅,83,1851,区级税务局一级主办,三口之家(幼龄段),三亚中环品质两居，车位及空间极其拥挤,小区无地下车库且人车不分流，小孩在楼下玩耍或者推婴儿车极为不安全。,讲究超高得房率（超85%），主卧套房必须配备独立步入式衣帽间与干湿分离双卫。,无需日常通勤，但要求30分钟内快捷通达凤凰机场或高铁站。,崇尚度假慢生活，清晨沙滩漫步，午后椰林下午茶，酷爱轻户外及后海冲浪。,名下持有一套旧两居，置换回款 65% + 个人理财储蓄补充 + 公积金商业贷,重性价比，不盲信大牌，但要求物业管理有序、绿化修剪及时、人防技防规范。,本地常住人口，四季生活规律，度假频次为常规年假出行。
三_2011_01427,三亚,2011,外地候鸟-东北,61,女,2.3,18.4,0.5,27.7,1,1,否,C,network,0.09,0.65,0.98,0.55,0.6,0.56,0.1,0.01,0.59,度假,两室一厅,77,2742,沈阳大型重工企业退休副厂长,三口之家(学龄段),与父母同住，三代人拥挤在旧区小户型老房中,小区无地下车库且人车不分流，小孩在楼下玩耍或者推婴儿车极为不安全。,要求有超大面宽南向双阳台（观景家政分离），主卧大飘窗能270度直面自然景观。,无需日常通勤，但要求30分钟内快捷通达凤凰机场或高铁站。,崇尚度假慢生活，清晨沙滩漫步，午后椰林下午茶，酷爱轻户外及后海冲浪。,名下持有一套旧两居，置换回款 65% + 个人理财储蓄补充 + 公积金商业贷,重性价比，不盲信大牌，但要求物业管理有序、绿化修剪及时、人防技防规范。,每年11月至次年3月到此度过漫长冬季，极其依赖周边的康养及适老化服务。
三_2011_01428,三亚,2011,外地候鸟-华北,69,男,3.6,23.6,0.5,35.4,1,0,否,B,network,0.66,0.53,0.9,0.73,0.63,0.52,0.19,0,0.51,度假,两室一厅,50,5434,高校资深硕导,高知退休康养,三亚中环品质两居，车位及空间极其拥挤,老小区隔音差，邻里滋扰严重，且车位严重匮乏，每晚加班回来抢车位像打仗。,要求独立电梯入户，主次卧动线分明，配备独立保姆房和私密后院。,无需日常通勤，但要求30分钟内快捷通达凤凰机场或高铁站。,崇尚度假慢生活，清晨沙滩漫步，午后椰林下午茶，酷爱轻户外及后海冲浪。,名下持有一套旧两居，置换回款 65% + 个人理财储蓄补充 + 公积金商业贷,重性价比，不盲信大牌，但要求物业管理有序、绿化修剪及时、人防技防规范。,每年11月至次年3月到此度过漫长冬季，极其依赖周边的康养及适老化服务。
三_2011_01429,三亚,2011,外地候鸟-华北,70,女,4.3,35.7,0.5,53.5,2,0,否,B,network,0.71,0.54,0.81,0.76,0.5,0.5,0.01,0,0.67,度假,一室一厅,100,4049,央企总部退休总工,高知退休康养,三亚中环品质两居，车位及空间极其拥挤,老小区隔音差，邻里滋扰严重，且车位严重匮乏，每晚加班回来抢车位像打仗。,要求独立电梯入户，主次卧动线分明，配备独立保姆房和私密后院。,无需日常通勤，但要求30分钟内快捷通达凤凰机场或高铁站。,崇尚度假慢生活，清晨沙滩漫步，午后椰林下午茶，酷爱轻户外及后海冲浪。,名下持有一套旧两居，置换回款 65% + 个人理财储蓄补充 + 公积金商业贷,重性价比，不盲信大牌，但要求物业管理有序、绿化修剪及时、人防技防规范。,每年11月至次年3月到此度过漫长冬季，极其依赖周边的康养及适老化服务。
三_2011_01430,三亚,2011,外地候鸟-华北,69,女,4.6,43.1,0.5,64.7,2,0,否,B,network,0.46,0.5,0.89,0.78,0.73,0.47,0.09,0,0.58,养老,一室一厅,98,4683,央企总部退休总工,高知退休康养,三亚中环品质两居，车位及空间极其拥挤,老小区隔音差，邻里滋扰严重，且车位严重匮乏，每晚加班回来抢车位像打仗。,要求独立电梯入户，主次卧动线分明，配备独立保姆房和私密后院。,无需日常通勤，但要求30分钟内快捷通达凤凰机场或高铁站。,崇尚度假慢生活，清晨沙滩漫步，午后椰林下午茶，酷爱轻户外及后海冲浪。,名下持有一套旧两居，置换回款 65% + 个人理财储蓄补充 + 公积金商业贷,重性价比，不盲信大牌，但要求物业管理有序、绿化修剪及时、人防技防规范。,每年11月至次年3月到此度过漫长冬季，极其依赖周边的康养及适老化服务。
三_2011_01431,三亚,2011,外地候鸟-东北,76,女,4.3,36.8,0.5,55.2,2,0,否,C,network,0.35,0.66,1,0.77,0.52,0.38,0.07,0,0.52,度假,两室一厅,92,3459,哈尔滨私营物流老板,高知退休康养,与父母同住，三代人拥挤在旧区小户型老房中,老小区隔音差，邻里滋扰严重，且车位严重匮乏，每晚加班回来抢车位像打仗。,要求独立电梯入户，主次卧动线分明，配备独立保姆房和私密后院。,无需日常通勤，但要求30分钟内快捷通达凤凰机场或高铁站。,崇尚度假慢生活，清晨沙滩漫步，午后椰林下午茶，酷爱轻户外及后海冲浪。,名下持有一套旧两居，置换回款 65% + 个人理财储蓄补充 + 公积金商业贷,重性价比，不盲信大牌，但要求物业管理有序、绿化修剪及时、人防技防规范。,每年11月至次年3月到此度过漫长冬季，极其依赖周边的康养及适老化服务。
三_2011_01432,三亚,2011,度假投资,39,女,7.6,71.6,0.4,134.3,3,1,否,A,research,1,0.32,0.87,0.73,0.43,0.55,0.18,0.05,0.75,度假,两室一厅,81,14365,高端海景资产收藏家,三口之家(学龄段),市中心私密洋房住宅,无高端私密会所及管家式物业配套，圈层鱼龙混杂，高净值居住体验差。,要求独立电梯入户，主次卧动线分明，配备独立保姆房和私密后院。,无需日常通勤，但要求30分钟内快捷通达凤凰机场或高铁站。,周末常去高端商圈消费，热衷打网球和马术，重度手冲咖啡及黑胶唱片发烧友。,名下已有企业股权套现或分红现金，一次性全款付清，基本不加杠杆,非仁恒、绿城、万科等金牌开发商不买，极度看重高端精装质量与顶级物业的增值口碑。,每年11月至次年3月到此度过漫长冬季，极其依赖周边的康养及适老化服务。
三_2011_01433,三亚,2011,本地改善,48,女,2.1,12.7,0.35,27.1,3,2,否,B,agent,0.85,0.61,0.59,0.63,0.48,0.72,0.52,0.67,0.52,自住-改善,两室一厅,63,2358,三甲医院主治医师,二胎黄金期中大户型,三亚中环品质两居，车位及空间极其拥挤,小区无地下车库且人车不分流，小孩在楼下玩耍或者推婴儿车极为不安全。,讲究超高得房率（超85%），主卧套房必须配备独立步入式衣帽间与干湿分离双卫。,无需日常通勤，但要求30分钟内快捷通达凤凰机场或高铁站。,崇尚度假慢生活，清晨沙滩漫步，午后椰林下午茶，酷爱轻户外及后海冲浪。,名下持有一套旧两居，置换回款 65% + 个人理财储蓄补充 + 公积金商业贷,重性价比，不盲信大牌，但要求物业管理有序、绿化修剪及时、人防技防规范。,本地常住人口，四季生活规律，度假频次为常规年假出行。
三_2011_01434,三亚,2011,外地候鸟-华北,73,男,5.7,34.8,0.5,52.2,2,0,否,B,network,0.66,0.52,0.91,0.71,0.55,0.43,0,0.07,0.56,度假,一室一厅,87,4204,央企总部退休总工,高知退休康养,三亚中环品质两居，车位及空间极其拥挤,老小区隔音差，邻里滋扰严重，且车位严重匮乏，每晚加班回来抢车位像打仗。,要求独立电梯入户，主次卧动线分明，配备独立保姆房和私密后院。,无需日常通勤，但要求30分钟内快捷通达凤凰机场或高铁站。,崇尚度假慢生活，清晨沙滩漫步，午后椰林下午茶，酷爱轻户外及后海冲浪。,名下持有一套旧两居，置换回款 65% + 个人理财储蓄补充 + 公积金商业贷,重性价比，不盲信大牌，但要求物业管理有序、绿化修剪及时、人防技防规范。,每年11月至次年3月到此度过漫长冬季，极其依赖周边的康养及适老化服务。
三_2011_01435,三亚,2011,外地候鸟-西北,65,女,3.7,26.4,0.5,39.6,2,0,是,C,network,0.46,0.6,1,0.46,0.47,0.49,0.05,0.14,0.57,度假,两室一厅,61,4821,西安设计院退休总建筑师,高知退休康养,与父母同住，三代人拥挤在旧区小户型老房中,当前房屋属于旧多层无电梯房，父母年纪渐高每天爬楼梯极为吃力。,要求有超大面宽南向双阳台（观景家政分离），主卧大飘窗能270度直面自然景观。,无需日常通勤，但要求30分钟内快捷通达凤凰机场或高铁站。,崇尚度假慢生活，清晨沙滩漫步，午后椰林下午茶，酷爱轻户外及后海冲浪。,名下持有一套旧两居，置换回款 65% + 个人理财储蓄补充 + 公积金商业贷,重性价比，不盲信大牌，但要求物业管理有序、绿化修剪及时、人防技防规范。,每年11月至次年3月到此度过漫长冬季，极其依赖周边的康养及适老化服务。
三_2011_01436,三亚,2011,本地改善,46,男,2.2,11.8,0.35,25.4,4,1,是,B,agent,0.9,0.62,0.61,0.33,0.28,0.78,0.64,0.72,0.57,自住-改善,一室一厅,57,3491,重点中学高级教师,三口之家(学龄段),三亚中环品质两居，车位及空间极其拥挤,小区无地下车库且人车不分流，小孩在楼下玩耍或者推婴儿车极为不安全。,讲究超高得房率（超85%），主卧套房必须配备独立步入式衣帽间与干湿分离双卫。,无需日常通勤，但要求30分钟内快捷通达凤凰机场或高铁站。,崇尚度假慢生活，清晨沙滩漫步，午后椰林下午茶，酷爱轻户外及后海冲浪。,名下持有一套旧两居，置换回款 65% + 个人理财储蓄补充 + 公积金商业贷,重性价比，不盲信大牌，但要求物业管理有序、绿化修剪及时、人防技防规范。,本地常住人口，四季生活规律，度假频次为常规年假出行。
三_2011_01437,三亚,2011,度假投资,35,女,5.2,64.2,0.4,120.4,3,1,否,A,research,0.88,0.46,0.87,0.55,0.45,0.4,0.17,0,0.73,投资-短期,两室两厅,91,8774,知名中医药连锁投资人,三口之家(幼龄段),西湖边高精平层,无高端私密会所及管家式物业配套，圈层鱼龙混杂，高净值居住体验差。,要求有超大面宽南向双阳台（观景家政分离），主卧大飘窗能270度直面自然景观。,无需日常通勤，但要求30分钟内快捷通达凤凰机场或高铁站。,周末常去高端商圈消费，热衷打网球和马术，重度手冲咖啡及黑胶唱片发烧友。,名下已有企业股权套现或分红现金，一次性全款付清，基本不加杠杆,非仁恒、绿城、万科等金牌开发商不买，极度看重高端精装质量与顶级物业的增值口碑。,每年11月至次年3月到此度过漫长冬季，极其依赖周边的康养及适老化服务。
三_2011_01438,三亚,2011,度假投资,48,女,6.3,54.1,0.4,101.5,3,0,否,A,research,0.75,0.36,0.78,0.51,0.57,0.42,0,0.11,0.77,度假,一室一厅,56,14249,上市公司退休联合创始人,成熟期核心家庭,西湖边高精平层,无高端私密会所及管家式物业配套，圈层鱼龙混杂，高净值居住体验差。,要求有超大面宽南向双阳台（观景家政分离），主卧大飘窗能270度直面自然景观。,无需日常通勤，但要求30分钟内快捷通达凤凰机场或高铁站。,周末常去高端商圈消费，热衷打网球和马术，重度手冲咖啡及黑胶唱片发烧友。,名下已有企业股权套现或分红现金，一次性全款付清，基本不加杠杆,非仁恒、绿城、万科等金牌开发商不买，极度看重高端精装质量与顶级物业的增值口碑。,每年11月至次年3月到此度过漫长冬季，极其依赖周边的康养及适老化服务。
三_2011_01439,三亚,2011,外地候鸟-东北,60,男,2.2,17.6,0.5,26.5,1,1,否,C,network,0.28,0.6,0.87,0.76,0.39,0.33,0,0,0.61,养老,两室两厅,88,1841,哈尔滨私营物流老板,三口之家(学龄段),与父母同住，三代人拥挤在旧区小户型老房中,小区无地下车库且人车不分流，小孩在楼下玩耍或者推婴儿车极为不安全。,要求独立电梯入户，主次卧动线分明，配备独立保姆房和私密后院。,无需日常通勤，但要求30分钟内快捷通达凤凰机场或高铁站。,崇尚度假慢生活，清晨沙滩漫步，午后椰林下午茶，酷爱轻户外及后海冲浪。,名下持有一套旧两居，置换回款 65% + 个人理财储蓄补充 + 公积金商业贷,重性价比，不盲信大牌，但要求物业管理有序、绿化修剪及时、人防技防规范。,每年11月至次年3月到此度过漫长冬季，极其依赖周边的康养及适老化服务。
三_2011_01440,三亚,2011,度假投资,39,女,9.2,75.9,0.4,142.3,3,1,否,A,research,0.96,0.51,0.86,0.71,0.56,0.44,0,0,0.74,投资-短期,两室两厅,84,14825,知名中医药连锁投资人,三口之家(学龄段),西湖边高精平层,无高端私密会所及管家式物业配套，圈层鱼龙混杂，高净值居住体验差。,要求独立电梯入户，主次卧动线分明，配备独立保姆房和私密后院。,无需日常通勤，但要求30分钟内快捷通达凤凰机场或高铁站。,周末常去高端商圈消费，热衷打网球和马术，重度手冲咖啡及黑胶唱片发烧友。,名下已有企业股权套现或分红现金，一次性全款付清，基本不加杠杆,非仁恒、绿城、万科等金牌开发商不买，极度看重高端精装质量与顶级物业的增值口碑。,每年11月至次年3月到此度过漫长冬季，极其依赖周边的康养及适老化服务。
三_2011_01441,三亚,2011,外地候鸟-西北,67,男,3.4,20.7,0.5,31.1,3,0,否,C,network,0.22,0.65,1,0.88,0.6,0.45,0.07,0,0.39,度假,两室一厅,94,2913,西安设计院退休总建筑师,高知退休康养,与父母同住，三代人拥挤在旧区小户型老房中,老小区隔音差，邻里滋扰严重，且车位严重匮乏，每晚加班回来抢车位像打仗。,要求独立电梯入户，主次卧动线分明，配备独立保姆房和私密后院。,无需日常通勤，但要求30分钟内快捷通达凤凰机场或高铁站。,崇尚度假慢生活，清晨沙滩漫步，午后椰林下午茶，酷爱轻户外及后海冲浪。,名下持有一套旧两居，置换回款 65% + 个人理财储蓄补充 + 公积金商业贷,重性价比，不盲信大牌，但要求物业管理有序、绿化修剪及时、人防技防规范。,每年11月至次年3月到此度过漫长冬季，极其依赖周边的康养及适老化服务。
三_2011_01442,三亚,2011,外地候鸟-东北,58,男,2.1,11.4,0.5,17.1,3,0,否,C,network,0.25,0.53,0.95,0.78,0.48,0.43,0.02,0,0.55,养老,一室一厅,53,2044,哈尔滨高校退休处长,高知退休康养,与父母同住，三代人拥挤在旧区小户型老房中,老小区隔音差，邻里滋扰严重，且车位严重匮乏，每晚加班回来抢车位像打仗。,要求独立电梯入户，主次卧动线分明，配备独立保姆房和私密后院。,无需日常通勤，但要求30分钟内快捷通达凤凰机场或高铁站。,崇尚度假慢生活，清晨沙滩漫步，午后椰林下午茶，酷爱轻户外及后海冲浪。,名下持有一套旧两居，置换回款 65% + 个人理财储蓄补充 + 公积金商业贷,重性价比，不盲信大牌，但要求物业管理有序、绿化修剪及时、人防技防规范。,每年11月至次年3月到此度过漫长冬季，极其依赖周边的康养及适老化服务。
三_2011_01443,三亚,2011,外地候鸟-东北,59,女,2.6,22.8,0.5,34.1,1,0,否,C,network,0.18,0.6,0.92,0.68,0.49,0.48,0.16,0,0.33,度假,两室两厅,91,2598,沈阳大型重工企业退休副厂长,高知退休康养,与父母同住，三代人拥挤在旧区小户型老房中,老小区隔音差，邻里滋扰严重，且车位严重匮乏，每晚加班回来抢车位像打仗。,要求有超大面宽南向双阳台（观景家政分离），主卧大飘窗能270度直面自然景观。,无需日常通勤，但要求30分钟内快捷通达凤凰机场或高铁站。,崇尚度假慢生活，清晨沙滩漫步，午后椰林下午茶，酷爱轻户外及后海冲浪。,名下持有一套旧两居，置换回款 65% + 个人理财储蓄补充 + 公积金商业贷,重性价比，不盲信大牌，但要求物业管理有序、绿化修剪及时、人防技防规范。,每年11月至次年3月到此度过漫长冬季，极其依赖周边的康养及适老化服务。
三_2011_01444,三亚,2011,外地候鸟-西北,68,男,2.5,20.7,0.5,31.0,2,0,否,C,network,0.34,0.69,0.88,0.54,0.53,0.47,0.01,0,0.52,养老,两室一厅,52,3888,兰州煤炭物流运输企业主,高知退休康养,与父母同住，三代人拥挤在旧区小户型老房中,老小区隔音差，邻里滋扰严重，且车位严重匮乏，每晚加班回来抢车位像打仗。,要求有超大面宽南向双阳台（观景家政分离），主卧大飘窗能270度直面自然景观。,无需日常通勤，但要求30分钟内快捷通达凤凰机场或高铁站。,崇尚度假慢生活，清晨沙滩漫步，午后椰林下午茶，酷爱轻户外及后海冲浪。,名下持有一套旧两居，置换回款 65% + 个人理财储蓄补充 + 公积金商业贷,重性价比，不盲信大牌，但要求物业管理有序、绿化修剪及时、人防技防规范。,每年11月至次年3月到此度过漫长冬季，极其依赖周边的康养及适老化服务。
三_2011_01445,三亚,2011,本地改善,47,男,2.2,11.0,0.35,23.5,3,1,是,B,agent,0.79,0.59,0.55,0.53,0.44,0.88,0.55,0.63,0.43,自住-改善,两室两厅,99,1427,智能新能源车企研发骨干,三口之家(学龄段),三亚中环品质两居，车位及空间极其拥挤,小区无地下车库且人车不分流，小孩在楼下玩耍或者推婴儿车极为不安全。,讲究超高得房率（超85%），主卧套房必须配备独立步入式衣帽间与干湿分离双卫。,无需日常通勤，但要求30分钟内快捷通达凤凰机场或高铁站。,崇尚度假慢生活，清晨沙滩漫步，午后椰林下午茶，酷爱轻户外及后海冲浪。,名下持有一套旧两居，置换回款 65% + 个人理财储蓄补充 + 公积金商业贷,重性价比，不盲信大牌，但要求物业管理有序、绿化修剪及时、人防技防规范。,本地常住人口，四季生活规律，度假频次为常规年假出行。
三_2011_01446,三亚,2011,外地候鸟-华北,57,男,3.7,34.5,0.5,51.7,2,0,否,B,network,0.75,0.46,1,0.67,0.51,0.5,0.05,0.05,0.76,度假,一室一厅,80,4405,高校资深硕导,高知退休康养,三亚中环品质两居，车位及空间极其拥挤,老小区隔音差，邻里滋扰严重，且车位严重匮乏，每晚加班回来抢车位像打仗。,要求有超大面宽南向双阳台（观景家政分离），主卧大飘窗能270度直面自然景观。,无需日常通勤，但要求30分钟内快捷通达凤凰机场或高铁站。,崇尚度假慢生活，清晨沙滩漫步，午后椰林下午茶，酷爱轻户外及后海冲浪。,名下持有一套旧两居，置换回款 65% + 个人理财储蓄补充 + 公积金商业贷,非仁恒、绿城、万科等金牌开发商不买，极度看重高端精装质量与顶级物业的增值口碑。,每年11月至次年3月到此度过漫长冬季，极其依赖周边的康养及适老化服务。
三_2011_01447,三亚,2011,外地候鸟-东北,60,男,2.9,15.1,0.5,22.7,1,0,否,C,network,0.06,0.69,0.8,0.7,0.54,0.49,0.07,0.12,0.35,度假,两室一厅,68,2307,哈尔滨私营物流老板,高知退休康养,与父母同住，三代人拥挤在旧区小户型老房中,老小区隔音差，邻里滋扰严重，且车位严重匮乏，每晚加班回来抢车位像打仗。,要求独立电梯入户，主次卧动线分明，配备独立保姆房和私密后院。,无需日常通勤，但要求30分钟内快捷通达凤凰机场或高铁站。,崇尚度假慢生活，清晨沙滩漫步，午后椰林下午茶，酷爱轻户外及后海冲浪。,名下持有一套旧两居，置换回款 65% + 个人理财储蓄补充 + 公积金商业贷,重性价比，不盲信大牌，但要求物业管理有序、绿化修剪及时、人防技防规范。,每年11月至次年3月到此度过漫长冬季，极其依赖周边的康养及适老化服务。
三_2011_01448,三亚,2011,外地候鸟-华北,75,女,3.2,28.7,0.5,43.1,2,0,否,B,network,0.5,0.56,0.91,0.73,0.47,0.59,0,0,0.61,度假,两室两厅,94,3213,北京三甲医院退休教授,高知退休康养,三亚中环品质两居，车位及空间极其拥挤,老小区隔音差，邻里滋扰严重，且车位严重匮乏，每晚加班回来抢车位像打仗。,要求独立电梯入户，主次卧动线分明，配备独立保姆房和私密后院。,无需日常通勤，但要求30分钟内快捷通达凤凰机场或高铁站。,崇尚度假慢生活，清晨沙滩漫步，午后椰林下午茶，酷爱轻户外及后海冲浪。,名下持有一套旧两居，置换回款 65% + 个人理财储蓄补充 + 公积金商业贷,重性价比，不盲信大牌，但要求物业管理有序、绿化修剪及时、人防技防规范。,每年11月至次年3月到此度过漫长冬季，极其依赖周边的康养及适老化服务。
三_2011_01449,三亚,2011,度假投资,39,男,6.9,76.2,0.4,142.8,4,1,否,A,research,0.6,0.26,0.92,0.63,0.56,0.37,0.15,0.04,0.7,度假,一室一厅,94,9363,高端海景资产收藏家,三口之家(学龄段),市中心私密洋房住宅,无高端私密会所及管家式物业配套，圈层鱼龙混杂，高净值居住体验差。,要求有超大面宽南向双阳台（观景家政分离），主卧大飘窗能270度直面自然景观。,无需日常通勤，但要求30分钟内快捷通达凤凰机场或高铁站。,周末常去高端商圈消费，热衷打网球和马术，重度手冲咖啡及黑胶唱片发烧友。,名下已有企业股权套现或分红现金，一次性全款付清，基本不加杠杆,非仁恒、绿城、万科等金牌开发商不买，极度看重高端精装质量与顶级物业的增值口碑。,每年11月至次年3月到此度过漫长冬季，极其依赖周边的康养及适老化服务。
三_2011_01450,三亚,2011,本地改善,36,女,1.6,7.4,0.35,15.9,4,1,否,B,agent,0.87,0.48,0.68,0.5,0.51,0.57,0.59,0.65,0.48,自住-改善,两室一厅,71,1536,智能新能源车企研发骨干,三口之家(幼龄段),三亚中环品质两居，车位及空间极其拥挤,小区无地下车库且人车不分流，小孩在楼下玩耍或者推婴儿车极为不安全。,要求采光通透，全明户型，带多功能嵌入式收纳墙以最大化空间利用。,无需日常通勤，但要求30分钟内快捷通达凤凰机场或高铁站。,崇尚度假慢生活，清晨沙滩漫步，午后椰林下午茶，酷爱轻户外及后海冲浪。,名下持有一套旧两居，置换回款 65% + 个人理财储蓄补充 + 公积金商业贷,重性价比，不盲信大牌，但要求物业管理有序、绿化修剪及时、人防技防规范。,本地常住人口，四季生活规律，度假频次为常规年假出行。
三_2011_01451,三亚,2011,本地改善,50,女,4.1,25.0,0.35,53.6,4,1,否,B,agent,0.78,0.6,0.58,0.41,0.34,0.76,0.45,0.62,0.27,自住-改善,两室两厅,81,5782,三甲医院主治医师,三口之家(学龄段),三亚中环品质两居，车位及空间极其拥挤,小区无地下车库且人车不分流，小孩在楼下玩耍或者推婴儿车极为不安全。,讲究超高得房率（超85%），主卧套房必须配备独立步入式衣帽间与干湿分离双卫。,无需日常通勤，但要求30分钟内快捷通达凤凰机场或高铁站。,崇尚度假慢生活，清晨沙滩漫步，午后椰林下午茶，酷爱轻户外及后海冲浪。,名下持有一套旧两居，置换回款 65% + 个人理财储蓄补充 + 公积金商业贷,重性价比，不盲信大牌，但要求物业管理有序、绿化修剪及时、人防技防规范。,本地常住人口，四季生活规律，度假频次为常规年假出行。
三_2011_01452,三亚,2011,本地改善,50,男,1.6,7.9,0.35,16.9,4,1,否,B,agent,0.67,0.54,0.59,0.49,0.44,0.85,0.61,0.65,0.55,自住-改善,两室一厅,73,1833,智能新能源车企研发骨干,三口之家(学龄段),三亚中环品质两居，车位及空间极其拥挤,小区无地下车库且人车不分流，小孩在楼下玩耍或者推婴儿车极为不安全。,讲究超高得房率（超85%），主卧套房必须配备独立步入式衣帽间与干湿分离双卫。,无需日常通勤，但要求30分钟内快捷通达凤凰机场或高铁站。,崇尚度假慢生活，清晨沙滩漫步，午后椰林下午茶，酷爱轻户外及后海冲浪。,名下持有一套旧两居，置换回款 65% + 个人理财储蓄补充 + 公积金商业贷,重性价比，不盲信大牌，但要求物业管理有序、绿化修剪及时、人防技防规范。,本地常住人口，四季生活规律，度假频次为常规年假出行。
三_2011_01453,三亚,2011,度假投资,47,男,13.0,127.2,0.4,238.6,4,2,否,A,research,0.71,0.48,0.93,0.59,0.58,0.25,0,0,0.71,投资-短期,两室两厅,100,19293,知名中医药连锁投资人,二胎黄金期中大户型,市中心私密洋房住宅,无高端私密会所及管家式物业配套，圈层鱼龙混杂，高净值居住体验差。,要求有超大面宽南向双阳台（观景家政分离），主卧大飘窗能270度直面自然景观。,无需日常通勤，但要求30分钟内快捷通达凤凰机场或高铁站。,周末常去高端商圈消费，热衷打网球和马术，重度手冲咖啡及黑胶唱片发烧友。,名下已有企业股权套现或分红现金，一次性全款付清，基本不加杠杆,非仁恒、绿城、万科等金牌开发商不买，极度看重高端精装质量与顶级物业的增值口碑。,每年11月至次年3月到此度过漫长冬季，极其依赖周边的康养及适老化服务。
三_2011_01454,三亚,2011,度假投资,51,女,4.5,47.9,0.4,89.8,4,2,否,A,research,0.62,0.45,0.84,0.65,0.6,0.5,0,0,0.82,投资-短期,一室一厅,86,8762,上市公司退休联合创始人,二胎黄金期中大户型,西湖边高精平层,无高端私密会所及管家式物业配套，圈层鱼龙混杂，高净值居住体验差。,要求有超大面宽南向双阳台（观景家政分离），主卧大飘窗能270度直面自然景观。,无需日常通勤，但要求30分钟内快捷通达凤凰机场或高铁站。,周末常去高端商圈消费，热衷打网球和马术，重度手冲咖啡及黑胶唱片发烧友。,名下已有企业股权套现或分红现金，一次性全款付清，基本不加杠杆,非仁恒、绿城、万科等金牌开发商不买，极度看重高端精装质量与顶级物业的增值口碑。,每年11月至次年3月到此度过漫长冬季，极其依赖周边的康养及适老化服务。
三_2011_01455,三亚,2011,本地改善,38,男,1.6,10.8,0.35,23.2,4,1,是,B,agent,1,0.48,0.67,0.38,0.34,0.73,0.68,0.84,0.44,自住-改善,一室一厅,51,4043,国企中层管理,三口之家(学龄段),三亚中环品质两居，车位及空间极其拥挤,小区无地下车库且人车不分流，小孩在楼下玩耍或者推婴儿车极为不安全。,讲究超高得房率（超85%），主卧套房必须配备独立步入式衣帽间与干湿分离双卫。,无需日常通勤，但要求30分钟内快捷通达凤凰机场或高铁站。,崇尚度假慢生活，清晨沙滩漫步，午后椰林下午茶，酷爱轻户外及后海冲浪。,名下持有一套旧两居，置换回款 65% + 个人理财储蓄补充 + 公积金商业贷,重性价比，不盲信大牌，但要求物业管理有序、绿化修剪及时、人防技防规范。,本地常住人口，四季生活规律，度假频次为常规年假出行。
三_2011_01456,三亚,2011,外地候鸟-华北,59,男,3.8,34.7,0.5,52.0,2,0,是,B,network,0.61,0.61,0.81,0.63,0.53,0.47,0.13,0,0.49,度假,两室两厅,83,4512,北京三甲医院退休教授,高知退休康养,三亚中环品质两居，车位及空间极其拥挤,当前房屋属于旧多层无电梯房，父母年纪渐高每天爬楼梯极为吃力。,要求有超大面宽南向双阳台（观景家政分离），主卧大飘窗能270度直面自然景观。,无需日常通勤，但要求30分钟内快捷通达凤凰机场或高铁站。,崇尚度假慢生活，清晨沙滩漫步，午后椰林下午茶，酷爱轻户外及后海冲浪。,名下持有一套旧两居，置换回款 65% + 个人理财储蓄补充 + 公积金商业贷,重性价比，不盲信大牌，但要求物业管理有序、绿化修剪及时、人防技防规范。,每年11月至次年3月到此度过漫长冬季，极其依赖周边的康养及适老化服务。
三_2011_01457,三亚,2011,外地候鸟-华北,71,男,3.5,24.3,0.5,36.4,1,0,否,B,network,0.52,0.65,0.97,0.63,0.59,0.48,0.01,0,0.63,度假,两室两厅,92,2204,高校资深硕导,高知退休康养,三亚中环品质两居，车位及空间极其拥挤,老小区隔音差，邻里滋扰严重，且车位严重匮乏，每晚加班回来抢车位像打仗。,要求有超大面宽南向双阳台（观景家政分离），主卧大飘窗能270度直面自然景观。,无需日常通勤，但要求30分钟内快捷通达凤凰机场或高铁站。,崇尚度假慢生活，清晨沙滩漫步，午后椰林下午茶，酷爱轻户外及后海冲浪。,名下持有一套旧两居，置换回款 65% + 个人理财储蓄补充 + 公积金商业贷,重性价比，不盲信大牌，但要求物业管理有序、绿化修剪及时、人防技防规范。,每年11月至次年3月到此度过漫长冬季，极其依赖周边的康养及适老化服务。
三_2011_01458,三亚,2011,本地改善,37,男,1.9,10.8,0.35,23.1,4,1,否,B,agent,0.62,0.61,0.72,0.45,0.26,0.67,0.75,0.58,0.49,自住-改善,两室两厅,77,2065,国企中层管理,三口之家(幼龄段),三亚中环品质两居，车位及空间极其拥挤,小区无地下车库且人车不分流，小孩在楼下玩耍或者推婴儿车极为不安全。,要求有超大面宽南向双阳台（观景家政分离），主卧大飘窗能270度直面自然景观。,无需日常通勤，但要求30分钟内快捷通达凤凰机场或高铁站。,崇尚度假慢生活，清晨沙滩漫步，午后椰林下午茶，酷爱轻户外及后海冲浪。,名下持有一套旧两居，置换回款 65% + 个人理财储蓄补充 + 公积金商业贷,重性价比，不盲信大牌，但要求物业管理有序、绿化修剪及时、人防技防规范。,本地常住人口，四季生活规律，度假频次为常规年假出行。
三_2011_01459,三亚,2011,高净值康养,54,男,24.5,314.7,0.6,393.4,2,0,否,A,network,0.64,0.37,0.91,1,0.93,0.61,0.05,0,0.79,度假,三室两厅,175,19514,高端海景资产收藏家,成熟期核心家庭,陆家嘴核心区江景大平层,无高端私密会所及管家式物业配套，圈层鱼龙混杂，高净值居住体验差。,要求独立电梯入户，主次卧动线分明，配备独立保姆房和私密后院。,无需日常通勤，但要求30分钟内快捷通达凤凰机场或高铁站。,周末常去高端商圈消费，热衷打网球和马术，重度手冲咖啡及黑胶唱片发烧友。,名下已有企业股权套现或分红现金，一次性全款付清，基本不加杠杆,非仁恒、绿城、万科等金牌开发商不买，极度看重高端精装质量与顶级物业的增值口碑。,本地常住人口，四季生活规律，度假频次为常规年假出行。
三_2011_01460,三亚,2011,本地改善,38,男,2.5,14.5,0.35,31.0,4,1,是,B,agent,0.87,0.49,0.63,0.39,0.35,0.57,0.41,0.79,0.33,自住-改善,两室两厅,61,3781,三甲医院主治医师,三口之家(学龄段),三亚中环品质两居，车位及空间极其拥挤,小区无地下车库且人车不分流，小孩在楼下玩耍或者推婴儿车极为不安全。,核心要求地块属于第一梯队名校学区，且周边500米内解决幼小衔接教育配套。,无需日常通勤，但要求30分钟内快捷通达凤凰机场或高铁站。,崇尚度假慢生活，清晨沙滩漫步，午后椰林下午茶，酷爱轻户外及后海冲浪。,名下持有一套旧两居，置换回款 65% + 个人理财储蓄补充 + 公积金商业贷,重性价比，不盲信大牌，但要求物业管理有序、绿化修剪及时、人防技防规范。,本地常住人口，四季生活规律，度假频次为常规年假出行。
三_2011_01461,三亚,2011,外地候鸟-华北,66,女,4.1,37.2,0.5,55.9,3,0,否,B,network,0.55,0.55,0.94,0.74,0.48,0.45,0.1,0,0.5,养老,两室两厅,59,5380,高校资深硕导,高知退休康养,三亚中环品质两居，车位及空间极其拥挤,老小区隔音差，邻里滋扰严重，且车位严重匮乏，每晚加班回来抢车位像打仗。,要求独立电梯入户，主次卧动线分明，配备独立保姆房和私密后院。,无需日常通勤，但要求30分钟内快捷通达凤凰机场或高铁站。,崇尚度假慢生活，清晨沙滩漫步，午后椰林下午茶，酷爱轻户外及后海冲浪。,名下持有一套旧两居，置换回款 65% + 个人理财储蓄补充 + 公积金商业贷,重性价比，不盲信大牌，但要求物业管理有序、绿化修剪及时、人防技防规范。,每年11月至次年3月到此度过漫长冬季，极其依赖周边的康养及适老化服务。
三_2011_01462,三亚,2011,高净值康养,57,女,15.5,176.3,0.6,220.4,2,0,否,A,network,0.64,0.28,1,0.93,0.82,0.71,0,0.04,0.89,度假,两室两厅,96,13931,高端海景资产收藏家,高知退休康养,市中心私密洋房住宅,无高端私密会所及管家式物业配套，圈层鱼龙混杂，高净值居住体验差。,要求独立电梯入户，主次卧动线分明，配备独立保姆房和私密后院。,无需日常通勤，但要求30分钟内快捷通达凤凰机场或高铁站。,周末常去高端商圈消费，热衷打网球和马术，重度手冲咖啡及黑胶唱片发烧友。,名下已有企业股权套现或分红现金，一次性全款付清，基本不加杠杆,非仁恒、绿城、万科等金牌开发商不买，极度看重高端精装质量与顶级物业的增值口碑。,本地常住人口，四季生活规律，度假频次为常规年假出行。
三_2011_01463,三亚,2011,外地候鸟-华北,71,女,4.4,39.8,0.5,59.6,2,0,否,B,network,0.28,0.5,0.97,0.72,0.6,0.42,0,0,0.53,养老,一室一厅,92,3442,北京三甲医院退休教授,高知退休康养,三亚中环品质两居，车位及空间极其拥挤,老小区隔音差，邻里滋扰严重，且车位严重匮乏，每晚加班回来抢车位像打仗。,要求独立电梯入户，主次卧动线分明，配备独立保姆房和私密后院。,无需日常通勤，但要求30分钟内快捷通达凤凰机场或高铁站。,崇尚度假慢生活，清晨沙滩漫步，午后椰林下午茶，酷爱轻户外及后海冲浪。,名下持有一套旧两居，置换回款 65% + 个人理财储蓄补充 + 公积金商业贷,重性价比，不盲信大牌，但要求物业管理有序、绿化修剪及时、人防技防规范。,每年11月至次年3月到此度过漫长冬季，极其依赖周边的康养及适老化服务。
三_2011_01464,三亚,2011,外地候鸟-华北,64,男,5.4,47.8,0.5,71.7,1,0,否,B,network,0.62,0.51,1,0.73,0.66,0.57,0.0,0,0.43,度假,一室一厅,78,4935,高校资深硕导,高知退休康养,三亚中环品质两居，车位及空间极其拥挤,老小区隔音差，邻里滋扰严重，且车位严重匮乏，每晚加班回来抢车位像打仗。,要求独立电梯入户，主次卧动线分明，配备独立保姆房和私密后院。,无需日常通勤，但要求30分钟内快捷通达凤凰机场或高铁站。,崇尚度假慢生活，清晨沙滩漫步，午后椰林下午茶，酷爱轻户外及后海冲浪。,名下持有一套旧两居，置换回款 65% + 个人理财储蓄补充 + 公积金商业贷,重性价比，不盲信大牌，但要求物业管理有序、绿化修剪及时、人防技防规范。,每年11月至次年3月到此度过漫长冬季，极其依赖周边的康养及适老化服务。
三_2011_01465,三亚,2011,本地改善,40,女,2.3,13.7,0.35,29.4,5,1,否,B,agent,0.93,0.59,0.51,0.49,0.4,0.78,0.56,0.72,0.24,自住-改善,一室一厅,71,3235,区级税务局一级主办,三口之家(学龄段),三亚中环品质两居，车位及空间极其拥挤,小区无地下车库且人车不分流，小孩在楼下玩耍或者推婴儿车极为不安全。,讲究超高得房率（超85%），主卧套房必须配备独立步入式衣帽间与干湿分离双卫。,无需日常通勤，但要求30分钟内快捷通达凤凰机场或高铁站。,崇尚度假慢生活，清晨沙滩漫步，午后椰林下午茶，酷爱轻户外及后海冲浪。,名下持有一套旧两居，置换回款 65% + 个人理财储蓄补充 + 公积金商业贷,重性价比，不盲信大牌，但要求物业管理有序、绿化修剪及时、人防技防规范。,本地常住人口，四季生活规律，度假频次为常规年假出行。
三_2011_01466,三亚,2011,度假投资,55,女,3.1,39.1,0.4,73.3,3,1,否,A,research,0.94,0.44,0.73,0.67,0.48,0.57,0,0,0.69,投资-长持,一室一厅,86,6435,上市公司退休联合创始人,三口之家(学龄段),西湖边高精平层,无高端私密会所及管家式物业配套，圈层鱼龙混杂，高净值居住体验差。,要求有超大面宽南向双阳台（观景家政分离），主卧大飘窗能270度直面自然景观。,无需日常通勤，但要求30分钟内快捷通达凤凰机场或高铁站。,周末常去高端商圈消费，热衷打网球和马术，重度手冲咖啡及黑胶唱片发烧友。,名下已有企业股权套现或分红现金，一次性全款付清，基本不加杠杆,重性价比，不盲信大牌，但要求物业管理有序、绿化修剪及时、人防技防规范。,每年11月至次年3月到此度过漫长冬季，极其依赖周边的康养及适老化服务。
三_2011_01467,三亚,2011,外地候鸟-华北,70,男,2.9,19.6,0.5,29.3,2,0,是,B,network,0.23,0.48,1,0.62,0.79,0.43,0.02,0,0.61,度假,两室一厅,100,2114,央企总部退休总工,高知退休康养,三亚中环品质两居，车位及空间极其拥挤,当前房屋属于旧多层无电梯房，父母年纪渐高每天爬楼梯极为吃力。,要求有超大面宽南向双阳台（观景家政分离），主卧大飘窗能270度直面自然景观。,无需日常通勤，但要求30分钟内快捷通达凤凰机场或高铁站。,崇尚度假慢生活，清晨沙滩漫步，午后椰林下午茶，酷爱轻户外及后海冲浪。,名下持有一套旧两居，置换回款 65% + 个人理财储蓄补充 + 公积金商业贷,重性价比，不盲信大牌，但要求物业管理有序、绿化修剪及时、人防技防规范。,每年11月至次年3月到此度过漫长冬季，极其依赖周边的康养及适老化服务。
三_2011_01468,三亚,2011,外地候鸟-东北,66,女,2.4,22.0,0.5,33.0,2,0,否,C,network,0.24,0.53,1,0.75,0.56,0.41,0,0,0.56,养老,两室两厅,66,2578,哈尔滨高校退休处长,高知退休康养,与父母同住，三代人拥挤在旧区小户型老房中,老小区隔音差，邻里滋扰严重，且车位严重匮乏，每晚加班回来抢车位像打仗。,要求独立电梯入户，主次卧动线分明，配备独立保姆房和私密后院。,无需日常通勤，但要求30分钟内快捷通达凤凰机场或高铁站。,崇尚度假慢生活，清晨沙滩漫步，午后椰林下午茶，酷爱轻户外及后海冲浪。,名下持有一套旧两居，置换回款 65% + 个人理财储蓄补充 + 公积金商业贷,重性价比，不盲信大牌，但要求物业管理有序、绿化修剪及时、人防技防规范。,每年11月至次年3月到此度过漫长冬季，极其依赖周边的康养及适老化服务。
三_2011_01469,三亚,2011,本地改善,36,男,3.3,14.6,0.35,31.3,4,1,是,B,agent,0.54,0.41,0.59,0.41,0.5,0.65,0.55,0.72,0.48,自住-改善,两室一厅,77,3208,智能新能源车企研发骨干,三口之家(幼龄段),三亚中环品质两居，车位及空间极其拥挤,小区无地下车库且人车不分流，小孩在楼下玩耍或者推婴儿车极为不安全。,核心要求地块属于第一梯队名校学区，且周边500米内解决幼小衔接教育配套。,无需日常通勤，但要求30分钟内快捷通达凤凰机场或高铁站。,崇尚度假慢生活，清晨沙滩漫步，午后椰林下午茶，酷爱轻户外及后海冲浪。,名下持有一套旧两居，置换回款 65% + 个人理财储蓄补充 + 公积金商业贷,重性价比，不盲信大牌，但要求物业管理有序、绿化修剪及时、人防技防规范。,本地常住人口，四季生活规律，度假频次为常规年假出行。
三_2011_01470,三亚,2011,度假投资,42,女,7.7,98.2,0.4,184.0,3,1,是,A,research,0.86,0.4,0.73,0.56,0.49,0.52,0,0,0.78,度假,两室两厅,132,10486,上市公司退休联合创始人,三口之家(学龄段),陆家嘴核心区江景大平层,当前房屋属于旧多层无电梯房，父母年纪渐高每天爬楼梯极为吃力。,要求有超大面宽南向双阳台（观景家政分离），主卧大飘窗能270度直面自然景观。,无需日常通勤，但要求30分钟内快捷通达凤凰机场或高铁站。,周末常去高端商圈消费，热衷打网球和马术，重度手冲咖啡及黑胶唱片发烧友。,名下已有企业股权套现或分红现金，一次性全款付清，基本不加杠杆,非仁恒、绿城、万科等金牌开发商不买，极度看重高端精装质量与顶级物业的增值口碑。,每年11月至次年3月到此度过漫长冬季，极其依赖周边的康养及适老化服务。
三_2011_01471,三亚,2011,度假投资,35,女,3.9,49.1,0.4,92.0,3,1,否,A,research,1,0.48,0.89,0.62,0.37,0.53,0.09,0,0.87,投资-短期,两室两厅,81,8669,上市公司退休联合创始人,三口之家(幼龄段),陆家嘴核心区江景大平层,无高端私密会所及管家式物业配套，圈层鱼龙混杂，高净值居住体验差。,要求有超大面宽南向双阳台（观景家政分离），主卧大飘窗能270度直面自然景观。,无需日常通勤，但要求30分钟内快捷通达凤凰机场或高铁站。,周末常去高端商圈消费，热衷打网球和马术，重度手冲咖啡及黑胶唱片发烧友。,名下已有企业股权套现或分红现金，一次性全款付清，基本不加杠杆,非仁恒、绿城、万科等金牌开发商不买，极度看重高端精装质量与顶级物业的增值口碑。,每年11月至次年3月到此度过漫长冬季，极其依赖周边的康养及适老化服务。
三_2011_01472,三亚,2011,外地候鸟-华北,72,男,4.6,29.0,0.5,43.5,2,0,否,B,network,0.56,0.52,0.97,0.6,0.63,0.34,0,0,0.63,养老,两室一厅,66,5013,央企总部退休总工,高知退休康养,三亚中环品质两居，车位及空间极其拥挤,老小区隔音差，邻里滋扰严重，且车位严重匮乏，每晚加班回来抢车位像打仗。,要求有超大面宽南向双阳台（观景家政分离），主卧大飘窗能270度直面自然景观。,无需日常通勤，但要求30分钟内快捷通达凤凰机场或高铁站。,崇尚度假慢生活，清晨沙滩漫步，午后椰林下午茶，酷爱轻户外及后海冲浪。,名下持有一套旧两居，置换回款 65% + 个人理财储蓄补充 + 公积金商业贷,重性价比，不盲信大牌，但要求物业管理有序、绿化修剪及时、人防技防规范。,每年11月至次年3月到此度过漫长冬季，极其依赖周边的康养及适老化服务。
三_2011_01473,三亚,2011,外地候鸟-华北,63,男,1.2,7.1,0.5,10.7,1,0,否,B,network,0.36,0.64,0.85,0.69,0.6,0.6,0,0,0.56,养老,两室一厅,99,971,北京三甲医院退休教授,高知退休康养,三亚中环品质两居，车位及空间极其拥挤,老小区隔音差，邻里滋扰严重，且车位严重匮乏，每晚加班回来抢车位像打仗。,要求有超大面宽南向双阳台（观景家政分离），主卧大飘窗能270度直面自然景观。,无需日常通勤，但要求30分钟内快捷通达凤凰机场或高铁站。,崇尚度假慢生活，清晨沙滩漫步，午后椰林下午茶，酷爱轻户外及后海冲浪。,名下持有一套旧两居，置换回款 65% + 个人理财储蓄补充 + 公积金商业贷,重性价比，不盲信大牌，但要求物业管理有序、绿化修剪及时、人防技防规范。,每年11月至次年3月到此度过漫长冬季，极其依赖周边的康养及适老化服务。
三_2011_01474,三亚,2011,外地候鸟-西北,62,女,5.1,33.9,0.5,50.9,2,0,否,C,network,0.51,0.7,0.82,0.58,0.51,0.58,0,0,0.56,养老,两室一厅,67,4725,西安设计院退休总建筑师,高知退休康养,与父母同住，三代人拥挤在旧区小户型老房中,老小区隔音差，邻里滋扰严重，且车位严重匮乏，每晚加班回来抢车位像打仗。,要求有超大面宽南向双阳台（观景家政分离），主卧大飘窗能270度直面自然景观。,无需日常通勤，但要求30分钟内快捷通达凤凰机场或高铁站。,崇尚度假慢生活，清晨沙滩漫步，午后椰林下午茶，酷爱轻户外及后海冲浪。,名下持有一套旧两居，置换回款 65% + 个人理财储蓄补充 + 公积金商业贷,重性价比，不盲信大牌，但要求物业管理有序、绿化修剪及时、人防技防规范。,每年11月至次年3月到此度过漫长冬季，极其依赖周边的康养及适老化服务。
三_2011_01475,三亚,2011,外地候鸟-华北,62,女,3.3,21.0,0.5,31.6,3,1,否,B,network,0.42,0.52,0.82,0.71,0.47,0.54,0,0,0.63,养老,两室一厅,68,3606,北京三甲医院退休教授,三口之家(学龄段),三亚中环品质两居，车位及空间极其拥挤,小区无地下车库且人车不分流，小孩在楼下玩耍或者推婴儿车极为不安全。,要求独立电梯入户，主次卧动线分明，配备独立保姆房和私密后院。,无需日常通勤，但要求30分钟内快捷通达凤凰机场或高铁站。,崇尚度假慢生活，清晨沙滩漫步，午后椰林下午茶，酷爱轻户外及后海冲浪。,名下持有一套旧两居，置换回款 65% + 个人理财储蓄补充 + 公积金商业贷,重性价比，不盲信大牌，但要求物业管理有序、绿化修剪及时、人防技防规范。,每年11月至次年3月到此度过漫长冬季，极其依赖周边的康养及适老化服务。
三_2011_01476,三亚,2011,度假投资,51,男,12.5,116.8,0.4,219.0,2,1,否,A,research,0.9,0.4,0.86,0.65,0.62,0.43,0.02,0,0.67,投资-短期,三室一厅,118,16569,上市公司退休联合创始人,三口之家(学龄段),陆家嘴核心区江景大平层,无高端私密会所及管家式物业配套，圈层鱼龙混杂，高净值居住体验差。,要求有超大面宽南向双阳台（观景家政分离），主卧大飘窗能270度直面自然景观。,无需日常通勤，但要求30分钟内快捷通达凤凰机场或高铁站。,周末常去高端商圈消费，热衷打网球和马术，重度手冲咖啡及黑胶唱片发烧友。,名下已有企业股权套现或分红现金，一次性全款付清，基本不加杠杆,重性价比，不盲信大牌，但要求物业管理有序、绿化修剪及时、人防技防规范。,每年11月至次年3月到此度过漫长冬季，极其依赖周边的康养及适老化服务。
三_2011_01477,三亚,2011,本地改善,39,男,3.3,18.3,0.35,39.1,4,1,否,B,agent,0.71,0.55,0.58,0.48,0.43,0.86,0.51,0.74,0.39,自住-改善,两室两厅,57,5203,重点中学高级教师,三口之家(学龄段),三亚中环品质两居，车位及空间极其拥挤,小区无地下车库且人车不分流，小孩在楼下玩耍或者推婴儿车极为不安全。,讲究超高得房率（超85%），主卧套房必须配备独立步入式衣帽间与干湿分离双卫。,无需日常通勤，但要求30分钟内快捷通达凤凰机场或高铁站。,崇尚度假慢生活，清晨沙滩漫步，午后椰林下午茶，酷爱轻户外及后海冲浪。,名下持有一套旧两居，置换回款 65% + 个人理财储蓄补充 + 公积金商业贷,重性价比，不盲信大牌，但要求物业管理有序、绿化修剪及时、人防技防规范。,本地常住人口，四季生活规律，度假频次为常规年假出行。
三_2011_01478,三亚,2011,外地候鸟-华北,59,男,3.2,21.2,0.5,31.9,2,0,否,B,network,0.67,0.52,1,0.82,0.64,0.35,0.01,0.03,0.64,度假,两室两厅,69,4097,北京三甲医院退休教授,高知退休康养,三亚中环品质两居，车位及空间极其拥挤,老小区隔音差，邻里滋扰严重，且车位严重匮乏，每晚加班回来抢车位像打仗。,要求独立电梯入户，主次卧动线分明，配备独立保姆房和私密后院。,无需日常通勤，但要求30分钟内快捷通达凤凰机场或高铁站。,崇尚度假慢生活，清晨沙滩漫步，午后椰林下午茶，酷爱轻户外及后海冲浪。,名下持有一套旧两居，置换回款 65% + 个人理财储蓄补充 + 公积金商业贷,重性价比，不盲信大牌，但要求物业管理有序、绿化修剪及时、人防技防规范。,每年11月至次年3月到此度过漫长冬季，极其依赖周边的康养及适老化服务。
三_2011_01479,三亚,2011,外地候鸟-华北,70,男,1.6,14.9,0.5,22.3,1,0,否,B,network,0.4,0.53,0.92,0.78,0.55,0.32,0.03,0,0.44,度假,两室两厅,78,1580,高校资深硕导,高知退休康养,三亚中环品质两居，车位及空间极其拥挤,老小区隔音差，邻里滋扰严重，且车位严重匮乏，每晚加班回来抢车位像打仗。,要求独立电梯入户，主次卧动线分明，配备独立保姆房和私密后院。,无需日常通勤，但要求30分钟内快捷通达凤凰机场或高铁站。,崇尚度假慢生活，清晨沙滩漫步，午后椰林下午茶，酷爱轻户外及后海冲浪。,名下持有一套旧两居，置换回款 65% + 个人理财储蓄补充 + 公积金商业贷,重性价比，不盲信大牌，但要求物业管理有序、绿化修剪及时、人防技防规范。,每年11月至次年3月到此度过漫长冬季，极其依赖周边的康养及适老化服务。
三_2011_01480,三亚,2011,本地改善,41,男,2.6,19.1,0.35,41.0,4,1,是,B,agent,0.63,0.55,0.6,0.59,0.42,0.8,0.47,0.84,0.51,自住-改善,两室两厅,62,5113,三甲医院主治医师,三口之家(学龄段),三亚中环品质两居，车位及空间极其拥挤,小区无地下车库且人车不分流，小孩在楼下玩耍或者推婴儿车极为不安全。,讲究超高得房率（超85%），主卧套房必须配备独立步入式衣帽间与干湿分离双卫。,无需日常通勤，但要求30分钟内快捷通达凤凰机场或高铁站。,崇尚度假慢生活，清晨沙滩漫步，午后椰林下午茶，酷爱轻户外及后海冲浪。,名下持有一套旧两居，置换回款 65% + 个人理财储蓄补充 + 公积金商业贷,重性价比，不盲信大牌，但要求物业管理有序、绿化修剪及时、人防技防规范。,本地常住人口，四季生活规律，度假频次为常规年假出行。
三_2011_01481,三亚,2011,本地改善,32,女,1.6,11.7,0.35,25.1,3,1,否,B,agent,0.86,0.57,0.73,0.41,0.47,0.76,0.5,0.7,0.52,自住-改善,一室一厅,74,1800,区级税务局一级主办,三口之家(幼龄段),三亚中环品质两居，车位及空间极其拥挤,小区无地下车库且人车不分流，小孩在楼下玩耍或者推婴儿车极为不安全。,要求有超大面宽南向双阳台（观景家政分离），主卧大飘窗能270度直面自然景观。,无需日常通勤，但要求30分钟内快捷通达凤凰机场或高铁站。,崇尚度假慢生活，清晨沙滩漫步，午后椰林下午茶，酷爱轻户外及后海冲浪。,名下持有一套旧两居，置换回款 65% + 个人理财储蓄补充 + 公积金商业贷,重性价比，不盲信大牌，但要求物业管理有序、绿化修剪及时、人防技防规范。,本地常住人口，四季生活规律，度假频次为常规年假出行。
三_2011_01482,三亚,2011,高净值康养,69,女,22.0,242.9,0.6,303.7,2,0,否,A,network,0.7,0.17,0.91,0.92,0.76,0.67,0,0.04,0.94,养老,三室两厅,169,13609,上市公司退休联合创始人,高知退休康养,西湖边高精平层,无高端私密会所及管家式物业配套，圈层鱼龙混杂，高净值居住体验差。,要求独立电梯入户，主次卧动线分明，配备独立保姆房和私密后院。,无需日常通勤，但要求30分钟内快捷通达凤凰机场或高铁站。,周末常去高端商圈消费，热衷打网球和马术，重度手冲咖啡及黑胶唱片发烧友。,名下已有企业股权套现或分红现金，一次性全款付清，基本不加杠杆,非仁恒、绿城、万科等金牌开发商不买，极度看重高端精装质量与顶级物业的增值口碑。,本地常住人口，四季生活规律，度假频次为常规年假出行。
三_2011_01483,三亚,2011,度假投资,46,男,6.3,48.6,0.4,91.1,3,1,否,A,research,0.92,0.39,0.9,0.68,0.59,0.48,0,0.02,0.76,度假,两室一厅,95,8032,上市公司退休联合创始人,三口之家(学龄段),西湖边高精平层,无高端私密会所及管家式物业配套，圈层鱼龙混杂，高净值居住体验差。,要求有超大面宽南向双阳台（观景家政分离），主卧大飘窗能270度直面自然景观。,无需日常通勤，但要求30分钟内快捷通达凤凰机场或高铁站。,周末常去高端商圈消费，热衷打网球和马术，重度手冲咖啡及黑胶唱片发烧友。,名下已有企业股权套现或分红现金，一次性全款付清，基本不加杠杆,非仁恒、绿城、万科等金牌开发商不买，极度看重高端精装质量与顶级物业的增值口碑。,每年11月至次年3月到此度过漫长冬季，极其依赖周边的康养及适老化服务。
三_2011_01484,三亚,2011,本地改善,49,男,1.9,12.0,0.35,25.7,4,1,否,B,agent,0.86,0.57,0.62,0.5,0.49,0.72,0.44,0.62,0.43,自住-改善,两室两厅,88,1905,重点中学高级教师,三口之家(学龄段),三亚中环品质两居，车位及空间极其拥挤,小区无地下车库且人车不分流，小孩在楼下玩耍或者推婴儿车极为不安全。,讲究超高得房率（超85%），主卧套房必须配备独立步入式衣帽间与干湿分离双卫。,无需日常通勤，但要求30分钟内快捷通达凤凰机场或高铁站。,崇尚度假慢生活，清晨沙滩漫步，午后椰林下午茶，酷爱轻户外及后海冲浪。,名下持有一套旧两居，置换回款 65% + 个人理财储蓄补充 + 公积金商业贷,重性价比，不盲信大牌，但要求物业管理有序、绿化修剪及时、人防技防规范。,本地常住人口，四季生活规律，度假频次为常规年假出行。
三_2011_01485,三亚,2011,外地候鸟-东北,72,女,4.0,26.0,0.5,39.0,2,0,否,C,network,0.52,0.65,0.89,0.73,0.59,0.6,0,0.04,0.58,养老,一室一厅,90,2537,哈尔滨私营物流老板,高知退休康养,与父母同住，三代人拥挤在旧区小户型老房中,老小区隔音差，邻里滋扰严重，且车位严重匮乏，每晚加班回来抢车位像打仗。,要求独立电梯入户，主次卧动线分明，配备独立保姆房和私密后院。,无需日常通勤，但要求30分钟内快捷通达凤凰机场或高铁站。,崇尚度假慢生活，清晨沙滩漫步，午后椰林下午茶，酷爱轻户外及后海冲浪。,名下持有一套旧两居，置换回款 65% + 个人理财储蓄补充 + 公积金商业贷,重性价比，不盲信大牌，但要求物业管理有序、绿化修剪及时、人防技防规范。,每年11月至次年3月到此度过漫长冬季，极其依赖周边的康养及适老化服务。
三_2011_01486,三亚,2011,外地候鸟-华北,56,男,4.9,38.3,0.5,57.5,2,0,否,B,network,0.48,0.55,0.85,0.66,0.62,0.54,0.1,0,0.55,度假,两室一厅,52,7317,高校资深硕导,高知退休康养,三亚中环品质两居，车位及空间极其拥挤,老小区隔音差，邻里滋扰严重，且车位严重匮乏，每晚加班回来抢车位像打仗。,要求有超大面宽南向双阳台（观景家政分离），主卧大飘窗能270度直面自然景观。,无需日常通勤，但要求30分钟内快捷通达凤凰机场或高铁站。,崇尚度假慢生活，清晨沙滩漫步，午后椰林下午茶，酷爱轻户外及后海冲浪。,名下持有一套旧两居，置换回款 65% + 个人理财储蓄补充 + 公积金商业贷,重性价比，不盲信大牌，但要求物业管理有序、绿化修剪及时、人防技防规范。,每年11月至次年3月到此度过漫长冬季，极其依赖周边的康养及适老化服务。
三_2011_01487,三亚,2011,本地改善,40,男,2.5,13.6,0.35,29.2,5,1,否,B,agent,0.93,0.62,0.64,0.47,0.26,0.78,0.5,0.48,0.58,自住-改善,一室一厅,96,2702,三甲医院主治医师,三口之家(学龄段),三亚中环品质两居，车位及空间极其拥挤,小区无地下车库且人车不分流，小孩在楼下玩耍或者推婴儿车极为不安全。,讲究超高得房率（超85%），主卧套房必须配备独立步入式衣帽间与干湿分离双卫。,无需日常通勤，但要求30分钟内快捷通达凤凰机场或高铁站。,崇尚度假慢生活，清晨沙滩漫步，午后椰林下午茶，酷爱轻户外及后海冲浪。,名下持有一套旧两居，置换回款 65% + 个人理财储蓄补充 + 公积金商业贷,重性价比，不盲信大牌，但要求物业管理有序、绿化修剪及时、人防技防规范。,本地常住人口，四季生活规律，度假频次为常规年假出行。
三_2011_01488,三亚,2011,本地改善,42,女,2.2,15.0,0.35,32.1,5,2,否,B,agent,1,0.66,0.5,0.54,0.43,0.69,0.54,0.66,0.52,自住-改善,一室一厅,66,2920,智能新能源车企研发骨干,二胎黄金期中大户型,三亚中环品质两居，车位及空间极其拥挤,小区无地下车库且人车不分流，小孩在楼下玩耍或者推婴儿车极为不安全。,要求采光通透，全明户型，带多功能嵌入式收纳墙以最大化空间利用。,无需日常通勤，但要求30分钟内快捷通达凤凰机场或高铁站。,崇尚度假慢生活，清晨沙滩漫步，午后椰林下午茶，酷爱轻户外及后海冲浪。,名下持有一套旧两居，置换回款 65% + 个人理财储蓄补充 + 公积金商业贷,重性价比，不盲信大牌，但要求物业管理有序、绿化修剪及时、人防技防规范。,本地常住人口，四季生活规律，度假频次为常规年假出行。
三_2011_01489,三亚,2011,外地候鸟-东北,73,男,3.1,25.4,0.5,38.1,2,0,否,C,network,0.25,0.66,1,0.63,0.54,0.5,0.01,0.13,0.52,养老,两室一厅,68,4072,哈尔滨私营物流老板,高知退休康养,与父母同住，三代人拥挤在旧区小户型老房中,老小区隔音差，邻里滋扰严重，且车位严重匮乏，每晚加班回来抢车位像打仗。,要求有超大面宽南向双阳台（观景家政分离），主卧大飘窗能270度直面自然景观。,无需日常通勤，但要求30分钟内快捷通达凤凰机场或高铁站。,崇尚度假慢生活，清晨沙滩漫步，午后椰林下午茶，酷爱轻户外及后海冲浪。,名下持有一套旧两居，置换回款 65% + 个人理财储蓄补充 + 公积金商业贷,重性价比，不盲信大牌，但要求物业管理有序、绿化修剪及时、人防技防规范。,每年11月至次年3月到此度过漫长冬季，极其依赖周边的康养及适老化服务。
三_2011_01490,三亚,2011,度假投资,41,女,12.8,119.5,0.4,224.0,4,1,否,A,research,0.85,0.25,0.64,0.71,0.56,0.51,0.03,0,0.83,投资-长持,三室两厅,95,17428,高端海景资产收藏家,三口之家(学龄段),陆家嘴核心区江景大平层,无高端私密会所及管家式物业配套，圈层鱼龙混杂，高净值居住体验差。,要求独立电梯入户，主次卧动线分明，配备独立保姆房和私密后院。,无需日常通勤，但要求30分钟内快捷通达凤凰机场或高铁站。,周末常去高端商圈消费，热衷打网球和马术，重度手冲咖啡及黑胶唱片发烧友。,名下已有企业股权套现或分红现金，一次性全款付清，基本不加杠杆,非仁恒、绿城、万科等金牌开发商不买，极度看重高端精装质量与顶级物业的增值口碑。,每年11月至次年3月到此度过漫长冬季，极其依赖周边的康养及适老化服务。
三_2011_01491,三亚,2011,本地改善,45,男,2.4,17.3,0.35,37.1,5,1,是,B,agent,0.73,0.65,0.63,0.42,0.52,0.62,0.35,0.69,0.49,自住-改善,两室两厅,76,3782,国企中层管理,三口之家(学龄段),三亚中环品质两居，车位及空间极其拥挤,小区无地下车库且人车不分流，小孩在楼下玩耍或者推婴儿车极为不安全。,要求采光通透，全明户型，带多功能嵌入式收纳墙以最大化空间利用。,无需日常通勤，但要求30分钟内快捷通达凤凰机场或高铁站。,崇尚度假慢生活，清晨沙滩漫步，午后椰林下午茶，酷爱轻户外及后海冲浪。,名下持有一套旧两居，置换回款 65% + 个人理财储蓄补充 + 公积金商业贷,重性价比，不盲信大牌，但要求物业管理有序、绿化修剪及时、人防技防规范。,本地常住人口，四季生活规律，度假频次为常规年假出行。
三_2011_01492,三亚,2011,度假投资,50,女,10.9,81.6,0.4,153.1,4,1,否,A,research,1,0.52,0.77,0.69,0.43,0.47,0,0,0.8,度假,三室一厅,124,9669,高端海景资产收藏家,三口之家(学龄段),市中心私密洋房住宅,无高端私密会所及管家式物业配套，圈层鱼龙混杂，高净值居住体验差。,要求有超大面宽南向双阳台（观景家政分离），主卧大飘窗能270度直面自然景观。,无需日常通勤，但要求30分钟内快捷通达凤凰机场或高铁站。,周末常去高端商圈消费，热衷打网球和马术，重度手冲咖啡及黑胶唱片发烧友。,名下已有企业股权套现或分红现金，一次性全款付清，基本不加杠杆,非仁恒、绿城、万科等金牌开发商不买，极度看重高端精装质量与顶级物业的增值口碑。,每年11月至次年3月到此度过漫长冬季，极其依赖周边的康养及适老化服务。
三_2011_01493,三亚,2011,外地候鸟-西北,63,男,5.4,44.0,0.5,66.0,1,0,否,C,network,0.23,0.74,0.81,0.8,0.5,0.44,0.11,0,0.36,养老,一室一厅,90,5244,西安设计院退休总建筑师,高知退休康养,与父母同住，三代人拥挤在旧区小户型老房中,老小区隔音差，邻里滋扰严重，且车位严重匮乏，每晚加班回来抢车位像打仗。,要求独立电梯入户，主次卧动线分明，配备独立保姆房和私密后院。,无需日常通勤，但要求30分钟内快捷通达凤凰机场或高铁站。,崇尚度假慢生活，清晨沙滩漫步，午后椰林下午茶，酷爱轻户外及后海冲浪。,名下持有一套旧两居，置换回款 65% + 个人理财储蓄补充 + 公积金商业贷,重性价比，不盲信大牌，但要求物业管理有序、绿化修剪及时、人防技防规范。,每年11月至次年3月到此度过漫长冬季，极其依赖周边的康养及适老化服务。
三_2011_01494,三亚,2011,外地候鸟-东北,67,男,1.5,9.6,0.5,14.3,2,0,否,C,network,0.19,0.6,0.99,0.69,0.54,0.6,0,0.02,0.39,度假,两室两厅,92,1266,沈阳大型重工企业退休副厂长,高知退休康养,与父母同住，三代人拥挤在旧区小户型老房中,老小区隔音差，邻里滋扰严重，且车位严重匮乏，每晚加班回来抢车位像打仗。,要求有超大面宽南向双阳台（观景家政分离），主卧大飘窗能270度直面自然景观。,无需日常通勤，但要求30分钟内快捷通达凤凰机场或高铁站。,崇尚度假慢生活，清晨沙滩漫步，午后椰林下午茶，酷爱轻户外及后海冲浪。,名下持有一套旧两居，置换回款 65% + 个人理财储蓄补充 + 公积金商业贷,重性价比，不盲信大牌，但要求物业管理有序、绿化修剪及时、人防技防规范。,每年11月至次年3月到此度过漫长冬季，极其依赖周边的康养及适老化服务。
三_2011_01495,三亚,2011,本地改善,40,女,2.0,13.7,0.35,29.3,4,1,是,B,agent,0.74,0.58,0.39,0.49,0.45,0.66,0.62,0.57,0.39,自住-改善,一室一厅,73,3393,区级税务局一级主办,三口之家(学龄段),三亚中环品质两居，车位及空间极其拥挤,小区无地下车库且人车不分流，小孩在楼下玩耍或者推婴儿车极为不安全。,要求采光通透，全明户型，带多功能嵌入式收纳墙以最大化空间利用。,无需日常通勤，但要求30分钟内快捷通达凤凰机场或高铁站。,崇尚度假慢生活，清晨沙滩漫步，午后椰林下午茶，酷爱轻户外及后海冲浪。,名下持有一套旧两居，置换回款 65% + 个人理财储蓄补充 + 公积金商业贷,重性价比，不盲信大牌，但要求物业管理有序、绿化修剪及时、人防技防规范。,本地常住人口，四季生活规律，度假频次为常规年假出行。
三_2011_01496,三亚,2011,度假投资,36,女,9.7,75.1,0.4,140.9,3,1,否,A,research,1,0.31,0.91,0.66,0.58,0.38,0.16,0.1,0.8,投资-长持,两室两厅,80,9766,上市公司退休联合创始人,三口之家(幼龄段),市中心私密洋房住宅,无高端私密会所及管家式物业配套，圈层鱼龙混杂，高净值居住体验差。,要求有超大面宽南向双阳台（观景家政分离），主卧大飘窗能270度直面自然景观。,无需日常通勤，但要求30分钟内快捷通达凤凰机场或高铁站。,周末常去高端商圈消费，热衷打网球和马术，重度手冲咖啡及黑胶唱片发烧友。,名下已有企业股权套现或分红现金，一次性全款付清，基本不加杠杆,非仁恒、绿城、万科等金牌开发商不买，极度看重高端精装质量与顶级物业的增值口碑。,每年11月至次年3月到此度过漫长冬季，极其依赖周边的康养及适老化服务。
三_2011_01497,三亚,2011,度假投资,39,女,7.7,75.3,0.4,141.2,1,2,否,A,research,0.86,0.41,0.89,0.62,0.61,0.44,0.05,0,0.93,度假,两室一厅,92,12662,高端海景资产收藏家,二胎黄金期中大户型,市中心私密洋房住宅,无高端私密会所及管家式物业配套，圈层鱼龙混杂，高净值居住体验差。,要求有超大面宽南向双阳台（观景家政分离），主卧大飘窗能270度直面自然景观。,无需日常通勤，但要求30分钟内快捷通达凤凰机场或高铁站。,周末常去高端商圈消费，热衷打网球和马术，重度手冲咖啡及黑胶唱片发烧友。,名下已有企业股权套现或分红现金，一次性全款付清，基本不加杠杆,非仁恒、绿城、万科等金牌开发商不买，极度看重高端精装质量与顶级物业的增值口碑。,每年11月至次年3月到此度过漫长冬季，极其依赖周边的康养及适老化服务。
三_2011_01498,三亚,2011,外地候鸟-华北,69,女,3.1,29.7,0.5,44.5,2,0,是,B,network,0.59,0.4,0.82,0.76,0.61,0.39,0,0.04,0.5,度假,两室两厅,50,7767,高校资深硕导,高知退休康养,三亚中环品质两居，车位及空间极其拥挤,当前房屋属于旧多层无电梯房，父母年纪渐高每天爬楼梯极为吃力。,要求独立电梯入户，主次卧动线分明，配备独立保姆房和私密后院。,无需日常通勤，但要求30分钟内快捷通达凤凰机场或高铁站。,崇尚度假慢生活，清晨沙滩漫步，午后椰林下午茶，酷爱轻户外及后海冲浪。,名下持有一套旧两居，置换回款 65% + 个人理财储蓄补充 + 公积金商业贷,重性价比，不盲信大牌，但要求物业管理有序、绿化修剪及时、人防技防规范。,每年11月至次年3月到此度过漫长冬季，极其依赖周边的康养及适老化服务。
三_2011_01499,三亚,2011,本地改善,46,男,1.4,9.5,0.35,20.3,5,0,是,B,agent,0.51,0.54,0.56,0.42,0.28,0.73,0.43,0.71,0.39,自住-改善,一室一厅,75,2052,重点中学高级教师,成熟期核心家庭,三亚中环品质两居，车位及空间极其拥挤,当前房屋属于旧多层无电梯房，父母年纪渐高每天爬楼梯极为吃力。,讲究超高得房率（超85%），主卧套房必须配备独立步入式衣帽间与干湿分离双卫。,无需日常通勤，但要求30分钟内快捷通达凤凰机场或高铁站。,崇尚度假慢生活，清晨沙滩漫步，午后椰林下午茶，酷爱轻户外及后海冲浪。,名下持有一套旧两居，置换回款 65% + 个人理财储蓄补充 + 公积金商业贷,重性价比，不盲信大牌，但要求物业管理有序、绿化修剪及时、人防技防规范。,本地常住人口，四季生活规律，度假频次为常规年假出行。
三_2011_01500,三亚,2011,本地改善,47,女,1.3,7.2,0.35,15.4,3,1,否,B,agent,0.79,0.62,0.63,0.44,0.39,0.65,0.44,0.76,0.49,自住-改善,两室两厅,58,2094,国企中层管理,三口之家(学龄段),三亚中环品质两居，车位及空间极其拥挤,小区无地下车库且人车不分流，小孩在楼下玩耍或者推婴儿车极为不安全。,核心要求地块属于第一梯队名校学区，且周边500米内解决幼小衔接教育配套。,无需日常通勤，但要求30分钟内快捷通达凤凰机场或高铁站。,崇尚度假慢生活，清晨沙滩漫步，午后椰林下午茶，酷爱轻户外及后海冲浪。,名下持有一套旧两居，置换回款 65% + 个人理财储蓄补充 + 公积金商业贷,重性价比，不盲信大牌，但要求物业管理有序、绿化修剪及时、人防技防规范。,本地常住人口，四季生活规律，度假频次为常规年假出行。
三_2011_01501,三亚,2011,本地改善,37,女,1.9,14.3,0.35,30.6,4,2,否,B,agent,0.72,0.49,0.64,0.45,0.48,0.69,0.58,0.6,0.52,自住-改善,两室一厅,60,2678,三甲医院主治医师,二胎黄金期中大户型,三亚中环品质两居，车位及空间极其拥挤,小区无地下车库且人车不分流，小孩在楼下玩耍或者推婴儿车极为不安全。,要求采光通透，全明户型，带多功能嵌入式收纳墙以最大化空间利用。,无需日常通勤，但要求30分钟内快捷通达凤凰机场或高铁站。,崇尚度假慢生活，清晨沙滩漫步，午后椰林下午茶，酷爱轻户外及后海冲浪。,名下持有一套旧两居，置换回款 65% + 个人理财储蓄补充 + 公积金商业贷,重性价比，不盲信大牌，但要求物业管理有序、绿化修剪及时、人防技防规范。,本地常住人口，四季生活规律，度假频次为常规年假出行。
三_2011_01502,三亚,2011,高净值康养,50,女,23.1,346.3,0.6,432.9,3,0,否,A,network,0.31,0.22,1.0,1,0.9,0.6,0.18,0,0.98,度假,三室两厅,137,17747,知名中医药连锁投资人,成熟期核心家庭,市中心私密洋房住宅,无高端私密会所及管家式物业配套，圈层鱼龙混杂，高净值居住体验差。,要求独立电梯入户，主次卧动线分明，配备独立保姆房和私密后院。,无需日常通勤，但要求30分钟内快捷通达凤凰机场或高铁站。,周末常去高端商圈消费，热衷打网球和马术，重度手冲咖啡及黑胶唱片发烧友。,名下已有企业股权套现或分红现金，一次性全款付清，基本不加杠杆,非仁恒、绿城、万科等金牌开发商不买，极度看重高端精装质量与顶级物业的增值口碑。,本地常住人口，四季生活规律，度假频次为常规年假出行。
三_2011_01503,三亚,2011,本地改善,37,女,2.0,8.4,0.35,18.0,3,2,是,B,agent,0.76,0.53,0.55,0.36,0.36,0.75,0.5,0.59,0.62,自住-改善,两室一厅,100,1275,三甲医院主治医师,二胎黄金期中大户型,三亚中环品质两居，车位及空间极其拥挤,小区无地下车库且人车不分流，小孩在楼下玩耍或者推婴儿车极为不安全。,讲究超高得房率（超85%），主卧套房必须配备独立步入式衣帽间与干湿分离双卫。,无需日常通勤，但要求30分钟内快捷通达凤凰机场或高铁站。,崇尚度假慢生活，清晨沙滩漫步，午后椰林下午茶，酷爱轻户外及后海冲浪。,名下持有一套旧两居，置换回款 65% + 个人理财储蓄补充 + 公积金商业贷,重性价比，不盲信大牌，但要求物业管理有序、绿化修剪及时、人防技防规范。,本地常住人口，四季生活规律，度假频次为常规年假出行。
三_2011_01504,三亚,2011,度假投资,53,女,6.5,79.2,0.4,148.5,2,1,否,A,research,1.0,0.39,0.82,0.57,0.52,0.35,0,0,0.68,投资-长持,两室两厅,88,9589,上市公司退休联合创始人,三口之家(学龄段),市中心私密洋房住宅,无高端私密会所及管家式物业配套，圈层鱼龙混杂，高净值居住体验差。,要求有超大面宽南向双阳台（观景家政分离），主卧大飘窗能270度直面自然景观。,无需日常通勤，但要求30分钟内快捷通达凤凰机场或高铁站。,周末常去高端商圈消费，热衷打网球和马术，重度手冲咖啡及黑胶唱片发烧友。,名下已有企业股权套现或分红现金，一次性全款付清，基本不加杠杆,重性价比，不盲信大牌，但要求物业管理有序、绿化修剪及时、人防技防规范。,每年11月至次年3月到此度过漫长冬季，极其依赖周边的康养及适老化服务。
三_2011_01505,三亚,2011,外地候鸟-华北,58,女,8.1,55.1,0.5,82.7,2,0,否,B,network,0.65,0.51,0.84,0.8,0.74,0.44,0,0.03,0.44,养老,两室两厅,87,7921,高校资深硕导,高知退休康养,三亚中环品质两居，车位及空间极其拥挤,老小区隔音差，邻里滋扰严重，且车位严重匮乏，每晚加班回来抢车位像打仗。,要求独立电梯入户，主次卧动线分明，配备独立保姆房和私密后院。,无需日常通勤，但要求30分钟内快捷通达凤凰机场或高铁站。,崇尚度假慢生活，清晨沙滩漫步，午后椰林下午茶，酷爱轻户外及后海冲浪。,名下持有一套旧两居，置换回款 65% + 个人理财储蓄补充 + 公积金商业贷,重性价比，不盲信大牌，但要求物业管理有序、绿化修剪及时、人防技防规范。,每年11月至次年3月到此度过漫长冬季，极其依赖周边的康养及适老化服务。
三_2011_01506,三亚,2011,度假投资,55,男,7.1,74.8,0.4,140.2,3,1,否,A,research,0.78,0.33,0.83,0.57,0.51,0.45,0.1,0.05,0.79,投资-短期,一室一厅,73,15420,上市公司退休联合创始人,三口之家(学龄段),市中心私密洋房住宅,无高端私密会所及管家式物业配套，圈层鱼龙混杂，高净值居住体验差。,要求有超大面宽南向双阳台（观景家政分离），主卧大飘窗能270度直面自然景观。,无需日常通勤，但要求30分钟内快捷通达凤凰机场或高铁站。,周末常去高端商圈消费，热衷打网球和马术，重度手冲咖啡及黑胶唱片发烧友。,名下已有企业股权套现或分红现金，一次性全款付清，基本不加杠杆,非仁恒、绿城、万科等金牌开发商不买，极度看重高端精装质量与顶级物业的增值口碑。,每年11月至次年3月到此度过漫长冬季，极其依赖周边的康养及适老化服务。
三_2011_01507,三亚,2011,度假投资,37,男,4.9,42.6,0.4,79.9,2,1,是,A,research,0.9,0.43,0.86,0.47,0.37,0.49,0.03,0,0.85,度假,一室一厅,55,8960,高端海景资产收藏家,三口之家(幼龄段),陆家嘴核心区江景大平层,当前房屋属于旧多层无电梯房，父母年纪渐高每天爬楼梯极为吃力。,要求有超大面宽南向双阳台（观景家政分离），主卧大飘窗能270度直面自然景观。,无需日常通勤，但要求30分钟内快捷通达凤凰机场或高铁站。,周末常去高端商圈消费，热衷打网球和马术，重度手冲咖啡及黑胶唱片发烧友。,名下已有企业股权套现或分红现金，一次性全款付清，基本不加杠杆,非仁恒、绿城、万科等金牌开发商不买，极度看重高端精装质量与顶级物业的增值口碑。,每年11月至次年3月到此度过漫长冬季，极其依赖周边的康养及适老化服务。
三_2011_01508,三亚,2011,度假投资,48,男,6.6,56.0,0.4,105.0,4,1,否,A,research,0.72,0.32,0.91,0.61,0.42,0.52,0,0,0.76,投资-长持,两室两厅,82,9522,高端海景资产收藏家,三口之家(学龄段),市中心私密洋房住宅,无高端私密会所及管家式物业配套，圈层鱼龙混杂，高净值居住体验差。,要求有超大面宽南向双阳台（观景家政分离），主卧大飘窗能270度直面自然景观。,无需日常通勤，但要求30分钟内快捷通达凤凰机场或高铁站。,周末常去高端商圈消费，热衷打网球和马术，重度手冲咖啡及黑胶唱片发烧友。,名下已有企业股权套现或分红现金，一次性全款付清，基本不加杠杆,非仁恒、绿城、万科等金牌开发商不买，极度看重高端精装质量与顶级物业的增值口碑。,每年11月至次年3月到此度过漫长冬季，极其依赖周边的康养及适老化服务。
三_2011_01509,三亚,2011,本地改善,48,女,2.1,11.3,0.35,24.1,3,1,是,B,agent,0.75,0.52,0.6,0.48,0.45,0.75,0.55,0.67,0.43,自住-改善,一室一厅,54,4019,智能新能源车企研发骨干,三口之家(学龄段),三亚中环品质两居，车位及空间极其拥挤,小区无地下车库且人车不分流，小孩在楼下玩耍或者推婴儿车极为不安全。,讲究超高得房率（超85%），主卧套房必须配备独立步入式衣帽间与干湿分离双卫。,无需日常通勤，但要求30分钟内快捷通达凤凰机场或高铁站。,崇尚度假慢生活，清晨沙滩漫步，午后椰林下午茶，酷爱轻户外及后海冲浪。,名下持有一套旧两居，置换回款 65% + 个人理财储蓄补充 + 公积金商业贷,重性价比，不盲信大牌，但要求物业管理有序、绿化修剪及时、人防技防规范。,本地常住人口，四季生活规律，度假频次为常规年假出行。
三_2011_01510,三亚,2011,本地改善,34,女,2.1,15.7,0.35,33.7,4,1,否,B,agent,0.71,0.56,0.44,0.42,0.41,0.92,0.58,0.66,0.47,自住-改善,两室一厅,97,2489,重点中学高级教师,三口之家(幼龄段),三亚中环品质两居，车位及空间极其拥挤,小区无地下车库且人车不分流，小孩在楼下玩耍或者推婴儿车极为不安全。,讲究超高得房率（超85%），主卧套房必须配备独立步入式衣帽间与干湿分离双卫。,无需日常通勤，但要求30分钟内快捷通达凤凰机场或高铁站。,崇尚度假慢生活，清晨沙滩漫步，午后椰林下午茶，酷爱轻户外及后海冲浪。,名下持有一套旧两居，置换回款 65% + 个人理财储蓄补充 + 公积金商业贷,重性价比，不盲信大牌，但要求物业管理有序、绿化修剪及时、人防技防规范。,本地常住人口，四季生活规律，度假频次为常规年假出行。
三_2011_01511,三亚,2011,外地候鸟-华北,64,女,2.8,21.1,0.5,31.6,2,0,否,B,network,0.3,0.64,0.96,0.59,0.67,0.51,0,0.2,0.63,养老,两室两厅,75,3792,北京三甲医院退休教授,高知退休康养,三亚中环品质两居，车位及空间极其拥挤,老小区隔音差，邻里滋扰严重，且车位严重匮乏，每晚加班回来抢车位像打仗。,要求有超大面宽南向双阳台（观景家政分离），主卧大飘窗能270度直面自然景观。,无需日常通勤，但要求30分钟内快捷通达凤凰机场或高铁站。,崇尚度假慢生活，清晨沙滩漫步，午后椰林下午茶，酷爱轻户外及后海冲浪。,名下持有一套旧两居，置换回款 65% + 个人理财储蓄补充 + 公积金商业贷,重性价比，不盲信大牌，但要求物业管理有序、绿化修剪及时、人防技防规范。,每年11月至次年3月到此度过漫长冬季，极其依赖周边的康养及适老化服务。
三_2011_01512,三亚,2011,度假投资,44,男,6.9,74.6,0.4,139.9,3,1,否,A,research,0.78,0.24,0.96,0.72,0.54,0.25,0.07,0,0.82,投资-长持,两室两厅,69,15114,高端海景资产收藏家,三口之家(学龄段),陆家嘴核心区江景大平层,无高端私密会所及管家式物业配套，圈层鱼龙混杂，高净值居住体验差。,要求独立电梯入户，主次卧动线分明，配备独立保姆房和私密后院。,无需日常通勤，但要求30分钟内快捷通达凤凰机场或高铁站。,周末常去高端商圈消费，热衷打网球和马术，重度手冲咖啡及黑胶唱片发烧友。,名下已有企业股权套现或分红现金，一次性全款付清，基本不加杠杆,非仁恒、绿城、万科等金牌开发商不买，极度看重高端精装质量与顶级物业的增值口碑。,每年11月至次年3月到此度过漫长冬季，极其依赖周边的康养及适老化服务。
三_2011_01513,三亚,2011,本地改善,35,女,2.8,20.4,0.35,43.8,3,1,否,B,agent,1,0.46,0.73,0.54,0.46,0.78,0.37,0.71,0.35,自住-改善,一室一厅,87,4039,重点中学高级教师,三口之家(幼龄段),三亚中环品质两居，车位及空间极其拥挤,小区无地下车库且人车不分流，小孩在楼下玩耍或者推婴儿车极为不安全。,要求有超大面宽南向双阳台（观景家政分离），主卧大飘窗能270度直面自然景观。,无需日常通勤，但要求30分钟内快捷通达凤凰机场或高铁站。,崇尚度假慢生活，清晨沙滩漫步，午后椰林下午茶，酷爱轻户外及后海冲浪。,名下持有一套旧两居，置换回款 65% + 个人理财储蓄补充 + 公积金商业贷,重性价比，不盲信大牌，但要求物业管理有序、绿化修剪及时、人防技防规范。,本地常住人口，四季生活规律，度假频次为常规年假出行。
三_2011_01514,三亚,2011,本地改善,46,男,1.6,7.6,0.35,16.2,4,1,是,B,agent,0.74,0.57,0.55,0.6,0.35,0.54,0.34,0.77,0.47,自住-改善,两室两厅,73,1248,智能新能源车企研发骨干,三口之家(学龄段),三亚中环品质两居，车位及空间极其拥挤,小区无地下车库且人车不分流，小孩在楼下玩耍或者推婴儿车极为不安全。,核心要求地块属于第一梯队名校学区，且周边500米内解决幼小衔接教育配套。,无需日常通勤，但要求30分钟内快捷通达凤凰机场或高铁站。,崇尚度假慢生活，清晨沙滩漫步，午后椰林下午茶，酷爱轻户外及后海冲浪。,名下持有一套旧两居，置换回款 65% + 个人理财储蓄补充 + 公积金商业贷,重性价比，不盲信大牌，但要求物业管理有序、绿化修剪及时、人防技防规范。,本地常住人口，四季生活规律，度假频次为常规年假出行。
三_2011_01515,三亚,2011,外地候鸟-华北,69,男,3.1,18.1,0.5,27.2,2,0,否,B,network,0.81,0.38,1,0.55,0.69,0.64,0.01,0.09,0.51,养老,两室一厅,65,2502,北京三甲医院退休教授,高知退休康养,三亚中环品质两居，车位及空间极其拥挤,老小区隔音差，邻里滋扰严重，且车位严重匮乏，每晚加班回来抢车位像打仗。,要求有超大面宽南向双阳台（观景家政分离），主卧大飘窗能270度直面自然景观。,无需日常通勤，但要求30分钟内快捷通达凤凰机场或高铁站。,崇尚度假慢生活，清晨沙滩漫步，午后椰林下午茶，酷爱轻户外及后海冲浪。,名下持有一套旧两居，置换回款 65% + 个人理财储蓄补充 + 公积金商业贷,重性价比，不盲信大牌，但要求物业管理有序、绿化修剪及时、人防技防规范。,每年11月至次年3月到此度过漫长冬季，极其依赖周边的康养及适老化服务。
三_2011_01516,三亚,2011,度假投资,46,女,7.5,78.7,0.4,147.6,2,1,是,A,research,0.72,0.34,0.81,0.71,0.61,0.54,0.04,0,0.91,投资-长持,一室一厅,72,17939,高端海景资产收藏家,三口之家(学龄段),西湖边高精平层,当前房屋属于旧多层无电梯房，父母年纪渐高每天爬楼梯极为吃力。,要求独立电梯入户，主次卧动线分明，配备独立保姆房和私密后院。,无需日常通勤，但要求30分钟内快捷通达凤凰机场或高铁站。,周末常去高端商圈消费，热衷打网球和马术，重度手冲咖啡及黑胶唱片发烧友。,名下已有企业股权套现或分红现金，一次性全款付清，基本不加杠杆,非仁恒、绿城、万科等金牌开发商不买，极度看重高端精装质量与顶级物业的增值口碑。,每年11月至次年3月到此度过漫长冬季，极其依赖周边的康养及适老化服务。
三_2011_01517,三亚,2011,外地候鸟-华北,71,男,2.3,22.7,0.5,34.0,2,0,否,B,network,0.59,0.65,0.92,0.73,0.62,0.54,0.0,0,0.47,养老,两室两厅,55,3880,北京三甲医院退休教授,高知退休康养,三亚中环品质两居，车位及空间极其拥挤,老小区隔音差，邻里滋扰严重，且车位严重匮乏，每晚加班回来抢车位像打仗。,要求独立电梯入户，主次卧动线分明，配备独立保姆房和私密后院。,无需日常通勤，但要求30分钟内快捷通达凤凰机场或高铁站。,崇尚度假慢生活，清晨沙滩漫步，午后椰林下午茶，酷爱轻户外及后海冲浪。,名下持有一套旧两居，置换回款 65% + 个人理财储蓄补充 + 公积金商业贷,重性价比，不盲信大牌，但要求物业管理有序、绿化修剪及时、人防技防规范。,每年11月至次年3月到此度过漫长冬季，极其依赖周边的康养及适老化服务。
三_2011_01518,三亚,2011,外地候鸟-华北,60,男,3.5,28.4,0.5,42.6,2,1,否,B,network,0.47,0.56,0.99,0.81,0.61,0.54,0.1,0,0.47,度假,两室两厅,62,5639,高校资深硕导,三口之家(学龄段),三亚中环品质两居，车位及空间极其拥挤,小区无地下车库且人车不分流，小孩在楼下玩耍或者推婴儿车极为不安全。,要求独立电梯入户，主次卧动线分明，配备独立保姆房和私密后院。,无需日常通勤，但要求30分钟内快捷通达凤凰机场或高铁站。,崇尚度假慢生活，清晨沙滩漫步，午后椰林下午茶，酷爱轻户外及后海冲浪。,名下持有一套旧两居，置换回款 65% + 个人理财储蓄补充 + 公积金商业贷,重性价比，不盲信大牌，但要求物业管理有序、绿化修剪及时、人防技防规范。,每年11月至次年3月到此度过漫长冬季，极其依赖周边的康养及适老化服务。
三_2011_01519,三亚,2011,外地候鸟-华北,58,女,5.1,51.4,0.5,77.2,2,0,是,B,network,0.29,0.5,1,0.73,0.39,0.45,0,0,0.57,度假,一室一厅,53,11656,北京三甲医院退休教授,高知退休康养,三亚中环品质两居，车位及空间极其拥挤,当前房屋属于旧多层无电梯房，父母年纪渐高每天爬楼梯极为吃力。,要求独立电梯入户，主次卧动线分明，配备独立保姆房和私密后院。,无需日常通勤，但要求30分钟内快捷通达凤凰机场或高铁站。,崇尚度假慢生活，清晨沙滩漫步，午后椰林下午茶，酷爱轻户外及后海冲浪。,名下持有一套旧两居，置换回款 65% + 个人理财储蓄补充 + 公积金商业贷,重性价比，不盲信大牌，但要求物业管理有序、绿化修剪及时、人防技防规范。,每年11月至次年3月到此度过漫长冬季，极其依赖周边的康养及适老化服务。
三_2011_01520,三亚,2011,外地候鸟-西北,65,女,3.4,24.0,0.5,36.0,3,0,是,C,network,0.07,0.5,0.82,0.65,0.46,0.44,0,0,0.51,养老,一室一厅,65,3182,兰州煤炭物流运输企业主,高知退休康养,与父母同住，三代人拥挤在旧区小户型老房中,当前房屋属于旧多层无电梯房，父母年纪渐高每天爬楼梯极为吃力。,要求有超大面宽南向双阳台（观景家政分离），主卧大飘窗能270度直面自然景观。,无需日常通勤，但要求30分钟内快捷通达凤凰机场或高铁站。,崇尚度假慢生活，清晨沙滩漫步，午后椰林下午茶，酷爱轻户外及后海冲浪。,名下持有一套旧两居，置换回款 65% + 个人理财储蓄补充 + 公积金商业贷,重性价比，不盲信大牌，但要求物业管理有序、绿化修剪及时、人防技防规范。,每年11月至次年3月到此度过漫长冬季，极其依赖周边的康养及适老化服务。
三_2011_01521,三亚,2011,本地改善,41,男,2.6,13.2,0.35,28.2,3,1,否,B,agent,0.65,0.59,0.61,0.53,0.42,0.77,0.46,0.62,0.36,自住-改善,两室两厅,60,3276,国企中层管理,三口之家(学龄段),三亚中环品质两居，车位及空间极其拥挤,小区无地下车库且人车不分流，小孩在楼下玩耍或者推婴儿车极为不安全。,讲究超高得房率（超85%），主卧套房必须配备独立步入式衣帽间与干湿分离双卫。,无需日常通勤，但要求30分钟内快捷通达凤凰机场或高铁站。,崇尚度假慢生活，清晨沙滩漫步，午后椰林下午茶，酷爱轻户外及后海冲浪。,名下持有一套旧两居，置换回款 65% + 个人理财储蓄补充 + 公积金商业贷,重性价比，不盲信大牌，但要求物业管理有序、绿化修剪及时、人防技防规范。,本地常住人口，四季生活规律，度假频次为常规年假出行。
三_2011_01522,三亚,2011,度假投资,43,男,4.8,58.8,0.4,110.2,4,1,否,A,research,0.85,0.5,0.88,0.67,0.55,0.55,0.09,0,0.73,投资-长持,两室两厅,84,8623,知名中医药连锁投资人,三口之家(学龄段),西湖边高精平层,无高端私密会所及管家式物业配套，圈层鱼龙混杂，高净值居住体验差。,要求有超大面宽南向双阳台（观景家政分离），主卧大飘窗能270度直面自然景观。,无需日常通勤，但要求30分钟内快捷通达凤凰机场或高铁站。,周末常去高端商圈消费，热衷打网球和马术，重度手冲咖啡及黑胶唱片发烧友。,名下已有企业股权套现或分红现金，一次性全款付清，基本不加杠杆,非仁恒、绿城、万科等金牌开发商不买，极度看重高端精装质量与顶级物业的增值口碑。,每年11月至次年3月到此度过漫长冬季，极其依赖周边的康养及适老化服务。
三_2011_01523,三亚,2011,外地候鸟-华北,75,女,2.6,18.8,0.5,28.2,3,0,否,B,network,0.44,0.58,0.89,0.79,0.61,0.47,0.06,0.14,0.48,养老,一室一厅,59,4129,北京三甲医院退休教授,高知退休康养,三亚中环品质两居，车位及空间极其拥挤,老小区隔音差，邻里滋扰严重，且车位严重匮乏，每晚加班回来抢车位像打仗。,要求独立电梯入户，主次卧动线分明，配备独立保姆房和私密后院。,无需日常通勤，但要求30分钟内快捷通达凤凰机场或高铁站。,崇尚度假慢生活，清晨沙滩漫步，午后椰林下午茶，酷爱轻户外及后海冲浪。,名下持有一套旧两居，置换回款 65% + 个人理财储蓄补充 + 公积金商业贷,重性价比，不盲信大牌，但要求物业管理有序、绿化修剪及时、人防技防规范。,每年11月至次年3月到此度过漫长冬季，极其依赖周边的康养及适老化服务。
三_2011_01524,三亚,2011,本地改善,46,男,1.3,6.0,0.35,12.9,4,1,否,B,agent,0.66,0.49,0.66,0.51,0.23,0.69,0.38,0.7,0.44,自住-改善,两室两厅,96,951,国企中层管理,三口之家(学龄段),三亚中环品质两居，车位及空间极其拥挤,小区无地下车库且人车不分流，小孩在楼下玩耍或者推婴儿车极为不安全。,核心要求地块属于第一梯队名校学区，且周边500米内解决幼小衔接教育配套。,无需日常通勤，但要求30分钟内快捷通达凤凰机场或高铁站。,崇尚度假慢生活，清晨沙滩漫步，午后椰林下午茶，酷爱轻户外及后海冲浪。,名下持有一套旧两居，置换回款 65% + 个人理财储蓄补充 + 公积金商业贷,重性价比，不盲信大牌，但要求物业管理有序、绿化修剪及时、人防技防规范。,本地常住人口，四季生活规律，度假频次为常规年假出行。
三_2011_01525,三亚,2011,外地候鸟-西北,63,男,5.6,49.9,0.5,74.9,2,0,否,C,network,0.3,0.54,0.9,0.66,0.34,0.5,0.05,0.08,0.59,度假,一室一厅,86,5101,西安设计院退休总建筑师,高知退休康养,与父母同住，三代人拥挤在旧区小户型老房中,老小区隔音差，邻里滋扰严重，且车位严重匮乏，每晚加班回来抢车位像打仗。,要求有超大面宽南向双阳台（观景家政分离），主卧大飘窗能270度直面自然景观。,无需日常通勤，但要求30分钟内快捷通达凤凰机场或高铁站。,崇尚度假慢生活，清晨沙滩漫步，午后椰林下午茶，酷爱轻户外及后海冲浪。,名下持有一套旧两居，置换回款 65% + 个人理财储蓄补充 + 公积金商业贷,重性价比，不盲信大牌，但要求物业管理有序、绿化修剪及时、人防技防规范。,每年11月至次年3月到此度过漫长冬季，极其依赖周边的康养及适老化服务。
三_2011_01526,三亚,2011,度假投资,52,女,7.0,58.3,0.4,109.3,2,1,否,A,research,0.65,0.28,0.78,0.54,0.44,0.49,0.04,0,0.71,度假,一室一厅,56,12079,上市公司退休联合创始人,三口之家(学龄段),陆家嘴核心区江景大平层,无高端私密会所及管家式物业配套，圈层鱼龙混杂，高净值居住体验差。,要求有超大面宽南向双阳台（观景家政分离），主卧大飘窗能270度直面自然景观。,无需日常通勤，但要求30分钟内快捷通达凤凰机场或高铁站。,周末常去高端商圈消费，热衷打网球和马术，重度手冲咖啡及黑胶唱片发烧友。,名下已有企业股权套现或分红现金，一次性全款付清，基本不加杠杆,非仁恒、绿城、万科等金牌开发商不买，极度看重高端精装质量与顶级物业的增值口碑。,每年11月至次年3月到此度过漫长冬季，极其依赖周边的康养及适老化服务。
三_2011_01527,三亚,2011,外地候鸟-华北,67,女,3.7,21.6,0.5,32.3,2,0,否,B,network,0.58,0.72,1,0.59,0.73,0.52,0.01,0,0.49,度假,一室一厅,99,1897,央企总部退休总工,高知退休康养,三亚中环品质两居，车位及空间极其拥挤,老小区隔音差，邻里滋扰严重，且车位严重匮乏，每晚加班回来抢车位像打仗。,要求有超大面宽南向双阳台（观景家政分离），主卧大飘窗能270度直面自然景观。,无需日常通勤，但要求30分钟内快捷通达凤凰机场或高铁站。,崇尚度假慢生活，清晨沙滩漫步，午后椰林下午茶，酷爱轻户外及后海冲浪。,名下持有一套旧两居，置换回款 65% + 个人理财储蓄补充 + 公积金商业贷,重性价比，不盲信大牌，但要求物业管理有序、绿化修剪及时、人防技防规范。,每年11月至次年3月到此度过漫长冬季，极其依赖周边的康养及适老化服务。
三_2011_01528,三亚,2011,本地改善,50,男,3.5,24.0,0.35,51.3,4,1,是,B,agent,0.96,0.56,0.66,0.35,0.29,0.79,0.38,0.81,0.37,自住-改善,两室一厅,68,5915,智能新能源车企研发骨干,三口之家(学龄段),三亚中环品质两居，车位及空间极其拥挤,小区无地下车库且人车不分流，小孩在楼下玩耍或者推婴儿车极为不安全。,讲究超高得房率（超85%），主卧套房必须配备独立步入式衣帽间与干湿分离双卫。,无需日常通勤，但要求30分钟内快捷通达凤凰机场或高铁站。,崇尚度假慢生活，清晨沙滩漫步，午后椰林下午茶，酷爱轻户外及后海冲浪。,名下持有一套旧两居，置换回款 65% + 个人理财储蓄补充 + 公积金商业贷,重性价比，不盲信大牌，但要求物业管理有序、绿化修剪及时、人防技防规范。,本地常住人口，四季生活规律，度假频次为常规年假出行。
三_2011_01529,三亚,2011,度假投资,55,女,3.4,31.9,0.4,59.8,4,1,是,A,research,0.72,0.51,0.82,0.65,0.49,0.41,0.14,0,0.77,投资-短期,一室一厅,52,6576,高端海景资产收藏家,三口之家(学龄段),陆家嘴核心区江景大平层,当前房屋属于旧多层无电梯房，父母年纪渐高每天爬楼梯极为吃力。,要求有超大面宽南向双阳台（观景家政分离），主卧大飘窗能270度直面自然景观。,无需日常通勤，但要求30分钟内快捷通达凤凰机场或高铁站。,周末常去高端商圈消费，热衷打网球和马术，重度手冲咖啡及黑胶唱片发烧友。,名下已有企业股权套现或分红现金，一次性全款付清，基本不加杠杆,非仁恒、绿城、万科等金牌开发商不买，极度看重高端精装质量与顶级物业的增值口碑。,每年11月至次年3月到此度过漫长冬季，极其依赖周边的康养及适老化服务。
三_2011_01530,三亚,2011,外地候鸟-西北,58,女,5.3,40.9,0.5,61.4,2,0,否,C,network,0.51,0.66,0.91,0.62,0.44,0.55,0,0.01,0.49,度假,两室两厅,68,6664,西安设计院退休总建筑师,高知退休康养,与父母同住，三代人拥挤在旧区小户型老房中,老小区隔音差，邻里滋扰严重，且车位严重匮乏，每晚加班回来抢车位像打仗。,要求有超大面宽南向双阳台（观景家政分离），主卧大飘窗能270度直面自然景观。,无需日常通勤，但要求30分钟内快捷通达凤凰机场或高铁站。,崇尚度假慢生活，清晨沙滩漫步，午后椰林下午茶，酷爱轻户外及后海冲浪。,名下持有一套旧两居，置换回款 65% + 个人理财储蓄补充 + 公积金商业贷,重性价比，不盲信大牌，但要求物业管理有序、绿化修剪及时、人防技防规范。,每年11月至次年3月到此度过漫长冬季，极其依赖周边的康养及适老化服务。
三_2011_01531,三亚,2011,本地改善,34,女,1.9,8.7,0.35,18.6,3,1,否,B,agent,0.83,0.66,0.44,0.47,0.35,0.85,0.52,0.66,0.43,自住-改善,两室一厅,94,1692,智能新能源车企研发骨干,三口之家(幼龄段),三亚中环品质两居，车位及空间极其拥挤,小区无地下车库且人车不分流，小孩在楼下玩耍或者推婴儿车极为不安全。,讲究超高得房率（超85%），主卧套房必须配备独立步入式衣帽间与干湿分离双卫。,无需日常通勤，但要求30分钟内快捷通达凤凰机场或高铁站。,崇尚度假慢生活，清晨沙滩漫步，午后椰林下午茶，酷爱轻户外及后海冲浪。,名下持有一套旧两居，置换回款 65% + 个人理财储蓄补充 + 公积金商业贷,重性价比，不盲信大牌，但要求物业管理有序、绿化修剪及时、人防技防规范。,本地常住人口，四季生活规律，度假频次为常规年假出行。
三_2011_01532,三亚,2011,外地候鸟-华北,62,男,2.1,19.8,0.5,29.8,3,1,否,B,network,0.73,0.46,0.82,0.69,0.55,0.46,0,0,0.44,度假,两室一厅,82,2769,央企总部退休总工,三口之家(学龄段),三亚中环品质两居，车位及空间极其拥挤,小区无地下车库且人车不分流，小孩在楼下玩耍或者推婴儿车极为不安全。,要求有超大面宽南向双阳台（观景家政分离），主卧大飘窗能270度直面自然景观。,无需日常通勤，但要求30分钟内快捷通达凤凰机场或高铁站。,崇尚度假慢生活，清晨沙滩漫步，午后椰林下午茶，酷爱轻户外及后海冲浪。,名下持有一套旧两居，置换回款 65% + 个人理财储蓄补充 + 公积金商业贷,重性价比，不盲信大牌，但要求物业管理有序、绿化修剪及时、人防技防规范。,每年11月至次年3月到此度过漫长冬季，极其依赖周边的康养及适老化服务。
三_2011_01533,三亚,2011,外地候鸟-东北,64,男,1.7,14.4,0.5,21.7,1,0,否,C,network,0.07,0.69,0.89,0.84,0.59,0.46,0.03,0.09,0.63,度假,两室一厅,80,2232,沈阳大型重工企业退休副厂长,高知退休康养,与父母同住，三代人拥挤在旧区小户型老房中,老小区隔音差，邻里滋扰严重，且车位严重匮乏，每晚加班回来抢车位像打仗。,要求独立电梯入户，主次卧动线分明，配备独立保姆房和私密后院。,无需日常通勤，但要求30分钟内快捷通达凤凰机场或高铁站。,崇尚度假慢生活，清晨沙滩漫步，午后椰林下午茶，酷爱轻户外及后海冲浪。,名下持有一套旧两居，置换回款 65% + 个人理财储蓄补充 + 公积金商业贷,重性价比，不盲信大牌，但要求物业管理有序、绿化修剪及时、人防技防规范。,每年11月至次年3月到此度过漫长冬季，极其依赖周边的康养及适老化服务。
三_2011_01534,三亚,2011,度假投资,46,男,5.9,43.8,0.4,82.2,3,2,是,A,research,0.81,0.3,0.75,0.63,0.55,0.56,0.05,0.08,0.76,投资-长持,两室两厅,71,8905,高端海景资产收藏家,二胎黄金期中大户型,西湖边高精平层,当前房屋属于旧多层无电梯房，父母年纪渐高每天爬楼梯极为吃力。,要求有超大面宽南向双阳台（观景家政分离），主卧大飘窗能270度直面自然景观。,无需日常通勤，但要求30分钟内快捷通达凤凰机场或高铁站。,周末常去高端商圈消费，热衷打网球和马术，重度手冲咖啡及黑胶唱片发烧友。,名下已有企业股权套现或分红现金，一次性全款付清，基本不加杠杆,非仁恒、绿城、万科等金牌开发商不买，极度看重高端精装质量与顶级物业的增值口碑。,每年11月至次年3月到此度过漫长冬季，极其依赖周边的康养及适老化服务。
三_2011_01535,三亚,2011,本地改善,46,女,2.0,14.4,0.35,30.8,4,1,否,B,agent,0.68,0.38,0.62,0.41,0.48,0.74,0.46,0.7,0.39,自住-改善,两室两厅,79,2872,智能新能源车企研发骨干,三口之家(学龄段),三亚中环品质两居，车位及空间极其拥挤,小区无地下车库且人车不分流，小孩在楼下玩耍或者推婴儿车极为不安全。,讲究超高得房率（超85%），主卧套房必须配备独立步入式衣帽间与干湿分离双卫。,无需日常通勤，但要求30分钟内快捷通达凤凰机场或高铁站。,崇尚度假慢生活，清晨沙滩漫步，午后椰林下午茶，酷爱轻户外及后海冲浪。,名下持有一套旧两居，置换回款 65% + 个人理财储蓄补充 + 公积金商业贷,重性价比，不盲信大牌，但要求物业管理有序、绿化修剪及时、人防技防规范。,本地常住人口，四季生活规律，度假频次为常规年假出行。
三_2011_01536,三亚,2011,本地改善,37,女,1.9,13.0,0.35,27.9,3,2,否,B,agent,0.93,0.64,0.62,0.48,0.35,0.64,0.65,0.62,0.6,自住-改善,一室一厅,56,2817,区级税务局一级主办,二胎黄金期中大户型,三亚中环品质两居，车位及空间极其拥挤,小区无地下车库且人车不分流，小孩在楼下玩耍或者推婴儿车极为不安全。,要求采光通透，全明户型，带多功能嵌入式收纳墙以最大化空间利用。,无需日常通勤，但要求30分钟内快捷通达凤凰机场或高铁站。,崇尚度假慢生活，清晨沙滩漫步，午后椰林下午茶，酷爱轻户外及后海冲浪。,名下持有一套旧两居，置换回款 65% + 个人理财储蓄补充 + 公积金商业贷,重性价比，不盲信大牌，但要求物业管理有序、绿化修剪及时、人防技防规范。,本地常住人口，四季生活规律，度假频次为常规年假出行。
三_2011_01537,三亚,2011,外地候鸟-东北,65,男,2.5,21.6,0.5,32.4,1,0,否,C,network,0.45,0.62,0.84,0.64,0.62,0.48,0,0,0.44,养老,两室一厅,93,2603,沈阳大型重工企业退休副厂长,高知退休康养,与父母同住，三代人拥挤在旧区小户型老房中,老小区隔音差，邻里滋扰严重，且车位严重匮乏，每晚加班回来抢车位像打仗。,要求有超大面宽南向双阳台（观景家政分离），主卧大飘窗能270度直面自然景观。,无需日常通勤，但要求30分钟内快捷通达凤凰机场或高铁站。,崇尚度假慢生活，清晨沙滩漫步，午后椰林下午茶，酷爱轻户外及后海冲浪。,名下持有一套旧两居，置换回款 65% + 个人理财储蓄补充 + 公积金商业贷,重性价比，不盲信大牌，但要求物业管理有序、绿化修剪及时、人防技防规范。,每年11月至次年3月到此度过漫长冬季，极其依赖周边的康养及适老化服务。
三_2011_01538,三亚,2011,本地改善,30,男,1.3,5.4,0.35,11.5,3,1,是,B,agent,0.81,0.5,0.64,0.46,0.34,0.63,0.44,0.6,0.49,自住-改善,两室两厅,77,847,区级税务局一级主办,三口之家(幼龄段),三亚中环品质两居，车位及空间极其拥挤,小区无地下车库且人车不分流，小孩在楼下玩耍或者推婴儿车极为不安全。,要求采光通透，全明户型，带多功能嵌入式收纳墙以最大化空间利用。,无需日常通勤，但要求30分钟内快捷通达凤凰机场或高铁站。,崇尚度假慢生活，清晨沙滩漫步，午后椰林下午茶，酷爱轻户外及后海冲浪。,名下持有一套旧两居，置换回款 65% + 个人理财储蓄补充 + 公积金商业贷,重性价比，不盲信大牌，但要求物业管理有序、绿化修剪及时、人防技防规范。,本地常住人口，四季生活规律，度假频次为常规年假出行。
三_2011_01539,三亚,2011,外地候鸟-东北,70,男,3.6,22.9,0.5,34.3,2,0,否,C,network,0.29,0.59,0.76,0.6,0.56,0.47,0.02,0.08,0.53,养老,两室两厅,87,2460,哈尔滨私营物流老板,高知退休康养,与父母同住，三代人拥挤在旧区小户型老房中,老小区隔音差，邻里滋扰严重，且车位严重匮乏，每晚加班回来抢车位像打仗。,要求有超大面宽南向双阳台（观景家政分离），主卧大飘窗能270度直面自然景观。,无需日常通勤，但要求30分钟内快捷通达凤凰机场或高铁站。,崇尚度假慢生活，清晨沙滩漫步，午后椰林下午茶，酷爱轻户外及后海冲浪。,名下持有一套旧两居，置换回款 65% + 个人理财储蓄补充 + 公积金商业贷,重性价比，不盲信大牌，但要求物业管理有序、绿化修剪及时、人防技防规范。,每年11月至次年3月到此度过漫长冬季，极其依赖周边的康养及适老化服务。
三_2011_01540,三亚,2011,外地候鸟-华北,70,男,3.1,31.2,0.5,46.8,1,0,否,B,network,0.75,0.58,0.94,0.82,0.68,0.41,0.04,0,0.47,养老,两室一厅,92,2784,央企总部退休总工,高知退休康养,三亚中环品质两居，车位及空间极其拥挤,老小区隔音差，邻里滋扰严重，且车位严重匮乏，每晚加班回来抢车位像打仗。,要求独立电梯入户，主次卧动线分明，配备独立保姆房和私密后院。,无需日常通勤，但要求30分钟内快捷通达凤凰机场或高铁站。,崇尚度假慢生活，清晨沙滩漫步，午后椰林下午茶，酷爱轻户外及后海冲浪。,名下持有一套旧两居，置换回款 65% + 个人理财储蓄补充 + 公积金商业贷,重性价比，不盲信大牌，但要求物业管理有序、绿化修剪及时、人防技防规范。,每年11月至次年3月到此度过漫长冬季，极其依赖周边的康养及适老化服务。
三_2011_01541,三亚,2011,外地候鸟-西北,67,女,4.4,39.3,0.5,58.9,1,0,否,C,network,0.41,0.63,0.79,0.74,0.49,0.53,0,0.0,0.46,养老,两室两厅,77,5934,兰州煤炭物流运输企业主,高知退休康养,与父母同住，三代人拥挤在旧区小户型老房中,老小区隔音差，邻里滋扰严重，且车位严重匮乏，每晚加班回来抢车位像打仗。,要求独立电梯入户，主次卧动线分明，配备独立保姆房和私密后院。,无需日常通勤，但要求30分钟内快捷通达凤凰机场或高铁站。,崇尚度假慢生活，清晨沙滩漫步，午后椰林下午茶，酷爱轻户外及后海冲浪。,名下持有一套旧两居，置换回款 65% + 个人理财储蓄补充 + 公积金商业贷,重性价比，不盲信大牌，但要求物业管理有序、绿化修剪及时、人防技防规范。,每年11月至次年3月到此度过漫长冬季，极其依赖周边的康养及适老化服务。
三_2011_01542,三亚,2011,度假投资,46,女,7.8,98.5,0.4,184.8,4,1,否,A,research,0.77,0.5,0.9,0.61,0.44,0.5,0,0.04,0.75,投资-短期,三室一厅,93,13086,知名中医药连锁投资人,三口之家(学龄段),西湖边高精平层,无高端私密会所及管家式物业配套，圈层鱼龙混杂，高净值居住体验差。,要求有超大面宽南向双阳台（观景家政分离），主卧大飘窗能270度直面自然景观。,无需日常通勤，但要求30分钟内快捷通达凤凰机场或高铁站。,周末常去高端商圈消费，热衷打网球和马术，重度手冲咖啡及黑胶唱片发烧友。,名下已有企业股权套现或分红现金，一次性全款付清，基本不加杠杆,非仁恒、绿城、万科等金牌开发商不买，极度看重高端精装质量与顶级物业的增值口碑。,每年11月至次年3月到此度过漫长冬季，极其依赖周边的康养及适老化服务。
三_2011_01543,三亚,2011,外地候鸟-西北,75,男,2.9,20.6,0.5,30.9,2,0,否,C,network,0.21,0.57,0.92,0.65,0.43,0.55,0,0,0.58,度假,两室一厅,100,2214,兰州煤炭物流运输企业主,高知退休康养,与父母同住，三代人拥挤在旧区小户型老房中,老小区隔音差，邻里滋扰严重，且车位严重匮乏，每晚加班回来抢车位像打仗。,要求有超大面宽南向双阳台（观景家政分离），主卧大飘窗能270度直面自然景观。,无需日常通勤，但要求30分钟内快捷通达凤凰机场或高铁站。,崇尚度假慢生活，清晨沙滩漫步，午后椰林下午茶，酷爱轻户外及后海冲浪。,名下持有一套旧两居，置换回款 65% + 个人理财储蓄补充 + 公积金商业贷,重性价比，不盲信大牌，但要求物业管理有序、绿化修剪及时、人防技防规范。,每年11月至次年3月到此度过漫长冬季，极其依赖周边的康养及适老化服务。
三_2011_01544,三亚,2011,本地改善,43,男,2.4,10.2,0.35,21.9,5,0,是,B,agent,0.65,0.45,0.64,0.45,0.39,0.84,0.46,0.62,0.43,自住-改善,一室一厅,58,2129,区级税务局一级主办,成熟期核心家庭,三亚中环品质两居，车位及空间极其拥挤,当前房屋属于旧多层无电梯房，父母年纪渐高每天爬楼梯极为吃力。,讲究超高得房率（超85%），主卧套房必须配备独立步入式衣帽间与干湿分离双卫。,无需日常通勤，但要求30分钟内快捷通达凤凰机场或高铁站。,崇尚度假慢生活，清晨沙滩漫步，午后椰林下午茶，酷爱轻户外及后海冲浪。,名下持有一套旧两居，置换回款 65% + 个人理财储蓄补充 + 公积金商业贷,重性价比，不盲信大牌，但要求物业管理有序、绿化修剪及时、人防技防规范。,本地常住人口，四季生活规律，度假频次为常规年假出行。
三_2011_01545,三亚,2011,本地改善,44,男,3.2,18.3,0.35,39.3,4,1,是,B,agent,0.54,0.61,0.6,0.46,0.44,0.79,0.46,0.59,0.57,自住-改善,一室一厅,59,3349,区级税务局一级主办,三口之家(学龄段),三亚中环品质两居，车位及空间极其拥挤,小区无地下车库且人车不分流，小孩在楼下玩耍或者推婴儿车极为不安全。,讲究超高得房率（超85%），主卧套房必须配备独立步入式衣帽间与干湿分离双卫。,无需日常通勤，但要求30分钟内快捷通达凤凰机场或高铁站。,崇尚度假慢生活，清晨沙滩漫步，午后椰林下午茶，酷爱轻户外及后海冲浪。,名下持有一套旧两居，置换回款 65% + 个人理财储蓄补充 + 公积金商业贷,重性价比，不盲信大牌，但要求物业管理有序、绿化修剪及时、人防技防规范。,本地常住人口，四季生活规律，度假频次为常规年假出行。
三_2011_01546,三亚,2011,本地改善,42,女,1.3,7.1,0.35,15.2,4,1,否,B,agent,0.73,0.39,0.4,0.45,0.36,0.74,0.45,0.84,0.49,自住-改善,两室两厅,99,769,国企中层管理,三口之家(学龄段),三亚中环品质两居，车位及空间极其拥挤,小区无地下车库且人车不分流，小孩在楼下玩耍或者推婴儿车极为不安全。,讲究超高得房率（超85%），主卧套房必须配备独立步入式衣帽间与干湿分离双卫。,无需日常通勤，但要求30分钟内快捷通达凤凰机场或高铁站。,崇尚度假慢生活，清晨沙滩漫步，午后椰林下午茶，酷爱轻户外及后海冲浪。,名下持有一套旧两居，置换回款 65% + 个人理财储蓄补充 + 公积金商业贷,重性价比，不盲信大牌，但要求物业管理有序、绿化修剪及时、人防技防规范。,本地常住人口，四季生活规律，度假频次为常规年假出行。
三_2011_01547,三亚,2011,度假投资,44,男,7.2,70.4,0.4,131.9,2,1,否,A,research,0.99,0.58,0.81,0.52,0.52,0.41,0,0,0.79,投资-短期,两室两厅,74,14432,上市公司退休联合创始人,三口之家(学龄段),市中心私密洋房住宅,无高端私密会所及管家式物业配套，圈层鱼龙混杂，高净值居住体验差。,要求有超大面宽南向双阳台（观景家政分离），主卧大飘窗能270度直面自然景观。,无需日常通勤，但要求30分钟内快捷通达凤凰机场或高铁站。,周末常去高端商圈消费，热衷打网球和马术，重度手冲咖啡及黑胶唱片发烧友。,名下已有企业股权套现或分红现金，一次性全款付清，基本不加杠杆,非仁恒、绿城、万科等金牌开发商不买，极度看重高端精装质量与顶级物业的增值口碑。,每年11月至次年3月到此度过漫长冬季，极其依赖周边的康养及适老化服务。
三_2011_01548,三亚,2011,外地候鸟-华北,70,女,3.5,35.0,0.5,52.6,2,0,否,B,network,0.35,0.47,0.87,0.68,0.47,0.41,0.08,0.05,0.51,度假,两室两厅,69,3954,高校资深硕导,高知退休康养,三亚中环品质两居，车位及空间极其拥挤,老小区隔音差，邻里滋扰严重，且车位严重匮乏，每晚加班回来抢车位像打仗。,要求有超大面宽南向双阳台（观景家政分离），主卧大飘窗能270度直面自然景观。,无需日常通勤，但要求30分钟内快捷通达凤凰机场或高铁站。,崇尚度假慢生活，清晨沙滩漫步，午后椰林下午茶，酷爱轻户外及后海冲浪。,名下持有一套旧两居，置换回款 65% + 个人理财储蓄补充 + 公积金商业贷,重性价比，不盲信大牌，但要求物业管理有序、绿化修剪及时、人防技防规范。,每年11月至次年3月到此度过漫长冬季，极其依赖周边的康养及适老化服务。
三_2011_01549,三亚,2011,本地改善,48,女,2.7,17.4,0.35,37.4,4,1,否,B,agent,0.74,0.6,0.61,0.41,0.38,0.78,0.52,0.69,0.41,自住-改善,两室一厅,64,3015,重点中学高级教师,三口之家(学龄段),三亚中环品质两居，车位及空间极其拥挤,小区无地下车库且人车不分流，小孩在楼下玩耍或者推婴儿车极为不安全。,讲究超高得房率（超85%），主卧套房必须配备独立步入式衣帽间与干湿分离双卫。,无需日常通勤，但要求30分钟内快捷通达凤凰机场或高铁站。,崇尚度假慢生活，清晨沙滩漫步，午后椰林下午茶，酷爱轻户外及后海冲浪。,名下持有一套旧两居，置换回款 65% + 个人理财储蓄补充 + 公积金商业贷,重性价比，不盲信大牌，但要求物业管理有序、绿化修剪及时、人防技防规范。,本地常住人口，四季生活规律，度假频次为常规年假出行。
三_2011_01550,三亚,2011,外地候鸟-华北,75,女,3.4,31.8,0.5,47.7,2,0,否,B,network,0.45,0.44,0.88,0.64,0.65,0.48,0,0.12,0.73,养老,两室两厅,58,5140,高校资深硕导,高知退休康养,三亚中环品质两居，车位及空间极其拥挤,老小区隔音差，邻里滋扰严重，且车位严重匮乏，每晚加班回来抢车位像打仗。,要求有超大面宽南向双阳台（观景家政分离），主卧大飘窗能270度直面自然景观。,无需日常通勤，但要求30分钟内快捷通达凤凰机场或高铁站。,崇尚度假慢生活，清晨沙滩漫步，午后椰林下午茶，酷爱轻户外及后海冲浪。,名下持有一套旧两居，置换回款 65% + 个人理财储蓄补充 + 公积金商业贷,非仁恒、绿城、万科等金牌开发商不买，极度看重高端精装质量与顶级物业的增值口碑。,每年11月至次年3月到此度过漫长冬季，极其依赖周边的康养及适老化服务。
三_2011_01551,三亚,2011,本地改善,50,女,1.7,10.6,0.35,22.7,4,1,是,B,agent,0.7,0.55,0.69,0.41,0.31,0.7,0.56,0.79,0.38,自住-改善,一室一厅,79,2455,区级税务局一级主办,三口之家(学龄段),三亚中环品质两居，车位及空间极其拥挤,小区无地下车库且人车不分流，小孩在楼下玩耍或者推婴儿车极为不安全。,核心要求地块属于第一梯队名校学区，且周边500米内解决幼小衔接教育配套。,无需日常通勤，但要求30分钟内快捷通达凤凰机场或高铁站。,崇尚度假慢生活，清晨沙滩漫步，午后椰林下午茶，酷爱轻户外及后海冲浪。,名下持有一套旧两居，置换回款 65% + 个人理财储蓄补充 + 公积金商业贷,重性价比，不盲信大牌，但要求物业管理有序、绿化修剪及时、人防技防规范。,本地常住人口，四季生活规律，度假频次为常规年假出行。
三_2011_01552,三亚,2011,外地候鸟-华北,68,男,3.0,24.1,0.5,36.1,2,0,否,B,network,0.49,0.58,1.0,0.67,0.66,0.43,0.04,0.18,0.59,度假,两室两厅,82,3826,央企总部退休总工,高知退休康养,三亚中环品质两居，车位及空间极其拥挤,老小区隔音差，邻里滋扰严重，且车位严重匮乏，每晚加班回来抢车位像打仗。,要求有超大面宽南向双阳台（观景家政分离），主卧大飘窗能270度直面自然景观。,无需日常通勤，但要求30分钟内快捷通达凤凰机场或高铁站。,崇尚度假慢生活，清晨沙滩漫步，午后椰林下午茶，酷爱轻户外及后海冲浪。,名下持有一套旧两居，置换回款 65% + 个人理财储蓄补充 + 公积金商业贷,重性价比，不盲信大牌，但要求物业管理有序、绿化修剪及时、人防技防规范。,每年11月至次年3月到此度过漫长冬季，极其依赖周边的康养及适老化服务。
三_2011_01553,三亚,2011,外地候鸟-西北,64,男,1.8,10.8,0.5,16.2,2,0,否,C,network,0.38,0.66,0.88,0.76,0.5,0.41,0.11,0.19,0.53,度假,两室两厅,72,1415,西安设计院退休总建筑师,高知退休康养,与父母同住，三代人拥挤在旧区小户型老房中,老小区隔音差，邻里滋扰严重，且车位严重匮乏，每晚加班回来抢车位像打仗。,要求独立电梯入户，主次卧动线分明，配备独立保姆房和私密后院。,无需日常通勤，但要求30分钟内快捷通达凤凰机场或高铁站。,崇尚度假慢生活，清晨沙滩漫步，午后椰林下午茶，酷爱轻户外及后海冲浪。,名下持有一套旧两居，置换回款 65% + 个人理财储蓄补充 + 公积金商业贷,重性价比，不盲信大牌，但要求物业管理有序、绿化修剪及时、人防技防规范。,每年11月至次年3月到此度过漫长冬季，极其依赖周边的康养及适老化服务。
三_2011_01554,三亚,2011,外地候鸟-华北,55,女,5.2,53.7,0.5,80.6,2,1,否,B,network,0.33,0.51,0.98,0.6,0.54,0.47,0,0.04,0.49,养老,两室两厅,96,5124,高校资深硕导,三口之家(学龄段),三亚中环品质两居，车位及空间极其拥挤,小区无地下车库且人车不分流，小孩在楼下玩耍或者推婴儿车极为不安全。,要求有超大面宽南向双阳台（观景家政分离），主卧大飘窗能270度直面自然景观。,无需日常通勤，但要求30分钟内快捷通达凤凰机场或高铁站。,崇尚度假慢生活，清晨沙滩漫步，午后椰林下午茶，酷爱轻户外及后海冲浪。,名下持有一套旧两居，置换回款 65% + 个人理财储蓄补充 + 公积金商业贷,重性价比，不盲信大牌，但要求物业管理有序、绿化修剪及时、人防技防规范。,每年11月至次年3月到此度过漫长冬季，极其依赖周边的康养及适老化服务。
三_2011_01555,三亚,2011,本地改善,42,男,2.2,10.7,0.35,22.9,4,1,否,B,agent,0.83,0.65,0.45,0.5,0.3,0.67,0.46,0.64,0.45,自住-改善,一室一厅,54,2313,区级税务局一级主办,三口之家(学龄段),三亚中环品质两居，车位及空间极其拥挤,小区无地下车库且人车不分流，小孩在楼下玩耍或者推婴儿车极为不安全。,要求采光通透，全明户型，带多功能嵌入式收纳墙以最大化空间利用。,无需日常通勤，但要求30分钟内快捷通达凤凰机场或高铁站。,崇尚度假慢生活，清晨沙滩漫步，午后椰林下午茶，酷爱轻户外及后海冲浪。,名下持有一套旧两居，置换回款 65% + 个人理财储蓄补充 + 公积金商业贷,重性价比，不盲信大牌，但要求物业管理有序、绿化修剪及时、人防技防规范。,本地常住人口，四季生活规律，度假频次为常规年假出行。
三_2011_01556,三亚,2011,外地候鸟-东北,58,男,2.2,20.1,0.5,30.1,3,0,否,C,network,0.33,0.62,1,0.71,0.57,0.49,0,0.06,0.5,度假,一室一厅,86,2302,哈尔滨高校退休处长,高知退休康养,与父母同住，三代人拥挤在旧区小户型老房中,老小区隔音差，邻里滋扰严重，且车位严重匮乏，每晚加班回来抢车位像打仗。,要求独立电梯入户，主次卧动线分明，配备独立保姆房和私密后院。,无需日常通勤，但要求30分钟内快捷通达凤凰机场或高铁站。,崇尚度假慢生活，清晨沙滩漫步，午后椰林下午茶，酷爱轻户外及后海冲浪。,名下持有一套旧两居，置换回款 65% + 个人理财储蓄补充 + 公积金商业贷,重性价比，不盲信大牌，但要求物业管理有序、绿化修剪及时、人防技防规范。,每年11月至次年3月到此度过漫长冬季，极其依赖周边的康养及适老化服务。
三_2011_01557,三亚,2011,高净值康养,60,男,15.1,213.0,0.6,266.2,2,0,否,A,network,0.8,0.17,0.98,0.9,0.82,0.49,0,0.13,0.83,养老,三室两厅,109,20270,高端海景资产收藏家,高知退休康养,陆家嘴核心区江景大平层,无高端私密会所及管家式物业配套，圈层鱼龙混杂，高净值居住体验差。,要求独立电梯入户，主次卧动线分明，配备独立保姆房和私密后院。,无需日常通勤，但要求30分钟内快捷通达凤凰机场或高铁站。,周末常去高端商圈消费，热衷打网球和马术，重度手冲咖啡及黑胶唱片发烧友。,名下已有企业股权套现或分红现金，一次性全款付清，基本不加杠杆,非仁恒、绿城、万科等金牌开发商不买，极度看重高端精装质量与顶级物业的增值口碑。,本地常住人口，四季生活规律，度假频次为常规年假出行。
三_2011_01558,三亚,2011,外地候鸟-东北,76,男,2.6,19.8,0.5,29.6,2,1,否,C,network,0.2,0.73,0.89,0.78,0.51,0.51,0.02,0.12,0.42,养老,一室一厅,84,2674,沈阳大型重工企业退休副厂长,三口之家(学龄段),与父母同住，三代人拥挤在旧区小户型老房中,小区无地下车库且人车不分流，小孩在楼下玩耍或者推婴儿车极为不安全。,要求独立电梯入户，主次卧动线分明，配备独立保姆房和私密后院。,无需日常通勤，但要求30分钟内快捷通达凤凰机场或高铁站。,崇尚度假慢生活，清晨沙滩漫步，午后椰林下午茶，酷爱轻户外及后海冲浪。,名下持有一套旧两居，置换回款 65% + 个人理财储蓄补充 + 公积金商业贷,重性价比，不盲信大牌，但要求物业管理有序、绿化修剪及时、人防技防规范。,每年11月至次年3月到此度过漫长冬季，极其依赖周边的康养及适老化服务。
三_2011_01559,三亚,2011,外地候鸟-东北,78,男,3.6,22.8,0.5,34.2,3,1,否,C,network,0.42,0.59,1,0.67,0.37,0.47,0,0,0.55,度假,两室两厅,69,4023,哈尔滨私营物流老板,三口之家(学龄段),与父母同住，三代人拥挤在旧区小户型老房中,小区无地下车库且人车不分流，小孩在楼下玩耍或者推婴儿车极为不安全。,要求有超大面宽南向双阳台（观景家政分离），主卧大飘窗能270度直面自然景观。,无需日常通勤，但要求30分钟内快捷通达凤凰机场或高铁站。,崇尚度假慢生活，清晨沙滩漫步，午后椰林下午茶，酷爱轻户外及后海冲浪。,名下持有一套旧两居，置换回款 65% + 个人理财储蓄补充 + 公积金商业贷,重性价比，不盲信大牌，但要求物业管理有序、绿化修剪及时、人防技防规范。,每年11月至次年3月到此度过漫长冬季，极其依赖周边的康养及适老化服务。
三_2011_01560,三亚,2011,本地改善,33,女,2.5,15.8,0.35,33.9,4,1,否,B,agent,0.63,0.66,0.59,0.6,0.51,0.65,0.54,0.76,0.44,自住-改善,两室两厅,93,2734,国企中层管理,三口之家(幼龄段),三亚中环品质两居，车位及空间极其拥挤,小区无地下车库且人车不分流，小孩在楼下玩耍或者推婴儿车极为不安全。,核心要求地块属于第一梯队名校学区，且周边500米内解决幼小衔接教育配套。,无需日常通勤，但要求30分钟内快捷通达凤凰机场或高铁站。,崇尚度假慢生活，清晨沙滩漫步，午后椰林下午茶，酷爱轻户外及后海冲浪。,名下持有一套旧两居，置换回款 65% + 个人理财储蓄补充 + 公积金商业贷,重性价比，不盲信大牌，但要求物业管理有序、绿化修剪及时、人防技防规范。,本地常住人口，四季生活规律，度假频次为常规年假出行。
三_2011_01561,三亚,2011,度假投资,54,女,4.7,56.3,0.4,105.6,3,2,否,A,research,0.97,0.4,0.86,0.68,0.56,0.48,0.02,0.14,0.71,投资-短期,一室一厅,70,10732,上市公司退休联合创始人,二胎黄金期中大户型,西湖边高精平层,无高端私密会所及管家式物业配套，圈层鱼龙混杂，高净值居住体验差。,要求有超大面宽南向双阳台（观景家政分离），主卧大飘窗能270度直面自然景观。,无需日常通勤，但要求30分钟内快捷通达凤凰机场或高铁站。,周末常去高端商圈消费，热衷打网球和马术，重度手冲咖啡及黑胶唱片发烧友。,名下已有企业股权套现或分红现金，一次性全款付清，基本不加杠杆,非仁恒、绿城、万科等金牌开发商不买，极度看重高端精装质量与顶级物业的增值口碑。,每年11月至次年3月到此度过漫长冬季，极其依赖周边的康养及适老化服务。
三_2011_01562,三亚,2011,本地改善,39,女,2.0,10.7,0.35,22.9,5,1,是,B,agent,0.75,0.52,0.52,0.54,0.32,0.65,0.51,0.63,0.38,自住-改善,两室一厅,78,2070,区级税务局一级主办,三口之家(学龄段),三亚中环品质两居，车位及空间极其拥挤,小区无地下车库且人车不分流，小孩在楼下玩耍或者推婴儿车极为不安全。,要求采光通透，全明户型，带多功能嵌入式收纳墙以最大化空间利用。,无需日常通勤，但要求30分钟内快捷通达凤凰机场或高铁站。,崇尚度假慢生活，清晨沙滩漫步，午后椰林下午茶，酷爱轻户外及后海冲浪。,名下持有一套旧两居，置换回款 65% + 个人理财储蓄补充 + 公积金商业贷,重性价比，不盲信大牌，但要求物业管理有序、绿化修剪及时、人防技防规范。,本地常住人口，四季生活规律，度假频次为常规年假出行。
三_2011_01563,三亚,2011,本地改善,44,男,2.2,13.6,0.35,29.2,4,0,是,B,agent,0.74,0.73,0.71,0.32,0.34,0.69,0.54,0.79,0.51,自住-改善,一室一厅,61,3457,区级税务局一级主办,成熟期核心家庭,三亚中环品质两居，车位及空间极其拥挤,当前房屋属于旧多层无电梯房，父母年纪渐高每天爬楼梯极为吃力。,要求有超大面宽南向双阳台（观景家政分离），主卧大飘窗能270度直面自然景观。,无需日常通勤，但要求30分钟内快捷通达凤凰机场或高铁站。,崇尚度假慢生活，清晨沙滩漫步，午后椰林下午茶，酷爱轻户外及后海冲浪。,名下持有一套旧两居，置换回款 65% + 个人理财储蓄补充 + 公积金商业贷,重性价比，不盲信大牌，但要求物业管理有序、绿化修剪及时、人防技防规范。,本地常住人口，四季生活规律，度假频次为常规年假出行。
三_2011_01564,三亚,2011,外地候鸟-华北,63,女,2.6,24.1,0.5,36.1,2,0,否,B,network,0.27,0.58,0.97,0.73,0.57,0.43,0.0,0.04,0.6,养老,一室一厅,71,2826,央企总部退休总工,高知退休康养,三亚中环品质两居，车位及空间极其拥挤,老小区隔音差，邻里滋扰严重，且车位严重匮乏，每晚加班回来抢车位像打仗。,要求独立电梯入户，主次卧动线分明，配备独立保姆房和私密后院。,无需日常通勤，但要求30分钟内快捷通达凤凰机场或高铁站。,崇尚度假慢生活，清晨沙滩漫步，午后椰林下午茶，酷爱轻户外及后海冲浪。,名下持有一套旧两居，置换回款 65% + 个人理财储蓄补充 + 公积金商业贷,重性价比，不盲信大牌，但要求物业管理有序、绿化修剪及时、人防技防规范。,每年11月至次年3月到此度过漫长冬季，极其依赖周边的康养及适老化服务。
三_2011_01565,三亚,2011,本地改善,39,男,1.5,7.4,0.35,15.8,4,1,是,B,agent,0.74,0.54,0.59,0.4,0.4,0.57,0.6,0.95,0.35,自住-改善,两室一厅,82,1432,区级税务局一级主办,三口之家(学龄段),三亚中环品质两居，车位及空间极其拥挤,小区无地下车库且人车不分流，小孩在楼下玩耍或者推婴儿车极为不安全。,核心要求地块属于第一梯队名校学区，且周边500米内解决幼小衔接教育配套。,无需日常通勤，但要求30分钟内快捷通达凤凰机场或高铁站。,崇尚度假慢生活，清晨沙滩漫步，午后椰林下午茶，酷爱轻户外及后海冲浪。,名下持有一套旧两居，置换回款 65% + 个人理财储蓄补充 + 公积金商业贷,重性价比，不盲信大牌，但要求物业管理有序、绿化修剪及时、人防技防规范。,本地常住人口，四季生活规律，度假频次为常规年假出行。
三_2011_01566,三亚,2011,外地候鸟-东北,70,男,1.6,8.8,0.5,13.2,2,0,否,C,network,0.2,0.58,0.88,0.73,0.53,0.51,0.04,0,0.44,养老,两室两厅,82,1338,沈阳大型重工企业退休副厂长,高知退休康养,与父母同住，三代人拥挤在旧区小户型老房中,老小区隔音差，邻里滋扰严重，且车位严重匮乏，每晚加班回来抢车位像打仗。,要求独立电梯入户，主次卧动线分明，配备独立保姆房和私密后院。,无需日常通勤，但要求30分钟内快捷通达凤凰机场或高铁站。,崇尚度假慢生活，清晨沙滩漫步，午后椰林下午茶，酷爱轻户外及后海冲浪。,名下持有一套旧两居，置换回款 65% + 个人理财储蓄补充 + 公积金商业贷,重性价比，不盲信大牌，但要求物业管理有序、绿化修剪及时、人防技防规范。,每年11月至次年3月到此度过漫长冬季，极其依赖周边的康养及适老化服务。
三_2011_01567,三亚,2011,外地候鸟-华北,62,女,2.9,24.7,0.5,37.0,2,0,否,B,network,0.38,0.54,0.92,0.64,0.67,0.36,0,0.09,0.5,度假,两室一厅,78,4237,北京三甲医院退休教授,高知退休康养,三亚中环品质两居，车位及空间极其拥挤,老小区隔音差，邻里滋扰严重，且车位严重匮乏，每晚加班回来抢车位像打仗。,要求有超大面宽南向双阳台（观景家政分离），主卧大飘窗能270度直面自然景观。,无需日常通勤，但要求30分钟内快捷通达凤凰机场或高铁站。,崇尚度假慢生活，清晨沙滩漫步，午后椰林下午茶，酷爱轻户外及后海冲浪。,名下持有一套旧两居，置换回款 65% + 个人理财储蓄补充 + 公积金商业贷,重性价比，不盲信大牌，但要求物业管理有序、绿化修剪及时、人防技防规范。,每年11月至次年3月到此度过漫长冬季，极其依赖周边的康养及适老化服务。
三_2011_01568,三亚,2011,本地改善,41,女,3.3,15.7,0.35,33.5,5,2,否,B,agent,0.87,0.41,0.73,0.45,0.32,0.73,0.42,0.72,0.41,自住-改善,一室一厅,94,1825,重点中学高级教师,二胎黄金期中大户型,三亚中环品质两居，车位及空间极其拥挤,小区无地下车库且人车不分流，小孩在楼下玩耍或者推婴儿车极为不安全。,要求有超大面宽南向双阳台（观景家政分离），主卧大飘窗能270度直面自然景观。,无需日常通勤，但要求30分钟内快捷通达凤凰机场或高铁站。,崇尚度假慢生活，清晨沙滩漫步，午后椰林下午茶，酷爱轻户外及后海冲浪。,名下持有一套旧两居，置换回款 65% + 个人理财储蓄补充 + 公积金商业贷,重性价比，不盲信大牌，但要求物业管理有序、绿化修剪及时、人防技防规范。,本地常住人口，四季生活规律，度假频次为常规年假出行。
三_2011_01569,三亚,2011,外地候鸟-西北,63,女,5.7,49.8,0.5,74.6,2,0,否,C,network,0.38,0.59,0.99,0.74,0.38,0.58,0,0,0.49,度假,两室一厅,95,6967,兰州煤炭物流运输企业主,高知退休康养,与父母同住，三代人拥挤在旧区小户型老房中,老小区隔音差，邻里滋扰严重，且车位严重匮乏，每晚加班回来抢车位像打仗。,要求独立电梯入户，主次卧动线分明，配备独立保姆房和私密后院。,无需日常通勤，但要求30分钟内快捷通达凤凰机场或高铁站。,崇尚度假慢生活，清晨沙滩漫步，午后椰林下午茶，酷爱轻户外及后海冲浪。,名下持有一套旧两居，置换回款 65% + 个人理财储蓄补充 + 公积金商业贷,重性价比，不盲信大牌，但要求物业管理有序、绿化修剪及时、人防技防规范。,每年11月至次年3月到此度过漫长冬季，极其依赖周边的康养及适老化服务。
三_2011_01570,三亚,2011,度假投资,49,男,8.3,99.6,0.4,186.7,4,1,否,A,research,0.99,0.39,0.91,0.76,0.55,0.41,0,0,0.74,度假,三室两厅,100,15645,高端海景资产收藏家,三口之家(学龄段),西湖边高精平层,无高端私密会所及管家式物业配套，圈层鱼龙混杂，高净值居住体验差。,要求独立电梯入户，主次卧动线分明，配备独立保姆房和私密后院。,无需日常通勤，但要求30分钟内快捷通达凤凰机场或高铁站。,周末常去高端商圈消费，热衷打网球和马术，重度手冲咖啡及黑胶唱片发烧友。,名下已有企业股权套现或分红现金，一次性全款付清，基本不加杠杆,非仁恒、绿城、万科等金牌开发商不买，极度看重高端精装质量与顶级物业的增值口碑。,每年11月至次年3月到此度过漫长冬季，极其依赖周边的康养及适老化服务。
三_2011_01571,三亚,2011,本地改善,46,女,1.4,5.9,0.35,12.7,6,1,是,B,agent,0.62,0.51,0.46,0.61,0.57,0.83,0.39,0.64,0.47,自住-改善,一室一厅,80,967,三甲医院主治医师,三口之家(学龄段),三亚中环品质两居，车位及空间极其拥挤,小区无地下车库且人车不分流，小孩在楼下玩耍或者推婴儿车极为不安全。,讲究超高得房率（超85%），主卧套房必须配备独立步入式衣帽间与干湿分离双卫。,无需日常通勤，但要求30分钟内快捷通达凤凰机场或高铁站。,崇尚度假慢生活，清晨沙滩漫步，午后椰林下午茶，酷爱轻户外及后海冲浪。,名下持有一套旧两居，置换回款 65% + 个人理财储蓄补充 + 公积金商业贷,重性价比，不盲信大牌，但要求物业管理有序、绿化修剪及时、人防技防规范。,本地常住人口，四季生活规律，度假频次为常规年假出行。
三_2011_01572,三亚,2011,本地改善,47,男,2.1,9.0,0.35,19.3,3,1,否,B,agent,0.92,0.64,0.5,0.55,0.54,0.66,0.67,0.54,0.43,自住-改善,两室一厅,63,2235,智能新能源车企研发骨干,三口之家(学龄段),三亚中环品质两居，车位及空间极其拥挤,小区无地下车库且人车不分流，小孩在楼下玩耍或者推婴儿车极为不安全。,要求采光通透，全明户型，带多功能嵌入式收纳墙以最大化空间利用。,无需日常通勤，但要求30分钟内快捷通达凤凰机场或高铁站。,崇尚度假慢生活，清晨沙滩漫步，午后椰林下午茶，酷爱轻户外及后海冲浪。,名下持有一套旧两居，置换回款 65% + 个人理财储蓄补充 + 公积金商业贷,重性价比，不盲信大牌，但要求物业管理有序、绿化修剪及时、人防技防规范。,本地常住人口，四季生活规律，度假频次为常规年假出行。
三_2011_01573,三亚,2011,外地候鸟-西北,63,女,4.4,45.0,0.5,67.6,3,0,否,C,network,0.63,0.59,0.88,0.65,0.4,0.52,0,0.01,0.56,度假,两室一厅,73,7293,兰州煤炭物流运输企业主,高知退休康养,与父母同住，三代人拥挤在旧区小户型老房中,老小区隔音差，邻里滋扰严重，且车位严重匮乏，每晚加班回来抢车位像打仗。,要求有超大面宽南向双阳台（观景家政分离），主卧大飘窗能270度直面自然景观。,无需日常通勤，但要求30分钟内快捷通达凤凰机场或高铁站。,崇尚度假慢生活，清晨沙滩漫步，午后椰林下午茶，酷爱轻户外及后海冲浪。,名下持有一套旧两居，置换回款 65% + 个人理财储蓄补充 + 公积金商业贷,重性价比，不盲信大牌，但要求物业管理有序、绿化修剪及时、人防技防规范。,每年11月至次年3月到此度过漫长冬季，极其依赖周边的康养及适老化服务。
三_2011_01574,三亚,2011,本地改善,41,女,3.2,16.5,0.35,35.5,4,1,否,B,agent,0.75,0.47,0.43,0.38,0.51,0.65,0.62,0.7,0.43,自住-改善,两室一厅,85,2593,智能新能源车企研发骨干,三口之家(学龄段),三亚中环品质两居，车位及空间极其拥挤,小区无地下车库且人车不分流，小孩在楼下玩耍或者推婴儿车极为不安全。,要求采光通透，全明户型，带多功能嵌入式收纳墙以最大化空间利用。,无需日常通勤，但要求30分钟内快捷通达凤凰机场或高铁站。,崇尚度假慢生活，清晨沙滩漫步，午后椰林下午茶，酷爱轻户外及后海冲浪。,名下持有一套旧两居，置换回款 65% + 个人理财储蓄补充 + 公积金商业贷,重性价比，不盲信大牌，但要求物业管理有序、绿化修剪及时、人防技防规范。,本地常住人口，四季生活规律，度假频次为常规年假出行。
三_2011_01575,三亚,2011,度假投资,52,男,7.1,69.3,0.4,130.0,4,1,是,A,research,0.97,0.38,0.86,0.71,0.62,0.45,0.12,0,0.59,投资-长持,一室一厅,57,15563,上市公司退休联合创始人,三口之家(学龄段),陆家嘴核心区江景大平层,当前房屋属于旧多层无电梯房，父母年纪渐高每天爬楼梯极为吃力。,要求独立电梯入户，主次卧动线分明，配备独立保姆房和私密后院。,无需日常通勤，但要求30分钟内快捷通达凤凰机场或高铁站。,周末常去高端商圈消费，热衷打网球和马术，重度手冲咖啡及黑胶唱片发烧友。,名下已有企业股权套现或分红现金，一次性全款付清，基本不加杠杆,重性价比，不盲信大牌，但要求物业管理有序、绿化修剪及时、人防技防规范。,每年11月至次年3月到此度过漫长冬季，极其依赖周边的康养及适老化服务。
三_2011_01576,三亚,2011,度假投资,37,女,4.4,49.2,0.4,92.2,3,1,否,A,research,0.87,0.44,0.84,0.54,0.47,0.35,0,0.18,0.65,投资-长持,两室两厅,95,7083,上市公司退休联合创始人,三口之家(幼龄段),西湖边高精平层,无高端私密会所及管家式物业配套，圈层鱼龙混杂，高净值居住体验差。,要求有超大面宽南向双阳台（观景家政分离），主卧大飘窗能270度直面自然景观。,无需日常通勤，但要求30分钟内快捷通达凤凰机场或高铁站。,周末常去高端商圈消费，热衷打网球和马术，重度手冲咖啡及黑胶唱片发烧友。,名下已有企业股权套现或分红现金，一次性全款付清，基本不加杠杆,重性价比，不盲信大牌，但要求物业管理有序、绿化修剪及时、人防技防规范。,每年11月至次年3月到此度过漫长冬季，极其依赖周边的康养及适老化服务。
三_2011_01577,三亚,2011,度假投资,40,女,8.2,88.1,0.4,165.2,3,1,否,A,research,0.92,0.37,0.97,0.64,0.43,0.51,0,0.12,0.71,投资-短期,三室一厅,118,8236,知名中医药连锁投资人,三口之家(学龄段),陆家嘴核心区江景大平层,无高端私密会所及管家式物业配套，圈层鱼龙混杂，高净值居住体验差。,要求有超大面宽南向双阳台（观景家政分离），主卧大飘窗能270度直面自然景观。,无需日常通勤，但要求30分钟内快捷通达凤凰机场或高铁站。,周末常去高端商圈消费，热衷打网球和马术，重度手冲咖啡及黑胶唱片发烧友。,名下已有企业股权套现或分红现金，一次性全款付清，基本不加杠杆,非仁恒、绿城、万科等金牌开发商不买，极度看重高端精装质量与顶级物业的增值口碑。,每年11月至次年3月到此度过漫长冬季，极其依赖周边的康养及适老化服务。
三_2011_01578,三亚,2011,度假投资,52,女,6.3,63.0,0.4,118.2,2,1,否,A,research,0.91,0.4,0.86,0.59,0.58,0.45,0.0,0,0.82,投资-短期,一室一厅,76,8077,上市公司退休联合创始人,三口之家(学龄段),陆家嘴核心区江景大平层,无高端私密会所及管家式物业配套，圈层鱼龙混杂，高净值居住体验差。,要求有超大面宽南向双阳台（观景家政分离），主卧大飘窗能270度直面自然景观。,无需日常通勤，但要求30分钟内快捷通达凤凰机场或高铁站。,周末常去高端商圈消费，热衷打网球和马术，重度手冲咖啡及黑胶唱片发烧友。,名下已有企业股权套现或分红现金，一次性全款付清，基本不加杠杆,非仁恒、绿城、万科等金牌开发商不买，极度看重高端精装质量与顶级物业的增值口碑。,每年11月至次年3月到此度过漫长冬季，极其依赖周边的康养及适老化服务。
三_2011_01579,三亚,2011,外地候鸟-西北,69,女,2.6,25.6,0.5,38.5,2,0,否,C,network,0.52,0.68,0.87,0.65,0.57,0.66,0.09,0.04,0.35,养老,一室一厅,70,4413,西安设计院退休总建筑师,高知退休康养,与父母同住，三代人拥挤在旧区小户型老房中,老小区隔音差，邻里滋扰严重，且车位严重匮乏，每晚加班回来抢车位像打仗。,要求有超大面宽南向双阳台（观景家政分离），主卧大飘窗能270度直面自然景观。,无需日常通勤，但要求30分钟内快捷通达凤凰机场或高铁站。,崇尚度假慢生活，清晨沙滩漫步，午后椰林下午茶，酷爱轻户外及后海冲浪。,名下持有一套旧两居，置换回款 65% + 个人理财储蓄补充 + 公积金商业贷,重性价比，不盲信大牌，但要求物业管理有序、绿化修剪及时、人防技防规范。,每年11月至次年3月到此度过漫长冬季，极其依赖周边的康养及适老化服务。
三_2011_01580,三亚,2011,外地候鸟-华北,61,女,1.5,15.1,0.5,22.7,3,0,是,B,network,0.31,0.72,0.95,0.79,0.44,0.51,0.09,0.11,0.47,养老,两室一厅,89,2084,高校资深硕导,高知退休康养,三亚中环品质两居，车位及空间极其拥挤,当前房屋属于旧多层无电梯房，父母年纪渐高每天爬楼梯极为吃力。,要求独立电梯入户，主次卧动线分明，配备独立保姆房和私密后院。,无需日常通勤，但要求30分钟内快捷通达凤凰机场或高铁站。,崇尚度假慢生活，清晨沙滩漫步，午后椰林下午茶，酷爱轻户外及后海冲浪。,名下持有一套旧两居，置换回款 65% + 个人理财储蓄补充 + 公积金商业贷,重性价比，不盲信大牌，但要求物业管理有序、绿化修剪及时、人防技防规范。,每年11月至次年3月到此度过漫长冬季，极其依赖周边的康养及适老化服务。
三_2011_01581,三亚,2011,度假投资,51,女,5.8,59.3,0.4,111.2,2,2,否,A,research,0.76,0.25,0.84,0.53,0.7,0.37,0,0,0.67,度假,一室一厅,79,11814,上市公司退休联合创始人,二胎黄金期中大户型,市中心私密洋房住宅,无高端私密会所及管家式物业配套，圈层鱼龙混杂，高净值居住体验差。,要求有超大面宽南向双阳台（观景家政分离），主卧大飘窗能270度直面自然景观。,无需日常通勤，但要求30分钟内快捷通达凤凰机场或高铁站。,周末常去高端商圈消费，热衷打网球和马术，重度手冲咖啡及黑胶唱片发烧友。,名下已有企业股权套现或分红现金，一次性全款付清，基本不加杠杆,重性价比，不盲信大牌，但要求物业管理有序、绿化修剪及时、人防技防规范。,每年11月至次年3月到此度过漫长冬季，极其依赖周边的康养及适老化服务。
三_2011_01582,三亚,2011,本地改善,39,男,2.5,13.7,0.35,29.4,3,0,否,B,agent,0.44,0.53,0.72,0.46,0.35,0.76,0.57,0.71,0.42,自住-改善,一室一厅,54,3346,重点中学高级教师,成熟期核心家庭,三亚中环品质两居，车位及空间极其拥挤,老小区隔音差，邻里滋扰严重，且车位严重匮乏，每晚加班回来抢车位像打仗。,要求有超大面宽南向双阳台（观景家政分离），主卧大飘窗能270度直面自然景观。,无需日常通勤，但要求30分钟内快捷通达凤凰机场或高铁站。,崇尚度假慢生活，清晨沙滩漫步，午后椰林下午茶，酷爱轻户外及后海冲浪。,名下持有一套旧两居，置换回款 65% + 个人理财储蓄补充 + 公积金商业贷,重性价比，不盲信大牌，但要求物业管理有序、绿化修剪及时、人防技防规范。,本地常住人口，四季生活规律，度假频次为常规年假出行。
三_2011_01583,三亚,2011,本地改善,47,男,2.1,10.9,0.35,23.4,4,1,否,B,agent,0.7,0.55,0.72,0.44,0.38,0.62,0.5,0.72,0.44,自住-改善,一室一厅,90,2221,三甲医院主治医师,三口之家(学龄段),三亚中环品质两居，车位及空间极其拥挤,小区无地下车库且人车不分流，小孩在楼下玩耍或者推婴儿车极为不安全。,要求有超大面宽南向双阳台（观景家政分离），主卧大飘窗能270度直面自然景观。,无需日常通勤，但要求30分钟内快捷通达凤凰机场或高铁站。,崇尚度假慢生活，清晨沙滩漫步，午后椰林下午茶，酷爱轻户外及后海冲浪。,名下持有一套旧两居，置换回款 65% + 个人理财储蓄补充 + 公积金商业贷,重性价比，不盲信大牌，但要求物业管理有序、绿化修剪及时、人防技防规范。,本地常住人口，四季生活规律，度假频次为常规年假出行。
三_2011_01584,三亚,2011,外地候鸟-东北,78,女,4.0,20.4,0.5,30.6,2,0,否,C,network,0.38,0.67,0.93,0.63,0.49,0.55,0.08,0,0.67,度假,一室一厅,59,2899,哈尔滨高校退休处长,高知退休康养,与父母同住，三代人拥挤在旧区小户型老房中,老小区隔音差，邻里滋扰严重，且车位严重匮乏，每晚加班回来抢车位像打仗。,要求有超大面宽南向双阳台（观景家政分离），主卧大飘窗能270度直面自然景观。,无需日常通勤，但要求30分钟内快捷通达凤凰机场或高铁站。,崇尚度假慢生活，清晨沙滩漫步，午后椰林下午茶，酷爱轻户外及后海冲浪。,名下持有一套旧两居，置换回款 65% + 个人理财储蓄补充 + 公积金商业贷,重性价比，不盲信大牌，但要求物业管理有序、绿化修剪及时、人防技防规范。,每年11月至次年3月到此度过漫长冬季，极其依赖周边的康养及适老化服务。
三_2011_01585,三亚,2011,高净值康养,53,女,37.3,377.8,0.6,472.2,2,0,否,A,network,0.85,0.21,0.99,0.92,0.9,0.65,0.02,0.09,0.82,度假,三室两厅,175,14952,上市公司退休联合创始人,成熟期核心家庭,陆家嘴核心区江景大平层,无高端私密会所及管家式物业配套，圈层鱼龙混杂，高净值居住体验差。,要求独立电梯入户，主次卧动线分明，配备独立保姆房和私密后院。,无需日常通勤，但要求30分钟内快捷通达凤凰机场或高铁站。,周末常去高端商圈消费，热衷打网球和马术，重度手冲咖啡及黑胶唱片发烧友。,名下已有企业股权套现或分红现金，一次性全款付清，基本不加杠杆,非仁恒、绿城、万科等金牌开发商不买，极度看重高端精装质量与顶级物业的增值口碑。,本地常住人口，四季生活规律，度假频次为常规年假出行。
三_2011_01586,三亚,2011,本地改善,38,男,2.5,13.6,0.35,29.2,4,1,是,B,agent,0.96,0.53,0.51,0.36,0.6,0.81,0.51,0.57,0.33,自住-改善,一室一厅,51,4024,国企中层管理,三口之家(学龄段),三亚中环品质两居，车位及空间极其拥挤,小区无地下车库且人车不分流，小孩在楼下玩耍或者推婴儿车极为不安全。,讲究超高得房率（超85%），主卧套房必须配备独立步入式衣帽间与干湿分离双卫。,无需日常通勤，但要求30分钟内快捷通达凤凰机场或高铁站。,崇尚度假慢生活，清晨沙滩漫步，午后椰林下午茶，酷爱轻户外及后海冲浪。,名下持有一套旧两居，置换回款 65% + 个人理财储蓄补充 + 公积金商业贷,重性价比，不盲信大牌，但要求物业管理有序、绿化修剪及时、人防技防规范。,本地常住人口，四季生活规律，度假频次为常规年假出行。
三_2011_01587,三亚,2011,外地候鸟-华北,64,女,5.7,32.5,0.5,48.8,3,0,否,B,network,0.75,0.57,0.94,0.7,0.56,0.43,0.02,0.19,0.61,度假,两室一厅,56,6498,高校资深硕导,高知退休康养,三亚中环品质两居，车位及空间极其拥挤,老小区隔音差，邻里滋扰严重，且车位严重匮乏，每晚加班回来抢车位像打仗。,要求有超大面宽南向双阳台（观景家政分离），主卧大飘窗能270度直面自然景观。,无需日常通勤，但要求30分钟内快捷通达凤凰机场或高铁站。,崇尚度假慢生活，清晨沙滩漫步，午后椰林下午茶，酷爱轻户外及后海冲浪。,名下持有一套旧两居，置换回款 65% + 个人理财储蓄补充 + 公积金商业贷,重性价比，不盲信大牌，但要求物业管理有序、绿化修剪及时、人防技防规范。,每年11月至次年3月到此度过漫长冬季，极其依赖周边的康养及适老化服务。
三_2011_01588,三亚,2011,本地改善,48,男,3.5,26.0,0.35,55.8,4,1,否,B,agent,0.84,0.62,0.61,0.49,0.3,0.71,0.55,0.68,0.5,自住-改善,两室两厅,89,4910,三甲医院主治医师,三口之家(学龄段),三亚中环品质两居，车位及空间极其拥挤,小区无地下车库且人车不分流，小孩在楼下玩耍或者推婴儿车极为不安全。,讲究超高得房率（超85%），主卧套房必须配备独立步入式衣帽间与干湿分离双卫。,无需日常通勤，但要求30分钟内快捷通达凤凰机场或高铁站。,崇尚度假慢生活，清晨沙滩漫步，午后椰林下午茶，酷爱轻户外及后海冲浪。,名下持有一套旧两居，置换回款 65% + 个人理财储蓄补充 + 公积金商业贷,重性价比，不盲信大牌，但要求物业管理有序、绿化修剪及时、人防技防规范。,本地常住人口，四季生活规律，度假频次为常规年假出行。
三_2011_01589,三亚,2011,外地候鸟-华北,66,女,3.2,28.0,0.5,42.0,3,0,是,B,network,0.46,0.68,0.86,0.73,0.73,0.52,0,0,0.62,养老,两室一厅,59,6394,北京三甲医院退休教授,高知退休康养,三亚中环品质两居，车位及空间极其拥挤,当前房屋属于旧多层无电梯房，父母年纪渐高每天爬楼梯极为吃力。,要求独立电梯入户，主次卧动线分明，配备独立保姆房和私密后院。,无需日常通勤，但要求30分钟内快捷通达凤凰机场或高铁站。,崇尚度假慢生活，清晨沙滩漫步，午后椰林下午茶，酷爱轻户外及后海冲浪。,名下持有一套旧两居，置换回款 65% + 个人理财储蓄补充 + 公积金商业贷,重性价比，不盲信大牌，但要求物业管理有序、绿化修剪及时、人防技防规范。,每年11月至次年3月到此度过漫长冬季，极其依赖周边的康养及适老化服务。
三_2011_01590,三亚,2011,本地改善,47,男,2.1,13.1,0.35,28.0,4,1,否,B,agent,0.59,0.72,0.55,0.41,0.48,0.68,0.6,0.66,0.42,自住-改善,两室两厅,70,2492,区级税务局一级主办,三口之家(学龄段),三亚中环品质两居，车位及空间极其拥挤,小区无地下车库且人车不分流，小孩在楼下玩耍或者推婴儿车极为不安全。,要求采光通透，全明户型，带多功能嵌入式收纳墙以最大化空间利用。,无需日常通勤，但要求30分钟内快捷通达凤凰机场或高铁站。,崇尚度假慢生活，清晨沙滩漫步，午后椰林下午茶，酷爱轻户外及后海冲浪。,名下持有一套旧两居，置换回款 65% + 个人理财储蓄补充 + 公积金商业贷,重性价比，不盲信大牌，但要求物业管理有序、绿化修剪及时、人防技防规范。,本地常住人口，四季生活规律，度假频次为常规年假出行。
三_2011_01591,三亚,2011,本地改善,37,女,1.8,13.9,0.35,29.7,4,2,否,B,agent,0.79,0.6,0.52,0.52,0.38,0.77,0.57,0.67,0.41,自住-改善,两室两厅,62,3911,重点中学高级教师,二胎黄金期中大户型,三亚中环品质两居，车位及空间极其拥挤,小区无地下车库且人车不分流，小孩在楼下玩耍或者推婴儿车极为不安全。,讲究超高得房率（超85%），主卧套房必须配备独立步入式衣帽间与干湿分离双卫。,无需日常通勤，但要求30分钟内快捷通达凤凰机场或高铁站。,崇尚度假慢生活，清晨沙滩漫步，午后椰林下午茶，酷爱轻户外及后海冲浪。,名下持有一套旧两居，置换回款 65% + 个人理财储蓄补充 + 公积金商业贷,重性价比，不盲信大牌，但要求物业管理有序、绿化修剪及时、人防技防规范。,本地常住人口，四季生活规律，度假频次为常规年假出行。
三_2011_01592,三亚,2011,外地候鸟-东北,77,男,4.2,33.5,0.5,50.2,2,0,否,C,network,0.8,0.42,1,0.64,0.5,0.55,0,0.01,0.53,度假,两室一厅,81,3207,哈尔滨私营物流老板,高知退休康养,与父母同住，三代人拥挤在旧区小户型老房中,老小区隔音差，邻里滋扰严重，且车位严重匮乏，每晚加班回来抢车位像打仗。,要求有超大面宽南向双阳台（观景家政分离），主卧大飘窗能270度直面自然景观。,无需日常通勤，但要求30分钟内快捷通达凤凰机场或高铁站。,崇尚度假慢生活，清晨沙滩漫步，午后椰林下午茶，酷爱轻户外及后海冲浪。,名下持有一套旧两居，置换回款 65% + 个人理财储蓄补充 + 公积金商业贷,重性价比，不盲信大牌，但要求物业管理有序、绿化修剪及时、人防技防规范。,每年11月至次年3月到此度过漫长冬季，极其依赖周边的康养及适老化服务。
三_2011_01593,三亚,2011,度假投资,37,男,3.2,29.1,0.4,54.6,3,1,否,A,research,0.85,0.38,0.82,0.56,0.59,0.46,0,0,0.7,度假,两室一厅,62,6451,上市公司退休联合创始人,三口之家(幼龄段),市中心私密洋房住宅,无高端私密会所及管家式物业配套，圈层鱼龙混杂，高净值居住体验差。,要求有超大面宽南向双阳台（观景家政分离），主卧大飘窗能270度直面自然景观。,无需日常通勤，但要求30分钟内快捷通达凤凰机场或高铁站。,周末常去高端商圈消费，热衷打网球和马术，重度手冲咖啡及黑胶唱片发烧友。,名下已有企业股权套现或分红现金，一次性全款付清，基本不加杠杆,非仁恒、绿城、万科等金牌开发商不买，极度看重高端精装质量与顶级物业的增值口碑。,每年11月至次年3月到此度过漫长冬季，极其依赖周边的康养及适老化服务。
三_2011_01594,三亚,2011,本地改善,31,男,2.1,13.2,0.35,28.4,4,1,否,B,agent,0.61,0.53,0.57,0.43,0.38,0.74,0.47,0.74,0.5,自住-改善,两室一厅,80,3177,智能新能源车企研发骨干,三口之家(幼龄段),三亚中环品质两居，车位及空间极其拥挤,小区无地下车库且人车不分流，小孩在楼下玩耍或者推婴儿车极为不安全。,讲究超高得房率（超85%），主卧套房必须配备独立步入式衣帽间与干湿分离双卫。,无需日常通勤，但要求30分钟内快捷通达凤凰机场或高铁站。,崇尚度假慢生活，清晨沙滩漫步，午后椰林下午茶，酷爱轻户外及后海冲浪。,名下持有一套旧两居，置换回款 65% + 个人理财储蓄补充 + 公积金商业贷,重性价比，不盲信大牌，但要求物业管理有序、绿化修剪及时、人防技防规范。,本地常住人口，四季生活规律，度假频次为常规年假出行。
三_2011_01595,三亚,2011,外地候鸟-华北,59,女,3.8,35.0,0.5,52.4,3,0,否,B,network,0.43,0.55,1,0.61,0.71,0.58,0,0,0.54,度假,两室两厅,56,4708,高校资深硕导,高知退休康养,三亚中环品质两居，车位及空间极其拥挤,老小区隔音差，邻里滋扰严重，且车位严重匮乏，每晚加班回来抢车位像打仗。,要求有超大面宽南向双阳台（观景家政分离），主卧大飘窗能270度直面自然景观。,无需日常通勤，但要求30分钟内快捷通达凤凰机场或高铁站。,崇尚度假慢生活，清晨沙滩漫步，午后椰林下午茶，酷爱轻户外及后海冲浪。,名下持有一套旧两居，置换回款 65% + 个人理财储蓄补充 + 公积金商业贷,重性价比，不盲信大牌，但要求物业管理有序、绿化修剪及时、人防技防规范。,每年11月至次年3月到此度过漫长冬季，极其依赖周边的康养及适老化服务。
三_2011_01596,三亚,2011,外地候鸟-东北,58,女,2.1,12.0,0.5,18.1,2,0,否,C,network,0.15,0.57,1,0.54,0.48,0.54,0,0,0.36,度假,两室一厅,71,1455,哈尔滨私营物流老板,高知退休康养,与父母同住，三代人拥挤在旧区小户型老房中,老小区隔音差，邻里滋扰严重，且车位严重匮乏，每晚加班回来抢车位像打仗。,要求有超大面宽南向双阳台（观景家政分离），主卧大飘窗能270度直面自然景观。,无需日常通勤，但要求30分钟内快捷通达凤凰机场或高铁站。,崇尚度假慢生活，清晨沙滩漫步，午后椰林下午茶，酷爱轻户外及后海冲浪。,名下持有一套旧两居，置换回款 65% + 个人理财储蓄补充 + 公积金商业贷,重性价比，不盲信大牌，但要求物业管理有序、绿化修剪及时、人防技防规范。,每年11月至次年3月到此度过漫长冬季，极其依赖周边的康养及适老化服务。
三_2011_01597,三亚,2011,本地改善,44,男,2.6,14.4,0.35,30.9,4,1,否,B,agent,1,0.66,0.64,0.44,0.43,0.76,0.54,0.63,0.51,自住-改善,一室一厅,55,3939,国企中层管理,三口之家(学龄段),三亚中环品质两居，车位及空间极其拥挤,小区无地下车库且人车不分流，小孩在楼下玩耍或者推婴儿车极为不安全。,讲究超高得房率（超85%），主卧套房必须配备独立步入式衣帽间与干湿分离双卫。,无需日常通勤，但要求30分钟内快捷通达凤凰机场或高铁站。,崇尚度假慢生活，清晨沙滩漫步，午后椰林下午茶，酷爱轻户外及后海冲浪。,名下持有一套旧两居，置换回款 65% + 个人理财储蓄补充 + 公积金商业贷,重性价比，不盲信大牌，但要求物业管理有序、绿化修剪及时、人防技防规范。,本地常住人口，四季生活规律，度假频次为常规年假出行。
三_2011_01598,三亚,2011,外地候鸟-西北,72,男,2.8,26.9,0.5,40.4,2,0,否,C,network,0.44,0.61,0.76,0.74,0.54,0.6,0.03,0,0.53,度假,两室一厅,64,4578,西安设计院退休总建筑师,高知退休康养,与父母同住，三代人拥挤在旧区小户型老房中,老小区隔音差，邻里滋扰严重，且车位严重匮乏，每晚加班回来抢车位像打仗。,要求独立电梯入户，主次卧动线分明，配备独立保姆房和私密后院。,无需日常通勤，但要求30分钟内快捷通达凤凰机场或高铁站。,崇尚度假慢生活，清晨沙滩漫步，午后椰林下午茶，酷爱轻户外及后海冲浪。,名下持有一套旧两居，置换回款 65% + 个人理财储蓄补充 + 公积金商业贷,重性价比，不盲信大牌，但要求物业管理有序、绿化修剪及时、人防技防规范。,每年11月至次年3月到此度过漫长冬季，极其依赖周边的康养及适老化服务。
三_2011_01599,三亚,2011,度假投资,45,男,6.8,82.1,0.4,153.9,4,2,否,A,research,0.75,0.32,0.87,0.61,0.5,0.54,0.13,0.05,0.75,投资-短期,三室两厅,107,8641,知名中医药连锁投资人,二胎黄金期中大户型,西湖边高精平层,无高端私密会所及管家式物业配套，圈层鱼龙混杂，高净值居住体验差。,要求有超大面宽南向双阳台（观景家政分离），主卧大飘窗能270度直面自然景观。,无需日常通勤，但要求30分钟内快捷通达凤凰机场或高铁站。,周末常去高端商圈消费，热衷打网球和马术，重度手冲咖啡及黑胶唱片发烧友。,名下已有企业股权套现或分红现金，一次性全款付清，基本不加杠杆,非仁恒、绿城、万科等金牌开发商不买，极度看重高端精装质量与顶级物业的增值口碑。,每年11月至次年3月到此度过漫长冬季，极其依赖周边的康养及适老化服务。
三_2011_01600,三亚,2011,外地候鸟-华北,71,男,5.2,33.9,0.5,50.8,2,0,否,B,network,0.35,0.44,1,0.76,0.59,0.58,0,0,0.52,度假,一室一厅,89,3570,北京三甲医院退休教授,高知退休康养,三亚中环品质两居，车位及空间极其拥挤,老小区隔音差，邻里滋扰严重，且车位严重匮乏，每晚加班回来抢车位像打仗。,要求独立电梯入户，主次卧动线分明，配备独立保姆房和私密后院。,无需日常通勤，但要求30分钟内快捷通达凤凰机场或高铁站。,崇尚度假慢生活，清晨沙滩漫步，午后椰林下午茶，酷爱轻户外及后海冲浪。,名下持有一套旧两居，置换回款 65% + 个人理财储蓄补充 + 公积金商业贷,重性价比，不盲信大牌，但要求物业管理有序、绿化修剪及时、人防技防规范。,每年11月至次年3月到此度过漫长冬季，极其依赖周边的康养及适老化服务。
三_2011_01601,三亚,2011,本地改善,48,男,2.2,17.2,0.35,36.9,3,1,是,B,agent,0.7,0.49,0.68,0.48,0.38,0.82,0.5,0.64,0.47,自住-改善,一室一厅,68,3119,三甲医院主治医师,三口之家(学龄段),三亚中环品质两居，车位及空间极其拥挤,小区无地下车库且人车不分流，小孩在楼下玩耍或者推婴儿车极为不安全。,讲究超高得房率（超85%），主卧套房必须配备独立步入式衣帽间与干湿分离双卫。,无需日常通勤，但要求30分钟内快捷通达凤凰机场或高铁站。,崇尚度假慢生活，清晨沙滩漫步，午后椰林下午茶，酷爱轻户外及后海冲浪。,名下持有一套旧两居，置换回款 65% + 个人理财储蓄补充 + 公积金商业贷,重性价比，不盲信大牌，但要求物业管理有序、绿化修剪及时、人防技防规范。,本地常住人口，四季生活规律，度假频次为常规年假出行。
三_2011_01602,三亚,2011,本地改善,37,男,2.6,16.4,0.35,35.1,4,1,否,B,agent,0.78,0.69,0.59,0.36,0.41,0.69,0.61,0.65,0.48,自住-改善,一室一厅,84,2946,三甲医院主治医师,三口之家(幼龄段),三亚中环品质两居，车位及空间极其拥挤,小区无地下车库且人车不分流，小孩在楼下玩耍或者推婴儿车极为不安全。,要求采光通透，全明户型，带多功能嵌入式收纳墙以最大化空间利用。,无需日常通勤，但要求30分钟内快捷通达凤凰机场或高铁站。,崇尚度假慢生活，清晨沙滩漫步，午后椰林下午茶，酷爱轻户外及后海冲浪。,名下持有一套旧两居，置换回款 65% + 个人理财储蓄补充 + 公积金商业贷,重性价比，不盲信大牌，但要求物业管理有序、绿化修剪及时、人防技防规范。,本地常住人口，四季生活规律，度假频次为常规年假出行。
三_2011_01603,三亚,2011,本地改善,37,女,3.1,21.7,0.35,46.6,6,1,否,B,agent,0.81,0.46,0.5,0.52,0.31,0.6,0.52,0.62,0.41,自住-改善,两室两厅,58,7188,智能新能源车企研发骨干,三口之家(幼龄段),三亚中环品质两居，车位及空间极其拥挤,小区无地下车库且人车不分流，小孩在楼下玩耍或者推婴儿车极为不安全。,要求采光通透，全明户型，带多功能嵌入式收纳墙以最大化空间利用。,无需日常通勤，但要求30分钟内快捷通达凤凰机场或高铁站。,崇尚度假慢生活，清晨沙滩漫步，午后椰林下午茶，酷爱轻户外及后海冲浪。,名下持有一套旧两居，置换回款 65% + 个人理财储蓄补充 + 公积金商业贷,重性价比，不盲信大牌，但要求物业管理有序、绿化修剪及时、人防技防规范。,本地常住人口，四季生活规律，度假频次为常规年假出行。
三_2011_01604,三亚,2011,度假投资,38,男,4.8,33.7,0.4,63.3,4,0,否,A,research,1,0.39,0.82,0.61,0.55,0.37,0.11,0.01,0.79,投资-短期,两室一厅,66,6824,知名中医药连锁投资人,成熟期核心家庭,市中心私密洋房住宅,无高端私密会所及管家式物业配套，圈层鱼龙混杂，高净值居住体验差。,要求有超大面宽南向双阳台（观景家政分离），主卧大飘窗能270度直面自然景观。,无需日常通勤，但要求30分钟内快捷通达凤凰机场或高铁站。,周末常去高端商圈消费，热衷打网球和马术，重度手冲咖啡及黑胶唱片发烧友。,名下已有企业股权套现或分红现金，一次性全款付清，基本不加杠杆,非仁恒、绿城、万科等金牌开发商不买，极度看重高端精装质量与顶级物业的增值口碑。,每年11月至次年3月到此度过漫长冬季，极其依赖周边的康养及适老化服务。
三_2011_01605,三亚,2011,本地改善,41,男,3.6,24.3,0.35,52.1,4,0,否,B,agent,0.5,0.57,0.6,0.47,0.48,0.57,0.52,0.62,0.53,自住-改善,两室两厅,55,6922,国企中层管理,成熟期核心家庭,三亚中环品质两居，车位及空间极其拥挤,老小区隔音差，邻里滋扰严重，且车位严重匮乏，每晚加班回来抢车位像打仗。,要求采光通透，全明户型，带多功能嵌入式收纳墙以最大化空间利用。,无需日常通勤，但要求30分钟内快捷通达凤凰机场或高铁站。,崇尚度假慢生活，清晨沙滩漫步，午后椰林下午茶，酷爱轻户外及后海冲浪。,名下持有一套旧两居，置换回款 65% + 个人理财储蓄补充 + 公积金商业贷,重性价比，不盲信大牌，但要求物业管理有序、绿化修剪及时、人防技防规范。,本地常住人口，四季生活规律，度假频次为常规年假出行。
三_2011_01606,三亚,2011,度假投资,51,女,10.7,89.7,0.4,168.2,3,1,是,A,research,0.9,0.5,0.74,0.71,0.44,0.39,0,0,0.82,投资-短期,三室两厅,129,8273,高端海景资产收藏家,三口之家(学龄段),陆家嘴核心区江景大平层,当前房屋属于旧多层无电梯房，父母年纪渐高每天爬楼梯极为吃力。,要求独立电梯入户，主次卧动线分明，配备独立保姆房和私密后院。,无需日常通勤，但要求30分钟内快捷通达凤凰机场或高铁站。,周末常去高端商圈消费，热衷打网球和马术，重度手冲咖啡及黑胶唱片发烧友。,名下已有企业股权套现或分红现金，一次性全款付清，基本不加杠杆,非仁恒、绿城、万科等金牌开发商不买，极度看重高端精装质量与顶级物业的增值口碑。,每年11月至次年3月到此度过漫长冬季，极其依赖周边的康养及适老化服务。
三_2011_01607,三亚,2011,本地改善,31,男,2.1,14.7,0.35,31.4,4,1,否,B,agent,0.78,0.61,0.54,0.37,0.5,0.85,0.5,0.65,0.54,自住-改善,一室一厅,81,2589,三甲医院主治医师,三口之家(幼龄段),三亚中环品质两居，车位及空间极其拥挤,小区无地下车库且人车不分流，小孩在楼下玩耍或者推婴儿车极为不安全。,讲究超高得房率（超85%），主卧套房必须配备独立步入式衣帽间与干湿分离双卫。,无需日常通勤，但要求30分钟内快捷通达凤凰机场或高铁站。,崇尚度假慢生活，清晨沙滩漫步，午后椰林下午茶，酷爱轻户外及后海冲浪。,名下持有一套旧两居，置换回款 65% + 个人理财储蓄补充 + 公积金商业贷,重性价比，不盲信大牌，但要求物业管理有序、绿化修剪及时、人防技防规范。,本地常住人口，四季生活规律，度假频次为常规年假出行。
三_2011_01608,三亚,2011,外地候鸟-华北,70,女,3.2,31.2,0.5,46.8,1,0,否,B,network,0.44,0.43,0.93,0.68,0.61,0.45,0,0,0.43,养老,两室两厅,92,2584,央企总部退休总工,高知退休康养,三亚中环品质两居，车位及空间极其拥挤,老小区隔音差，邻里滋扰严重，且车位严重匮乏，每晚加班回来抢车位像打仗。,要求有超大面宽南向双阳台（观景家政分离），主卧大飘窗能270度直面自然景观。,无需日常通勤，但要求30分钟内快捷通达凤凰机场或高铁站。,崇尚度假慢生活，清晨沙滩漫步，午后椰林下午茶，酷爱轻户外及后海冲浪。,名下持有一套旧两居，置换回款 65% + 个人理财储蓄补充 + 公积金商业贷,重性价比，不盲信大牌，但要求物业管理有序、绿化修剪及时、人防技防规范。,每年11月至次年3月到此度过漫长冬季，极其依赖周边的康养及适老化服务。
三_2011_01609,三亚,2011,外地候鸟-东北,58,女,3.2,25.4,0.5,38.1,1,0,否,C,network,0.2,0.75,0.84,0.63,0.44,0.51,0.04,0,0.58,度假,两室两厅,50,4737,哈尔滨高校退休处长,高知退休康养,与父母同住，三代人拥挤在旧区小户型老房中,老小区隔音差，邻里滋扰严重，且车位严重匮乏，每晚加班回来抢车位像打仗。,要求有超大面宽南向双阳台（观景家政分离），主卧大飘窗能270度直面自然景观。,无需日常通勤，但要求30分钟内快捷通达凤凰机场或高铁站。,崇尚度假慢生活，清晨沙滩漫步，午后椰林下午茶，酷爱轻户外及后海冲浪。,名下持有一套旧两居，置换回款 65% + 个人理财储蓄补充 + 公积金商业贷,重性价比，不盲信大牌，但要求物业管理有序、绿化修剪及时、人防技防规范。,每年11月至次年3月到此度过漫长冬季，极其依赖周边的康养及适老化服务。
三_2011_01610,三亚,2011,外地候鸟-东北,58,男,4.5,27.5,0.5,41.3,3,0,否,C,network,0.4,0.64,0.97,0.7,0.56,0.32,0.02,0.0,0.42,度假,两室两厅,73,2955,沈阳大型重工企业退休副厂长,高知退休康养,与父母同住，三代人拥挤在旧区小户型老房中,老小区隔音差，邻里滋扰严重，且车位严重匮乏，每晚加班回来抢车位像打仗。,要求有超大面宽南向双阳台（观景家政分离），主卧大飘窗能270度直面自然景观。,无需日常通勤，但要求30分钟内快捷通达凤凰机场或高铁站。,崇尚度假慢生活，清晨沙滩漫步，午后椰林下午茶，酷爱轻户外及后海冲浪。,名下持有一套旧两居，置换回款 65% + 个人理财储蓄补充 + 公积金商业贷,重性价比，不盲信大牌，但要求物业管理有序、绿化修剪及时、人防技防规范。,每年11月至次年3月到此度过漫长冬季，极其依赖周边的康养及适老化服务。
三_2011_01611,三亚,2011,外地候鸟-东北,74,男,1.8,12.6,0.5,18.8,3,0,否,C,network,0.5,0.66,1,0.56,0.68,0.56,0.03,0.02,0.54,度假,一室一厅,84,1368,哈尔滨高校退休处长,高知退休康养,与父母同住，三代人拥挤在旧区小户型老房中,老小区隔音差，邻里滋扰严重，且车位严重匮乏，每晚加班回来抢车位像打仗。,要求有超大面宽南向双阳台（观景家政分离），主卧大飘窗能270度直面自然景观。,无需日常通勤，但要求30分钟内快捷通达凤凰机场或高铁站。,崇尚度假慢生活，清晨沙滩漫步，午后椰林下午茶，酷爱轻户外及后海冲浪。,名下持有一套旧两居，置换回款 65% + 个人理财储蓄补充 + 公积金商业贷,重性价比，不盲信大牌，但要求物业管理有序、绿化修剪及时、人防技防规范。,每年11月至次年3月到此度过漫长冬季，极其依赖周边的康养及适老化服务。
三_2011_01612,三亚,2011,本地改善,50,女,2.9,19.1,0.35,40.9,4,1,否,B,agent,0.69,0.41,0.53,0.42,0.26,0.74,0.55,0.67,0.45,自住-改善,一室一厅,73,3858,区级税务局一级主办,三口之家(学龄段),三亚中环品质两居，车位及空间极其拥挤,小区无地下车库且人车不分流，小孩在楼下玩耍或者推婴儿车极为不安全。,讲究超高得房率（超85%），主卧套房必须配备独立步入式衣帽间与干湿分离双卫。,无需日常通勤，但要求30分钟内快捷通达凤凰机场或高铁站。,崇尚度假慢生活，清晨沙滩漫步，午后椰林下午茶，酷爱轻户外及后海冲浪。,名下持有一套旧两居，置换回款 65% + 个人理财储蓄补充 + 公积金商业贷,重性价比，不盲信大牌，但要求物业管理有序、绿化修剪及时、人防技防规范。,本地常住人口，四季生活规律，度假频次为常规年假出行。
三_2011_01613,三亚,2011,本地改善,49,女,1.3,8.1,0.35,17.4,4,0,否,B,agent,0.62,0.55,0.56,0.5,0.49,0.75,0.65,0.64,0.56,自住-改善,一室一厅,96,1309,智能新能源车企研发骨干,成熟期核心家庭,三亚中环品质两居，车位及空间极其拥挤,老小区隔音差，邻里滋扰严重，且车位严重匮乏，每晚加班回来抢车位像打仗。,讲究超高得房率（超85%），主卧套房必须配备独立步入式衣帽间与干湿分离双卫。,无需日常通勤，但要求30分钟内快捷通达凤凰机场或高铁站。,崇尚度假慢生活，清晨沙滩漫步，午后椰林下午茶，酷爱轻户外及后海冲浪。,名下持有一套旧两居，置换回款 65% + 个人理财储蓄补充 + 公积金商业贷,重性价比，不盲信大牌，但要求物业管理有序、绿化修剪及时、人防技防规范。,本地常住人口，四季生活规律，度假频次为常规年假出行。
三_2011_01614,三亚,2011,本地改善,49,女,2.1,9.5,0.35,20.3,5,0,是,B,agent,0.77,0.55,0.59,0.5,0.37,0.74,0.43,0.67,0.54,自住-改善,两室一厅,54,2477,三甲医院主治医师,成熟期核心家庭,三亚中环品质两居，车位及空间极其拥挤,当前房屋属于旧多层无电梯房，父母年纪渐高每天爬楼梯极为吃力。,讲究超高得房率（超85%），主卧套房必须配备独立步入式衣帽间与干湿分离双卫。,无需日常通勤，但要求30分钟内快捷通达凤凰机场或高铁站。,崇尚度假慢生活，清晨沙滩漫步，午后椰林下午茶，酷爱轻户外及后海冲浪。,名下持有一套旧两居，置换回款 65% + 个人理财储蓄补充 + 公积金商业贷,重性价比，不盲信大牌，但要求物业管理有序、绿化修剪及时、人防技防规范。,本地常住人口，四季生活规律，度假频次为常规年假出行。
三_2011_01615,三亚,2011,本地改善,31,女,1.6,11.8,0.35,25.3,4,1,否,B,agent,0.74,0.62,0.49,0.53,0.32,0.71,0.63,0.64,0.5,自住-改善,两室一厅,78,2389,国企中层管理,三口之家(幼龄段),三亚中环品质两居，车位及空间极其拥挤,小区无地下车库且人车不分流，小孩在楼下玩耍或者推婴儿车极为不安全。,讲究超高得房率（超85%），主卧套房必须配备独立步入式衣帽间与干湿分离双卫。,无需日常通勤，但要求30分钟内快捷通达凤凰机场或高铁站。,崇尚度假慢生活，清晨沙滩漫步，午后椰林下午茶，酷爱轻户外及后海冲浪。,名下持有一套旧两居，置换回款 65% + 个人理财储蓄补充 + 公积金商业贷,重性价比，不盲信大牌，但要求物业管理有序、绿化修剪及时、人防技防规范。,本地常住人口，四季生活规律，度假频次为常规年假出行。
三_2011_01616,三亚,2011,外地候鸟-华北,69,男,3.4,33.5,0.5,50.2,2,0,否,B,network,0.52,0.55,0.91,0.67,0.6,0.57,0,0,0.64,养老,两室两厅,67,5499,央企总部退休总工,高知退休康养,三亚中环品质两居，车位及空间极其拥挤,老小区隔音差，邻里滋扰严重，且车位严重匮乏，每晚加班回来抢车位像打仗。,要求有超大面宽南向双阳台（观景家政分离），主卧大飘窗能270度直面自然景观。,无需日常通勤，但要求30分钟内快捷通达凤凰机场或高铁站。,崇尚度假慢生活，清晨沙滩漫步，午后椰林下午茶，酷爱轻户外及后海冲浪。,名下持有一套旧两居，置换回款 65% + 个人理财储蓄补充 + 公积金商业贷,重性价比，不盲信大牌，但要求物业管理有序、绿化修剪及时、人防技防规范。,每年11月至次年3月到此度过漫长冬季，极其依赖周边的康养及适老化服务。
三_2011_01617,三亚,2011,外地候鸟-华北,73,男,4.8,44.0,0.5,66.0,2,0,否,B,network,0.78,0.54,0.94,0.77,0.6,0.54,0,0,0.57,养老,两室两厅,93,3907,北京三甲医院退休教授,高知退休康养,三亚中环品质两居，车位及空间极其拥挤,老小区隔音差，邻里滋扰严重，且车位严重匮乏，每晚加班回来抢车位像打仗。,要求独立电梯入户，主次卧动线分明，配备独立保姆房和私密后院。,无需日常通勤，但要求30分钟内快捷通达凤凰机场或高铁站。,崇尚度假慢生活，清晨沙滩漫步，午后椰林下午茶，酷爱轻户外及后海冲浪。,名下持有一套旧两居，置换回款 65% + 个人理财储蓄补充 + 公积金商业贷,重性价比，不盲信大牌，但要求物业管理有序、绿化修剪及时、人防技防规范。,每年11月至次年3月到此度过漫长冬季，极其依赖周边的康养及适老化服务。
三_2011_01618,三亚,2011,度假投资,43,女,14.4,116.6,0.4,218.6,2,0,否,A,research,0.78,0.34,0.93,0.59,0.54,0.47,0,0,0.84,投资-长持,两室两厅,134,10077,知名中医药连锁投资人,成熟期核心家庭,陆家嘴核心区江景大平层,无高端私密会所及管家式物业配套，圈层鱼龙混杂，高净值居住体验差。,要求有超大面宽南向双阳台（观景家政分离），主卧大飘窗能270度直面自然景观。,无需日常通勤，但要求30分钟内快捷通达凤凰机场或高铁站。,周末常去高端商圈消费，热衷打网球和马术，重度手冲咖啡及黑胶唱片发烧友。,名下已有企业股权套现或分红现金，一次性全款付清，基本不加杠杆,非仁恒、绿城、万科等金牌开发商不买，极度看重高端精装质量与顶级物业的增值口碑。,每年11月至次年3月到此度过漫长冬季，极其依赖周边的康养及适老化服务。
三_2011_01619,三亚,2011,度假投资,42,女,9.3,97.6,0.4,183.1,2,1,否,A,research,0.83,0.4,0.76,0.52,0.52,0.4,0.01,0,0.86,投资-短期,三室两厅,135,9379,知名中医药连锁投资人,三口之家(学龄段),市中心私密洋房住宅,无高端私密会所及管家式物业配套，圈层鱼龙混杂，高净值居住体验差。,要求有超大面宽南向双阳台（观景家政分离），主卧大飘窗能270度直面自然景观。,无需日常通勤，但要求30分钟内快捷通达凤凰机场或高铁站。,周末常去高端商圈消费，热衷打网球和马术，重度手冲咖啡及黑胶唱片发烧友。,名下已有企业股权套现或分红现金，一次性全款付清，基本不加杠杆,非仁恒、绿城、万科等金牌开发商不买，极度看重高端精装质量与顶级物业的增值口碑。,每年11月至次年3月到此度过漫长冬季，极其依赖周边的康养及适老化服务。
三_2011_01620,三亚,2011,本地改善,36,男,1.4,10.5,0.35,22.6,4,1,是,B,agent,0.77,0.54,0.63,0.5,0.37,0.74,0.57,0.68,0.34,自住-改善,一室一厅,52,3326,国企中层管理,三口之家(幼龄段),三亚中环品质两居，车位及空间极其拥挤,小区无地下车库且人车不分流，小孩在楼下玩耍或者推婴儿车极为不安全。,讲究超高得房率（超85%），主卧套房必须配备独立步入式衣帽间与干湿分离双卫。,无需日常通勤，但要求30分钟内快捷通达凤凰机场或高铁站。,崇尚度假慢生活，清晨沙滩漫步，午后椰林下午茶，酷爱轻户外及后海冲浪。,名下持有一套旧两居，置换回款 65% + 个人理财储蓄补充 + 公积金商业贷,重性价比，不盲信大牌，但要求物业管理有序、绿化修剪及时、人防技防规范。,本地常住人口，四季生活规律，度假频次为常规年假出行。
三_2011_01621,三亚,2011,外地候鸟-东北,65,男,3.8,23.3,0.5,35.0,2,0,否,C,network,0.17,0.6,0.96,0.64,0.44,0.52,0.0,0,0.47,养老,两室两厅,52,5138,哈尔滨高校退休处长,高知退休康养,与父母同住，三代人拥挤在旧区小户型老房中,老小区隔音差，邻里滋扰严重，且车位严重匮乏，每晚加班回来抢车位像打仗。,要求有超大面宽南向双阳台（观景家政分离），主卧大飘窗能270度直面自然景观。,无需日常通勤，但要求30分钟内快捷通达凤凰机场或高铁站。,崇尚度假慢生活，清晨沙滩漫步，午后椰林下午茶，酷爱轻户外及后海冲浪。,名下持有一套旧两居，置换回款 65% + 个人理财储蓄补充 + 公积金商业贷,重性价比，不盲信大牌，但要求物业管理有序、绿化修剪及时、人防技防规范。,每年11月至次年3月到此度过漫长冬季，极其依赖周边的康养及适老化服务。
三_2011_01622,三亚,2011,外地候鸟-东北,77,女,3.4,23.9,0.5,35.9,2,0,否,C,network,0.39,0.64,0.9,0.66,0.43,0.44,0,0,0.56,度假,两室两厅,90,2624,哈尔滨私营物流老板,高知退休康养,与父母同住，三代人拥挤在旧区小户型老房中,老小区隔音差，邻里滋扰严重，且车位严重匮乏，每晚加班回来抢车位像打仗。,要求有超大面宽南向双阳台（观景家政分离），主卧大飘窗能270度直面自然景观。,无需日常通勤，但要求30分钟内快捷通达凤凰机场或高铁站。,崇尚度假慢生活，清晨沙滩漫步，午后椰林下午茶，酷爱轻户外及后海冲浪。,名下持有一套旧两居，置换回款 65% + 个人理财储蓄补充 + 公积金商业贷,重性价比，不盲信大牌，但要求物业管理有序、绿化修剪及时、人防技防规范。,每年11月至次年3月到此度过漫长冬季，极其依赖周边的康养及适老化服务。
三_2011_01623,三亚,2011,高净值康养,60,男,16.7,160.1,0.6,200.1,2,0,是,A,network,0.69,0.17,0.81,0.96,0.93,0.66,0,0.08,0.99,度假,三室一厅,105,12126,上市公司退休联合创始人,高知退休康养,西湖边高精平层,当前房屋属于旧多层无电梯房，父母年纪渐高每天爬楼梯极为吃力。,要求独立电梯入户，主次卧动线分明，配备独立保姆房和私密后院。,无需日常通勤，但要求30分钟内快捷通达凤凰机场或高铁站。,周末常去高端商圈消费，热衷打网球和马术，重度手冲咖啡及黑胶唱片发烧友。,名下已有企业股权套现或分红现金，一次性全款付清，基本不加杠杆,非仁恒、绿城、万科等金牌开发商不买，极度看重高端精装质量与顶级物业的增值口碑。,本地常住人口，四季生活规律，度假频次为常规年假出行。
三_2011_01624,三亚,2011,外地候鸟-华北,57,男,5.7,38.9,0.5,58.3,2,0,否,B,network,0.68,0.61,0.95,0.88,0.67,0.61,0,0,0.47,度假,两室一厅,58,6030,央企总部退休总工,高知退休康养,三亚中环品质两居，车位及空间极其拥挤,老小区隔音差，邻里滋扰严重，且车位严重匮乏，每晚加班回来抢车位像打仗。,要求独立电梯入户，主次卧动线分明，配备独立保姆房和私密后院。,无需日常通勤，但要求30分钟内快捷通达凤凰机场或高铁站。,崇尚度假慢生活，清晨沙滩漫步，午后椰林下午茶，酷爱轻户外及后海冲浪。,名下持有一套旧两居，置换回款 65% + 个人理财储蓄补充 + 公积金商业贷,重性价比，不盲信大牌，但要求物业管理有序、绿化修剪及时、人防技防规范。,每年11月至次年3月到此度过漫长冬季，极其依赖周边的康养及适老化服务。
三_2011_01625,三亚,2011,外地候鸟-华北,55,男,1.3,10.1,0.5,15.1,3,0,否,B,network,0.6,0.48,0.93,0.79,0.59,0.63,0,0,0.47,养老,两室两厅,75,1719,央企总部退休总工,高知退休康养,三亚中环品质两居，车位及空间极其拥挤,老小区隔音差，邻里滋扰严重，且车位严重匮乏，每晚加班回来抢车位像打仗。,要求独立电梯入户，主次卧动线分明，配备独立保姆房和私密后院。,无需日常通勤，但要求30分钟内快捷通达凤凰机场或高铁站。,崇尚度假慢生活，清晨沙滩漫步，午后椰林下午茶，酷爱轻户外及后海冲浪。,名下持有一套旧两居，置换回款 65% + 个人理财储蓄补充 + 公积金商业贷,重性价比，不盲信大牌，但要求物业管理有序、绿化修剪及时、人防技防规范。,每年11月至次年3月到此度过漫长冬季，极其依赖周边的康养及适老化服务。
三_2011_01626,三亚,2011,本地改善,30,男,3.1,13.9,0.35,29.9,4,1,是,B,agent,0.83,0.59,0.63,0.37,0.42,0.64,0.5,0.6,0.38,自住-改善,一室一厅,52,3867,区级税务局一级主办,三口之家(幼龄段),三亚中环品质两居，车位及空间极其拥挤,小区无地下车库且人车不分流，小孩在楼下玩耍或者推婴儿车极为不安全。,要求采光通透，全明户型，带多功能嵌入式收纳墙以最大化空间利用。,无需日常通勤，但要求30分钟内快捷通达凤凰机场或高铁站。,崇尚度假慢生活，清晨沙滩漫步，午后椰林下午茶，酷爱轻户外及后海冲浪。,名下持有一套旧两居，置换回款 65% + 个人理财储蓄补充 + 公积金商业贷,重性价比，不盲信大牌，但要求物业管理有序、绿化修剪及时、人防技防规范。,本地常住人口，四季生活规律，度假频次为常规年假出行。
三_2011_01627,三亚,2011,本地改善,40,女,2.5,17.4,0.35,37.3,5,1,否,B,agent,0.77,0.61,0.5,0.42,0.36,0.78,0.38,0.65,0.48,自住-改善,两室一厅,84,2733,区级税务局一级主办,三口之家(学龄段),三亚中环品质两居，车位及空间极其拥挤,小区无地下车库且人车不分流，小孩在楼下玩耍或者推婴儿车极为不安全。,讲究超高得房率（超85%），主卧套房必须配备独立步入式衣帽间与干湿分离双卫。,无需日常通勤，但要求30分钟内快捷通达凤凰机场或高铁站。,崇尚度假慢生活，清晨沙滩漫步，午后椰林下午茶，酷爱轻户外及后海冲浪。,名下持有一套旧两居，置换回款 65% + 个人理财储蓄补充 + 公积金商业贷,重性价比，不盲信大牌，但要求物业管理有序、绿化修剪及时、人防技防规范。,本地常住人口，四季生活规律，度假频次为常规年假出行。
三_2011_01628,三亚,2011,外地候鸟-华北,56,男,7.0,67.7,0.5,101.5,2,0,否,B,network,0.36,0.61,0.89,0.83,0.61,0.5,0,0.07,0.5,养老,两室两厅,92,7152,北京三甲医院退休教授,高知退休康养,三亚中环品质两居，车位及空间极其拥挤,老小区隔音差，邻里滋扰严重，且车位严重匮乏，每晚加班回来抢车位像打仗。,要求独立电梯入户，主次卧动线分明，配备独立保姆房和私密后院。,无需日常通勤，但要求30分钟内快捷通达凤凰机场或高铁站。,崇尚度假慢生活，清晨沙滩漫步，午后椰林下午茶，酷爱轻户外及后海冲浪。,名下持有一套旧两居，置换回款 65% + 个人理财储蓄补充 + 公积金商业贷,重性价比，不盲信大牌，但要求物业管理有序、绿化修剪及时、人防技防规范。,每年11月至次年3月到此度过漫长冬季，极其依赖周边的康养及适老化服务。
三_2011_01629,三亚,2011,度假投资,45,女,6.1,46.6,0.4,87.3,2,1,否,A,research,0.79,0.51,0.91,0.39,0.59,0.31,0.13,0.01,0.67,度假,两室两厅,70,6783,上市公司退休联合创始人,三口之家(学龄段),市中心私密洋房住宅,无高端私密会所及管家式物业配套，圈层鱼龙混杂，高净值居住体验差。,要求有超大面宽南向双阳台（观景家政分离），主卧大飘窗能270度直面自然景观。,无需日常通勤，但要求30分钟内快捷通达凤凰机场或高铁站。,周末常去高端商圈消费，热衷打网球和马术，重度手冲咖啡及黑胶唱片发烧友。,名下已有企业股权套现或分红现金，一次性全款付清，基本不加杠杆,重性价比，不盲信大牌，但要求物业管理有序、绿化修剪及时、人防技防规范。,每年11月至次年3月到此度过漫长冬季，极其依赖周边的康养及适老化服务。
三_2011_01630,三亚,2011,本地改善,35,男,2.7,18.8,0.35,40.2,4,2,否,B,agent,0.61,0.58,0.63,0.43,0.49,0.87,0.59,0.6,0.52,自住-改善,两室两厅,96,3341,国企中层管理,二胎黄金期中大户型,三亚中环品质两居，车位及空间极其拥挤,小区无地下车库且人车不分流，小孩在楼下玩耍或者推婴儿车极为不安全。,讲究超高得房率（超85%），主卧套房必须配备独立步入式衣帽间与干湿分离双卫。,无需日常通勤，但要求30分钟内快捷通达凤凰机场或高铁站。,崇尚度假慢生活，清晨沙滩漫步，午后椰林下午茶，酷爱轻户外及后海冲浪。,名下持有一套旧两居，置换回款 65% + 个人理财储蓄补充 + 公积金商业贷,重性价比，不盲信大牌，但要求物业管理有序、绿化修剪及时、人防技防规范。,本地常住人口，四季生活规律，度假频次为常规年假出行。
三_2011_01631,三亚,2011,外地候鸟-东北,73,女,5.5,46.2,0.5,69.2,3,0,否,C,network,0.3,0.58,0.99,0.71,0.52,0.36,0,0.01,0.48,度假,一室一厅,90,6485,沈阳大型重工企业退休副厂长,高知退休康养,与父母同住，三代人拥挤在旧区小户型老房中,老小区隔音差，邻里滋扰严重，且车位严重匮乏，每晚加班回来抢车位像打仗。,要求独立电梯入户，主次卧动线分明，配备独立保姆房和私密后院。,无需日常通勤，但要求30分钟内快捷通达凤凰机场或高铁站。,崇尚度假慢生活，清晨沙滩漫步，午后椰林下午茶，酷爱轻户外及后海冲浪。,名下持有一套旧两居，置换回款 65% + 个人理财储蓄补充 + 公积金商业贷,重性价比，不盲信大牌，但要求物业管理有序、绿化修剪及时、人防技防规范。,每年11月至次年3月到此度过漫长冬季，极其依赖周边的康养及适老化服务。
三_2011_01632,三亚,2011,外地候鸟-东北,70,男,2.7,19.9,0.5,29.9,2,1,否,C,network,0.35,0.48,0.95,0.73,0.4,0.45,0,0.08,0.46,度假,一室一厅,95,2296,哈尔滨私营物流老板,三口之家(学龄段),与父母同住，三代人拥挤在旧区小户型老房中,小区无地下车库且人车不分流，小孩在楼下玩耍或者推婴儿车极为不安全。,要求独立电梯入户，主次卧动线分明，配备独立保姆房和私密后院。,无需日常通勤，但要求30分钟内快捷通达凤凰机场或高铁站。,崇尚度假慢生活，清晨沙滩漫步，午后椰林下午茶，酷爱轻户外及后海冲浪。,名下持有一套旧两居，置换回款 65% + 个人理财储蓄补充 + 公积金商业贷,重性价比，不盲信大牌，但要求物业管理有序、绿化修剪及时、人防技防规范。,每年11月至次年3月到此度过漫长冬季，极其依赖周边的康养及适老化服务。
三_2011_01633,三亚,2011,本地改善,33,女,2.4,10.3,0.35,22.1,4,1,否,B,agent,0.71,0.52,0.69,0.38,0.39,0.84,0.42,0.63,0.34,自住-改善,一室一厅,85,2141,重点中学高级教师,三口之家(幼龄段),三亚中环品质两居，车位及空间极其拥挤,小区无地下车库且人车不分流，小孩在楼下玩耍或者推婴儿车极为不安全。,讲究超高得房率（超85%），主卧套房必须配备独立步入式衣帽间与干湿分离双卫。,无需日常通勤，但要求30分钟内快捷通达凤凰机场或高铁站。,崇尚度假慢生活，清晨沙滩漫步，午后椰林下午茶，酷爱轻户外及后海冲浪。,名下持有一套旧两居，置换回款 65% + 个人理财储蓄补充 + 公积金商业贷,重性价比，不盲信大牌，但要求物业管理有序、绿化修剪及时、人防技防规范。,本地常住人口，四季生活规律，度假频次为常规年假出行。
三_2011_01634,三亚,2011,度假投资,39,女,10.1,99.9,0.4,187.3,2,1,否,A,research,0.77,0.51,0.88,0.52,0.53,0.48,0.01,0.09,0.56,投资-长持,两室两厅,99,10206,知名中医药连锁投资人,三口之家(学龄段),市中心私密洋房住宅,无高端私密会所及管家式物业配套，圈层鱼龙混杂，高净值居住体验差。,要求有超大面宽南向双阳台（观景家政分离），主卧大飘窗能270度直面自然景观。,无需日常通勤，但要求30分钟内快捷通达凤凰机场或高铁站。,周末常去高端商圈消费，热衷打网球和马术，重度手冲咖啡及黑胶唱片发烧友。,名下已有企业股权套现或分红现金，一次性全款付清，基本不加杠杆,重性价比，不盲信大牌，但要求物业管理有序、绿化修剪及时、人防技防规范。,每年11月至次年3月到此度过漫长冬季，极其依赖周边的康养及适老化服务。
三_2011_01635,三亚,2011,本地改善,42,男,2.2,13.3,0.35,28.4,4,0,否,B,agent,1,0.47,0.55,0.51,0.3,0.81,0.51,0.69,0.31,自住-改善,两室一厅,87,2465,智能新能源车企研发骨干,成熟期核心家庭,三亚中环品质两居，车位及空间极其拥挤,老小区隔音差，邻里滋扰严重，且车位严重匮乏，每晚加班回来抢车位像打仗。,讲究超高得房率（超85%），主卧套房必须配备独立步入式衣帽间与干湿分离双卫。,无需日常通勤，但要求30分钟内快捷通达凤凰机场或高铁站。,崇尚度假慢生活，清晨沙滩漫步，午后椰林下午茶，酷爱轻户外及后海冲浪。,名下持有一套旧两居，置换回款 65% + 个人理财储蓄补充 + 公积金商业贷,重性价比，不盲信大牌，但要求物业管理有序、绿化修剪及时、人防技防规范。,本地常住人口，四季生活规律，度假频次为常规年假出行。
三_2011_01636,三亚,2011,外地候鸟-华北,70,男,3.9,30.9,0.5,46.4,2,0,否,B,network,0.31,0.52,0.94,0.78,0.64,0.54,0,0,0.57,度假,两室一厅,75,3549,北京三甲医院退休教授,高知退休康养,三亚中环品质两居，车位及空间极其拥挤,老小区隔音差，邻里滋扰严重，且车位严重匮乏，每晚加班回来抢车位像打仗。,要求独立电梯入户，主次卧动线分明，配备独立保姆房和私密后院。,无需日常通勤，但要求30分钟内快捷通达凤凰机场或高铁站。,崇尚度假慢生活，清晨沙滩漫步，午后椰林下午茶，酷爱轻户外及后海冲浪。,名下持有一套旧两居，置换回款 65% + 个人理财储蓄补充 + 公积金商业贷,重性价比，不盲信大牌，但要求物业管理有序、绿化修剪及时、人防技防规范。,每年11月至次年3月到此度过漫长冬季，极其依赖周边的康养及适老化服务。
三_2011_01637,三亚,2011,度假投资,35,女,10.3,126.4,0.4,237.1,3,1,否,A,research,0.74,0.34,0.87,0.59,0.57,0.46,0.13,0.12,0.87,度假,两室两厅,102,17237,高端海景资产收藏家,三口之家(幼龄段),陆家嘴核心区江景大平层,无高端私密会所及管家式物业配套，圈层鱼龙混杂，高净值居住体验差。,要求有超大面宽南向双阳台（观景家政分离），主卧大飘窗能270度直面自然景观。,无需日常通勤，但要求30分钟内快捷通达凤凰机场或高铁站。,周末常去高端商圈消费，热衷打网球和马术，重度手冲咖啡及黑胶唱片发烧友。,名下已有企业股权套现或分红现金，一次性全款付清，基本不加杠杆,非仁恒、绿城、万科等金牌开发商不买，极度看重高端精装质量与顶级物业的增值口碑。,每年11月至次年3月到此度过漫长冬季，极其依赖周边的康养及适老化服务。
三_2011_01638,三亚,2011,度假投资,46,女,4.7,43.4,0.4,81.4,3,0,否,A,research,0.87,0.42,0.92,0.63,0.55,0.39,0.04,0.07,0.77,度假,两室一厅,100,6267,知名中医药连锁投资人,成熟期核心家庭,陆家嘴核心区江景大平层,无高端私密会所及管家式物业配套，圈层鱼龙混杂，高净值居住体验差。,要求有超大面宽南向双阳台（观景家政分离），主卧大飘窗能270度直面自然景观。,无需日常通勤，但要求30分钟内快捷通达凤凰机场或高铁站。,周末常去高端商圈消费，热衷打网球和马术，重度手冲咖啡及黑胶唱片发烧友。,名下已有企业股权套现或分红现金，一次性全款付清，基本不加杠杆,非仁恒、绿城、万科等金牌开发商不买，极度看重高端精装质量与顶级物业的增值口碑。,每年11月至次年3月到此度过漫长冬季，极其依赖周边的康养及适老化服务。
三_2011_01639,三亚,2011,度假投资,38,男,10.9,115.6,0.4,216.7,3,2,否,A,research,1,0.4,0.79,0.66,0.48,0.38,0.01,0,0.8,投资-短期,三室一厅,106,11190,上市公司退休联合创始人,二胎黄金期中大户型,西湖边高精平层,无高端私密会所及管家式物业配套，圈层鱼龙混杂，高净值居住体验差。,要求有超大面宽南向双阳台（观景家政分离），主卧大飘窗能270度直面自然景观。,无需日常通勤，但要求30分钟内快捷通达凤凰机场或高铁站。,周末常去高端商圈消费，热衷打网球和马术，重度手冲咖啡及黑胶唱片发烧友。,名下已有企业股权套现或分红现金，一次性全款付清，基本不加杠杆,非仁恒、绿城、万科等金牌开发商不买，极度看重高端精装质量与顶级物业的增值口碑。,每年11月至次年3月到此度过漫长冬季，极其依赖周边的康养及适老化服务。
三_2011_01640,三亚,2011,本地改善,42,女,1.4,6.0,0.35,12.9,4,1,是,B,agent,0.59,0.6,0.62,0.38,0.47,0.84,0.7,0.74,0.4,自住-改善,两室两厅,79,938,区级税务局一级主办,三口之家(学龄段),三亚中环品质两居，车位及空间极其拥挤,小区无地下车库且人车不分流，小孩在楼下玩耍或者推婴儿车极为不安全。,讲究超高得房率（超85%），主卧套房必须配备独立步入式衣帽间与干湿分离双卫。,无需日常通勤，但要求30分钟内快捷通达凤凰机场或高铁站。,崇尚度假慢生活，清晨沙滩漫步，午后椰林下午茶，酷爱轻户外及后海冲浪。,名下持有一套旧两居，置换回款 65% + 个人理财储蓄补充 + 公积金商业贷,重性价比，不盲信大牌，但要求物业管理有序、绿化修剪及时、人防技防规范。,本地常住人口，四季生活规律，度假频次为常规年假出行。
三_2011_01641,三亚,2011,外地候鸟-东北,62,女,1.7,15.5,0.5,23.3,2,0,否,C,network,0.34,0.71,0.92,0.68,0.44,0.5,0.05,0.02,0.65,养老,一室一厅,55,2177,沈阳大型重工企业退休副厂长,高知退休康养,与父母同住，三代人拥挤在旧区小户型老房中,老小区隔音差，邻里滋扰严重，且车位严重匮乏，每晚加班回来抢车位像打仗。,要求有超大面宽南向双阳台（观景家政分离），主卧大飘窗能270度直面自然景观。,无需日常通勤，但要求30分钟内快捷通达凤凰机场或高铁站。,崇尚度假慢生活，清晨沙滩漫步，午后椰林下午茶，酷爱轻户外及后海冲浪。,名下持有一套旧两居，置换回款 65% + 个人理财储蓄补充 + 公积金商业贷,重性价比，不盲信大牌，但要求物业管理有序、绿化修剪及时、人防技防规范。,每年11月至次年3月到此度过漫长冬季，极其依赖周边的康养及适老化服务。
三_2011_01642,三亚,2011,高净值康养,67,男,25.0,355.7,0.6,444.7,3,0,否,A,network,0.66,0.23,1.0,0.97,0.91,0.7,0,0,0.98,度假,三室两厅,167,21911,高端海景资产收藏家,高知退休康养,西湖边高精平层,无高端私密会所及管家式物业配套，圈层鱼龙混杂，高净值居住体验差。,要求独立电梯入户，主次卧动线分明，配备独立保姆房和私密后院。,无需日常通勤，但要求30分钟内快捷通达凤凰机场或高铁站。,周末常去高端商圈消费，热衷打网球和马术，重度手冲咖啡及黑胶唱片发烧友。,名下已有企业股权套现或分红现金，一次性全款付清，基本不加杠杆,非仁恒、绿城、万科等金牌开发商不买，极度看重高端精装质量与顶级物业的增值口碑。,本地常住人口，四季生活规律，度假频次为常规年假出行。
三_2011_01643,三亚,2011,外地候鸟-华北,75,男,4.0,35.0,0.5,52.5,2,0,否,B,network,0.56,0.6,1.0,0.59,0.53,0.5,0,0.04,0.36,度假,一室一厅,99,2896,央企总部退休总工,高知退休康养,三亚中环品质两居，车位及空间极其拥挤,老小区隔音差，邻里滋扰严重，且车位严重匮乏，每晚加班回来抢车位像打仗。,要求有超大面宽南向双阳台（观景家政分离），主卧大飘窗能270度直面自然景观。,无需日常通勤，但要求30分钟内快捷通达凤凰机场或高铁站。,崇尚度假慢生活，清晨沙滩漫步，午后椰林下午茶，酷爱轻户外及后海冲浪。,名下持有一套旧两居，置换回款 65% + 个人理财储蓄补充 + 公积金商业贷,重性价比，不盲信大牌，但要求物业管理有序、绿化修剪及时、人防技防规范。,每年11月至次年3月到此度过漫长冬季，极其依赖周边的康养及适老化服务。
三_2011_01644,三亚,2011,高净值康养,68,男,6.6,77.5,0.6,96.8,2,0,否,A,network,0.7,0.26,0.94,1.0,0.85,0.69,0.07,0.02,0.8,养老,两室两厅,58,14241,知名中医药连锁投资人,高知退休康养,陆家嘴核心区江景大平层,无高端私密会所及管家式物业配套，圈层鱼龙混杂，高净值居住体验差。,要求独立电梯入户，主次卧动线分明，配备独立保姆房和私密后院。,无需日常通勤，但要求30分钟内快捷通达凤凰机场或高铁站。,周末常去高端商圈消费，热衷打网球和马术，重度手冲咖啡及黑胶唱片发烧友。,名下已有企业股权套现或分红现金，一次性全款付清，基本不加杠杆,非仁恒、绿城、万科等金牌开发商不买，极度看重高端精装质量与顶级物业的增值口碑。,本地常住人口，四季生活规律，度假频次为常规年假出行。
三_2011_01645,三亚,2011,本地改善,32,女,2.7,19.8,0.35,42.4,4,0,否,B,agent,0.67,0.61,0.58,0.56,0.28,0.7,0.48,0.7,0.45,自住-改善,两室一厅,89,4039,智能新能源车企研发骨干,新婚过渡两居,三亚中环品质两居，车位及空间极其拥挤,老小区隔音差，邻里滋扰严重，且车位严重匮乏，每晚加班回来抢车位像打仗。,讲究超高得房率（超85%），主卧套房必须配备独立步入式衣帽间与干湿分离双卫。,无需日常通勤，但要求30分钟内快捷通达凤凰机场或高铁站。,崇尚度假慢生活，清晨沙滩漫步，午后椰林下午茶，酷爱轻户外及后海冲浪。,名下持有一套旧两居，置换回款 65% + 个人理财储蓄补充 + 公积金商业贷,重性价比，不盲信大牌，但要求物业管理有序、绿化修剪及时、人防技防规范。,本地常住人口，四季生活规律，度假频次为常规年假出行。
三_2011_01646,三亚,2011,本地改善,39,女,1.3,5.7,0.35,12.2,4,2,否,B,agent,0.79,0.67,0.63,0.5,0.39,0.77,0.44,0.57,0.5,自住-改善,两室两厅,93,820,智能新能源车企研发骨干,二胎黄金期中大户型,三亚中环品质两居，车位及空间极其拥挤,小区无地下车库且人车不分流，小孩在楼下玩耍或者推婴儿车极为不安全。,讲究超高得房率（超85%），主卧套房必须配备独立步入式衣帽间与干湿分离双卫。,无需日常通勤，但要求30分钟内快捷通达凤凰机场或高铁站。,崇尚度假慢生活，清晨沙滩漫步，午后椰林下午茶，酷爱轻户外及后海冲浪。,名下持有一套旧两居，置换回款 65% + 个人理财储蓄补充 + 公积金商业贷,重性价比，不盲信大牌，但要求物业管理有序、绿化修剪及时、人防技防规范。,本地常住人口，四季生活规律，度假频次为常规年假出行。
三_2011_01647,三亚,2011,本地改善,41,男,2.2,11.1,0.35,23.7,5,1,否,B,agent,0.91,0.58,0.6,0.52,0.38,0.71,0.46,0.63,0.51,自住-改善,两室一厅,65,2673,三甲医院主治医师,三口之家(学龄段),三亚中环品质两居，车位及空间极其拥挤,小区无地下车库且人车不分流，小孩在楼下玩耍或者推婴儿车极为不安全。,讲究超高得房率（超85%），主卧套房必须配备独立步入式衣帽间与干湿分离双卫。,无需日常通勤，但要求30分钟内快捷通达凤凰机场或高铁站。,崇尚度假慢生活，清晨沙滩漫步，午后椰林下午茶，酷爱轻户外及后海冲浪。,名下持有一套旧两居，置换回款 65% + 个人理财储蓄补充 + 公积金商业贷,重性价比，不盲信大牌，但要求物业管理有序、绿化修剪及时、人防技防规范。,本地常住人口，四季生活规律，度假频次为常规年假出行。
三_2011_01648,三亚,2011,外地候鸟-华北,66,男,5.1,41.5,0.5,62.2,2,0,否,B,network,0.41,0.46,1,0.75,0.71,0.56,0.08,0,0.67,养老,一室一厅,66,5126,央企总部退休总工,高知退休康养,三亚中环品质两居，车位及空间极其拥挤,老小区隔音差，邻里滋扰严重，且车位严重匮乏，每晚加班回来抢车位像打仗。,要求独立电梯入户，主次卧动线分明，配备独立保姆房和私密后院。,无需日常通勤，但要求30分钟内快捷通达凤凰机场或高铁站。,崇尚度假慢生活，清晨沙滩漫步，午后椰林下午茶，酷爱轻户外及后海冲浪。,名下持有一套旧两居，置换回款 65% + 个人理财储蓄补充 + 公积金商业贷,重性价比，不盲信大牌，但要求物业管理有序、绿化修剪及时、人防技防规范。,每年11月至次年3月到此度过漫长冬季，极其依赖周边的康养及适老化服务。
三_2011_01649,三亚,2011,本地改善,32,女,2.6,18.0,0.35,38.7,3,1,否,B,agent,0.9,0.62,0.62,0.42,0.45,0.85,0.38,0.58,0.37,自住-改善,两室两厅,82,4146,智能新能源车企研发骨干,三口之家(幼龄段),三亚中环品质两居，车位及空间极其拥挤,小区无地下车库且人车不分流，小孩在楼下玩耍或者推婴儿车极为不安全。,讲究超高得房率（超85%），主卧套房必须配备独立步入式衣帽间与干湿分离双卫。,无需日常通勤，但要求30分钟内快捷通达凤凰机场或高铁站。,崇尚度假慢生活，清晨沙滩漫步，午后椰林下午茶，酷爱轻户外及后海冲浪。,名下持有一套旧两居，置换回款 65% + 个人理财储蓄补充 + 公积金商业贷,重性价比，不盲信大牌，但要求物业管理有序、绿化修剪及时、人防技防规范。,本地常住人口，四季生活规律，度假频次为常规年假出行。
三_2011_01650,三亚,2011,外地候鸟-东北,74,女,4.9,42.5,0.5,63.7,2,0,是,C,network,0.46,0.48,1,0.76,0.5,0.6,0,0,0.45,养老,一室一厅,98,4780,哈尔滨高校退休处长,高知退休康养,与父母同住，三代人拥挤在旧区小户型老房中,当前房屋属于旧多层无电梯房，父母年纪渐高每天爬楼梯极为吃力。,要求独立电梯入户，主次卧动线分明，配备独立保姆房和私密后院。,无需日常通勤，但要求30分钟内快捷通达凤凰机场或高铁站。,崇尚度假慢生活，清晨沙滩漫步，午后椰林下午茶，酷爱轻户外及后海冲浪。,名下持有一套旧两居，置换回款 65% + 个人理财储蓄补充 + 公积金商业贷,重性价比，不盲信大牌，但要求物业管理有序、绿化修剪及时、人防技防规范。,每年11月至次年3月到此度过漫长冬季，极其依赖周边的康养及适老化服务。
三_2011_01651,三亚,2011,本地改善,30,男,1.7,11.1,0.35,23.7,5,1,是,B,agent,0.91,0.57,0.7,0.42,0.41,0.73,0.49,0.69,0.38,自住-改善,两室两厅,67,2396,区级税务局一级主办,三口之家(幼龄段),三亚中环品质两居，车位及空间极其拥挤,小区无地下车库且人车不分流，小孩在楼下玩耍或者推婴儿车极为不安全。,要求有超大面宽南向双阳台（观景家政分离），主卧大飘窗能270度直面自然景观。,无需日常通勤，但要求30分钟内快捷通达凤凰机场或高铁站。,崇尚度假慢生活，清晨沙滩漫步，午后椰林下午茶，酷爱轻户外及后海冲浪。,名下持有一套旧两居，置换回款 65% + 个人理财储蓄补充 + 公积金商业贷,重性价比，不盲信大牌，但要求物业管理有序、绿化修剪及时、人防技防规范。,本地常住人口，四季生活规律，度假频次为常规年假出行。
三_2011_01652,三亚,2011,本地改善,48,男,1.3,7.5,0.35,16.2,5,2,否,B,agent,0.65,0.37,0.67,0.46,0.41,0.7,0.62,0.77,0.42,自住-改善,两室一厅,85,1098,三甲医院主治医师,二胎黄金期中大户型,三亚中环品质两居，车位及空间极其拥挤,小区无地下车库且人车不分流，小孩在楼下玩耍或者推婴儿车极为不安全。,核心要求地块属于第一梯队名校学区，且周边500米内解决幼小衔接教育配套。,无需日常通勤，但要求30分钟内快捷通达凤凰机场或高铁站。,崇尚度假慢生活，清晨沙滩漫步，午后椰林下午茶，酷爱轻户外及后海冲浪。,名下持有一套旧两居，置换回款 65% + 个人理财储蓄补充 + 公积金商业贷,重性价比，不盲信大牌，但要求物业管理有序、绿化修剪及时、人防技防规范。,本地常住人口，四季生活规律，度假频次为常规年假出行。
三_2011_01653,三亚,2011,外地候鸟-华北,69,女,1.4,11.5,0.5,17.2,1,0,否,B,network,0.6,0.64,0.87,0.66,0.65,0.41,0,0.03,0.37,度假,两室一厅,100,1338,北京三甲医院退休教授,高知退休康养,三亚中环品质两居，车位及空间极其拥挤,老小区隔音差，邻里滋扰严重，且车位严重匮乏，每晚加班回来抢车位像打仗。,要求有超大面宽南向双阳台（观景家政分离），主卧大飘窗能270度直面自然景观。,无需日常通勤，但要求30分钟内快捷通达凤凰机场或高铁站。,崇尚度假慢生活，清晨沙滩漫步，午后椰林下午茶，酷爱轻户外及后海冲浪。,名下持有一套旧两居，置换回款 65% + 个人理财储蓄补充 + 公积金商业贷,重性价比，不盲信大牌，但要求物业管理有序、绿化修剪及时、人防技防规范。,每年11月至次年3月到此度过漫长冬季，极其依赖周边的康养及适老化服务。
三_2011_01654,三亚,2011,度假投资,52,男,6.3,45.7,0.4,85.7,4,1,否,A,research,0.58,0.32,0.95,0.68,0.59,0.43,0.04,0.05,0.66,度假,一室一厅,57,9120,高端海景资产收藏家,三口之家(学龄段),陆家嘴核心区江景大平层,无高端私密会所及管家式物业配套，圈层鱼龙混杂，高净值居住体验差。,要求有超大面宽南向双阳台（观景家政分离），主卧大飘窗能270度直面自然景观。,无需日常通勤，但要求30分钟内快捷通达凤凰机场或高铁站。,周末常去高端商圈消费，热衷打网球和马术，重度手冲咖啡及黑胶唱片发烧友。,名下已有企业股权套现或分红现金，一次性全款付清，基本不加杠杆,重性价比，不盲信大牌，但要求物业管理有序、绿化修剪及时、人防技防规范。,每年11月至次年3月到此度过漫长冬季，极其依赖周边的康养及适老化服务。
三_2011_01655,三亚,2011,度假投资,53,女,9.0,68.2,0.4,127.9,2,1,否,A,research,0.94,0.23,0.64,0.55,0.56,0.42,0.04,0,0.82,投资-短期,两室一厅,76,9328,高端海景资产收藏家,三口之家(学龄段),市中心私密洋房住宅,无高端私密会所及管家式物业配套，圈层鱼龙混杂，高净值居住体验差。,要求采光通透，全明户型，带多功能嵌入式收纳墙以最大化空间利用。,无需日常通勤，但要求30分钟内快捷通达凤凰机场或高铁站。,周末常去高端商圈消费，热衷打网球和马术，重度手冲咖啡及黑胶唱片发烧友。,名下已有企业股权套现或分红现金，一次性全款付清，基本不加杠杆,非仁恒、绿城、万科等金牌开发商不买，极度看重高端精装质量与顶级物业的增值口碑。,每年11月至次年3月到此度过漫长冬季，极其依赖周边的康养及适老化服务。
三_2011_01656,三亚,2011,外地候鸟-东北,58,女,1.6,12.6,0.5,18.8,2,1,否,C,network,0.29,0.59,0.95,0.75,0.71,0.46,0.06,0,0.59,养老,一室一厅,57,2347,哈尔滨私营物流老板,三口之家(学龄段),与父母同住，三代人拥挤在旧区小户型老房中,小区无地下车库且人车不分流，小孩在楼下玩耍或者推婴儿车极为不安全。,要求独立电梯入户，主次卧动线分明，配备独立保姆房和私密后院。,无需日常通勤，但要求30分钟内快捷通达凤凰机场或高铁站。,崇尚度假慢生活，清晨沙滩漫步，午后椰林下午茶，酷爱轻户外及后海冲浪。,名下持有一套旧两居，置换回款 65% + 个人理财储蓄补充 + 公积金商业贷,重性价比，不盲信大牌，但要求物业管理有序、绿化修剪及时、人防技防规范。,每年11月至次年3月到此度过漫长冬季，极其依赖周边的康养及适老化服务。
三_2011_01657,三亚,2011,本地改善,41,男,2.6,14.7,0.35,31.4,5,1,是,B,agent,0.91,0.51,0.65,0.56,0.24,0.86,0.37,0.6,0.4,自住-改善,两室一厅,98,1781,区级税务局一级主办,三口之家(学龄段),三亚中环品质两居，车位及空间极其拥挤,小区无地下车库且人车不分流，小孩在楼下玩耍或者推婴儿车极为不安全。,讲究超高得房率（超85%），主卧套房必须配备独立步入式衣帽间与干湿分离双卫。,无需日常通勤，但要求30分钟内快捷通达凤凰机场或高铁站。,崇尚度假慢生活，清晨沙滩漫步，午后椰林下午茶，酷爱轻户外及后海冲浪。,名下持有一套旧两居，置换回款 65% + 个人理财储蓄补充 + 公积金商业贷,重性价比，不盲信大牌，但要求物业管理有序、绿化修剪及时、人防技防规范。,本地常住人口，四季生活规律，度假频次为常规年假出行。
三_2011_01658,三亚,2011,度假投资,39,男,15.2,155.9,0.4,292.3,3,1,否,A,research,0.89,0.4,0.74,0.56,0.43,0.48,0.13,0.12,0.76,投资-短期,三室一厅,122,14123,高端海景资产收藏家,三口之家(学龄段),市中心私密洋房住宅,无高端私密会所及管家式物业配套，圈层鱼龙混杂，高净值居住体验差。,要求有超大面宽南向双阳台（观景家政分离），主卧大飘窗能270度直面自然景观。,无需日常通勤，但要求30分钟内快捷通达凤凰机场或高铁站。,周末常去高端商圈消费，热衷打网球和马术，重度手冲咖啡及黑胶唱片发烧友。,名下已有企业股权套现或分红现金，一次性全款付清，基本不加杠杆,非仁恒、绿城、万科等金牌开发商不买，极度看重高端精装质量与顶级物业的增值口碑。,每年11月至次年3月到此度过漫长冬季，极其依赖周边的康养及适老化服务。
三_2011_01659,三亚,2011,度假投资,41,女,8.5,99.0,0.4,185.6,3,0,否,A,research,0.69,0.35,0.78,0.59,0.57,0.33,0.13,0,0.74,投资-短期,两室两厅,93,15742,高端海景资产收藏家,成熟期核心家庭,西湖边高精平层,无高端私密会所及管家式物业配套，圈层鱼龙混杂，高净值居住体验差。,要求有超大面宽南向双阳台（观景家政分离），主卧大飘窗能270度直面自然景观。,无需日常通勤，但要求30分钟内快捷通达凤凰机场或高铁站。,周末常去高端商圈消费，热衷打网球和马术，重度手冲咖啡及黑胶唱片发烧友。,名下已有企业股权套现或分红现金，一次性全款付清，基本不加杠杆,非仁恒、绿城、万科等金牌开发商不买，极度看重高端精装质量与顶级物业的增值口碑。,每年11月至次年3月到此度过漫长冬季，极其依赖周边的康养及适老化服务。
三_2011_01660,三亚,2011,度假投资,43,女,3.5,39.6,0.4,74.3,3,0,否,A,research,0.72,0.32,0.82,0.65,0.46,0.36,0,0,0.66,投资-长持,两室两厅,86,5205,上市公司退休联合创始人,成熟期核心家庭,市中心私密洋房住宅,无高端私密会所及管家式物业配套，圈层鱼龙混杂，高净值居住体验差。,要求有超大面宽南向双阳台（观景家政分离），主卧大飘窗能270度直面自然景观。,无需日常通勤，但要求30分钟内快捷通达凤凰机场或高铁站。,周末常去高端商圈消费，热衷打网球和马术，重度手冲咖啡及黑胶唱片发烧友。,名下已有企业股权套现或分红现金，一次性全款付清，基本不加杠杆,重性价比，不盲信大牌，但要求物业管理有序、绿化修剪及时、人防技防规范。,每年11月至次年3月到此度过漫长冬季，极其依赖周边的康养及适老化服务。
三_2011_01661,三亚,2011,外地候鸟-华北,55,男,5.4,38.7,0.5,58.0,3,0,是,B,network,0.55,0.57,1,0.54,0.68,0.61,0,0,0.59,度假,一室一厅,70,6708,央企总部退休总工,高知退休康养,三亚中环品质两居，车位及空间极其拥挤,当前房屋属于旧多层无电梯房，父母年纪渐高每天爬楼梯极为吃力。,要求有超大面宽南向双阳台（观景家政分离），主卧大飘窗能270度直面自然景观。,无需日常通勤，但要求30分钟内快捷通达凤凰机场或高铁站。,崇尚度假慢生活，清晨沙滩漫步，午后椰林下午茶，酷爱轻户外及后海冲浪。,名下持有一套旧两居，置换回款 65% + 个人理财储蓄补充 + 公积金商业贷,重性价比，不盲信大牌，但要求物业管理有序、绿化修剪及时、人防技防规范。,每年11月至次年3月到此度过漫长冬季，极其依赖周边的康养及适老化服务。
三_2011_01662,三亚,2011,本地改善,38,女,4.3,30.9,0.35,66.1,4,1,是,B,agent,0.7,0.53,0.72,0.59,0.38,0.71,0.49,0.7,0.52,自住-改善,一室一厅,97,4676,三甲医院主治医师,三口之家(学龄段),三亚中环品质两居，车位及空间极其拥挤,小区无地下车库且人车不分流，小孩在楼下玩耍或者推婴儿车极为不安全。,要求有超大面宽南向双阳台（观景家政分离），主卧大飘窗能270度直面自然景观。,无需日常通勤，但要求30分钟内快捷通达凤凰机场或高铁站。,崇尚度假慢生活，清晨沙滩漫步，午后椰林下午茶，酷爱轻户外及后海冲浪。,名下持有一套旧两居，置换回款 65% + 个人理财储蓄补充 + 公积金商业贷,重性价比，不盲信大牌，但要求物业管理有序、绿化修剪及时、人防技防规范。,本地常住人口，四季生活规律，度假频次为常规年假出行。
三_2011_01663,三亚,2011,外地候鸟-东北,66,女,2.6,19.2,0.5,28.9,2,0,是,C,network,0.42,0.6,0.85,0.71,0.43,0.65,0,0.01,0.52,度假,两室两厅,68,3069,沈阳大型重工企业退休副厂长,高知退休康养,与父母同住，三代人拥挤在旧区小户型老房中,当前房屋属于旧多层无电梯房，父母年纪渐高每天爬楼梯极为吃力。,要求独立电梯入户，主次卧动线分明，配备独立保姆房和私密后院。,无需日常通勤，但要求30分钟内快捷通达凤凰机场或高铁站。,崇尚度假慢生活，清晨沙滩漫步，午后椰林下午茶，酷爱轻户外及后海冲浪。,名下持有一套旧两居，置换回款 65% + 个人理财储蓄补充 + 公积金商业贷,重性价比，不盲信大牌，但要求物业管理有序、绿化修剪及时、人防技防规范。,每年11月至次年3月到此度过漫长冬季，极其依赖周边的康养及适老化服务。
三_2011_01664,三亚,2011,外地候鸟-华北,73,男,3.5,32.4,0.5,48.6,3,0,否,B,network,0.26,0.61,0.93,0.75,0.53,0.44,0.0,0,0.56,度假,一室一厅,85,4092,北京三甲医院退休教授,高知退休康养,三亚中环品质两居，车位及空间极其拥挤,老小区隔音差，邻里滋扰严重，且车位严重匮乏，每晚加班回来抢车位像打仗。,要求独立电梯入户，主次卧动线分明，配备独立保姆房和私密后院。,无需日常通勤，但要求30分钟内快捷通达凤凰机场或高铁站。,崇尚度假慢生活，清晨沙滩漫步，午后椰林下午茶，酷爱轻户外及后海冲浪。,名下持有一套旧两居，置换回款 65% + 个人理财储蓄补充 + 公积金商业贷,重性价比，不盲信大牌，但要求物业管理有序、绿化修剪及时、人防技防规范。,每年11月至次年3月到此度过漫长冬季，极其依赖周边的康养及适老化服务。
三_2011_01665,三亚,2011,度假投资,42,女,6.7,84.5,0.4,158.4,3,1,否,A,research,0.64,0.44,0.69,0.57,0.57,0.52,0.0,0,0.72,投资-短期,三室两厅,140,7376,高端海景资产收藏家,三口之家(学龄段),西湖边高精平层,无高端私密会所及管家式物业配套，圈层鱼龙混杂，高净值居住体验差。,要求采光通透，全明户型，带多功能嵌入式收纳墙以最大化空间利用。,无需日常通勤，但要求30分钟内快捷通达凤凰机场或高铁站。,周末常去高端商圈消费，热衷打网球和马术，重度手冲咖啡及黑胶唱片发烧友。,名下已有企业股权套现或分红现金，一次性全款付清，基本不加杠杆,非仁恒、绿城、万科等金牌开发商不买，极度看重高端精装质量与顶级物业的增值口碑。,每年11月至次年3月到此度过漫长冬季，极其依赖周边的康养及适老化服务。
三_2011_01666,三亚,2011,外地候鸟-西北,66,女,4.7,30.3,0.5,45.4,1,0,否,C,network,0.49,0.57,0.87,0.6,0.54,0.57,0.01,0,0.61,度假,两室两厅,55,4971,兰州煤炭物流运输企业主,高知退休康养,与父母同住，三代人拥挤在旧区小户型老房中,老小区隔音差，邻里滋扰严重，且车位严重匮乏，每晚加班回来抢车位像打仗。,要求有超大面宽南向双阳台（观景家政分离），主卧大飘窗能270度直面自然景观。,无需日常通勤，但要求30分钟内快捷通达凤凰机场或高铁站。,崇尚度假慢生活，清晨沙滩漫步，午后椰林下午茶，酷爱轻户外及后海冲浪。,名下持有一套旧两居，置换回款 65% + 个人理财储蓄补充 + 公积金商业贷,重性价比，不盲信大牌，但要求物业管理有序、绿化修剪及时、人防技防规范。,每年11月至次年3月到此度过漫长冬季，极其依赖周边的康养及适老化服务。
三_2011_01667,三亚,2011,外地候鸟-东北,72,男,3.2,24.0,0.5,36.0,3,0,否,C,network,0.63,0.51,1,0.77,0.6,0.39,0,0,0.46,度假,一室一厅,70,3469,沈阳大型重工企业退休副厂长,高知退休康养,与父母同住，三代人拥挤在旧区小户型老房中,老小区隔音差，邻里滋扰严重，且车位严重匮乏，每晚加班回来抢车位像打仗。,要求独立电梯入户，主次卧动线分明，配备独立保姆房和私密后院。,无需日常通勤，但要求30分钟内快捷通达凤凰机场或高铁站。,崇尚度假慢生活，清晨沙滩漫步，午后椰林下午茶，酷爱轻户外及后海冲浪。,名下持有一套旧两居，置换回款 65% + 个人理财储蓄补充 + 公积金商业贷,重性价比，不盲信大牌，但要求物业管理有序、绿化修剪及时、人防技防规范。,每年11月至次年3月到此度过漫长冬季，极其依赖周边的康养及适老化服务。
三_2011_01668,三亚,2011,外地候鸟-华北,73,男,3.5,35.0,0.5,52.5,2,0,否,B,network,0.56,0.57,0.76,0.65,0.71,0.5,0.11,0.1,0.51,度假,一室一厅,52,6808,北京三甲医院退休教授,高知退休康养,三亚中环品质两居，车位及空间极其拥挤,老小区隔音差，邻里滋扰严重，且车位严重匮乏，每晚加班回来抢车位像打仗。,要求有超大面宽南向双阳台（观景家政分离），主卧大飘窗能270度直面自然景观。,无需日常通勤，但要求30分钟内快捷通达凤凰机场或高铁站。,崇尚度假慢生活，清晨沙滩漫步，午后椰林下午茶，酷爱轻户外及后海冲浪。,名下持有一套旧两居，置换回款 65% + 个人理财储蓄补充 + 公积金商业贷,重性价比，不盲信大牌，但要求物业管理有序、绿化修剪及时、人防技防规范。,每年11月至次年3月到此度过漫长冬季，极其依赖周边的康养及适老化服务。
三_2011_01669,三亚,2011,本地改善,34,女,2.7,18.2,0.35,39.0,4,1,是,B,agent,0.74,0.61,0.54,0.38,0.35,0.68,0.58,0.63,0.46,自住-改善,两室两厅,74,3481,国企中层管理,三口之家(幼龄段),三亚中环品质两居，车位及空间极其拥挤,小区无地下车库且人车不分流，小孩在楼下玩耍或者推婴儿车极为不安全。,要求采光通透，全明户型，带多功能嵌入式收纳墙以最大化空间利用。,无需日常通勤，但要求30分钟内快捷通达凤凰机场或高铁站。,崇尚度假慢生活，清晨沙滩漫步，午后椰林下午茶，酷爱轻户外及后海冲浪。,名下持有一套旧两居，置换回款 65% + 个人理财储蓄补充 + 公积金商业贷,重性价比，不盲信大牌，但要求物业管理有序、绿化修剪及时、人防技防规范。,本地常住人口，四季生活规律，度假频次为常规年假出行。
三_2011_01670,三亚,2011,外地候鸟-华北,55,女,6.5,44.3,0.5,66.5,2,1,否,B,network,0.57,0.57,0.95,0.77,0.59,0.34,0,0,0.5,养老,一室一厅,60,5667,高校资深硕导,三口之家(学龄段),三亚中环品质两居，车位及空间极其拥挤,小区无地下车库且人车不分流，小孩在楼下玩耍或者推婴儿车极为不安全。,要求独立电梯入户，主次卧动线分明，配备独立保姆房和私密后院。,无需日常通勤，但要求30分钟内快捷通达凤凰机场或高铁站。,崇尚度假慢生活，清晨沙滩漫步，午后椰林下午茶，酷爱轻户外及后海冲浪。,名下持有一套旧两居，置换回款 65% + 个人理财储蓄补充 + 公积金商业贷,重性价比，不盲信大牌，但要求物业管理有序、绿化修剪及时、人防技防规范。,每年11月至次年3月到此度过漫长冬季，极其依赖周边的康养及适老化服务。
三_2011_01671,三亚,2011,度假投资,51,男,6.4,66.1,0.4,123.9,3,1,否,A,research,0.68,0.3,0.81,0.57,0.48,0.55,0.05,0,0.8,投资-短期,两室两厅,94,7689,高端海景资产收藏家,三口之家(学龄段),市中心私密洋房住宅,无高端私密会所及管家式物业配套，圈层鱼龙混杂，高净值居住体验差。,要求有超大面宽南向双阳台（观景家政分离），主卧大飘窗能270度直面自然景观。,无需日常通勤，但要求30分钟内快捷通达凤凰机场或高铁站。,周末常去高端商圈消费，热衷打网球和马术，重度手冲咖啡及黑胶唱片发烧友。,名下已有企业股权套现或分红现金，一次性全款付清，基本不加杠杆,非仁恒、绿城、万科等金牌开发商不买，极度看重高端精装质量与顶级物业的增值口碑。,每年11月至次年3月到此度过漫长冬季，极其依赖周边的康养及适老化服务。
三_2011_01672,三亚,2011,本地改善,50,男,3.9,30.1,0.35,64.5,5,1,否,B,agent,0.86,0.52,0.59,0.48,0.48,0.8,0.47,0.7,0.46,自住-改善,一室一厅,67,5272,国企中层管理,三口之家(学龄段),三亚中环品质两居，车位及空间极其拥挤,小区无地下车库且人车不分流，小孩在楼下玩耍或者推婴儿车极为不安全。,讲究超高得房率（超85%），主卧套房必须配备独立步入式衣帽间与干湿分离双卫。,无需日常通勤，但要求30分钟内快捷通达凤凰机场或高铁站。,崇尚度假慢生活，清晨沙滩漫步，午后椰林下午茶，酷爱轻户外及后海冲浪。,名下持有一套旧两居，置换回款 65% + 个人理财储蓄补充 + 公积金商业贷,重性价比，不盲信大牌，但要求物业管理有序、绿化修剪及时、人防技防规范。,本地常住人口，四季生活规律，度假频次为常规年假出行。
三_2011_01673,三亚,2011,高净值康养,52,男,20.6,251.2,0.6,314.0,2,0,否,A,network,0.83,0.28,1.0,0.93,1,0.38,0.02,0.03,0.89,度假,四室两厅,160,15310,上市公司退休联合创始人,成熟期核心家庭,陆家嘴核心区江景大平层,无高端私密会所及管家式物业配套，圈层鱼龙混杂，高净值居住体验差。,要求独立电梯入户，主次卧动线分明，配备独立保姆房和私密后院。,无需日常通勤，但要求30分钟内快捷通达凤凰机场或高铁站。,周末常去高端商圈消费，热衷打网球和马术，重度手冲咖啡及黑胶唱片发烧友。,名下已有企业股权套现或分红现金，一次性全款付清，基本不加杠杆,非仁恒、绿城、万科等金牌开发商不买，极度看重高端精装质量与顶级物业的增值口碑。,本地常住人口，四季生活规律，度假频次为常规年假出行。
三_2011_01674,三亚,2011,度假投资,39,女,3.9,47.8,0.4,89.6,3,2,是,A,research,0.74,0.32,0.73,0.53,0.52,0.5,0,0.13,0.69,度假,一室一厅,86,7107,上市公司退休联合创始人,二胎黄金期中大户型,陆家嘴核心区江景大平层,当前房屋属于旧多层无电梯房，父母年纪渐高每天爬楼梯极为吃力。,要求有超大面宽南向双阳台（观景家政分离），主卧大飘窗能270度直面自然景观。,无需日常通勤，但要求30分钟内快捷通达凤凰机场或高铁站。,周末常去高端商圈消费，热衷打网球和马术，重度手冲咖啡及黑胶唱片发烧友。,名下已有企业股权套现或分红现金，一次性全款付清，基本不加杠杆,重性价比，不盲信大牌，但要求物业管理有序、绿化修剪及时、人防技防规范。,每年11月至次年3月到此度过漫长冬季，极其依赖周边的康养及适老化服务。
三_2011_01675,三亚,2011,度假投资,35,男,6.2,49.4,0.4,92.7,3,1,否,A,research,0.81,0.45,0.87,0.53,0.46,0.51,0,0.12,0.86,投资-长持,两室两厅,73,9932,高端海景资产收藏家,三口之家(幼龄段),西湖边高精平层,无高端私密会所及管家式物业配套，圈层鱼龙混杂，高净值居住体验差。,要求有超大面宽南向双阳台（观景家政分离），主卧大飘窗能270度直面自然景观。,无需日常通勤，但要求30分钟内快捷通达凤凰机场或高铁站。,周末常去高端商圈消费，热衷打网球和马术，重度手冲咖啡及黑胶唱片发烧友。,名下已有企业股权套现或分红现金，一次性全款付清，基本不加杠杆,非仁恒、绿城、万科等金牌开发商不买，极度看重高端精装质量与顶级物业的增值口碑。,每年11月至次年3月到此度过漫长冬季，极其依赖周边的康养及适老化服务。
三_2011_01676,三亚,2011,度假投资,39,女,11.6,102.6,0.4,192.4,3,1,否,A,research,1,0.37,0.96,0.52,0.67,0.52,0.27,0.01,0.78,投资-短期,两室两厅,126,8949,上市公司退休联合创始人,三口之家(学龄段),市中心私密洋房住宅,无高端私密会所及管家式物业配套，圈层鱼龙混杂，高净值居住体验差。,要求有超大面宽南向双阳台（观景家政分离），主卧大飘窗能270度直面自然景观。,无需日常通勤，但要求30分钟内快捷通达凤凰机场或高铁站。,周末常去高端商圈消费，热衷打网球和马术，重度手冲咖啡及黑胶唱片发烧友。,名下已有企业股权套现或分红现金，一次性全款付清，基本不加杠杆,非仁恒、绿城、万科等金牌开发商不买，极度看重高端精装质量与顶级物业的增值口碑。,每年11月至次年3月到此度过漫长冬季，极其依赖周边的康养及适老化服务。
三_2011_01677,三亚,2011,度假投资,48,女,4.5,48.8,0.4,91.4,2,0,否,A,research,0.63,0.45,0.8,0.56,0.42,0.33,0.16,0.03,0.71,度假,一室一厅,70,7640,高端海景资产收藏家,成熟期核心家庭,市中心私密洋房住宅,无高端私密会所及管家式物业配套，圈层鱼龙混杂，高净值居住体验差。,要求有超大面宽南向双阳台（观景家政分离），主卧大飘窗能270度直面自然景观。,无需日常通勤，但要求30分钟内快捷通达凤凰机场或高铁站。,周末常去高端商圈消费，热衷打网球和马术，重度手冲咖啡及黑胶唱片发烧友。,名下已有企业股权套现或分红现金，一次性全款付清，基本不加杠杆,非仁恒、绿城、万科等金牌开发商不买，极度看重高端精装质量与顶级物业的增值口碑。,每年11月至次年3月到此度过漫长冬季，极其依赖周边的康养及适老化服务。
三_2011_01678,三亚,2011,外地候鸟-东北,66,男,3.4,24.5,0.5,36.8,2,0,否,C,network,0.34,0.57,1,0.65,0.51,0.51,0.03,0.1,0.53,养老,两室一厅,62,5237,哈尔滨高校退休处长,高知退休康养,与父母同住，三代人拥挤在旧区小户型老房中,老小区隔音差，邻里滋扰严重，且车位严重匮乏，每晚加班回来抢车位像打仗。,要求有超大面宽南向双阳台（观景家政分离），主卧大飘窗能270度直面自然景观。,无需日常通勤，但要求30分钟内快捷通达凤凰机场或高铁站。,崇尚度假慢生活，清晨沙滩漫步，午后椰林下午茶，酷爱轻户外及后海冲浪。,名下持有一套旧两居，置换回款 65% + 个人理财储蓄补充 + 公积金商业贷,重性价比，不盲信大牌，但要求物业管理有序、绿化修剪及时、人防技防规范。,每年11月至次年3月到此度过漫长冬季，极其依赖周边的康养及适老化服务。
三_2011_01679,三亚,2011,本地改善,39,女,2.7,17.4,0.35,37.2,3,1,否,B,agent,0.85,0.44,0.58,0.5,0.43,0.85,0.51,0.75,0.36,自住-改善,两室一厅,67,3736,区级税务局一级主办,三口之家(学龄段),三亚中环品质两居，车位及空间极其拥挤,小区无地下车库且人车不分流，小孩在楼下玩耍或者推婴儿车极为不安全。,讲究超高得房率（超85%），主卧套房必须配备独立步入式衣帽间与干湿分离双卫。,无需日常通勤，但要求30分钟内快捷通达凤凰机场或高铁站。,崇尚度假慢生活，清晨沙滩漫步，午后椰林下午茶，酷爱轻户外及后海冲浪。,名下持有一套旧两居，置换回款 65% + 个人理财储蓄补充 + 公积金商业贷,重性价比，不盲信大牌，但要求物业管理有序、绿化修剪及时、人防技防规范。,本地常住人口，四季生活规律，度假频次为常规年假出行。
三_2011_01680,三亚,2011,本地改善,32,男,4.2,31.1,0.35,66.6,4,1,是,B,agent,0.46,0.51,0.54,0.48,0.3,0.74,0.54,0.73,0.34,自住-改善,两室两厅,94,5047,智能新能源车企研发骨干,三口之家(幼龄段),三亚中环品质两居，车位及空间极其拥挤,小区无地下车库且人车不分流，小孩在楼下玩耍或者推婴儿车极为不安全。,讲究超高得房率（超85%），主卧套房必须配备独立步入式衣帽间与干湿分离双卫。,无需日常通勤，但要求30分钟内快捷通达凤凰机场或高铁站。,崇尚度假慢生活，清晨沙滩漫步，午后椰林下午茶，酷爱轻户外及后海冲浪。,名下持有一套旧两居，置换回款 65% + 个人理财储蓄补充 + 公积金商业贷,重性价比，不盲信大牌，但要求物业管理有序、绿化修剪及时、人防技防规范。,本地常住人口，四季生活规律，度假频次为常规年假出行。
三_2011_01681,三亚,2011,本地改善,34,男,3.7,23.2,0.35,49.7,4,0,是,B,agent,0.66,0.53,0.48,0.37,0.48,0.77,0.57,0.68,0.44,自住-改善,一室一厅,88,2883,智能新能源车企研发骨干,新婚过渡两居,三亚中环品质两居，车位及空间极其拥挤,当前房屋属于旧多层无电梯房，父母年纪渐高每天爬楼梯极为吃力。,讲究超高得房率（超85%），主卧套房必须配备独立步入式衣帽间与干湿分离双卫。,无需日常通勤，但要求30分钟内快捷通达凤凰机场或高铁站。,崇尚度假慢生活，清晨沙滩漫步，午后椰林下午茶，酷爱轻户外及后海冲浪。,名下持有一套旧两居，置换回款 65% + 个人理财储蓄补充 + 公积金商业贷,重性价比，不盲信大牌，但要求物业管理有序、绿化修剪及时、人防技防规范。,本地常住人口，四季生活规律，度假频次为常规年假出行。
三_2011_01682,三亚,2011,本地改善,49,女,1.9,12.0,0.35,25.7,4,1,是,B,agent,0.74,0.41,0.61,0.35,0.38,0.88,0.55,0.78,0.26,自住-改善,两室一厅,91,2364,区级税务局一级主办,三口之家(学龄段),三亚中环品质两居，车位及空间极其拥挤,小区无地下车库且人车不分流，小孩在楼下玩耍或者推婴儿车极为不安全。,讲究超高得房率（超85%），主卧套房必须配备独立步入式衣帽间与干湿分离双卫。,无需日常通勤，但要求30分钟内快捷通达凤凰机场或高铁站。,崇尚度假慢生活，清晨沙滩漫步，午后椰林下午茶，酷爱轻户外及后海冲浪。,名下持有一套旧两居，置换回款 65% + 个人理财储蓄补充 + 公积金商业贷,重性价比，不盲信大牌，但要求物业管理有序、绿化修剪及时、人防技防规范。,本地常住人口，四季生活规律，度假频次为常规年假出行。
三_2011_01683,三亚,2011,本地改善,46,男,3.2,20.1,0.35,43.1,4,2,是,B,agent,0.65,0.55,0.59,0.51,0.37,0.78,0.47,0.66,0.56,自住-改善,两室一厅,52,6759,区级税务局一级主办,二胎黄金期中大户型,三亚中环品质两居，车位及空间极其拥挤,小区无地下车库且人车不分流，小孩在楼下玩耍或者推婴儿车极为不安全。,讲究超高得房率（超85%），主卧套房必须配备独立步入式衣帽间与干湿分离双卫。,无需日常通勤，但要求30分钟内快捷通达凤凰机场或高铁站。,崇尚度假慢生活，清晨沙滩漫步，午后椰林下午茶，酷爱轻户外及后海冲浪。,名下持有一套旧两居，置换回款 65% + 个人理财储蓄补充 + 公积金商业贷,重性价比，不盲信大牌，但要求物业管理有序、绿化修剪及时、人防技防规范。,本地常住人口，四季生活规律，度假频次为常规年假出行。
三_2011_01684,三亚,2011,外地候鸟-西北,58,男,3.1,25.0,0.5,37.4,3,1,否,C,network,0.36,0.51,0.89,0.54,0.39,0.4,0,0,0.45,度假,两室两厅,53,4108,西安设计院退休总建筑师,三口之家(学龄段),与父母同住，三代人拥挤在旧区小户型老房中,小区无地下车库且人车不分流，小孩在楼下玩耍或者推婴儿车极为不安全。,要求有超大面宽南向双阳台（观景家政分离），主卧大飘窗能270度直面自然景观。,无需日常通勤，但要求30分钟内快捷通达凤凰机场或高铁站。,崇尚度假慢生活，清晨沙滩漫步，午后椰林下午茶，酷爱轻户外及后海冲浪。,名下持有一套旧两居，置换回款 65% + 个人理财储蓄补充 + 公积金商业贷,重性价比，不盲信大牌，但要求物业管理有序、绿化修剪及时、人防技防规范。,每年11月至次年3月到此度过漫长冬季，极其依赖周边的康养及适老化服务。
三_2011_01685,三亚,2011,外地候鸟-西北,59,女,5.4,47.6,0.5,71.3,2,0,否,C,network,0.41,0.48,0.86,0.6,0.6,0.62,0,0,0.38,度假,两室一厅,96,5011,兰州煤炭物流运输企业主,高知退休康养,与父母同住，三代人拥挤在旧区小户型老房中,老小区隔音差，邻里滋扰严重，且车位严重匮乏，每晚加班回来抢车位像打仗。,要求有超大面宽南向双阳台（观景家政分离），主卧大飘窗能270度直面自然景观。,无需日常通勤，但要求30分钟内快捷通达凤凰机场或高铁站。,崇尚度假慢生活，清晨沙滩漫步，午后椰林下午茶，酷爱轻户外及后海冲浪。,名下持有一套旧两居，置换回款 65% + 个人理财储蓄补充 + 公积金商业贷,重性价比，不盲信大牌，但要求物业管理有序、绿化修剪及时、人防技防规范。,每年11月至次年3月到此度过漫长冬季，极其依赖周边的康养及适老化服务。
三_2011_01686,三亚,2011,本地改善,43,男,3.0,16.4,0.35,35.1,3,2,否,B,agent,0.86,0.48,0.62,0.37,0.44,0.7,0.43,0.57,0.42,自住-改善,两室一厅,79,3532,重点中学高级教师,二胎黄金期中大户型,三亚中环品质两居，车位及空间极其拥挤,小区无地下车库且人车不分流，小孩在楼下玩耍或者推婴儿车极为不安全。,要求采光通透，全明户型，带多功能嵌入式收纳墙以最大化空间利用。,无需日常通勤，但要求30分钟内快捷通达凤凰机场或高铁站。,崇尚度假慢生活，清晨沙滩漫步，午后椰林下午茶，酷爱轻户外及后海冲浪。,名下持有一套旧两居，置换回款 65% + 个人理财储蓄补充 + 公积金商业贷,重性价比，不盲信大牌，但要求物业管理有序、绿化修剪及时、人防技防规范。,本地常住人口，四季生活规律，度假频次为常规年假出行。
三_2011_01687,三亚,2011,本地改善,45,男,1.2,5.7,0.35,12.2,4,1,是,B,agent,0.83,0.45,0.56,0.44,0.41,0.74,0.5,0.71,0.46,自住-改善,一室一厅,53,1439,智能新能源车企研发骨干,三口之家(学龄段),三亚中环品质两居，车位及空间极其拥挤,小区无地下车库且人车不分流，小孩在楼下玩耍或者推婴儿车极为不安全。,讲究超高得房率（超85%），主卧套房必须配备独立步入式衣帽间与干湿分离双卫。,无需日常通勤，但要求30分钟内快捷通达凤凰机场或高铁站。,崇尚度假慢生活，清晨沙滩漫步，午后椰林下午茶，酷爱轻户外及后海冲浪。,名下持有一套旧两居，置换回款 65% + 个人理财储蓄补充 + 公积金商业贷,重性价比，不盲信大牌，但要求物业管理有序、绿化修剪及时、人防技防规范。,本地常住人口，四季生活规律，度假频次为常规年假出行。
三_2011_01688,三亚,2011,度假投资,51,男,7.6,64.0,0.4,120.0,2,0,否,A,research,0.8,0.37,0.87,0.57,0.63,0.46,0.06,0.1,0.69,度假,两室一厅,53,13547,高端海景资产收藏家,成熟期核心家庭,市中心私密洋房住宅,无高端私密会所及管家式物业配套，圈层鱼龙混杂，高净值居住体验差。,要求有超大面宽南向双阳台（观景家政分离），主卧大飘窗能270度直面自然景观。,无需日常通勤，但要求30分钟内快捷通达凤凰机场或高铁站。,周末常去高端商圈消费，热衷打网球和马术，重度手冲咖啡及黑胶唱片发烧友。,名下已有企业股权套现或分红现金，一次性全款付清，基本不加杠杆,重性价比，不盲信大牌，但要求物业管理有序、绿化修剪及时、人防技防规范。,每年11月至次年3月到此度过漫长冬季，极其依赖周边的康养及适老化服务。
三_2011_01689,三亚,2011,外地候鸟-华北,74,女,5.0,38.7,0.5,58.1,2,0,否,B,network,0.22,0.58,0.9,0.75,0.66,0.44,0.04,0,0.57,度假,一室一厅,53,9280,高校资深硕导,高知退休康养,三亚中环品质两居，车位及空间极其拥挤,老小区隔音差，邻里滋扰严重，且车位严重匮乏，每晚加班回来抢车位像打仗。,要求独立电梯入户，主次卧动线分明，配备独立保姆房和私密后院。,无需日常通勤，但要求30分钟内快捷通达凤凰机场或高铁站。,崇尚度假慢生活，清晨沙滩漫步，午后椰林下午茶，酷爱轻户外及后海冲浪。,名下持有一套旧两居，置换回款 65% + 个人理财储蓄补充 + 公积金商业贷,重性价比，不盲信大牌，但要求物业管理有序、绿化修剪及时、人防技防规范。,每年11月至次年3月到此度过漫长冬季，极其依赖周边的康养及适老化服务。
三_2011_01690,三亚,2011,外地候鸟-华北,57,女,5.9,44.6,0.5,66.9,1,0,是,B,network,0.29,0.67,0.96,0.62,0.59,0.4,0.07,0,0.48,度假,两室一厅,73,4718,北京三甲医院退休教授,高知退休康养,三亚中环品质两居，车位及空间极其拥挤,当前房屋属于旧多层无电梯房，父母年纪渐高每天爬楼梯极为吃力。,要求有超大面宽南向双阳台（观景家政分离），主卧大飘窗能270度直面自然景观。,无需日常通勤，但要求30分钟内快捷通达凤凰机场或高铁站。,崇尚度假慢生活，清晨沙滩漫步，午后椰林下午茶，酷爱轻户外及后海冲浪。,名下持有一套旧两居，置换回款 65% + 个人理财储蓄补充 + 公积金商业贷,重性价比，不盲信大牌，但要求物业管理有序、绿化修剪及时、人防技防规范。,每年11月至次年3月到此度过漫长冬季，极其依赖周边的康养及适老化服务。
三_2011_01691,三亚,2011,度假投资,54,男,5.5,43.2,0.4,81.0,3,1,否,A,research,0.64,0.54,0.76,0.52,0.51,0.3,0,0,0.74,投资-长持,两室两厅,90,6244,高端海景资产收藏家,三口之家(学龄段),市中心私密洋房住宅,无高端私密会所及管家式物业配套，圈层鱼龙混杂，高净值居住体验差。,要求有超大面宽南向双阳台（观景家政分离），主卧大飘窗能270度直面自然景观。,无需日常通勤，但要求30分钟内快捷通达凤凰机场或高铁站。,周末常去高端商圈消费，热衷打网球和马术，重度手冲咖啡及黑胶唱片发烧友。,名下已有企业股权套现或分红现金，一次性全款付清，基本不加杠杆,非仁恒、绿城、万科等金牌开发商不买，极度看重高端精装质量与顶级物业的增值口碑。,每年11月至次年3月到此度过漫长冬季，极其依赖周边的康养及适老化服务。
三_2011_01692,三亚,2011,本地改善,42,男,2.5,14.3,0.35,30.7,4,0,是,B,agent,1,0.61,0.58,0.43,0.51,0.79,0.54,0.56,0.42,自住-改善,两室两厅,56,3613,国企中层管理,成熟期核心家庭,三亚中环品质两居，车位及空间极其拥挤,当前房屋属于旧多层无电梯房，父母年纪渐高每天爬楼梯极为吃力。,讲究超高得房率（超85%），主卧套房必须配备独立步入式衣帽间与干湿分离双卫。,无需日常通勤，但要求30分钟内快捷通达凤凰机场或高铁站。,崇尚度假慢生活，清晨沙滩漫步，午后椰林下午茶，酷爱轻户外及后海冲浪。,名下持有一套旧两居，置换回款 65% + 个人理财储蓄补充 + 公积金商业贷,重性价比，不盲信大牌，但要求物业管理有序、绿化修剪及时、人防技防规范。,本地常住人口，四季生活规律，度假频次为常规年假出行。
三_2011_01693,三亚,2011,本地改善,49,男,3.1,14.0,0.35,30.1,5,1,是,B,agent,0.75,0.45,0.63,0.54,0.18,0.82,0.45,0.65,0.22,自住-改善,一室一厅,76,2788,智能新能源车企研发骨干,三口之家(学龄段),三亚中环品质两居，车位及空间极其拥挤,小区无地下车库且人车不分流，小孩在楼下玩耍或者推婴儿车极为不安全。,讲究超高得房率（超85%），主卧套房必须配备独立步入式衣帽间与干湿分离双卫。,无需日常通勤，但要求30分钟内快捷通达凤凰机场或高铁站。,崇尚度假慢生活，清晨沙滩漫步，午后椰林下午茶，酷爱轻户外及后海冲浪。,名下持有一套旧两居，置换回款 65% + 个人理财储蓄补充 + 公积金商业贷,重性价比，不盲信大牌，但要求物业管理有序、绿化修剪及时、人防技防规范。,本地常住人口，四季生活规律，度假频次为常规年假出行。
三_2011_01694,三亚,2011,外地候鸟-西北,72,女,3.5,26.0,0.5,39.0,2,0,否,C,network,0.65,0.67,0.89,0.67,0.51,0.47,0,0.07,0.58,养老,两室一厅,51,4503,西安设计院退休总建筑师,高知退休康养,与父母同住，三代人拥挤在旧区小户型老房中,老小区隔音差，邻里滋扰严重，且车位严重匮乏，每晚加班回来抢车位像打仗。,要求有超大面宽南向双阳台（观景家政分离），主卧大飘窗能270度直面自然景观。,无需日常通勤，但要求30分钟内快捷通达凤凰机场或高铁站。,崇尚度假慢生活，清晨沙滩漫步，午后椰林下午茶，酷爱轻户外及后海冲浪。,名下持有一套旧两居，置换回款 65% + 个人理财储蓄补充 + 公积金商业贷,重性价比，不盲信大牌，但要求物业管理有序、绿化修剪及时、人防技防规范。,每年11月至次年3月到此度过漫长冬季，极其依赖周边的康养及适老化服务。
三_2011_01695,三亚,2011,外地候鸟-东北,58,女,3.0,24.1,0.5,36.1,2,0,是,C,network,0.27,0.65,0.86,0.76,0.44,0.56,0.06,0.02,0.57,度假,两室一厅,70,3160,哈尔滨高校退休处长,高知退休康养,与父母同住，三代人拥挤在旧区小户型老房中,当前房屋属于旧多层无电梯房，父母年纪渐高每天爬楼梯极为吃力。,要求独立电梯入户，主次卧动线分明，配备独立保姆房和私密后院。,无需日常通勤，但要求30分钟内快捷通达凤凰机场或高铁站。,崇尚度假慢生活，清晨沙滩漫步，午后椰林下午茶，酷爱轻户外及后海冲浪。,名下持有一套旧两居，置换回款 65% + 个人理财储蓄补充 + 公积金商业贷,重性价比，不盲信大牌，但要求物业管理有序、绿化修剪及时、人防技防规范。,每年11月至次年3月到此度过漫长冬季，极其依赖周边的康养及适老化服务。
三_2011_01696,三亚,2011,本地改善,42,女,3.8,29.3,0.35,62.8,4,2,是,B,agent,0.66,0.49,0.57,0.34,0.44,0.71,0.46,0.61,0.47,自住-改善,一室一厅,80,6598,智能新能源车企研发骨干,二胎黄金期中大户型,三亚中环品质两居，车位及空间极其拥挤,小区无地下车库且人车不分流，小孩在楼下玩耍或者推婴儿车极为不安全。,讲究超高得房率（超85%），主卧套房必须配备独立步入式衣帽间与干湿分离双卫。,无需日常通勤，但要求30分钟内快捷通达凤凰机场或高铁站。,崇尚度假慢生活，清晨沙滩漫步，午后椰林下午茶，酷爱轻户外及后海冲浪。,名下持有一套旧两居，置换回款 65% + 个人理财储蓄补充 + 公积金商业贷,重性价比，不盲信大牌，但要求物业管理有序、绿化修剪及时、人防技防规范。,本地常住人口，四季生活规律，度假频次为常规年假出行。
三_2011_01697,三亚,2011,本地改善,32,男,2.7,19.7,0.35,42.2,4,1,是,B,agent,0.79,0.53,0.56,0.31,0.26,0.76,0.44,0.55,0.47,自住-改善,两室一厅,58,5229,三甲医院主治医师,三口之家(幼龄段),三亚中环品质两居，车位及空间极其拥挤,小区无地下车库且人车不分流，小孩在楼下玩耍或者推婴儿车极为不安全。,讲究超高得房率（超85%），主卧套房必须配备独立步入式衣帽间与干湿分离双卫。,无需日常通勤，但要求30分钟内快捷通达凤凰机场或高铁站。,崇尚度假慢生活，清晨沙滩漫步，午后椰林下午茶，酷爱轻户外及后海冲浪。,名下持有一套旧两居，置换回款 65% + 个人理财储蓄补充 + 公积金商业贷,重性价比，不盲信大牌，但要求物业管理有序、绿化修剪及时、人防技防规范。,本地常住人口，四季生活规律，度假频次为常规年假出行。
三_2011_01698,三亚,2011,外地候鸟-华北,70,女,3.6,21.6,0.5,32.4,2,1,是,B,network,0.34,0.51,1,0.61,0.69,0.38,0,0.06,0.47,度假,一室一厅,76,2671,北京三甲医院退休教授,三口之家(学龄段),三亚中环品质两居，车位及空间极其拥挤,小区无地下车库且人车不分流，小孩在楼下玩耍或者推婴儿车极为不安全。,要求有超大面宽南向双阳台（观景家政分离），主卧大飘窗能270度直面自然景观。,无需日常通勤，但要求30分钟内快捷通达凤凰机场或高铁站。,崇尚度假慢生活，清晨沙滩漫步，午后椰林下午茶，酷爱轻户外及后海冲浪。,名下持有一套旧两居，置换回款 65% + 个人理财储蓄补充 + 公积金商业贷,重性价比，不盲信大牌，但要求物业管理有序、绿化修剪及时、人防技防规范。,每年11月至次年3月到此度过漫长冬季，极其依赖周边的康养及适老化服务。
三_2011_01699,三亚,2011,度假投资,47,男,6.7,59.0,0.4,110.6,3,1,否,A,research,0.88,0.4,0.85,0.61,0.5,0.51,0.11,0.17,0.82,投资-长持,一室一厅,53,16714,上市公司退休联合创始人,三口之家(学龄段),陆家嘴核心区江景大平层,无高端私密会所及管家式物业配套，圈层鱼龙混杂，高净值居住体验差。,要求有超大面宽南向双阳台（观景家政分离），主卧大飘窗能270度直面自然景观。,无需日常通勤，但要求30分钟内快捷通达凤凰机场或高铁站。,周末常去高端商圈消费，热衷打网球和马术，重度手冲咖啡及黑胶唱片发烧友。,名下已有企业股权套现或分红现金，一次性全款付清，基本不加杠杆,非仁恒、绿城、万科等金牌开发商不买，极度看重高端精装质量与顶级物业的增值口碑。,每年11月至次年3月到此度过漫长冬季，极其依赖周边的康养及适老化服务。
三_2011_01700,三亚,2011,外地候鸟-东北,66,女,3.5,25.7,0.5,38.6,3,0,否,C,network,0.44,0.59,0.88,0.67,0.5,0.35,0,0,0.43,养老,两室一厅,87,2311,哈尔滨私营物流老板,高知退休康养,与父母同住，三代人拥挤在旧区小户型老房中,老小区隔音差，邻里滋扰严重，且车位严重匮乏，每晚加班回来抢车位像打仗。,要求有超大面宽南向双阳台（观景家政分离），主卧大飘窗能270度直面自然景观。,无需日常通勤，但要求30分钟内快捷通达凤凰机场或高铁站。,崇尚度假慢生活，清晨沙滩漫步，午后椰林下午茶，酷爱轻户外及后海冲浪。,名下持有一套旧两居，置换回款 65% + 个人理财储蓄补充 + 公积金商业贷,重性价比，不盲信大牌，但要求物业管理有序、绿化修剪及时、人防技防规范。,每年11月至次年3月到此度过漫长冬季，极其依赖周边的康养及适老化服务。
三_2011_01701,三亚,2011,本地改善,31,女,4.6,33.6,0.35,71.9,4,0,是,B,agent,0.73,0.56,0.61,0.44,0.42,0.73,0.47,0.52,0.58,自住-改善,两室一厅,63,7910,重点中学高级教师,新婚过渡两居,三亚中环品质两居，车位及空间极其拥挤,当前房屋属于旧多层无电梯房，父母年纪渐高每天爬楼梯极为吃力。,讲究超高得房率（超85%），主卧套房必须配备独立步入式衣帽间与干湿分离双卫。,无需日常通勤，但要求30分钟内快捷通达凤凰机场或高铁站。,崇尚度假慢生活，清晨沙滩漫步，午后椰林下午茶，酷爱轻户外及后海冲浪。,名下持有一套旧两居，置换回款 65% + 个人理财储蓄补充 + 公积金商业贷,重性价比，不盲信大牌，但要求物业管理有序、绿化修剪及时、人防技防规范。,本地常住人口，四季生活规律，度假频次为常规年假出行。
三_2011_01702,三亚,2011,外地候鸟-东北,76,男,4.6,35.2,0.5,52.8,3,0,否,C,network,0.2,0.55,0.88,0.89,0.5,0.38,0,0.06,0.6,度假,两室一厅,95,3593,哈尔滨高校退休处长,高知退休康养,与父母同住，三代人拥挤在旧区小户型老房中,老小区隔音差，邻里滋扰严重，且车位严重匮乏，每晚加班回来抢车位像打仗。,要求独立电梯入户，主次卧动线分明，配备独立保姆房和私密后院。,无需日常通勤，但要求30分钟内快捷通达凤凰机场或高铁站。,崇尚度假慢生活，清晨沙滩漫步，午后椰林下午茶，酷爱轻户外及后海冲浪。,名下持有一套旧两居，置换回款 65% + 个人理财储蓄补充 + 公积金商业贷,重性价比，不盲信大牌，但要求物业管理有序、绿化修剪及时、人防技防规范。,每年11月至次年3月到此度过漫长冬季，极其依赖周边的康养及适老化服务。
三_2011_01703,三亚,2011,本地改善,31,女,2.1,11.1,0.35,23.9,3,0,否,B,agent,0.91,0.64,0.69,0.47,0.35,0.77,0.36,0.65,0.64,自住-改善,两室一厅,91,2121,重点中学高级教师,新婚过渡两居,三亚中环品质两居，车位及空间极其拥挤,老小区隔音差，邻里滋扰严重，且车位严重匮乏，每晚加班回来抢车位像打仗。,讲究超高得房率（超85%），主卧套房必须配备独立步入式衣帽间与干湿分离双卫。,无需日常通勤，但要求30分钟内快捷通达凤凰机场或高铁站。,崇尚度假慢生活，清晨沙滩漫步，午后椰林下午茶，酷爱轻户外及后海冲浪。,名下持有一套旧两居，置换回款 65% + 个人理财储蓄补充 + 公积金商业贷,重性价比，不盲信大牌，但要求物业管理有序、绿化修剪及时、人防技防规范。,本地常住人口，四季生活规律，度假频次为常规年假出行。
三_2011_01704,三亚,2011,外地候鸟-东北,61,女,3.3,20.0,0.5,29.9,1,1,否,C,network,0.4,0.7,0.86,0.57,0.6,0.53,0.08,0.04,0.45,养老,一室一厅,79,2548,哈尔滨私营物流老板,三口之家(学龄段),与父母同住，三代人拥挤在旧区小户型老房中,小区无地下车库且人车不分流，小孩在楼下玩耍或者推婴儿车极为不安全。,要求有超大面宽南向双阳台（观景家政分离），主卧大飘窗能270度直面自然景观。,无需日常通勤，但要求30分钟内快捷通达凤凰机场或高铁站。,崇尚度假慢生活，清晨沙滩漫步，午后椰林下午茶，酷爱轻户外及后海冲浪。,名下持有一套旧两居，置换回款 65% + 个人理财储蓄补充 + 公积金商业贷,重性价比，不盲信大牌，但要求物业管理有序、绿化修剪及时、人防技防规范。,每年11月至次年3月到此度过漫长冬季，极其依赖周边的康养及适老化服务。
三_2011_01705,三亚,2011,度假投资,54,女,4.2,53.4,0.4,100.0,3,1,是,A,research,0.95,0.33,0.87,0.49,0.44,0.37,0,0.07,0.83,投资-短期,一室一厅,54,15799,知名中医药连锁投资人,三口之家(学龄段),陆家嘴核心区江景大平层,当前房屋属于旧多层无电梯房，父母年纪渐高每天爬楼梯极为吃力。,要求有超大面宽南向双阳台（观景家政分离），主卧大飘窗能270度直面自然景观。,无需日常通勤，但要求30分钟内快捷通达凤凰机场或高铁站。,周末常去高端商圈消费，热衷打网球和马术，重度手冲咖啡及黑胶唱片发烧友。,名下已有企业股权套现或分红现金，一次性全款付清，基本不加杠杆,非仁恒、绿城、万科等金牌开发商不买，极度看重高端精装质量与顶级物业的增值口碑。,每年11月至次年3月到此度过漫长冬季，极其依赖周边的康养及适老化服务。
三_2011_01706,三亚,2011,外地候鸟-西北,63,女,3.1,30.7,0.5,46.0,2,0,否,C,network,0.05,0.47,1,0.65,0.54,0.54,0,0,0.3,养老,两室一厅,96,2457,西安设计院退休总建筑师,高知退休康养,与父母同住，三代人拥挤在旧区小户型老房中,老小区隔音差，邻里滋扰严重，且车位严重匮乏，每晚加班回来抢车位像打仗。,要求有超大面宽南向双阳台（观景家政分离），主卧大飘窗能270度直面自然景观。,无需日常通勤，但要求30分钟内快捷通达凤凰机场或高铁站。,崇尚度假慢生活，清晨沙滩漫步，午后椰林下午茶，酷爱轻户外及后海冲浪。,名下持有一套旧两居，置换回款 65% + 个人理财储蓄补充 + 公积金商业贷,重性价比，不盲信大牌，但要求物业管理有序、绿化修剪及时、人防技防规范。,每年11月至次年3月到此度过漫长冬季，极其依赖周边的康养及适老化服务。
三_2011_01707,三亚,2011,本地改善,49,女,1.9,11.5,0.35,24.7,5,1,否,B,agent,0.71,0.47,0.62,0.44,0.49,0.76,0.44,0.71,0.35,自住-改善,两室一厅,63,2442,三甲医院主治医师,三口之家(学龄段),三亚中环品质两居，车位及空间极其拥挤,小区无地下车库且人车不分流，小孩在楼下玩耍或者推婴儿车极为不安全。,讲究超高得房率（超85%），主卧套房必须配备独立步入式衣帽间与干湿分离双卫。,无需日常通勤，但要求30分钟内快捷通达凤凰机场或高铁站。,崇尚度假慢生活，清晨沙滩漫步，午后椰林下午茶，酷爱轻户外及后海冲浪。,名下持有一套旧两居，置换回款 65% + 个人理财储蓄补充 + 公积金商业贷,重性价比，不盲信大牌，但要求物业管理有序、绿化修剪及时、人防技防规范。,本地常住人口，四季生活规律，度假频次为常规年假出行。
三_2011_01708,三亚,2011,本地改善,48,女,2.0,13.9,0.35,29.9,4,1,否,B,agent,0.55,0.59,0.55,0.62,0.34,0.71,0.44,0.73,0.46,自住-改善,两室两厅,60,3543,智能新能源车企研发骨干,三口之家(学龄段),三亚中环品质两居，车位及空间极其拥挤,小区无地下车库且人车不分流，小孩在楼下玩耍或者推婴儿车极为不安全。,讲究超高得房率（超85%），主卧套房必须配备独立步入式衣帽间与干湿分离双卫。,无需日常通勤，但要求30分钟内快捷通达凤凰机场或高铁站。,崇尚度假慢生活，清晨沙滩漫步，午后椰林下午茶，酷爱轻户外及后海冲浪。,名下持有一套旧两居，置换回款 65% + 个人理财储蓄补充 + 公积金商业贷,重性价比，不盲信大牌，但要求物业管理有序、绿化修剪及时、人防技防规范。,本地常住人口，四季生活规律，度假频次为常规年假出行。
三_2011_01709,三亚,2011,外地候鸟-西北,62,女,3.0,30.0,0.5,45.0,2,0,否,C,network,0.46,0.57,0.85,0.66,0.46,0.58,0.03,0,0.4,养老,两室两厅,66,4337,西安设计院退休总建筑师,高知退休康养,与父母同住，三代人拥挤在旧区小户型老房中,老小区隔音差，邻里滋扰严重，且车位严重匮乏，每晚加班回来抢车位像打仗。,要求有超大面宽南向双阳台（观景家政分离），主卧大飘窗能270度直面自然景观。,无需日常通勤，但要求30分钟内快捷通达凤凰机场或高铁站。,崇尚度假慢生活，清晨沙滩漫步，午后椰林下午茶，酷爱轻户外及后海冲浪。,名下持有一套旧两居，置换回款 65% + 个人理财储蓄补充 + 公积金商业贷,重性价比，不盲信大牌，但要求物业管理有序、绿化修剪及时、人防技防规范。,每年11月至次年3月到此度过漫长冬季，极其依赖周边的康养及适老化服务。
三_2011_01710,三亚,2011,本地改善,32,女,1.4,9.5,0.35,20.5,4,1,否,B,agent,0.73,0.53,0.58,0.3,0.5,0.8,0.44,0.86,0.51,自住-改善,两室一厅,62,2848,三甲医院主治医师,三口之家(幼龄段),三亚中环品质两居，车位及空间极其拥挤,小区无地下车库且人车不分流，小孩在楼下玩耍或者推婴儿车极为不安全。,讲究超高得房率（超85%），主卧套房必须配备独立步入式衣帽间与干湿分离双卫。,无需日常通勤，但要求30分钟内快捷通达凤凰机场或高铁站。,崇尚度假慢生活，清晨沙滩漫步，午后椰林下午茶，酷爱轻户外及后海冲浪。,名下持有一套旧两居，置换回款 65% + 个人理财储蓄补充 + 公积金商业贷,重性价比，不盲信大牌，但要求物业管理有序、绿化修剪及时、人防技防规范。,本地常住人口，四季生活规律，度假频次为常规年假出行。
三_2011_01711,三亚,2011,外地候鸟-华北,64,女,2.6,21.3,0.5,31.9,1,0,否,B,network,0.34,0.41,0.92,0.65,0.49,0.55,0,0,0.57,度假,一室一厅,53,3807,北京三甲医院退休教授,高知退休康养,三亚中环品质两居，车位及空间极其拥挤,老小区隔音差，邻里滋扰严重，且车位严重匮乏，每晚加班回来抢车位像打仗。,要求有超大面宽南向双阳台（观景家政分离），主卧大飘窗能270度直面自然景观。,无需日常通勤，但要求30分钟内快捷通达凤凰机场或高铁站。,崇尚度假慢生活，清晨沙滩漫步，午后椰林下午茶，酷爱轻户外及后海冲浪。,名下持有一套旧两居，置换回款 65% + 个人理财储蓄补充 + 公积金商业贷,重性价比，不盲信大牌，但要求物业管理有序、绿化修剪及时、人防技防规范。,每年11月至次年3月到此度过漫长冬季，极其依赖周边的康养及适老化服务。
三_2011_01712,三亚,2011,度假投资,44,女,8.2,65.9,0.4,123.6,3,1,否,A,research,0.8,0.36,0.83,0.54,0.53,0.44,0.06,0.05,0.67,投资-短期,两室两厅,67,16205,上市公司退休联合创始人,三口之家(学龄段),陆家嘴核心区江景大平层,无高端私密会所及管家式物业配套，圈层鱼龙混杂，高净值居住体验差。,要求有超大面宽南向双阳台（观景家政分离），主卧大飘窗能270度直面自然景观。,无需日常通勤，但要求30分钟内快捷通达凤凰机场或高铁站。,周末常去高端商圈消费，热衷打网球和马术，重度手冲咖啡及黑胶唱片发烧友。,名下已有企业股权套现或分红现金，一次性全款付清，基本不加杠杆,重性价比，不盲信大牌，但要求物业管理有序、绿化修剪及时、人防技防规范。,每年11月至次年3月到此度过漫长冬季，极其依赖周边的康养及适老化服务。
三_2011_01713,三亚,2011,度假投资,41,男,4.7,40.2,0.4,75.4,1,0,否,A,research,0.87,0.39,0.68,0.64,0.35,0.35,0,0,0.76,度假,一室一厅,52,11588,知名中医药连锁投资人,成熟期核心家庭,陆家嘴核心区江景大平层,无高端私密会所及管家式物业配套，圈层鱼龙混杂，高净值居住体验差。,要求采光通透，全明户型，带多功能嵌入式收纳墙以最大化空间利用。,无需日常通勤，但要求30分钟内快捷通达凤凰机场或高铁站。,周末常去高端商圈消费，热衷打网球和马术，重度手冲咖啡及黑胶唱片发烧友。,名下已有企业股权套现或分红现金，一次性全款付清，基本不加杠杆,非仁恒、绿城、万科等金牌开发商不买，极度看重高端精装质量与顶级物业的增值口碑。,每年11月至次年3月到此度过漫长冬季，极其依赖周边的康养及适老化服务。
三_2011_01714,三亚,2011,本地改善,44,女,2.3,9.9,0.35,21.3,5,1,否,B,agent,0.75,0.62,0.67,0.39,0.36,0.83,0.6,0.52,0.45,自住-改善,两室一厅,77,2284,智能新能源车企研发骨干,三口之家(学龄段),三亚中环品质两居，车位及空间极其拥挤,小区无地下车库且人车不分流，小孩在楼下玩耍或者推婴儿车极为不安全。,讲究超高得房率（超85%），主卧套房必须配备独立步入式衣帽间与干湿分离双卫。,无需日常通勤，但要求30分钟内快捷通达凤凰机场或高铁站。,崇尚度假慢生活，清晨沙滩漫步，午后椰林下午茶，酷爱轻户外及后海冲浪。,名下持有一套旧两居，置换回款 65% + 个人理财储蓄补充 + 公积金商业贷,重性价比，不盲信大牌，但要求物业管理有序、绿化修剪及时、人防技防规范。,本地常住人口，四季生活规律，度假频次为常规年假出行。
三_2011_01715,三亚,2011,本地改善,42,男,2.0,14.2,0.35,30.4,4,0,否,B,agent,0.82,0.6,0.59,0.43,0.44,0.79,0.61,0.76,0.49,自住-改善,一室一厅,99,2546,三甲医院主治医师,成熟期核心家庭,三亚中环品质两居，车位及空间极其拥挤,老小区隔音差，邻里滋扰严重，且车位严重匮乏，每晚加班回来抢车位像打仗。,讲究超高得房率（超85%），主卧套房必须配备独立步入式衣帽间与干湿分离双卫。,无需日常通勤，但要求30分钟内快捷通达凤凰机场或高铁站。,崇尚度假慢生活，清晨沙滩漫步，午后椰林下午茶，酷爱轻户外及后海冲浪。,名下持有一套旧两居，置换回款 65% + 个人理财储蓄补充 + 公积金商业贷,重性价比，不盲信大牌，但要求物业管理有序、绿化修剪及时、人防技防规范。,本地常住人口，四季生活规律，度假频次为常规年假出行。
三_2011_01716,三亚,2011,度假投资,45,男,11.8,111.5,0.4,209.0,4,0,是,A,research,0.64,0.32,0.82,0.73,0.53,0.68,0,0,0.81,投资-长持,三室两厅,105,13458,上市公司退休联合创始人,成熟期核心家庭,市中心私密洋房住宅,当前房屋属于旧多层无电梯房，父母年纪渐高每天爬楼梯极为吃力。,要求独立电梯入户，主次卧动线分明，配备独立保姆房和私密后院。,无需日常通勤，但要求30分钟内快捷通达凤凰机场或高铁站。,周末常去高端商圈消费，热衷打网球和马术，重度手冲咖啡及黑胶唱片发烧友。,名下已有企业股权套现或分红现金，一次性全款付清，基本不加杠杆,非仁恒、绿城、万科等金牌开发商不买，极度看重高端精装质量与顶级物业的增值口碑。,每年11月至次年3月到此度过漫长冬季，极其依赖周边的康养及适老化服务。
三_2011_01717,三亚,2011,本地改善,45,男,2.2,16.7,0.35,35.9,4,0,是,B,agent,1,0.61,0.63,0.51,0.5,0.74,0.4,0.78,0.4,自住-改善,一室一厅,73,3203,智能新能源车企研发骨干,成熟期核心家庭,三亚中环品质两居，车位及空间极其拥挤,当前房屋属于旧多层无电梯房，父母年纪渐高每天爬楼梯极为吃力。,讲究超高得房率（超85%），主卧套房必须配备独立步入式衣帽间与干湿分离双卫。,无需日常通勤，但要求30分钟内快捷通达凤凰机场或高铁站。,崇尚度假慢生活，清晨沙滩漫步，午后椰林下午茶，酷爱轻户外及后海冲浪。,名下持有一套旧两居，置换回款 65% + 个人理财储蓄补充 + 公积金商业贷,重性价比，不盲信大牌，但要求物业管理有序、绿化修剪及时、人防技防规范。,本地常住人口，四季生活规律，度假频次为常规年假出行。
三_2011_01718,三亚,2011,高净值康养,58,男,7.2,78.5,0.6,98.1,2,0,否,A,network,0.59,0.43,0.88,0.94,0.69,0.48,0,0.08,0.81,养老,一室一厅,96,8927,上市公司退休联合创始人,高知退休康养,西湖边高精平层,无高端私密会所及管家式物业配套，圈层鱼龙混杂，高净值居住体验差。,要求独立电梯入户，主次卧动线分明，配备独立保姆房和私密后院。,无需日常通勤，但要求30分钟内快捷通达凤凰机场或高铁站。,周末常去高端商圈消费，热衷打网球和马术，重度手冲咖啡及黑胶唱片发烧友。,名下已有企业股权套现或分红现金，一次性全款付清，基本不加杠杆,非仁恒、绿城、万科等金牌开发商不买，极度看重高端精装质量与顶级物业的增值口碑。,本地常住人口，四季生活规律，度假频次为常规年假出行。
三_2011_01719,三亚,2011,本地改善,45,女,2.2,15.0,0.35,32.2,5,1,否,B,agent,0.77,0.58,0.6,0.27,0.28,0.79,0.4,0.82,0.53,自住-改善,一室一厅,88,3232,重点中学高级教师,三口之家(学龄段),三亚中环品质两居，车位及空间极其拥挤,小区无地下车库且人车不分流，小孩在楼下玩耍或者推婴儿车极为不安全。,讲究超高得房率（超85%），主卧套房必须配备独立步入式衣帽间与干湿分离双卫。,无需日常通勤，但要求30分钟内快捷通达凤凰机场或高铁站。,崇尚度假慢生活，清晨沙滩漫步，午后椰林下午茶，酷爱轻户外及后海冲浪。,名下持有一套旧两居，置换回款 65% + 个人理财储蓄补充 + 公积金商业贷,重性价比，不盲信大牌，但要求物业管理有序、绿化修剪及时、人防技防规范。,本地常住人口，四季生活规律，度假频次为常规年假出行。
三_2011_01720,三亚,2011,本地改善,30,女,2.2,12.4,0.35,26.7,4,0,否,B,agent,0.51,0.58,0.59,0.38,0.27,0.81,0.53,0.69,0.57,自住-改善,两室一厅,90,1941,智能新能源车企研发骨干,新婚过渡两居,三亚中环品质两居，车位及空间极其拥挤,老小区隔音差，邻里滋扰严重，且车位严重匮乏，每晚加班回来抢车位像打仗。,讲究超高得房率（超85%），主卧套房必须配备独立步入式衣帽间与干湿分离双卫。,无需日常通勤，但要求30分钟内快捷通达凤凰机场或高铁站。,崇尚度假慢生活，清晨沙滩漫步，午后椰林下午茶，酷爱轻户外及后海冲浪。,名下持有一套旧两居，置换回款 65% + 个人理财储蓄补充 + 公积金商业贷,重性价比，不盲信大牌，但要求物业管理有序、绿化修剪及时、人防技防规范。,本地常住人口，四季生活规律，度假频次为常规年假出行。
三_2011_01721,三亚,2011,外地候鸟-东北,78,女,2.8,16.7,0.5,25.1,3,0,否,C,network,0.14,0.39,0.9,0.58,0.72,0.59,0,0.08,0.5,度假,两室一厅,65,3146,哈尔滨高校退休处长,高知退休康养,与父母同住，三代人拥挤在旧区小户型老房中,老小区隔音差，邻里滋扰严重，且车位严重匮乏，每晚加班回来抢车位像打仗。,要求有超大面宽南向双阳台（观景家政分离），主卧大飘窗能270度直面自然景观。,无需日常通勤，但要求30分钟内快捷通达凤凰机场或高铁站。,崇尚度假慢生活，清晨沙滩漫步，午后椰林下午茶，酷爱轻户外及后海冲浪。,名下持有一套旧两居，置换回款 65% + 个人理财储蓄补充 + 公积金商业贷,重性价比，不盲信大牌，但要求物业管理有序、绿化修剪及时、人防技防规范。,每年11月至次年3月到此度过漫长冬季，极其依赖周边的康养及适老化服务。
三_2011_01722,三亚,2011,本地改善,41,男,2.1,9.4,0.35,20.2,4,0,否,B,agent,0.83,0.46,0.6,0.31,0.31,0.75,0.57,0.73,0.59,自住-改善,一室一厅,71,1901,重点中学高级教师,成熟期核心家庭,三亚中环品质两居，车位及空间极其拥挤,老小区隔音差，邻里滋扰严重，且车位严重匮乏，每晚加班回来抢车位像打仗。,讲究超高得房率（超85%），主卧套房必须配备独立步入式衣帽间与干湿分离双卫。,无需日常通勤，但要求30分钟内快捷通达凤凰机场或高铁站。,崇尚度假慢生活，清晨沙滩漫步，午后椰林下午茶，酷爱轻户外及后海冲浪。,名下持有一套旧两居，置换回款 65% + 个人理财储蓄补充 + 公积金商业贷,重性价比，不盲信大牌，但要求物业管理有序、绿化修剪及时、人防技防规范。,本地常住人口，四季生活规律，度假频次为常规年假出行。
三_2011_01723,三亚,2011,本地改善,36,男,2.7,13.2,0.35,28.3,4,1,是,B,agent,0.88,0.56,0.61,0.46,0.45,0.64,0.5,0.77,0.49,自住-改善,一室一厅,74,2352,区级税务局一级主办,三口之家(幼龄段),三亚中环品质两居，车位及空间极其拥挤,小区无地下车库且人车不分流，小孩在楼下玩耍或者推婴儿车极为不安全。,核心要求地块属于第一梯队名校学区，且周边500米内解决幼小衔接教育配套。,无需日常通勤，但要求30分钟内快捷通达凤凰机场或高铁站。,崇尚度假慢生活，清晨沙滩漫步，午后椰林下午茶，酷爱轻户外及后海冲浪。,名下持有一套旧两居，置换回款 65% + 个人理财储蓄补充 + 公积金商业贷,重性价比，不盲信大牌，但要求物业管理有序、绿化修剪及时、人防技防规范。,本地常住人口，四季生活规律，度假频次为常规年假出行。
三_2011_01724,三亚,2011,本地改善,32,女,1.5,10.3,0.35,22.1,4,1,是,B,agent,0.75,0.62,0.67,0.49,0.33,0.75,0.59,0.69,0.41,自住-改善,两室两厅,56,2423,三甲医院主治医师,三口之家(幼龄段),三亚中环品质两居，车位及空间极其拥挤,小区无地下车库且人车不分流，小孩在楼下玩耍或者推婴儿车极为不安全。,讲究超高得房率（超85%），主卧套房必须配备独立步入式衣帽间与干湿分离双卫。,无需日常通勤，但要求30分钟内快捷通达凤凰机场或高铁站。,崇尚度假慢生活，清晨沙滩漫步，午后椰林下午茶，酷爱轻户外及后海冲浪。,名下持有一套旧两居，置换回款 65% + 个人理财储蓄补充 + 公积金商业贷,重性价比，不盲信大牌，但要求物业管理有序、绿化修剪及时、人防技防规范。,本地常住人口，四季生活规律，度假频次为常规年假出行。
三_2011_01725,三亚,2011,外地候鸟-东北,75,男,2.9,19.7,0.5,29.6,2,0,否,C,network,0.42,0.67,0.95,0.65,0.44,0.34,0,0.06,0.48,度假,两室一厅,95,2602,哈尔滨私营物流老板,高知退休康养,与父母同住，三代人拥挤在旧区小户型老房中,老小区隔音差，邻里滋扰严重，且车位严重匮乏，每晚加班回来抢车位像打仗。,要求有超大面宽南向双阳台（观景家政分离），主卧大飘窗能270度直面自然景观。,无需日常通勤，但要求30分钟内快捷通达凤凰机场或高铁站。,崇尚度假慢生活，清晨沙滩漫步，午后椰林下午茶，酷爱轻户外及后海冲浪。,名下持有一套旧两居，置换回款 65% + 个人理财储蓄补充 + 公积金商业贷,重性价比，不盲信大牌，但要求物业管理有序、绿化修剪及时、人防技防规范。,每年11月至次年3月到此度过漫长冬季，极其依赖周边的康养及适老化服务。
三_2011_01726,三亚,2011,本地改善,45,女,2.1,9.3,0.35,20.0,4,1,是,B,agent,0.85,0.58,0.62,0.51,0.36,0.77,0.61,0.71,0.36,自住-改善,一室一厅,58,2524,智能新能源车企研发骨干,三口之家(学龄段),三亚中环品质两居，车位及空间极其拥挤,小区无地下车库且人车不分流，小孩在楼下玩耍或者推婴儿车极为不安全。,讲究超高得房率（超85%），主卧套房必须配备独立步入式衣帽间与干湿分离双卫。,无需日常通勤，但要求30分钟内快捷通达凤凰机场或高铁站。,崇尚度假慢生活，清晨沙滩漫步，午后椰林下午茶，酷爱轻户外及后海冲浪。,名下持有一套旧两居，置换回款 65% + 个人理财储蓄补充 + 公积金商业贷,重性价比，不盲信大牌，但要求物业管理有序、绿化修剪及时、人防技防规范。,本地常住人口，四季生活规律，度假频次为常规年假出行。
三_2011_01727,三亚,2011,外地候鸟-华北,66,男,3.6,32.9,0.5,49.4,2,0,否,B,network,0.72,0.43,0.94,0.74,0.58,0.46,0,0.01,0.43,养老,两室两厅,79,5473,央企总部退休总工,高知退休康养,三亚中环品质两居，车位及空间极其拥挤,老小区隔音差，邻里滋扰严重，且车位严重匮乏，每晚加班回来抢车位像打仗。,要求独立电梯入户，主次卧动线分明，配备独立保姆房和私密后院。,无需日常通勤，但要求30分钟内快捷通达凤凰机场或高铁站。,崇尚度假慢生活，清晨沙滩漫步，午后椰林下午茶，酷爱轻户外及后海冲浪。,名下持有一套旧两居，置换回款 65% + 个人理财储蓄补充 + 公积金商业贷,重性价比，不盲信大牌，但要求物业管理有序、绿化修剪及时、人防技防规范。,每年11月至次年3月到此度过漫长冬季，极其依赖周边的康养及适老化服务。
三_2011_01728,三亚,2011,高净值康养,69,女,21.2,178.6,0.6,223.3,3,0,否,A,network,0.69,0.25,1.0,0.86,0.88,0.74,0,0.07,0.9,养老,三室两厅,122,16061,知名中医药连锁投资人,高知退休康养,西湖边高精平层,无高端私密会所及管家式物业配套，圈层鱼龙混杂，高净值居住体验差。,要求独立电梯入户，主次卧动线分明，配备独立保姆房和私密后院。,无需日常通勤，但要求30分钟内快捷通达凤凰机场或高铁站。,周末常去高端商圈消费，热衷打网球和马术，重度手冲咖啡及黑胶唱片发烧友。,名下已有企业股权套现或分红现金，一次性全款付清，基本不加杠杆,非仁恒、绿城、万科等金牌开发商不买，极度看重高端精装质量与顶级物业的增值口碑。,本地常住人口，四季生活规律，度假频次为常规年假出行。
三_2011_01729,三亚,2011,度假投资,36,男,9.4,83.9,0.4,157.2,3,0,否,A,research,1,0.54,0.71,0.67,0.49,0.43,0,0,0.75,度假,三室一厅,128,8982,知名中医药连锁投资人,成熟期核心家庭,陆家嘴核心区江景大平层,无高端私密会所及管家式物业配套，圈层鱼龙混杂，高净值居住体验差。,要求有超大面宽南向双阳台（观景家政分离），主卧大飘窗能270度直面自然景观。,无需日常通勤，但要求30分钟内快捷通达凤凰机场或高铁站。,周末常去高端商圈消费，热衷打网球和马术，重度手冲咖啡及黑胶唱片发烧友。,名下已有企业股权套现或分红现金，一次性全款付清，基本不加杠杆,非仁恒、绿城、万科等金牌开发商不买，极度看重高端精装质量与顶级物业的增值口碑。,每年11月至次年3月到此度过漫长冬季，极其依赖周边的康养及适老化服务。
三_2011_01730,三亚,2011,外地候鸟-华北,75,男,3.2,25.6,0.5,38.4,3,0,是,B,network,0.39,0.58,0.94,0.52,0.58,0.45,0.02,0.11,0.58,养老,两室两厅,82,3883,央企总部退休总工,高知退休康养,三亚中环品质两居，车位及空间极其拥挤,当前房屋属于旧多层无电梯房，父母年纪渐高每天爬楼梯极为吃力。,要求有超大面宽南向双阳台（观景家政分离），主卧大飘窗能270度直面自然景观。,无需日常通勤，但要求30分钟内快捷通达凤凰机场或高铁站。,崇尚度假慢生活，清晨沙滩漫步，午后椰林下午茶，酷爱轻户外及后海冲浪。,名下持有一套旧两居，置换回款 65% + 个人理财储蓄补充 + 公积金商业贷,重性价比，不盲信大牌，但要求物业管理有序、绿化修剪及时、人防技防规范。,每年11月至次年3月到此度过漫长冬季，极其依赖周边的康养及适老化服务。
三_2011_01731,三亚,2011,本地改善,39,男,1.5,8.9,0.35,19.1,3,1,是,B,agent,0.58,0.59,0.55,0.31,0.45,0.7,0.4,0.82,0.34,自住-改善,两室两厅,64,1815,智能新能源车企研发骨干,三口之家(学龄段),三亚中环品质两居，车位及空间极其拥挤,小区无地下车库且人车不分流，小孩在楼下玩耍或者推婴儿车极为不安全。,讲究超高得房率（超85%），主卧套房必须配备独立步入式衣帽间与干湿分离双卫。,无需日常通勤，但要求30分钟内快捷通达凤凰机场或高铁站。,崇尚度假慢生活，清晨沙滩漫步，午后椰林下午茶，酷爱轻户外及后海冲浪。,名下持有一套旧两居，置换回款 65% + 个人理财储蓄补充 + 公积金商业贷,重性价比，不盲信大牌，但要求物业管理有序、绿化修剪及时、人防技防规范。,本地常住人口，四季生活规律，度假频次为常规年假出行。
三_2011_01732,三亚,2011,外地候鸟-东北,71,女,2.2,16.8,0.5,25.2,3,0,否,C,network,0.47,0.58,1.0,0.74,0.42,0.48,0.07,0,0.46,养老,两室一厅,72,2662,哈尔滨私营物流老板,高知退休康养,与父母同住，三代人拥挤在旧区小户型老房中,老小区隔音差，邻里滋扰严重，且车位严重匮乏，每晚加班回来抢车位像打仗。,要求独立电梯入户，主次卧动线分明，配备独立保姆房和私密后院。,无需日常通勤，但要求30分钟内快捷通达凤凰机场或高铁站。,崇尚度假慢生活，清晨沙滩漫步，午后椰林下午茶，酷爱轻户外及后海冲浪。,名下持有一套旧两居，置换回款 65% + 个人理财储蓄补充 + 公积金商业贷,重性价比，不盲信大牌，但要求物业管理有序、绿化修剪及时、人防技防规范。,每年11月至次年3月到此度过漫长冬季，极其依赖周边的康养及适老化服务。
三_2011_01733,三亚,2011,本地改善,42,男,2.2,13.5,0.35,28.9,5,1,是,B,agent,0.56,0.52,0.55,0.4,0.38,0.83,0.56,0.68,0.42,自住-改善,一室一厅,100,2580,三甲医院主治医师,三口之家(学龄段),三亚中环品质两居，车位及空间极其拥挤,小区无地下车库且人车不分流，小孩在楼下玩耍或者推婴儿车极为不安全。,讲究超高得房率（超85%），主卧套房必须配备独立步入式衣帽间与干湿分离双卫。,无需日常通勤，但要求30分钟内快捷通达凤凰机场或高铁站。,崇尚度假慢生活，清晨沙滩漫步，午后椰林下午茶，酷爱轻户外及后海冲浪。,名下持有一套旧两居，置换回款 65% + 个人理财储蓄补充 + 公积金商业贷,重性价比，不盲信大牌，但要求物业管理有序、绿化修剪及时、人防技防规范。,本地常住人口，四季生活规律，度假频次为常规年假出行。
三_2011_01734,三亚,2011,外地候鸟-华北,71,女,5.7,33.2,0.5,49.8,2,0,否,B,network,0.67,0.59,1.0,0.83,0.6,0.42,0.1,0,0.6,养老,一室一厅,64,6319,北京三甲医院退休教授,高知退休康养,三亚中环品质两居，车位及空间极其拥挤,老小区隔音差，邻里滋扰严重，且车位严重匮乏，每晚加班回来抢车位像打仗。,要求独立电梯入户，主次卧动线分明，配备独立保姆房和私密后院。,无需日常通勤，但要求30分钟内快捷通达凤凰机场或高铁站。,崇尚度假慢生活，清晨沙滩漫步，午后椰林下午茶，酷爱轻户外及后海冲浪。,名下持有一套旧两居，置换回款 65% + 个人理财储蓄补充 + 公积金商业贷,重性价比，不盲信大牌，但要求物业管理有序、绿化修剪及时、人防技防规范。,每年11月至次年3月到此度过漫长冬季，极其依赖周边的康养及适老化服务。
三_2011_01735,三亚,2011,度假投资,47,女,7.3,54.3,0.4,101.7,3,1,否,A,research,0.82,0.42,0.9,0.58,0.56,0.47,0,0,0.64,度假,一室一厅,63,9675,知名中医药连锁投资人,三口之家(学龄段),陆家嘴核心区江景大平层,无高端私密会所及管家式物业配套，圈层鱼龙混杂，高净值居住体验差。,要求有超大面宽南向双阳台（观景家政分离），主卧大飘窗能270度直面自然景观。,无需日常通勤，但要求30分钟内快捷通达凤凰机场或高铁站。,周末常去高端商圈消费，热衷打网球和马术，重度手冲咖啡及黑胶唱片发烧友。,名下已有企业股权套现或分红现金，一次性全款付清，基本不加杠杆,重性价比，不盲信大牌，但要求物业管理有序、绿化修剪及时、人防技防规范。,每年11月至次年3月到此度过漫长冬季，极其依赖周边的康养及适老化服务。
三_2011_01736,三亚,2011,本地改善,34,女,2.4,18.6,0.35,39.9,4,1,否,B,agent,0.6,0.53,0.55,0.3,0.43,0.7,0.48,0.56,0.42,自住-改善,两室两厅,65,5456,区级税务局一级主办,三口之家(幼龄段),三亚中环品质两居，车位及空间极其拥挤,小区无地下车库且人车不分流，小孩在楼下玩耍或者推婴儿车极为不安全。,要求采光通透，全明户型，带多功能嵌入式收纳墙以最大化空间利用。,无需日常通勤，但要求30分钟内快捷通达凤凰机场或高铁站。,崇尚度假慢生活，清晨沙滩漫步，午后椰林下午茶，酷爱轻户外及后海冲浪。,名下持有一套旧两居，置换回款 65% + 个人理财储蓄补充 + 公积金商业贷,重性价比，不盲信大牌，但要求物业管理有序、绿化修剪及时、人防技防规范。,本地常住人口，四季生活规律，度假频次为常规年假出行。
三_2011_01737,三亚,2011,度假投资,41,男,3.5,39.5,0.4,74.0,3,1,否,A,research,0.99,0.32,0.95,0.6,0.41,0.42,0.1,0,0.62,度假,一室一厅,74,6373,高端海景资产收藏家,三口之家(学龄段),西湖边高精平层,无高端私密会所及管家式物业配套，圈层鱼龙混杂，高净值居住体验差。,要求有超大面宽南向双阳台（观景家政分离），主卧大飘窗能270度直面自然景观。,无需日常通勤，但要求30分钟内快捷通达凤凰机场或高铁站。,周末常去高端商圈消费，热衷打网球和马术，重度手冲咖啡及黑胶唱片发烧友。,名下已有企业股权套现或分红现金，一次性全款付清，基本不加杠杆,重性价比，不盲信大牌，但要求物业管理有序、绿化修剪及时、人防技防规范。,每年11月至次年3月到此度过漫长冬季，极其依赖周边的康养及适老化服务。
三_2011_01738,三亚,2011,外地候鸟-华北,74,女,4.3,25.5,0.5,38.3,2,0,否,B,network,0.47,0.54,0.96,0.79,0.65,0.44,0,0.05,0.53,养老,两室一厅,74,3458,北京三甲医院退休教授,高知退休康养,三亚中环品质两居，车位及空间极其拥挤,老小区隔音差，邻里滋扰严重，且车位严重匮乏，每晚加班回来抢车位像打仗。,要求独立电梯入户，主次卧动线分明，配备独立保姆房和私密后院。,无需日常通勤，但要求30分钟内快捷通达凤凰机场或高铁站。,崇尚度假慢生活，清晨沙滩漫步，午后椰林下午茶，酷爱轻户外及后海冲浪。,名下持有一套旧两居，置换回款 65% + 个人理财储蓄补充 + 公积金商业贷,重性价比，不盲信大牌，但要求物业管理有序、绿化修剪及时、人防技防规范。,每年11月至次年3月到此度过漫长冬季，极其依赖周边的康养及适老化服务。
三_2011_01739,三亚,2011,本地改善,38,男,3.3,23.4,0.35,50.2,4,1,是,B,agent,0.89,0.59,0.65,0.32,0.49,0.62,0.48,0.71,0.42,自住-改善,两室两厅,60,6628,重点中学高级教师,三口之家(学龄段),三亚中环品质两居，车位及空间极其拥挤,小区无地下车库且人车不分流，小孩在楼下玩耍或者推婴儿车极为不安全。,核心要求地块属于第一梯队名校学区，且周边500米内解决幼小衔接教育配套。,无需日常通勤，但要求30分钟内快捷通达凤凰机场或高铁站。,崇尚度假慢生活，清晨沙滩漫步，午后椰林下午茶，酷爱轻户外及后海冲浪。,名下持有一套旧两居，置换回款 65% + 个人理财储蓄补充 + 公积金商业贷,重性价比，不盲信大牌，但要求物业管理有序、绿化修剪及时、人防技防规范。,本地常住人口，四季生活规律，度假频次为常规年假出行。
三_2011_01740,三亚,2011,本地改善,30,女,2.0,10.5,0.35,22.6,5,1,是,B,agent,0.88,0.56,0.6,0.43,0.43,0.86,0.62,0.83,0.33,自住-改善,两室一厅,88,1791,三甲医院主治医师,三口之家(幼龄段),三亚中环品质两居，车位及空间极其拥挤,小区无地下车库且人车不分流，小孩在楼下玩耍或者推婴儿车极为不安全。,讲究超高得房率（超85%），主卧套房必须配备独立步入式衣帽间与干湿分离双卫。,无需日常通勤，但要求30分钟内快捷通达凤凰机场或高铁站。,崇尚度假慢生活，清晨沙滩漫步，午后椰林下午茶，酷爱轻户外及后海冲浪。,名下持有一套旧两居，置换回款 65% + 个人理财储蓄补充 + 公积金商业贷,重性价比，不盲信大牌，但要求物业管理有序、绿化修剪及时、人防技防规范。,本地常住人口，四季生活规律，度假频次为常规年假出行。
三_2011_01741,三亚,2011,外地候鸟-华北,70,女,3.9,35.2,0.5,52.8,3,0,否,B,network,0.48,0.6,0.93,0.71,0.6,0.48,0,0.11,0.47,养老,两室两厅,56,7914,北京三甲医院退休教授,高知退休康养,三亚中环品质两居，车位及空间极其拥挤,老小区隔音差，邻里滋扰严重，且车位严重匮乏，每晚加班回来抢车位像打仗。,要求独立电梯入户，主次卧动线分明，配备独立保姆房和私密后院。,无需日常通勤，但要求30分钟内快捷通达凤凰机场或高铁站。,崇尚度假慢生活，清晨沙滩漫步，午后椰林下午茶，酷爱轻户外及后海冲浪。,名下持有一套旧两居，置换回款 65% + 个人理财储蓄补充 + 公积金商业贷,重性价比，不盲信大牌，但要求物业管理有序、绿化修剪及时、人防技防规范。,每年11月至次年3月到此度过漫长冬季，极其依赖周边的康养及适老化服务。
三_2011_01742,三亚,2011,外地候鸟-华北,65,女,4.8,32.9,0.5,49.3,1,0,否,B,network,0.35,0.61,0.93,0.76,0.6,0.45,0.03,0,0.57,度假,两室两厅,82,5382,高校资深硕导,高知退休康养,三亚中环品质两居，车位及空间极其拥挤,老小区隔音差，邻里滋扰严重，且车位严重匮乏，每晚加班回来抢车位像打仗。,要求独立电梯入户，主次卧动线分明，配备独立保姆房和私密后院。,无需日常通勤，但要求30分钟内快捷通达凤凰机场或高铁站。,崇尚度假慢生活，清晨沙滩漫步，午后椰林下午茶，酷爱轻户外及后海冲浪。,名下持有一套旧两居，置换回款 65% + 个人理财储蓄补充 + 公积金商业贷,重性价比，不盲信大牌，但要求物业管理有序、绿化修剪及时、人防技防规范。,每年11月至次年3月到此度过漫长冬季，极其依赖周边的康养及适老化服务。
三_2011_01743,三亚,2011,本地改善,30,女,1.4,7.4,0.35,15.9,4,1,是,B,agent,1,0.6,0.67,0.44,0.52,0.9,0.28,0.76,0.5,自住-改善,两室一厅,82,1686,区级税务局一级主办,三口之家(幼龄段),三亚中环品质两居，车位及空间极其拥挤,小区无地下车库且人车不分流，小孩在楼下玩耍或者推婴儿车极为不安全。,讲究超高得房率（超85%），主卧套房必须配备独立步入式衣帽间与干湿分离双卫。,无需日常通勤，但要求30分钟内快捷通达凤凰机场或高铁站。,崇尚度假慢生活，清晨沙滩漫步，午后椰林下午茶，酷爱轻户外及后海冲浪。,名下持有一套旧两居，置换回款 65% + 个人理财储蓄补充 + 公积金商业贷,重性价比，不盲信大牌，但要求物业管理有序、绿化修剪及时、人防技防规范。,本地常住人口，四季生活规律，度假频次为常规年假出行。
三_2011_01744,三亚,2011,外地候鸟-华北,67,女,5.5,46.6,0.5,70.0,1,0,否,B,network,0.41,0.42,1,0.77,0.54,0.6,0.01,0.03,0.45,养老,两室一厅,76,6587,央企总部退休总工,高知退休康养,三亚中环品质两居，车位及空间极其拥挤,老小区隔音差，邻里滋扰严重，且车位严重匮乏，每晚加班回来抢车位像打仗。,要求独立电梯入户，主次卧动线分明，配备独立保姆房和私密后院。,无需日常通勤，但要求30分钟内快捷通达凤凰机场或高铁站。,崇尚度假慢生活，清晨沙滩漫步，午后椰林下午茶，酷爱轻户外及后海冲浪。,名下持有一套旧两居，置换回款 65% + 个人理财储蓄补充 + 公积金商业贷,重性价比，不盲信大牌，但要求物业管理有序、绿化修剪及时、人防技防规范。,每年11月至次年3月到此度过漫长冬季，极其依赖周边的康养及适老化服务。
三_2011_01745,三亚,2011,本地改善,41,男,3.3,18.7,0.35,40.1,4,1,是,B,agent,0.94,0.62,0.6,0.53,0.32,0.71,0.47,0.67,0.49,自住-改善,两室两厅,56,5192,三甲医院主治医师,三口之家(学龄段),三亚中环品质两居，车位及空间极其拥挤,小区无地下车库且人车不分流，小孩在楼下玩耍或者推婴儿车极为不安全。,讲究超高得房率（超85%），主卧套房必须配备独立步入式衣帽间与干湿分离双卫。,无需日常通勤，但要求30分钟内快捷通达凤凰机场或高铁站。,崇尚度假慢生活，清晨沙滩漫步，午后椰林下午茶，酷爱轻户外及后海冲浪。,名下持有一套旧两居，置换回款 65% + 个人理财储蓄补充 + 公积金商业贷,重性价比，不盲信大牌，但要求物业管理有序、绿化修剪及时、人防技防规范。,本地常住人口，四季生活规律，度假频次为常规年假出行。
三_2011_01746,三亚,2011,度假投资,52,男,11.5,146.4,0.4,274.6,3,1,否,A,research,0.68,0.36,0.83,0.72,0.33,0.26,0.01,0,0.71,投资-长持,三室两厅,146,14949,上市公司退休联合创始人,三口之家(学龄段),陆家嘴核心区江景大平层,无高端私密会所及管家式物业配套，圈层鱼龙混杂，高净值居住体验差。,要求独立电梯入户，主次卧动线分明，配备独立保姆房和私密后院。,无需日常通勤，但要求30分钟内快捷通达凤凰机场或高铁站。,周末常去高端商圈消费，热衷打网球和马术，重度手冲咖啡及黑胶唱片发烧友。,名下已有企业股权套现或分红现金，一次性全款付清，基本不加杠杆,非仁恒、绿城、万科等金牌开发商不买，极度看重高端精装质量与顶级物业的增值口碑。,每年11月至次年3月到此度过漫长冬季，极其依赖周边的康养及适老化服务。
三_2011_01747,三亚,2011,度假投资,52,男,3.4,29.5,0.4,55.3,3,1,是,A,research,0.9,0.31,0.8,0.56,0.54,0.46,0,0.03,0.8,投资-长持,两室一厅,61,7884,高端海景资产收藏家,三口之家(学龄段),西湖边高精平层,当前房屋属于旧多层无电梯房，父母年纪渐高每天爬楼梯极为吃力。,要求有超大面宽南向双阳台（观景家政分离），主卧大飘窗能270度直面自然景观。,无需日常通勤，但要求30分钟内快捷通达凤凰机场或高铁站。,周末常去高端商圈消费，热衷打网球和马术，重度手冲咖啡及黑胶唱片发烧友。,名下已有企业股权套现或分红现金，一次性全款付清，基本不加杠杆,非仁恒、绿城、万科等金牌开发商不买，极度看重高端精装质量与顶级物业的增值口碑。,每年11月至次年3月到此度过漫长冬季，极其依赖周边的康养及适老化服务。
三_2011_01748,三亚,2011,本地改善,45,男,2.9,14.3,0.35,30.6,4,2,是,B,agent,0.72,0.65,0.68,0.48,0.34,0.64,0.54,0.63,0.43,自住-改善,两室两厅,54,3224,区级税务局一级主办,二胎黄金期中大户型,三亚中环品质两居，车位及空间极其拥挤,小区无地下车库且人车不分流，小孩在楼下玩耍或者推婴儿车极为不安全。,要求采光通透，全明户型，带多功能嵌入式收纳墙以最大化空间利用。,无需日常通勤，但要求30分钟内快捷通达凤凰机场或高铁站。,崇尚度假慢生活，清晨沙滩漫步，午后椰林下午茶，酷爱轻户外及后海冲浪。,名下持有一套旧两居，置换回款 65% + 个人理财储蓄补充 + 公积金商业贷,重性价比，不盲信大牌，但要求物业管理有序、绿化修剪及时、人防技防规范。,本地常住人口，四季生活规律，度假频次为常规年假出行。
三_2011_01749,三亚,2011,外地候鸟-华北,57,女,2.8,24.3,0.5,36.4,3,0,否,B,network,0.22,0.66,0.94,0.73,0.7,0.61,0.13,0,0.54,度假,两室两厅,68,4578,北京三甲医院退休教授,高知退休康养,三亚中环品质两居，车位及空间极其拥挤,老小区隔音差，邻里滋扰严重，且车位严重匮乏，每晚加班回来抢车位像打仗。,要求独立电梯入户，主次卧动线分明，配备独立保姆房和私密后院。,无需日常通勤，但要求30分钟内快捷通达凤凰机场或高铁站。,崇尚度假慢生活，清晨沙滩漫步，午后椰林下午茶，酷爱轻户外及后海冲浪。,名下持有一套旧两居，置换回款 65% + 个人理财储蓄补充 + 公积金商业贷,重性价比，不盲信大牌，但要求物业管理有序、绿化修剪及时、人防技防规范。,每年11月至次年3月到此度过漫长冬季，极其依赖周边的康养及适老化服务。
三_2011_01750,三亚,2011,度假投资,48,男,3.7,46.2,0.4,86.6,3,0,否,A,research,0.59,0.24,0.71,0.43,0.49,0.42,0.16,0.08,0.65,投资-短期,两室两厅,83,8040,上市公司退休联合创始人,成熟期核心家庭,市中心私密洋房住宅,无高端私密会所及管家式物业配套，圈层鱼龙混杂，高净值居住体验差。,要求有超大面宽南向双阳台（观景家政分离），主卧大飘窗能270度直面自然景观。,无需日常通勤，但要求30分钟内快捷通达凤凰机场或高铁站。,周末常去高端商圈消费，热衷打网球和马术，重度手冲咖啡及黑胶唱片发烧友。,名下已有企业股权套现或分红现金，一次性全款付清，基本不加杠杆,重性价比，不盲信大牌，但要求物业管理有序、绿化修剪及时、人防技防规范。,每年11月至次年3月到此度过漫长冬季，极其依赖周边的康养及适老化服务。
三_2011_01751,三亚,2011,度假投资,42,男,4.8,47.9,0.4,89.8,3,1,否,A,research,0.7,0.39,0.92,0.59,0.57,0.39,0.1,0.04,0.8,投资-短期,两室一厅,96,6415,上市公司退休联合创始人,三口之家(学龄段),市中心私密洋房住宅,无高端私密会所及管家式物业配套，圈层鱼龙混杂，高净值居住体验差。,要求有超大面宽南向双阳台（观景家政分离），主卧大飘窗能270度直面自然景观。,无需日常通勤，但要求30分钟内快捷通达凤凰机场或高铁站。,周末常去高端商圈消费，热衷打网球和马术，重度手冲咖啡及黑胶唱片发烧友。,名下已有企业股权套现或分红现金，一次性全款付清，基本不加杠杆,非仁恒、绿城、万科等金牌开发商不买，极度看重高端精装质量与顶级物业的增值口碑。,每年11月至次年3月到此度过漫长冬季，极其依赖周边的康养及适老化服务。
三_2011_01752,三亚,2011,本地改善,50,女,2.8,12.7,0.35,27.3,5,1,否,B,agent,0.65,0.56,0.64,0.5,0.38,0.72,0.46,0.8,0.47,自住-改善,两室一厅,58,2458,重点中学高级教师,三口之家(学龄段),三亚中环品质两居，车位及空间极其拥挤,小区无地下车库且人车不分流，小孩在楼下玩耍或者推婴儿车极为不安全。,讲究超高得房率（超85%），主卧套房必须配备独立步入式衣帽间与干湿分离双卫。,无需日常通勤，但要求30分钟内快捷通达凤凰机场或高铁站。,崇尚度假慢生活，清晨沙滩漫步，午后椰林下午茶，酷爱轻户外及后海冲浪。,名下持有一套旧两居，置换回款 65% + 个人理财储蓄补充 + 公积金商业贷,重性价比，不盲信大牌，但要求物业管理有序、绿化修剪及时、人防技防规范。,本地常住人口，四季生活规律，度假频次为常规年假出行。
三_2011_01753,三亚,2011,度假投资,35,女,7.1,60.5,0.4,113.4,3,1,是,A,research,0.93,0.48,0.79,0.6,0.58,0.46,0,0,0.87,投资-长持,两室两厅,51,13612,高端海景资产收藏家,三口之家(幼龄段),陆家嘴核心区江景大平层,当前房屋属于旧多层无电梯房，父母年纪渐高每天爬楼梯极为吃力。,要求有超大面宽南向双阳台（观景家政分离），主卧大飘窗能270度直面自然景观。,无需日常通勤，但要求30分钟内快捷通达凤凰机场或高铁站。,周末常去高端商圈消费，热衷打网球和马术，重度手冲咖啡及黑胶唱片发烧友。,名下已有企业股权套现或分红现金，一次性全款付清，基本不加杠杆,非仁恒、绿城、万科等金牌开发商不买，极度看重高端精装质量与顶级物业的增值口碑。,每年11月至次年3月到此度过漫长冬季，极其依赖周边的康养及适老化服务。
三_2011_01754,三亚,2011,本地改善,33,女,1.8,11.0,0.35,23.6,3,1,是,B,agent,0.78,0.59,0.76,0.48,0.33,0.76,0.52,0.66,0.43,自住-改善,两室一厅,74,2704,智能新能源车企研发骨干,三口之家(幼龄段),三亚中环品质两居，车位及空间极其拥挤,小区无地下车库且人车不分流，小孩在楼下玩耍或者推婴儿车极为不安全。,要求有超大面宽南向双阳台（观景家政分离），主卧大飘窗能270度直面自然景观。,无需日常通勤，但要求30分钟内快捷通达凤凰机场或高铁站。,崇尚度假慢生活，清晨沙滩漫步，午后椰林下午茶，酷爱轻户外及后海冲浪。,名下持有一套旧两居，置换回款 65% + 个人理财储蓄补充 + 公积金商业贷,重性价比，不盲信大牌，但要求物业管理有序、绿化修剪及时、人防技防规范。,本地常住人口，四季生活规律，度假频次为常规年假出行。
三_2011_01755,三亚,2011,外地候鸟-华北,68,女,3.3,20.6,0.5,30.9,3,1,否,B,network,0.51,0.52,0.97,0.74,0.64,0.52,0,0,0.53,养老,两室一厅,100,2340,央企总部退休总工,三口之家(学龄段),三亚中环品质两居，车位及空间极其拥挤,小区无地下车库且人车不分流，小孩在楼下玩耍或者推婴儿车极为不安全。,要求独立电梯入户，主次卧动线分明，配备独立保姆房和私密后院。,无需日常通勤，但要求30分钟内快捷通达凤凰机场或高铁站。,崇尚度假慢生活，清晨沙滩漫步，午后椰林下午茶，酷爱轻户外及后海冲浪。,名下持有一套旧两居，置换回款 65% + 个人理财储蓄补充 + 公积金商业贷,重性价比，不盲信大牌，但要求物业管理有序、绿化修剪及时、人防技防规范。,每年11月至次年3月到此度过漫长冬季，极其依赖周边的康养及适老化服务。
三_2011_01756,三亚,2011,本地改善,41,女,1.6,10.3,0.35,22.1,5,2,是,B,agent,0.6,0.4,0.51,0.41,0.3,0.64,0.55,0.75,0.43,自住-改善,两室两厅,66,1882,智能新能源车企研发骨干,二胎黄金期中大户型,三亚中环品质两居，车位及空间极其拥挤,小区无地下车库且人车不分流，小孩在楼下玩耍或者推婴儿车极为不安全。,核心要求地块属于第一梯队名校学区，且周边500米内解决幼小衔接教育配套。,无需日常通勤，但要求30分钟内快捷通达凤凰机场或高铁站。,崇尚度假慢生活，清晨沙滩漫步，午后椰林下午茶，酷爱轻户外及后海冲浪。,名下持有一套旧两居，置换回款 65% + 个人理财储蓄补充 + 公积金商业贷,重性价比，不盲信大牌，但要求物业管理有序、绿化修剪及时、人防技防规范。,本地常住人口，四季生活规律，度假频次为常规年假出行。
三_2011_01757,三亚,2011,外地候鸟-华北,57,女,5.5,44.1,0.5,66.2,2,0,是,B,network,0.27,0.52,0.89,0.67,0.53,0.63,0.03,0.13,0.52,度假,两室两厅,65,6123,北京三甲医院退休教授,高知退休康养,三亚中环品质两居，车位及空间极其拥挤,当前房屋属于旧多层无电梯房，父母年纪渐高每天爬楼梯极为吃力。,要求有超大面宽南向双阳台（观景家政分离），主卧大飘窗能270度直面自然景观。,无需日常通勤，但要求30分钟内快捷通达凤凰机场或高铁站。,崇尚度假慢生活，清晨沙滩漫步，午后椰林下午茶，酷爱轻户外及后海冲浪。,名下持有一套旧两居，置换回款 65% + 个人理财储蓄补充 + 公积金商业贷,重性价比，不盲信大牌，但要求物业管理有序、绿化修剪及时、人防技防规范。,每年11月至次年3月到此度过漫长冬季，极其依赖周边的康养及适老化服务。
三_2011_01758,三亚,2011,度假投资,47,男,3.6,40.4,0.4,75.7,3,1,否,A,research,0.98,0.4,0.81,0.57,0.65,0.46,0,0.0,0.79,投资-短期,两室两厅,53,12413,上市公司退休联合创始人,三口之家(学龄段),市中心私密洋房住宅,无高端私密会所及管家式物业配套，圈层鱼龙混杂，高净值居住体验差。,要求有超大面宽南向双阳台（观景家政分离），主卧大飘窗能270度直面自然景观。,无需日常通勤，但要求30分钟内快捷通达凤凰机场或高铁站。,周末常去高端商圈消费，热衷打网球和马术，重度手冲咖啡及黑胶唱片发烧友。,名下已有企业股权套现或分红现金，一次性全款付清，基本不加杠杆,非仁恒、绿城、万科等金牌开发商不买，极度看重高端精装质量与顶级物业的增值口碑。,每年11月至次年3月到此度过漫长冬季，极其依赖周边的康养及适老化服务。
三_2011_01759,三亚,2011,本地改善,30,女,2.9,15.7,0.35,33.6,5,1,是,B,agent,0.87,0.52,0.63,0.38,0.32,0.73,0.52,0.75,0.47,自住-改善,两室一厅,69,3644,三甲医院主治医师,三口之家(幼龄段),三亚中环品质两居，车位及空间极其拥挤,小区无地下车库且人车不分流，小孩在楼下玩耍或者推婴儿车极为不安全。,讲究超高得房率（超85%），主卧套房必须配备独立步入式衣帽间与干湿分离双卫。,无需日常通勤，但要求30分钟内快捷通达凤凰机场或高铁站。,崇尚度假慢生活，清晨沙滩漫步，午后椰林下午茶，酷爱轻户外及后海冲浪。,名下持有一套旧两居，置换回款 65% + 个人理财储蓄补充 + 公积金商业贷,重性价比，不盲信大牌，但要求物业管理有序、绿化修剪及时、人防技防规范。,本地常住人口，四季生活规律，度假频次为常规年假出行。
三_2011_01760,三亚,2011,本地改善,43,男,2.6,16.9,0.35,36.1,4,2,是,B,agent,0.99,0.6,0.74,0.42,0.43,0.78,0.6,0.78,0.4,自住-改善,两室一厅,69,3370,国企中层管理,二胎黄金期中大户型,三亚中环品质两居，车位及空间极其拥挤,小区无地下车库且人车不分流，小孩在楼下玩耍或者推婴儿车极为不安全。,要求有超大面宽南向双阳台（观景家政分离），主卧大飘窗能270度直面自然景观。,无需日常通勤，但要求30分钟内快捷通达凤凰机场或高铁站。,崇尚度假慢生活，清晨沙滩漫步，午后椰林下午茶，酷爱轻户外及后海冲浪。,名下持有一套旧两居，置换回款 65% + 个人理财储蓄补充 + 公积金商业贷,重性价比，不盲信大牌，但要求物业管理有序、绿化修剪及时、人防技防规范。,本地常住人口，四季生活规律，度假频次为常规年假出行。
三_2011_01761,三亚,2011,外地候鸟-华北,73,男,1.6,11.5,0.5,17.3,3,0,否,B,network,0.68,0.36,0.99,0.6,0.59,0.44,0,0,0.55,养老,两室两厅,96,1294,北京三甲医院退休教授,高知退休康养,三亚中环品质两居，车位及空间极其拥挤,老小区隔音差，邻里滋扰严重，且车位严重匮乏，每晚加班回来抢车位像打仗。,要求有超大面宽南向双阳台（观景家政分离），主卧大飘窗能270度直面自然景观。,无需日常通勤，但要求30分钟内快捷通达凤凰机场或高铁站。,崇尚度假慢生活，清晨沙滩漫步，午后椰林下午茶，酷爱轻户外及后海冲浪。,名下持有一套旧两居，置换回款 65% + 个人理财储蓄补充 + 公积金商业贷,重性价比，不盲信大牌，但要求物业管理有序、绿化修剪及时、人防技防规范。,每年11月至次年3月到此度过漫长冬季，极其依赖周边的康养及适老化服务。
三_2011_01762,三亚,2011,度假投资,55,女,4.9,36.5,0.4,68.4,2,1,否,A,research,0.98,0.51,0.84,0.54,0.48,0.36,0.01,0.08,0.61,度假,两室两厅,92,5862,高端海景资产收藏家,三口之家(学龄段),西湖边高精平层,无高端私密会所及管家式物业配套，圈层鱼龙混杂，高净值居住体验差。,要求有超大面宽南向双阳台（观景家政分离），主卧大飘窗能270度直面自然景观。,无需日常通勤，但要求30分钟内快捷通达凤凰机场或高铁站。,周末常去高端商圈消费，热衷打网球和马术，重度手冲咖啡及黑胶唱片发烧友。,名下已有企业股权套现或分红现金，一次性全款付清，基本不加杠杆,重性价比，不盲信大牌，但要求物业管理有序、绿化修剪及时、人防技防规范。,每年11月至次年3月到此度过漫长冬季，极其依赖周边的康养及适老化服务。
三_2011_01763,三亚,2011,外地候鸟-东北,78,女,2.4,16.5,0.5,24.7,2,0,否,C,network,0.36,0.48,1,0.57,0.56,0.45,0,0,0.52,养老,两室两厅,71,2251,哈尔滨高校退休处长,高知退休康养,与父母同住，三代人拥挤在旧区小户型老房中,老小区隔音差，邻里滋扰严重，且车位严重匮乏，每晚加班回来抢车位像打仗。,要求有超大面宽南向双阳台（观景家政分离），主卧大飘窗能270度直面自然景观。,无需日常通勤，但要求30分钟内快捷通达凤凰机场或高铁站。,崇尚度假慢生活，清晨沙滩漫步，午后椰林下午茶，酷爱轻户外及后海冲浪。,名下持有一套旧两居，置换回款 65% + 个人理财储蓄补充 + 公积金商业贷,重性价比，不盲信大牌，但要求物业管理有序、绿化修剪及时、人防技防规范。,每年11月至次年3月到此度过漫长冬季，极其依赖周边的康养及适老化服务。
三_2011_01764,三亚,2011,外地候鸟-华北,65,女,4.2,41.9,0.5,62.9,2,0,否,B,network,0.3,0.5,0.84,0.66,0.54,0.44,0.06,0.02,0.58,养老,两室两厅,82,6172,央企总部退休总工,高知退休康养,三亚中环品质两居，车位及空间极其拥挤,老小区隔音差，邻里滋扰严重，且车位严重匮乏，每晚加班回来抢车位像打仗。,要求有超大面宽南向双阳台（观景家政分离），主卧大飘窗能270度直面自然景观。,无需日常通勤，但要求30分钟内快捷通达凤凰机场或高铁站。,崇尚度假慢生活，清晨沙滩漫步，午后椰林下午茶，酷爱轻户外及后海冲浪。,名下持有一套旧两居，置换回款 65% + 个人理财储蓄补充 + 公积金商业贷,重性价比，不盲信大牌，但要求物业管理有序、绿化修剪及时、人防技防规范。,每年11月至次年3月到此度过漫长冬季，极其依赖周边的康养及适老化服务。
三_2011_01765,三亚,2011,本地改善,31,男,1.7,12.2,0.35,26.1,5,1,是,B,agent,0.65,0.57,0.64,0.49,0.51,0.86,0.55,0.58,0.4,自住-改善,两室一厅,82,2545,智能新能源车企研发骨干,三口之家(幼龄段),三亚中环品质两居，车位及空间极其拥挤,小区无地下车库且人车不分流，小孩在楼下玩耍或者推婴儿车极为不安全。,讲究超高得房率（超85%），主卧套房必须配备独立步入式衣帽间与干湿分离双卫。,无需日常通勤，但要求30分钟内快捷通达凤凰机场或高铁站。,崇尚度假慢生活，清晨沙滩漫步，午后椰林下午茶，酷爱轻户外及后海冲浪。,名下持有一套旧两居，置换回款 65% + 个人理财储蓄补充 + 公积金商业贷,重性价比，不盲信大牌，但要求物业管理有序、绿化修剪及时、人防技防规范。,本地常住人口，四季生活规律，度假频次为常规年假出行。
三_2011_01766,三亚,2011,外地候鸟-华北,67,男,4.5,34.5,0.5,51.7,2,0,否,B,network,0.59,0.47,1,0.62,0.52,0.58,0.05,0.05,0.55,养老,两室两厅,82,3808,高校资深硕导,高知退休康养,三亚中环品质两居，车位及空间极其拥挤,老小区隔音差，邻里滋扰严重，且车位严重匮乏，每晚加班回来抢车位像打仗。,要求有超大面宽南向双阳台（观景家政分离），主卧大飘窗能270度直面自然景观。,无需日常通勤，但要求30分钟内快捷通达凤凰机场或高铁站。,崇尚度假慢生活，清晨沙滩漫步，午后椰林下午茶，酷爱轻户外及后海冲浪。,名下持有一套旧两居，置换回款 65% + 个人理财储蓄补充 + 公积金商业贷,重性价比，不盲信大牌，但要求物业管理有序、绿化修剪及时、人防技防规范。,每年11月至次年3月到此度过漫长冬季，极其依赖周边的康养及适老化服务。
三_2011_01767,三亚,2011,外地候鸟-西北,63,男,1.7,15.4,0.5,23.2,2,0,否,C,network,0.3,0.6,0.95,0.65,0.51,0.56,0.06,0,0.52,度假,两室一厅,58,3524,西安设计院退休总建筑师,高知退休康养,与父母同住，三代人拥挤在旧区小户型老房中,老小区隔音差，邻里滋扰严重，且车位严重匮乏，每晚加班回来抢车位像打仗。,要求有超大面宽南向双阳台（观景家政分离），主卧大飘窗能270度直面自然景观。,无需日常通勤，但要求30分钟内快捷通达凤凰机场或高铁站。,崇尚度假慢生活，清晨沙滩漫步，午后椰林下午茶，酷爱轻户外及后海冲浪。,名下持有一套旧两居，置换回款 65% + 个人理财储蓄补充 + 公积金商业贷,重性价比，不盲信大牌，但要求物业管理有序、绿化修剪及时、人防技防规范。,每年11月至次年3月到此度过漫长冬季，极其依赖周边的康养及适老化服务。
三_2011_01768,三亚,2011,度假投资,44,男,7.7,93.0,0.4,174.4,4,2,否,A,research,0.53,0.48,0.95,0.46,0.43,0.46,0,0.08,0.67,投资-长持,三室两厅,97,14280,上市公司退休联合创始人,二胎黄金期中大户型,陆家嘴核心区江景大平层,无高端私密会所及管家式物业配套，圈层鱼龙混杂，高净值居住体验差。,要求有超大面宽南向双阳台（观景家政分离），主卧大飘窗能270度直面自然景观。,无需日常通勤，但要求30分钟内快捷通达凤凰机场或高铁站。,周末常去高端商圈消费，热衷打网球和马术，重度手冲咖啡及黑胶唱片发烧友。,名下已有企业股权套现或分红现金，一次性全款付清，基本不加杠杆,重性价比，不盲信大牌，但要求物业管理有序、绿化修剪及时、人防技防规范。,每年11月至次年3月到此度过漫长冬季，极其依赖周边的康养及适老化服务。
三_2011_01769,三亚,2011,外地候鸟-西北,55,女,2.6,22.0,0.5,33.0,2,0,否,C,network,0.15,0.6,1,0.74,0.52,0.5,0,0.02,0.56,度假,两室一厅,96,1732,西安设计院退休总建筑师,高知退休康养,与父母同住，三代人拥挤在旧区小户型老房中,老小区隔音差，邻里滋扰严重，且车位严重匮乏，每晚加班回来抢车位像打仗。,要求独立电梯入户，主次卧动线分明，配备独立保姆房和私密后院。,无需日常通勤，但要求30分钟内快捷通达凤凰机场或高铁站。,崇尚度假慢生活，清晨沙滩漫步，午后椰林下午茶，酷爱轻户外及后海冲浪。,名下持有一套旧两居，置换回款 65% + 个人理财储蓄补充 + 公积金商业贷,重性价比，不盲信大牌，但要求物业管理有序、绿化修剪及时、人防技防规范。,每年11月至次年3月到此度过漫长冬季，极其依赖周边的康养及适老化服务。
三_2011_01770,三亚,2011,外地候鸟-华北,58,女,2.8,28.8,0.5,43.2,1,0,否,B,network,0.52,0.55,0.95,0.63,0.61,0.54,0.18,0.04,0.6,度假,两室两厅,91,4063,央企总部退休总工,高知退休康养,三亚中环品质两居，车位及空间极其拥挤,老小区隔音差，邻里滋扰严重，且车位严重匮乏，每晚加班回来抢车位像打仗。,要求有超大面宽南向双阳台（观景家政分离），主卧大飘窗能270度直面自然景观。,无需日常通勤，但要求30分钟内快捷通达凤凰机场或高铁站。,崇尚度假慢生活，清晨沙滩漫步，午后椰林下午茶，酷爱轻户外及后海冲浪。,名下持有一套旧两居，置换回款 65% + 个人理财储蓄补充 + 公积金商业贷,重性价比，不盲信大牌，但要求物业管理有序、绿化修剪及时、人防技防规范。,每年11月至次年3月到此度过漫长冬季，极其依赖周边的康养及适老化服务。
三_2011_01771,三亚,2011,本地改善,48,男,2.6,17.4,0.35,37.2,4,2,否,B,agent,0.38,0.51,0.59,0.46,0.37,0.57,0.39,0.72,0.45,自住-改善,一室一厅,67,3677,国企中层管理,二胎黄金期中大户型,三亚中环品质两居，车位及空间极其拥挤,小区无地下车库且人车不分流，小孩在楼下玩耍或者推婴儿车极为不安全。,核心要求地块属于第一梯队名校学区，且周边500米内解决幼小衔接教育配套。,无需日常通勤，但要求30分钟内快捷通达凤凰机场或高铁站。,崇尚度假慢生活，清晨沙滩漫步，午后椰林下午茶，酷爱轻户外及后海冲浪。,名下持有一套旧两居，置换回款 65% + 个人理财储蓄补充 + 公积金商业贷,重性价比，不盲信大牌，但要求物业管理有序、绿化修剪及时、人防技防规范。,本地常住人口，四季生活规律，度假频次为常规年假出行。
三_2011_01772,三亚,2011,度假投资,48,女,4.9,48.0,0.4,90.0,2,1,是,A,research,1,0.25,0.89,0.62,0.62,0.39,0.01,0,0.75,投资-长持,两室两厅,57,12226,上市公司退休联合创始人,三口之家(学龄段),西湖边高精平层,当前房屋属于旧多层无电梯房，父母年纪渐高每天爬楼梯极为吃力。,要求有超大面宽南向双阳台（观景家政分离），主卧大飘窗能270度直面自然景观。,无需日常通勤，但要求30分钟内快捷通达凤凰机场或高铁站。,周末常去高端商圈消费，热衷打网球和马术，重度手冲咖啡及黑胶唱片发烧友。,名下已有企业股权套现或分红现金，一次性全款付清，基本不加杠杆,非仁恒、绿城、万科等金牌开发商不买，极度看重高端精装质量与顶级物业的增值口碑。,每年11月至次年3月到此度过漫长冬季，极其依赖周边的康养及适老化服务。
三_2011_01773,三亚,2011,本地改善,37,男,1.4,9.4,0.35,20.2,4,1,否,B,agent,1,0.56,0.53,0.5,0.32,0.81,0.39,0.63,0.4,自住-改善,两室两厅,69,2583,国企中层管理,三口之家(幼龄段),三亚中环品质两居，车位及空间极其拥挤,小区无地下车库且人车不分流，小孩在楼下玩耍或者推婴儿车极为不安全。,讲究超高得房率（超85%），主卧套房必须配备独立步入式衣帽间与干湿分离双卫。,无需日常通勤，但要求30分钟内快捷通达凤凰机场或高铁站。,崇尚度假慢生活，清晨沙滩漫步，午后椰林下午茶，酷爱轻户外及后海冲浪。,名下持有一套旧两居，置换回款 65% + 个人理财储蓄补充 + 公积金商业贷,重性价比，不盲信大牌，但要求物业管理有序、绿化修剪及时、人防技防规范。,本地常住人口，四季生活规律，度假频次为常规年假出行。
三_2011_01774,三亚,2011,外地候鸟-西北,69,男,3.8,31.1,0.5,46.6,1,0,否,C,network,0.23,0.46,0.93,0.7,0.45,0.42,0.02,0,0.47,度假,一室一厅,65,6026,西安设计院退休总建筑师,高知退休康养,与父母同住，三代人拥挤在旧区小户型老房中,老小区隔音差，邻里滋扰严重，且车位严重匮乏，每晚加班回来抢车位像打仗。,要求独立电梯入户，主次卧动线分明，配备独立保姆房和私密后院。,无需日常通勤，但要求30分钟内快捷通达凤凰机场或高铁站。,崇尚度假慢生活，清晨沙滩漫步，午后椰林下午茶，酷爱轻户外及后海冲浪。,名下持有一套旧两居，置换回款 65% + 个人理财储蓄补充 + 公积金商业贷,重性价比，不盲信大牌，但要求物业管理有序、绿化修剪及时、人防技防规范。,每年11月至次年3月到此度过漫长冬季，极其依赖周边的康养及适老化服务。
三_2011_01775,三亚,2011,本地改善,43,男,3.3,22.0,0.35,47.2,3,1,否,B,agent,0.6,0.55,0.63,0.4,0.47,0.85,0.58,0.64,0.35,自住-改善,一室一厅,57,5535,智能新能源车企研发骨干,三口之家(学龄段),三亚中环品质两居，车位及空间极其拥挤,小区无地下车库且人车不分流，小孩在楼下玩耍或者推婴儿车极为不安全。,讲究超高得房率（超85%），主卧套房必须配备独立步入式衣帽间与干湿分离双卫。,无需日常通勤，但要求30分钟内快捷通达凤凰机场或高铁站。,崇尚度假慢生活，清晨沙滩漫步，午后椰林下午茶，酷爱轻户外及后海冲浪。,名下持有一套旧两居，置换回款 65% + 个人理财储蓄补充 + 公积金商业贷,重性价比，不盲信大牌，但要求物业管理有序、绿化修剪及时、人防技防规范。,本地常住人口，四季生活规律，度假频次为常规年假出行。
三_2011_01776,三亚,2011,外地候鸟-华北,67,男,3.1,17.9,0.5,26.8,2,1,否,B,network,0.64,0.67,0.86,0.59,0.79,0.55,0,0,0.43,养老,两室两厅,83,1863,高校资深硕导,三口之家(学龄段),三亚中环品质两居，车位及空间极其拥挤,小区无地下车库且人车不分流，小孩在楼下玩耍或者推婴儿车极为不安全。,要求有超大面宽南向双阳台（观景家政分离），主卧大飘窗能270度直面自然景观。,无需日常通勤，但要求30分钟内快捷通达凤凰机场或高铁站。,崇尚度假慢生活，清晨沙滩漫步，午后椰林下午茶，酷爱轻户外及后海冲浪。,名下持有一套旧两居，置换回款 65% + 个人理财储蓄补充 + 公积金商业贷,重性价比，不盲信大牌，但要求物业管理有序、绿化修剪及时、人防技防规范。,每年11月至次年3月到此度过漫长冬季，极其依赖周边的康养及适老化服务。
三_2011_01777,三亚,2011,本地改善,50,女,1.2,5.0,0.35,10.7,4,0,是,B,agent,0.7,0.53,0.6,0.43,0.54,0.74,0.31,0.72,0.45,自住-改善,两室两厅,89,1072,国企中层管理,成熟期核心家庭,三亚中环品质两居，车位及空间极其拥挤,当前房屋属于旧多层无电梯房，父母年纪渐高每天爬楼梯极为吃力。,讲究超高得房率（超85%），主卧套房必须配备独立步入式衣帽间与干湿分离双卫。,无需日常通勤，但要求30分钟内快捷通达凤凰机场或高铁站。,崇尚度假慢生活，清晨沙滩漫步，午后椰林下午茶，酷爱轻户外及后海冲浪。,名下持有一套旧两居，置换回款 65% + 个人理财储蓄补充 + 公积金商业贷,重性价比，不盲信大牌，但要求物业管理有序、绿化修剪及时、人防技防规范。,本地常住人口，四季生活规律，度假频次为常规年假出行。
三_2011_01778,三亚,2011,本地改善,50,女,2.7,12.3,0.35,26.4,3,1,是,B,agent,1,0.45,0.7,0.58,0.52,0.7,0.32,0.71,0.48,自住-改善,一室一厅,68,3327,三甲医院主治医师,三口之家(学龄段),三亚中环品质两居，车位及空间极其拥挤,小区无地下车库且人车不分流，小孩在楼下玩耍或者推婴儿车极为不安全。,要求有超大面宽南向双阳台（观景家政分离），主卧大飘窗能270度直面自然景观。,无需日常通勤，但要求30分钟内快捷通达凤凰机场或高铁站。,崇尚度假慢生活，清晨沙滩漫步，午后椰林下午茶，酷爱轻户外及后海冲浪。,名下持有一套旧两居，置换回款 65% + 个人理财储蓄补充 + 公积金商业贷,重性价比，不盲信大牌，但要求物业管理有序、绿化修剪及时、人防技防规范。,本地常住人口，四季生活规律，度假频次为常规年假出行。
三_2011_01779,三亚,2011,外地候鸟-西北,64,女,3.2,24.9,0.5,37.4,2,0,否,C,network,0.22,0.68,0.96,0.7,0.44,0.47,0,0.02,0.52,养老,一室一厅,58,3631,西安设计院退休总建筑师,高知退休康养,与父母同住，三代人拥挤在旧区小户型老房中,老小区隔音差，邻里滋扰严重，且车位严重匮乏，每晚加班回来抢车位像打仗。,要求独立电梯入户，主次卧动线分明，配备独立保姆房和私密后院。,无需日常通勤，但要求30分钟内快捷通达凤凰机场或高铁站。,崇尚度假慢生活，清晨沙滩漫步，午后椰林下午茶，酷爱轻户外及后海冲浪。,名下持有一套旧两居，置换回款 65% + 个人理财储蓄补充 + 公积金商业贷,重性价比，不盲信大牌，但要求物业管理有序、绿化修剪及时、人防技防规范。,每年11月至次年3月到此度过漫长冬季，极其依赖周边的康养及适老化服务。
三_2011_01780,三亚,2011,外地候鸟-华北,74,女,4.6,37.4,0.5,56.1,1,0,否,B,network,0.81,0.55,1,0.69,0.69,0.55,0,0.08,0.45,度假,一室一厅,83,4868,央企总部退休总工,高知退休康养,三亚中环品质两居，车位及空间极其拥挤,老小区隔音差，邻里滋扰严重，且车位严重匮乏，每晚加班回来抢车位像打仗。,要求有超大面宽南向双阳台（观景家政分离），主卧大飘窗能270度直面自然景观。,无需日常通勤，但要求30分钟内快捷通达凤凰机场或高铁站。,崇尚度假慢生活，清晨沙滩漫步，午后椰林下午茶，酷爱轻户外及后海冲浪。,名下持有一套旧两居，置换回款 65% + 个人理财储蓄补充 + 公积金商业贷,重性价比，不盲信大牌，但要求物业管理有序、绿化修剪及时、人防技防规范。,每年11月至次年3月到此度过漫长冬季，极其依赖周边的康养及适老化服务。
三_2011_01781,三亚,2011,度假投资,35,男,9.3,108.5,0.4,203.5,4,1,是,A,research,0.75,0.53,0.76,0.69,0.53,0.53,0,0.19,0.7,投资-短期,三室一厅,96,17743,上市公司退休联合创始人,三口之家(幼龄段),西湖边高精平层,当前房屋属于旧多层无电梯房，父母年纪渐高每天爬楼梯极为吃力。,要求有超大面宽南向双阳台（观景家政分离），主卧大飘窗能270度直面自然景观。,无需日常通勤，但要求30分钟内快捷通达凤凰机场或高铁站。,周末常去高端商圈消费，热衷打网球和马术，重度手冲咖啡及黑胶唱片发烧友。,名下已有企业股权套现或分红现金，一次性全款付清，基本不加杠杆,重性价比，不盲信大牌，但要求物业管理有序、绿化修剪及时、人防技防规范。,每年11月至次年3月到此度过漫长冬季，极其依赖周边的康养及适老化服务。
三_2011_01782,三亚,2011,外地候鸟-东北,58,男,2.8,21.0,0.5,31.5,2,0,否,C,network,0.12,0.62,0.89,0.74,0.63,0.42,0.04,0.17,0.57,养老,一室一厅,79,2376,沈阳大型重工企业退休副厂长,高知退休康养,与父母同住，三代人拥挤在旧区小户型老房中,老小区隔音差，邻里滋扰严重，且车位严重匮乏，每晚加班回来抢车位像打仗。,要求独立电梯入户，主次卧动线分明，配备独立保姆房和私密后院。,无需日常通勤，但要求30分钟内快捷通达凤凰机场或高铁站。,崇尚度假慢生活，清晨沙滩漫步，午后椰林下午茶，酷爱轻户外及后海冲浪。,名下持有一套旧两居，置换回款 65% + 个人理财储蓄补充 + 公积金商业贷,重性价比，不盲信大牌，但要求物业管理有序、绿化修剪及时、人防技防规范。,每年11月至次年3月到此度过漫长冬季，极其依赖周边的康养及适老化服务。
三_2011_01783,三亚,2011,外地候鸟-华北,68,女,2.3,16.1,0.5,24.2,3,0,否,B,network,0.77,0.72,0.83,0.55,0.58,0.52,0,0.08,0.56,度假,一室一厅,83,2387,高校资深硕导,高知退休康养,三亚中环品质两居，车位及空间极其拥挤,老小区隔音差，邻里滋扰严重，且车位严重匮乏，每晚加班回来抢车位像打仗。,要求有超大面宽南向双阳台（观景家政分离），主卧大飘窗能270度直面自然景观。,无需日常通勤，但要求30分钟内快捷通达凤凰机场或高铁站。,崇尚度假慢生活，清晨沙滩漫步，午后椰林下午茶，酷爱轻户外及后海冲浪。,名下持有一套旧两居，置换回款 65% + 个人理财储蓄补充 + 公积金商业贷,重性价比，不盲信大牌，但要求物业管理有序、绿化修剪及时、人防技防规范。,每年11月至次年3月到此度过漫长冬季，极其依赖周边的康养及适老化服务。
三_2011_01784,三亚,2011,外地候鸟-华北,70,男,2.4,15.9,0.5,23.9,1,0,否,B,network,0.44,0.68,1,0.77,0.59,0.64,0.11,0,0.61,度假,一室一厅,59,2458,高校资深硕导,高知退休康养,三亚中环品质两居，车位及空间极其拥挤,老小区隔音差，邻里滋扰严重，且车位严重匮乏，每晚加班回来抢车位像打仗。,要求独立电梯入户，主次卧动线分明，配备独立保姆房和私密后院。,无需日常通勤，但要求30分钟内快捷通达凤凰机场或高铁站。,崇尚度假慢生活，清晨沙滩漫步，午后椰林下午茶，酷爱轻户外及后海冲浪。,名下持有一套旧两居，置换回款 65% + 个人理财储蓄补充 + 公积金商业贷,重性价比，不盲信大牌，但要求物业管理有序、绿化修剪及时、人防技防规范。,每年11月至次年3月到此度过漫长冬季，极其依赖周边的康养及适老化服务。
三_2011_01785,三亚,2011,外地候鸟-华北,73,女,3.2,20.8,0.5,31.2,2,0,否,B,network,0.5,0.46,0.92,0.77,0.48,0.51,0,0,0.58,养老,两室两厅,64,4264,高校资深硕导,高知退休康养,三亚中环品质两居，车位及空间极其拥挤,老小区隔音差，邻里滋扰严重，且车位严重匮乏，每晚加班回来抢车位像打仗。,要求独立电梯入户，主次卧动线分明，配备独立保姆房和私密后院。,无需日常通勤，但要求30分钟内快捷通达凤凰机场或高铁站。,崇尚度假慢生活，清晨沙滩漫步，午后椰林下午茶，酷爱轻户外及后海冲浪。,名下持有一套旧两居，置换回款 65% + 个人理财储蓄补充 + 公积金商业贷,重性价比，不盲信大牌，但要求物业管理有序、绿化修剪及时、人防技防规范。,每年11月至次年3月到此度过漫长冬季，极其依赖周边的康养及适老化服务。
三_2011_01786,三亚,2011,本地改善,38,女,3.5,23.7,0.35,50.8,3,1,是,B,agent,0.7,0.56,0.63,0.48,0.3,0.67,0.41,0.75,0.44,自住-改善,两室一厅,94,4083,三甲医院主治医师,三口之家(学龄段),三亚中环品质两居，车位及空间极其拥挤,小区无地下车库且人车不分流，小孩在楼下玩耍或者推婴儿车极为不安全。,核心要求地块属于第一梯队名校学区，且周边500米内解决幼小衔接教育配套。,无需日常通勤，但要求30分钟内快捷通达凤凰机场或高铁站。,崇尚度假慢生活，清晨沙滩漫步，午后椰林下午茶，酷爱轻户外及后海冲浪。,名下持有一套旧两居，置换回款 65% + 个人理财储蓄补充 + 公积金商业贷,重性价比，不盲信大牌，但要求物业管理有序、绿化修剪及时、人防技防规范。,本地常住人口，四季生活规律，度假频次为常规年假出行。
三_2011_01787,三亚,2011,外地候鸟-华北,64,男,3.9,21.8,0.5,32.8,2,1,否,B,network,0.43,0.65,0.89,0.82,0.57,0.51,0.05,0,0.43,度假,一室一厅,57,5125,央企总部退休总工,三口之家(学龄段),三亚中环品质两居，车位及空间极其拥挤,小区无地下车库且人车不分流，小孩在楼下玩耍或者推婴儿车极为不安全。,要求独立电梯入户，主次卧动线分明，配备独立保姆房和私密后院。,无需日常通勤，但要求30分钟内快捷通达凤凰机场或高铁站。,崇尚度假慢生活，清晨沙滩漫步，午后椰林下午茶，酷爱轻户外及后海冲浪。,名下持有一套旧两居，置换回款 65% + 个人理财储蓄补充 + 公积金商业贷,重性价比，不盲信大牌，但要求物业管理有序、绿化修剪及时、人防技防规范。,每年11月至次年3月到此度过漫长冬季，极其依赖周边的康养及适老化服务。
三_2011_01788,三亚,2011,外地候鸟-西北,73,男,2.8,23.7,0.5,35.5,2,0,否,C,network,0.63,0.8,0.81,0.6,0.63,0.5,0.04,0.04,0.52,度假,两室两厅,67,3660,兰州煤炭物流运输企业主,高知退休康养,与父母同住，三代人拥挤在旧区小户型老房中,老小区隔音差，邻里滋扰严重，且车位严重匮乏，每晚加班回来抢车位像打仗。,要求有超大面宽南向双阳台（观景家政分离），主卧大飘窗能270度直面自然景观。,无需日常通勤，但要求30分钟内快捷通达凤凰机场或高铁站。,崇尚度假慢生活，清晨沙滩漫步，午后椰林下午茶，酷爱轻户外及后海冲浪。,名下持有一套旧两居，置换回款 65% + 个人理财储蓄补充 + 公积金商业贷,重性价比，不盲信大牌，但要求物业管理有序、绿化修剪及时、人防技防规范。,每年11月至次年3月到此度过漫长冬季，极其依赖周边的康养及适老化服务。
三_2011_01789,三亚,2011,外地候鸟-西北,65,女,4.0,29.6,0.5,44.4,2,0,否,C,network,0.5,0.58,0.76,0.61,0.59,0.47,0,0.13,0.55,度假,一室一厅,100,2590,西安设计院退休总建筑师,高知退休康养,与父母同住，三代人拥挤在旧区小户型老房中,老小区隔音差，邻里滋扰严重，且车位严重匮乏，每晚加班回来抢车位像打仗。,要求有超大面宽南向双阳台（观景家政分离），主卧大飘窗能270度直面自然景观。,无需日常通勤，但要求30分钟内快捷通达凤凰机场或高铁站。,崇尚度假慢生活，清晨沙滩漫步，午后椰林下午茶，酷爱轻户外及后海冲浪。,名下持有一套旧两居，置换回款 65% + 个人理财储蓄补充 + 公积金商业贷,重性价比，不盲信大牌，但要求物业管理有序、绿化修剪及时、人防技防规范。,每年11月至次年3月到此度过漫长冬季，极其依赖周边的康养及适老化服务。
三_2011_01790,三亚,2011,外地候鸟-华北,70,女,4.2,32.9,0.5,49.3,1,0,否,B,network,0.61,0.63,0.91,0.63,0.62,0.48,0.0,0.01,0.6,养老,两室两厅,70,5204,北京三甲医院退休教授,高知退休康养,三亚中环品质两居，车位及空间极其拥挤,老小区隔音差，邻里滋扰严重，且车位严重匮乏，每晚加班回来抢车位像打仗。,要求有超大面宽南向双阳台（观景家政分离），主卧大飘窗能270度直面自然景观。,无需日常通勤，但要求30分钟内快捷通达凤凰机场或高铁站。,崇尚度假慢生活，清晨沙滩漫步，午后椰林下午茶，酷爱轻户外及后海冲浪。,名下持有一套旧两居，置换回款 65% + 个人理财储蓄补充 + 公积金商业贷,重性价比，不盲信大牌，但要求物业管理有序、绿化修剪及时、人防技防规范。,每年11月至次年3月到此度过漫长冬季，极其依赖周边的康养及适老化服务。
三_2011_01791,三亚,2011,外地候鸟-华北,64,男,5.9,58.1,0.5,87.2,3,0,是,B,network,0.64,0.57,0.82,0.66,0.57,0.59,0,0.05,0.57,养老,两室两厅,87,7792,北京三甲医院退休教授,高知退休康养,三亚中环品质两居，车位及空间极其拥挤,当前房屋属于旧多层无电梯房，父母年纪渐高每天爬楼梯极为吃力。,要求有超大面宽南向双阳台（观景家政分离），主卧大飘窗能270度直面自然景观。,无需日常通勤，但要求30分钟内快捷通达凤凰机场或高铁站。,崇尚度假慢生活，清晨沙滩漫步，午后椰林下午茶，酷爱轻户外及后海冲浪。,名下持有一套旧两居，置换回款 65% + 个人理财储蓄补充 + 公积金商业贷,重性价比，不盲信大牌，但要求物业管理有序、绿化修剪及时、人防技防规范。,每年11月至次年3月到此度过漫长冬季，极其依赖周边的康养及适老化服务。
三_2011_01792,三亚,2011,本地改善,41,男,1.9,14.2,0.35,30.5,5,1,否,B,agent,0.72,0.55,0.52,0.33,0.44,0.75,0.48,0.74,0.46,自住-改善,两室一厅,57,4245,区级税务局一级主办,三口之家(学龄段),三亚中环品质两居，车位及空间极其拥挤,小区无地下车库且人车不分流，小孩在楼下玩耍或者推婴儿车极为不安全。,讲究超高得房率（超85%），主卧套房必须配备独立步入式衣帽间与干湿分离双卫。,无需日常通勤，但要求30分钟内快捷通达凤凰机场或高铁站。,崇尚度假慢生活，清晨沙滩漫步，午后椰林下午茶，酷爱轻户外及后海冲浪。,名下持有一套旧两居，置换回款 65% + 个人理财储蓄补充 + 公积金商业贷,重性价比，不盲信大牌，但要求物业管理有序、绿化修剪及时、人防技防规范。,本地常住人口，四季生活规律，度假频次为常规年假出行。
三_2011_01793,三亚,2011,外地候鸟-华北,63,男,4.5,45.2,0.5,67.8,2,0,否,B,network,0.52,0.63,0.93,0.8,0.63,0.36,0,0.04,0.52,养老,两室一厅,71,7709,北京三甲医院退休教授,高知退休康养,三亚中环品质两居，车位及空间极其拥挤,老小区隔音差，邻里滋扰严重，且车位严重匮乏，每晚加班回来抢车位像打仗。,要求独立电梯入户，主次卧动线分明，配备独立保姆房和私密后院。,无需日常通勤，但要求30分钟内快捷通达凤凰机场或高铁站。,崇尚度假慢生活，清晨沙滩漫步，午后椰林下午茶，酷爱轻户外及后海冲浪。,名下持有一套旧两居，置换回款 65% + 个人理财储蓄补充 + 公积金商业贷,重性价比，不盲信大牌，但要求物业管理有序、绿化修剪及时、人防技防规范。,每年11月至次年3月到此度过漫长冬季，极其依赖周边的康养及适老化服务。
三_2011_01794,三亚,2011,本地改善,33,女,2.9,13.4,0.35,28.6,3,1,否,B,agent,0.96,0.58,0.61,0.58,0.42,0.72,0.45,0.62,0.4,自住-改善,一室一厅,82,2487,智能新能源车企研发骨干,三口之家(幼龄段),三亚中环品质两居，车位及空间极其拥挤,小区无地下车库且人车不分流，小孩在楼下玩耍或者推婴儿车极为不安全。,讲究超高得房率（超85%），主卧套房必须配备独立步入式衣帽间与干湿分离双卫。,无需日常通勤，但要求30分钟内快捷通达凤凰机场或高铁站。,崇尚度假慢生活，清晨沙滩漫步，午后椰林下午茶，酷爱轻户外及后海冲浪。,名下持有一套旧两居，置换回款 65% + 个人理财储蓄补充 + 公积金商业贷,重性价比，不盲信大牌，但要求物业管理有序、绿化修剪及时、人防技防规范。,本地常住人口，四季生活规律，度假频次为常规年假出行。
三_2011_01795,三亚,2011,本地改善,34,男,3.1,19.6,0.35,41.9,4,0,否,B,agent,1,0.51,0.56,0.18,0.31,0.83,0.6,0.71,0.24,自住-改善,两室一厅,80,3785,三甲医院主治医师,新婚过渡两居,三亚中环品质两居，车位及空间极其拥挤,老小区隔音差，邻里滋扰严重，且车位严重匮乏，每晚加班回来抢车位像打仗。,讲究超高得房率（超85%），主卧套房必须配备独立步入式衣帽间与干湿分离双卫。,无需日常通勤，但要求30分钟内快捷通达凤凰机场或高铁站。,崇尚度假慢生活，清晨沙滩漫步，午后椰林下午茶，酷爱轻户外及后海冲浪。,名下持有一套旧两居，置换回款 65% + 个人理财储蓄补充 + 公积金商业贷,重性价比，不盲信大牌，但要求物业管理有序、绿化修剪及时、人防技防规范。,本地常住人口，四季生活规律，度假频次为常规年假出行。
三_2011_01796,三亚,2011,本地改善,41,女,2.4,11.8,0.35,25.3,3,1,否,B,agent,0.71,0.46,0.65,0.4,0.29,0.67,0.52,0.78,0.31,自住-改善,两室两厅,84,2644,智能新能源车企研发骨干,三口之家(学龄段),三亚中环品质两居，车位及空间极其拥挤,小区无地下车库且人车不分流，小孩在楼下玩耍或者推婴儿车极为不安全。,核心要求地块属于第一梯队名校学区，且周边500米内解决幼小衔接教育配套。,无需日常通勤，但要求30分钟内快捷通达凤凰机场或高铁站。,崇尚度假慢生活，清晨沙滩漫步，午后椰林下午茶，酷爱轻户外及后海冲浪。,名下持有一套旧两居，置换回款 65% + 个人理财储蓄补充 + 公积金商业贷,重性价比，不盲信大牌，但要求物业管理有序、绿化修剪及时、人防技防规范。,本地常住人口，四季生活规律，度假频次为常规年假出行。
三_2011_01797,三亚,2011,外地候鸟-华北,64,女,3.5,29.6,0.5,44.3,3,0,否,B,network,0.62,0.43,0.75,0.71,0.55,0.53,0.07,0.07,0.61,养老,两室一厅,70,5694,高校资深硕导,高知退休康养,三亚中环品质两居，车位及空间极其拥挤,老小区隔音差，邻里滋扰严重，且车位严重匮乏，每晚加班回来抢车位像打仗。,要求独立电梯入户，主次卧动线分明，配备独立保姆房和私密后院。,无需日常通勤，但要求30分钟内快捷通达凤凰机场或高铁站。,崇尚度假慢生活，清晨沙滩漫步，午后椰林下午茶，酷爱轻户外及后海冲浪。,名下持有一套旧两居，置换回款 65% + 个人理财储蓄补充 + 公积金商业贷,重性价比，不盲信大牌，但要求物业管理有序、绿化修剪及时、人防技防规范。,每年11月至次年3月到此度过漫长冬季，极其依赖周边的康养及适老化服务。
三_2011_01798,三亚,2011,本地改善,47,女,2.9,19.3,0.35,41.3,4,1,否,B,agent,0.66,0.53,0.59,0.37,0.41,0.75,0.41,0.73,0.65,自住-改善,两室两厅,100,2534,智能新能源车企研发骨干,三口之家(学龄段),三亚中环品质两居，车位及空间极其拥挤,小区无地下车库且人车不分流，小孩在楼下玩耍或者推婴儿车极为不安全。,讲究超高得房率（超85%），主卧套房必须配备独立步入式衣帽间与干湿分离双卫。,无需日常通勤，但要求30分钟内快捷通达凤凰机场或高铁站。,崇尚度假慢生活，清晨沙滩漫步，午后椰林下午茶，酷爱轻户外及后海冲浪。,名下持有一套旧两居，置换回款 65% + 个人理财储蓄补充 + 公积金商业贷,重性价比，不盲信大牌，但要求物业管理有序、绿化修剪及时、人防技防规范。,本地常住人口，四季生活规律，度假频次为常规年假出行。
三_2011_01799,三亚,2011,外地候鸟-西北,69,女,3.6,30.4,0.5,45.6,2,0,否,C,network,0.12,0.56,1,0.42,0.42,0.55,0.02,0,0.53,养老,一室一厅,85,4176,兰州煤炭物流运输企业主,高知退休康养,与父母同住，三代人拥挤在旧区小户型老房中,老小区隔音差，邻里滋扰严重，且车位严重匮乏，每晚加班回来抢车位像打仗。,要求有超大面宽南向双阳台（观景家政分离），主卧大飘窗能270度直面自然景观。,无需日常通勤，但要求30分钟内快捷通达凤凰机场或高铁站。,崇尚度假慢生活，清晨沙滩漫步，午后椰林下午茶，酷爱轻户外及后海冲浪。,名下持有一套旧两居，置换回款 65% + 个人理财储蓄补充 + 公积金商业贷,重性价比，不盲信大牌，但要求物业管理有序、绿化修剪及时、人防技防规范。,每年11月至次年3月到此度过漫长冬季，极其依赖周边的康养及适老化服务。
三_2011_01800,三亚,2011,本地改善,50,男,2.4,16.6,0.35,35.5,4,1,是,B,agent,0.61,0.56,0.63,0.5,0.32,0.75,0.41,0.69,0.31,自住-改善,一室一厅,60,4394,区级税务局一级主办,三口之家(学龄段),三亚中环品质两居，车位及空间极其拥挤,小区无地下车库且人车不分流，小孩在楼下玩耍或者推婴儿车极为不安全。,讲究超高得房率（超85%），主卧套房必须配备独立步入式衣帽间与干湿分离双卫。,无需日常通勤，但要求30分钟内快捷通达凤凰机场或高铁站。,崇尚度假慢生活，清晨沙滩漫步，午后椰林下午茶，酷爱轻户外及后海冲浪。,名下持有一套旧两居，置换回款 65% + 个人理财储蓄补充 + 公积金商业贷,重性价比，不盲信大牌，但要求物业管理有序、绿化修剪及时、人防技防规范。,本地常住人口，四季生活规律，度假频次为常规年假出行。
三_2011_01801,三亚,2011,本地改善,37,女,3.6,20.6,0.35,44.2,4,0,是,B,agent,0.92,0.61,0.6,0.52,0.43,0.57,0.6,0.69,0.47,自住-改善,一室一厅,98,2411,区级税务局一级主办,成熟期核心家庭,三亚中环品质两居，车位及空间极其拥挤,当前房屋属于旧多层无电梯房，父母年纪渐高每天爬楼梯极为吃力。,要求采光通透，全明户型，带多功能嵌入式收纳墙以最大化空间利用。,无需日常通勤，但要求30分钟内快捷通达凤凰机场或高铁站。,崇尚度假慢生活，清晨沙滩漫步，午后椰林下午茶，酷爱轻户外及后海冲浪。,名下持有一套旧两居，置换回款 65% + 个人理财储蓄补充 + 公积金商业贷,重性价比，不盲信大牌，但要求物业管理有序、绿化修剪及时、人防技防规范。,本地常住人口，四季生活规律，度假频次为常规年假出行。
三_2011_01802,三亚,2011,外地候鸟-西北,64,男,3.4,26.2,0.5,39.2,3,0,否,C,network,0.37,0.52,0.8,0.55,0.49,0.5,0.11,0.08,0.36,度假,两室两厅,74,2859,西安设计院退休总建筑师,高知退休康养,与父母同住，三代人拥挤在旧区小户型老房中,老小区隔音差，邻里滋扰严重，且车位严重匮乏，每晚加班回来抢车位像打仗。,要求有超大面宽南向双阳台（观景家政分离），主卧大飘窗能270度直面自然景观。,无需日常通勤，但要求30分钟内快捷通达凤凰机场或高铁站。,崇尚度假慢生活，清晨沙滩漫步，午后椰林下午茶，酷爱轻户外及后海冲浪。,名下持有一套旧两居，置换回款 65% + 个人理财储蓄补充 + 公积金商业贷,重性价比，不盲信大牌，但要求物业管理有序、绿化修剪及时、人防技防规范。,每年11月至次年3月到此度过漫长冬季，极其依赖周边的康养及适老化服务。
三_2011_01803,三亚,2011,度假投资,45,男,6.5,62.5,0.4,117.2,3,0,否,A,research,0.64,0.32,0.86,0.5,0.62,0.42,0,0,0.79,度假,一室一厅,95,6592,知名中医药连锁投资人,成熟期核心家庭,市中心私密洋房住宅,无高端私密会所及管家式物业配套，圈层鱼龙混杂，高净值居住体验差。,要求有超大面宽南向双阳台（观景家政分离），主卧大飘窗能270度直面自然景观。,无需日常通勤，但要求30分钟内快捷通达凤凰机场或高铁站。,周末常去高端商圈消费，热衷打网球和马术，重度手冲咖啡及黑胶唱片发烧友。,名下已有企业股权套现或分红现金，一次性全款付清，基本不加杠杆,非仁恒、绿城、万科等金牌开发商不买，极度看重高端精装质量与顶级物业的增值口碑。,每年11月至次年3月到此度过漫长冬季，极其依赖周边的康养及适老化服务。
三_2011_01804,三亚,2011,度假投资,53,男,8.4,94.7,0.4,177.5,3,1,否,A,research,0.96,0.38,0.96,0.53,0.6,0.54,0,0.09,0.83,度假,三室一厅,105,9836,上市公司退休联合创始人,三口之家(学龄段),市中心私密洋房住宅,无高端私密会所及管家式物业配套，圈层鱼龙混杂，高净值居住体验差。,要求有超大面宽南向双阳台（观景家政分离），主卧大飘窗能270度直面自然景观。,无需日常通勤，但要求30分钟内快捷通达凤凰机场或高铁站。,周末常去高端商圈消费，热衷打网球和马术，重度手冲咖啡及黑胶唱片发烧友。,名下已有企业股权套现或分红现金，一次性全款付清，基本不加杠杆,非仁恒、绿城、万科等金牌开发商不买，极度看重高端精装质量与顶级物业的增值口碑。,每年11月至次年3月到此度过漫长冬季，极其依赖周边的康养及适老化服务。
三_2011_01805,三亚,2011,本地改善,40,女,3.2,22.1,0.35,47.4,4,1,否,B,agent,0.51,0.49,0.66,0.52,0.42,0.78,0.5,0.81,0.46,自住-改善,两室两厅,69,5013,重点中学高级教师,三口之家(学龄段),三亚中环品质两居，车位及空间极其拥挤,小区无地下车库且人车不分流，小孩在楼下玩耍或者推婴儿车极为不安全。,讲究超高得房率（超85%），主卧套房必须配备独立步入式衣帽间与干湿分离双卫。,无需日常通勤，但要求30分钟内快捷通达凤凰机场或高铁站。,崇尚度假慢生活，清晨沙滩漫步，午后椰林下午茶，酷爱轻户外及后海冲浪。,名下持有一套旧两居，置换回款 65% + 个人理财储蓄补充 + 公积金商业贷,重性价比，不盲信大牌，但要求物业管理有序、绿化修剪及时、人防技防规范。,本地常住人口，四季生活规律，度假频次为常规年假出行。
三_2011_01806,三亚,2011,外地候鸟-华北,72,女,5.5,34.2,0.5,51.3,2,0,否,B,network,0.26,0.49,0.89,0.64,0.59,0.49,0,0.04,0.58,度假,一室一厅,50,5177,央企总部退休总工,高知退休康养,三亚中环品质两居，车位及空间极其拥挤,老小区隔音差，邻里滋扰严重，且车位严重匮乏，每晚加班回来抢车位像打仗。,要求有超大面宽南向双阳台（观景家政分离），主卧大飘窗能270度直面自然景观。,无需日常通勤，但要求30分钟内快捷通达凤凰机场或高铁站。,崇尚度假慢生活，清晨沙滩漫步，午后椰林下午茶，酷爱轻户外及后海冲浪。,名下持有一套旧两居，置换回款 65% + 个人理财储蓄补充 + 公积金商业贷,重性价比，不盲信大牌，但要求物业管理有序、绿化修剪及时、人防技防规范。,每年11月至次年3月到此度过漫长冬季，极其依赖周边的康养及适老化服务。
三_2011_01807,三亚,2011,本地改善,44,女,2.6,18.1,0.35,38.7,5,2,是,B,agent,0.94,0.55,0.65,0.45,0.39,0.67,0.53,0.63,0.4,自住-改善,两室两厅,81,3927,区级税务局一级主办,二胎黄金期中大户型,三亚中环品质两居，车位及空间极其拥挤,小区无地下车库且人车不分流，小孩在楼下玩耍或者推婴儿车极为不安全。,要求采光通透，全明户型，带多功能嵌入式收纳墙以最大化空间利用。,无需日常通勤，但要求30分钟内快捷通达凤凰机场或高铁站。,崇尚度假慢生活，清晨沙滩漫步，午后椰林下午茶，酷爱轻户外及后海冲浪。,名下持有一套旧两居，置换回款 65% + 个人理财储蓄补充 + 公积金商业贷,重性价比，不盲信大牌，但要求物业管理有序、绿化修剪及时、人防技防规范。,本地常住人口，四季生活规律，度假频次为常规年假出行。
三_2011_01808,三亚,2011,外地候鸟-华北,72,女,6.1,37.1,0.5,55.7,2,0,否,B,network,0.66,0.58,0.99,0.71,0.53,0.51,0,0,0.5,度假,一室一厅,100,4753,高校资深硕导,高知退休康养,三亚中环品质两居，车位及空间极其拥挤,老小区隔音差，邻里滋扰严重，且车位严重匮乏，每晚加班回来抢车位像打仗。,要求独立电梯入户，主次卧动线分明，配备独立保姆房和私密后院。,无需日常通勤，但要求30分钟内快捷通达凤凰机场或高铁站。,崇尚度假慢生活，清晨沙滩漫步，午后椰林下午茶，酷爱轻户外及后海冲浪。,名下持有一套旧两居，置换回款 65% + 个人理财储蓄补充 + 公积金商业贷,重性价比，不盲信大牌，但要求物业管理有序、绿化修剪及时、人防技防规范。,每年11月至次年3月到此度过漫长冬季，极其依赖周边的康养及适老化服务。
三_2011_01809,三亚,2011,度假投资,41,男,7.2,86.1,0.4,161.5,4,1,否,A,research,0.77,0.33,0.82,0.51,0.66,0.53,0,0.08,0.75,度假,三室两厅,141,9114,上市公司退休联合创始人,三口之家(学龄段),西湖边高精平层,无高端私密会所及管家式物业配套，圈层鱼龙混杂，高净值居住体验差。,要求有超大面宽南向双阳台（观景家政分离），主卧大飘窗能270度直面自然景观。,无需日常通勤，但要求30分钟内快捷通达凤凰机场或高铁站。,周末常去高端商圈消费，热衷打网球和马术，重度手冲咖啡及黑胶唱片发烧友。,名下已有企业股权套现或分红现金，一次性全款付清，基本不加杠杆,非仁恒、绿城、万科等金牌开发商不买，极度看重高端精装质量与顶级物业的增值口碑。,每年11月至次年3月到此度过漫长冬季，极其依赖周边的康养及适老化服务。
三_2011_01810,三亚,2011,本地改善,35,男,2.1,10.0,0.35,21.5,5,1,否,B,agent,0.99,0.67,0.56,0.52,0.46,0.74,0.47,0.72,0.44,自住-改善,一室一厅,56,3158,国企中层管理,三口之家(幼龄段),三亚中环品质两居，车位及空间极其拥挤,小区无地下车库且人车不分流，小孩在楼下玩耍或者推婴儿车极为不安全。,讲究超高得房率（超85%），主卧套房必须配备独立步入式衣帽间与干湿分离双卫。,无需日常通勤，但要求30分钟内快捷通达凤凰机场或高铁站。,崇尚度假慢生活，清晨沙滩漫步，午后椰林下午茶，酷爱轻户外及后海冲浪。,名下持有一套旧两居，置换回款 65% + 个人理财储蓄补充 + 公积金商业贷,重性价比，不盲信大牌，但要求物业管理有序、绿化修剪及时、人防技防规范。,本地常住人口，四季生活规律，度假频次为常规年假出行。
三_2011_01811,三亚,2011,外地候鸟-西北,69,男,4.2,31.6,0.5,47.4,2,0,否,C,network,0.47,0.61,1,0.52,0.46,0.53,0,0.04,0.44,度假,一室一厅,83,4969,西安设计院退休总建筑师,高知退休康养,与父母同住，三代人拥挤在旧区小户型老房中,老小区隔音差，邻里滋扰严重，且车位严重匮乏，每晚加班回来抢车位像打仗。,要求有超大面宽南向双阳台（观景家政分离），主卧大飘窗能270度直面自然景观。,无需日常通勤，但要求30分钟内快捷通达凤凰机场或高铁站。,崇尚度假慢生活，清晨沙滩漫步，午后椰林下午茶，酷爱轻户外及后海冲浪。,名下持有一套旧两居，置换回款 65% + 个人理财储蓄补充 + 公积金商业贷,重性价比，不盲信大牌，但要求物业管理有序、绿化修剪及时、人防技防规范。,每年11月至次年3月到此度过漫长冬季，极其依赖周边的康养及适老化服务。
三_2011_01812,三亚,2011,外地候鸟-华北,71,男,4.0,24.2,0.5,36.3,2,1,否,B,network,0.31,0.72,1,0.85,0.71,0.55,0.0,0.16,0.52,养老,两室两厅,84,3296,高校资深硕导,三口之家(学龄段),三亚中环品质两居，车位及空间极其拥挤,小区无地下车库且人车不分流，小孩在楼下玩耍或者推婴儿车极为不安全。,要求独立电梯入户，主次卧动线分明，配备独立保姆房和私密后院。,无需日常通勤，但要求30分钟内快捷通达凤凰机场或高铁站。,崇尚度假慢生活，清晨沙滩漫步，午后椰林下午茶，酷爱轻户外及后海冲浪。,名下持有一套旧两居，置换回款 65% + 个人理财储蓄补充 + 公积金商业贷,重性价比，不盲信大牌，但要求物业管理有序、绿化修剪及时、人防技防规范。,每年11月至次年3月到此度过漫长冬季，极其依赖周边的康养及适老化服务。
三_2011_01813,三亚,2011,外地候鸟-华北,67,女,3.7,30.8,0.5,46.2,2,0,否,B,network,0.28,0.47,1,0.69,0.45,0.37,0.09,0.0,0.6,度假,一室一厅,57,6545,央企总部退休总工,高知退休康养,三亚中环品质两居，车位及空间极其拥挤,老小区隔音差，邻里滋扰严重，且车位严重匮乏，每晚加班回来抢车位像打仗。,要求有超大面宽南向双阳台（观景家政分离），主卧大飘窗能270度直面自然景观。,无需日常通勤，但要求30分钟内快捷通达凤凰机场或高铁站。,崇尚度假慢生活，清晨沙滩漫步，午后椰林下午茶，酷爱轻户外及后海冲浪。,名下持有一套旧两居，置换回款 65% + 个人理财储蓄补充 + 公积金商业贷,重性价比，不盲信大牌，但要求物业管理有序、绿化修剪及时、人防技防规范。,每年11月至次年3月到此度过漫长冬季，极其依赖周边的康养及适老化服务。
三_2011_01814,三亚,2011,本地改善,36,男,2.3,12.5,0.35,26.8,3,1,是,B,agent,0.57,0.56,0.7,0.41,0.43,0.74,0.51,0.75,0.38,自住-改善,一室一厅,61,3020,重点中学高级教师,三口之家(幼龄段),三亚中环品质两居，车位及空间极其拥挤,小区无地下车库且人车不分流，小孩在楼下玩耍或者推婴儿车极为不安全。,要求有超大面宽南向双阳台（观景家政分离），主卧大飘窗能270度直面自然景观。,无需日常通勤，但要求30分钟内快捷通达凤凰机场或高铁站。,崇尚度假慢生活，清晨沙滩漫步，午后椰林下午茶，酷爱轻户外及后海冲浪。,名下持有一套旧两居，置换回款 65% + 个人理财储蓄补充 + 公积金商业贷,重性价比，不盲信大牌，但要求物业管理有序、绿化修剪及时、人防技防规范。,本地常住人口，四季生活规律，度假频次为常规年假出行。
三_2011_01815,三亚,2011,本地改善,42,男,1.5,7.1,0.35,15.2,4,1,是,B,agent,0.63,0.57,0.78,0.38,0.22,0.7,0.51,0.65,0.56,自住-改善,一室一厅,59,2081,国企中层管理,三口之家(学龄段),三亚中环品质两居，车位及空间极其拥挤,小区无地下车库且人车不分流，小孩在楼下玩耍或者推婴儿车极为不安全。,要求有超大面宽南向双阳台（观景家政分离），主卧大飘窗能270度直面自然景观。,无需日常通勤，但要求30分钟内快捷通达凤凰机场或高铁站。,崇尚度假慢生活，清晨沙滩漫步，午后椰林下午茶，酷爱轻户外及后海冲浪。,名下持有一套旧两居，置换回款 65% + 个人理财储蓄补充 + 公积金商业贷,重性价比，不盲信大牌，但要求物业管理有序、绿化修剪及时、人防技防规范。,本地常住人口，四季生活规律，度假频次为常规年假出行。
三_2011_01816,三亚,2011,本地改善,30,男,1.3,10.3,0.35,22.0,5,1,是,B,agent,0.74,0.53,0.49,0.35,0.38,0.66,0.43,0.67,0.46,自住-改善,一室一厅,56,2362,三甲医院主治医师,三口之家(幼龄段),三亚中环品质两居，车位及空间极其拥挤,小区无地下车库且人车不分流，小孩在楼下玩耍或者推婴儿车极为不安全。,要求采光通透，全明户型，带多功能嵌入式收纳墙以最大化空间利用。,无需日常通勤，但要求30分钟内快捷通达凤凰机场或高铁站。,崇尚度假慢生活，清晨沙滩漫步，午后椰林下午茶，酷爱轻户外及后海冲浪。,名下持有一套旧两居，置换回款 65% + 个人理财储蓄补充 + 公积金商业贷,重性价比，不盲信大牌，但要求物业管理有序、绿化修剪及时、人防技防规范。,本地常住人口，四季生活规律，度假频次为常规年假出行。
三_2011_01817,三亚,2011,外地候鸟-西北,70,男,3.7,34.6,0.5,51.9,1,0,否,C,network,0.64,0.65,0.96,0.76,0.42,0.43,0.01,0,0.62,养老,两室两厅,51,6141,西安设计院退休总建筑师,高知退休康养,与父母同住，三代人拥挤在旧区小户型老房中,老小区隔音差，邻里滋扰严重，且车位严重匮乏，每晚加班回来抢车位像打仗。,要求独立电梯入户，主次卧动线分明，配备独立保姆房和私密后院。,无需日常通勤，但要求30分钟内快捷通达凤凰机场或高铁站。,崇尚度假慢生活，清晨沙滩漫步，午后椰林下午茶，酷爱轻户外及后海冲浪。,名下持有一套旧两居，置换回款 65% + 个人理财储蓄补充 + 公积金商业贷,重性价比，不盲信大牌，但要求物业管理有序、绿化修剪及时、人防技防规范。,每年11月至次年3月到此度过漫长冬季，极其依赖周边的康养及适老化服务。
三_2011_01818,三亚,2011,高净值康养,61,男,37.3,507.6,0.6,634.5,2,0,否,A,network,0.89,0.21,0.94,0.94,0.76,0.54,0.14,0,0.88,度假,四室两厅,192,17876,知名中医药连锁投资人,高知退休康养,陆家嘴核心区江景大平层,无高端私密会所及管家式物业配套，圈层鱼龙混杂，高净值居住体验差。,要求独立电梯入户，主次卧动线分明，配备独立保姆房和私密后院。,无需日常通勤，但要求30分钟内快捷通达凤凰机场或高铁站。,周末常去高端商圈消费，热衷打网球和马术，重度手冲咖啡及黑胶唱片发烧友。,名下已有企业股权套现或分红现金，一次性全款付清，基本不加杠杆,非仁恒、绿城、万科等金牌开发商不买，极度看重高端精装质量与顶级物业的增值口碑。,本地常住人口，四季生活规律，度假频次为常规年假出行。
三_2011_01819,三亚,2011,外地候鸟-西北,62,男,3.3,27.9,0.5,41.8,2,0,否,C,network,0.32,0.55,0.81,0.53,0.46,0.55,0,0,0.35,养老,一室一厅,91,3984,兰州煤炭物流运输企业主,高知退休康养,与父母同住，三代人拥挤在旧区小户型老房中,老小区隔音差，邻里滋扰严重，且车位严重匮乏，每晚加班回来抢车位像打仗。,要求有超大面宽南向双阳台（观景家政分离），主卧大飘窗能270度直面自然景观。,无需日常通勤，但要求30分钟内快捷通达凤凰机场或高铁站。,崇尚度假慢生活，清晨沙滩漫步，午后椰林下午茶，酷爱轻户外及后海冲浪。,名下持有一套旧两居，置换回款 65% + 个人理财储蓄补充 + 公积金商业贷,重性价比，不盲信大牌，但要求物业管理有序、绿化修剪及时、人防技防规范。,每年11月至次年3月到此度过漫长冬季，极其依赖周边的康养及适老化服务。
三_2011_01820,三亚,2011,外地候鸟-华北,58,男,3.8,39.3,0.5,58.9,1,0,否,B,network,0.55,0.58,0.87,0.72,0.64,0.53,0.07,0,0.56,养老,两室一厅,100,4267,北京三甲医院退休教授,高知退休康养,三亚中环品质两居，车位及空间极其拥挤,老小区隔音差，邻里滋扰严重，且车位严重匮乏，每晚加班回来抢车位像打仗。,要求独立电梯入户，主次卧动线分明，配备独立保姆房和私密后院。,无需日常通勤，但要求30分钟内快捷通达凤凰机场或高铁站。,崇尚度假慢生活，清晨沙滩漫步，午后椰林下午茶，酷爱轻户外及后海冲浪。,名下持有一套旧两居，置换回款 65% + 个人理财储蓄补充 + 公积金商业贷,重性价比，不盲信大牌，但要求物业管理有序、绿化修剪及时、人防技防规范。,每年11月至次年3月到此度过漫长冬季，极其依赖周边的康养及适老化服务。
三_2011_01821,三亚,2011,度假投资,48,男,7.1,66.6,0.4,124.8,2,2,否,A,research,0.71,0.38,0.8,0.67,0.61,0.36,0.0,0,0.81,投资-短期,两室一厅,70,13121,上市公司退休联合创始人,二胎黄金期中大户型,西湖边高精平层,无高端私密会所及管家式物业配套，圈层鱼龙混杂，高净值居住体验差。,要求有超大面宽南向双阳台（观景家政分离），主卧大飘窗能270度直面自然景观。,无需日常通勤，但要求30分钟内快捷通达凤凰机场或高铁站。,周末常去高端商圈消费，热衷打网球和马术，重度手冲咖啡及黑胶唱片发烧友。,名下已有企业股权套现或分红现金，一次性全款付清，基本不加杠杆,非仁恒、绿城、万科等金牌开发商不买，极度看重高端精装质量与顶级物业的增值口碑。,每年11月至次年3月到此度过漫长冬季，极其依赖周边的康养及适老化服务。
三_2011_01822,三亚,2011,外地候鸟-东北,77,男,5.2,28.8,0.5,43.3,2,1,否,C,network,0.2,0.57,1,0.78,0.54,0.52,0,0,0.55,度假,两室两厅,93,3723,哈尔滨高校退休处长,三口之家(学龄段),与父母同住，三代人拥挤在旧区小户型老房中,小区无地下车库且人车不分流，小孩在楼下玩耍或者推婴儿车极为不安全。,要求独立电梯入户，主次卧动线分明，配备独立保姆房和私密后院。,无需日常通勤，但要求30分钟内快捷通达凤凰机场或高铁站。,崇尚度假慢生活，清晨沙滩漫步，午后椰林下午茶，酷爱轻户外及后海冲浪。,名下持有一套旧两居，置换回款 65% + 个人理财储蓄补充 + 公积金商业贷,重性价比，不盲信大牌，但要求物业管理有序、绿化修剪及时、人防技防规范。,每年11月至次年3月到此度过漫长冬季，极其依赖周边的康养及适老化服务。
三_2011_01823,三亚,2011,外地候鸟-华北,72,女,3.4,32.3,0.5,48.5,3,0,否,B,network,0.55,0.44,1,0.67,0.59,0.52,0.08,0.08,0.54,度假,两室两厅,93,2637,央企总部退休总工,高知退休康养,三亚中环品质两居，车位及空间极其拥挤,老小区隔音差，邻里滋扰严重，且车位严重匮乏，每晚加班回来抢车位像打仗。,要求有超大面宽南向双阳台（观景家政分离），主卧大飘窗能270度直面自然景观。,无需日常通勤，但要求30分钟内快捷通达凤凰机场或高铁站。,崇尚度假慢生活，清晨沙滩漫步，午后椰林下午茶，酷爱轻户外及后海冲浪。,名下持有一套旧两居，置换回款 65% + 个人理财储蓄补充 + 公积金商业贷,重性价比，不盲信大牌，但要求物业管理有序、绿化修剪及时、人防技防规范。,每年11月至次年3月到此度过漫长冬季，极其依赖周边的康养及适老化服务。
三_2011_01824,三亚,2011,本地改善,34,女,2.3,17.3,0.35,37.0,3,1,是,B,agent,0.5,0.54,0.53,0.35,0.46,0.67,0.47,0.69,0.32,自住-改善,一室一厅,61,4915,国企中层管理,三口之家(幼龄段),三亚中环品质两居，车位及空间极其拥挤,小区无地下车库且人车不分流，小孩在楼下玩耍或者推婴儿车极为不安全。,要求采光通透，全明户型，带多功能嵌入式收纳墙以最大化空间利用。,无需日常通勤，但要求30分钟内快捷通达凤凰机场或高铁站。,崇尚度假慢生活，清晨沙滩漫步，午后椰林下午茶，酷爱轻户外及后海冲浪。,名下持有一套旧两居，置换回款 65% + 个人理财储蓄补充 + 公积金商业贷,重性价比，不盲信大牌，但要求物业管理有序、绿化修剪及时、人防技防规范。,本地常住人口，四季生活规律，度假频次为常规年假出行。
三_2011_01825,三亚,2011,度假投资,41,女,10.2,132.5,0.4,248.4,3,1,否,A,research,1,0.48,0.91,0.68,0.52,0.46,0,0.05,0.81,投资-短期,两室两厅,100,19818,知名中医药连锁投资人,三口之家(学龄段),陆家嘴核心区江景大平层,无高端私密会所及管家式物业配套，圈层鱼龙混杂，高净值居住体验差。,要求有超大面宽南向双阳台（观景家政分离），主卧大飘窗能270度直面自然景观。,无需日常通勤，但要求30分钟内快捷通达凤凰机场或高铁站。,周末常去高端商圈消费，热衷打网球和马术，重度手冲咖啡及黑胶唱片发烧友。,名下已有企业股权套现或分红现金，一次性全款付清，基本不加杠杆,非仁恒、绿城、万科等金牌开发商不买，极度看重高端精装质量与顶级物业的增值口碑。,每年11月至次年3月到此度过漫长冬季，极其依赖周边的康养及适老化服务。
三_2011_01826,三亚,2011,外地候鸟-东北,77,男,2.7,23.9,0.5,35.8,2,0,否,C,network,0.25,0.46,0.78,0.71,0.54,0.48,0.02,0,0.54,养老,两室一厅,73,3620,沈阳大型重工企业退休副厂长,高知退休康养,与父母同住，三代人拥挤在旧区小户型老房中,老小区隔音差，邻里滋扰严重，且车位严重匮乏，每晚加班回来抢车位像打仗。,要求独立电梯入户，主次卧动线分明，配备独立保姆房和私密后院。,无需日常通勤，但要求30分钟内快捷通达凤凰机场或高铁站。,崇尚度假慢生活，清晨沙滩漫步，午后椰林下午茶，酷爱轻户外及后海冲浪。,名下持有一套旧两居，置换回款 65% + 个人理财储蓄补充 + 公积金商业贷,重性价比，不盲信大牌，但要求物业管理有序、绿化修剪及时、人防技防规范。,每年11月至次年3月到此度过漫长冬季，极其依赖周边的康养及适老化服务。
三_2011_01827,三亚,2011,度假投资,50,男,6.3,49.4,0.4,92.6,3,1,是,A,research,0.96,0.41,0.84,0.57,0.45,0.39,0,0.07,0.75,度假,一室一厅,74,9801,高端海景资产收藏家,三口之家(学龄段),市中心私密洋房住宅,当前房屋属于旧多层无电梯房，父母年纪渐高每天爬楼梯极为吃力。,要求有超大面宽南向双阳台（观景家政分离），主卧大飘窗能270度直面自然景观。,无需日常通勤，但要求30分钟内快捷通达凤凰机场或高铁站。,周末常去高端商圈消费，热衷打网球和马术，重度手冲咖啡及黑胶唱片发烧友。,名下已有企业股权套现或分红现金，一次性全款付清，基本不加杠杆,非仁恒、绿城、万科等金牌开发商不买，极度看重高端精装质量与顶级物业的增值口碑。,每年11月至次年3月到此度过漫长冬季，极其依赖周边的康养及适老化服务。
三_2011_01828,三亚,2011,本地改善,41,男,2.8,17.8,0.35,38.1,4,0,是,B,agent,0.71,0.57,0.59,0.53,0.42,0.73,0.49,0.63,0.46,自住-改善,一室一厅,75,2606,重点中学高级教师,成熟期核心家庭,三亚中环品质两居，车位及空间极其拥挤,当前房屋属于旧多层无电梯房，父母年纪渐高每天爬楼梯极为吃力。,讲究超高得房率（超85%），主卧套房必须配备独立步入式衣帽间与干湿分离双卫。,无需日常通勤，但要求30分钟内快捷通达凤凰机场或高铁站。,崇尚度假慢生活，清晨沙滩漫步，午后椰林下午茶，酷爱轻户外及后海冲浪。,名下持有一套旧两居，置换回款 65% + 个人理财储蓄补充 + 公积金商业贷,重性价比，不盲信大牌，但要求物业管理有序、绿化修剪及时、人防技防规范。,本地常住人口，四季生活规律，度假频次为常规年假出行。
三_2011_01829,三亚,2011,度假投资,51,女,9.0,112.6,0.4,211.0,2,0,否,A,research,0.85,0.37,0.77,0.59,0.63,0.5,0.05,0,0.68,投资-长持,三室两厅,143,8314,上市公司退休联合创始人,成熟期核心家庭,陆家嘴核心区江景大平层,无高端私密会所及管家式物业配套，圈层鱼龙混杂，高净值居住体验差。,要求有超大面宽南向双阳台（观景家政分离），主卧大飘窗能270度直面自然景观。,无需日常通勤，但要求30分钟内快捷通达凤凰机场或高铁站。,周末常去高端商圈消费，热衷打网球和马术，重度手冲咖啡及黑胶唱片发烧友。,名下已有企业股权套现或分红现金，一次性全款付清，基本不加杠杆,重性价比，不盲信大牌，但要求物业管理有序、绿化修剪及时、人防技防规范。,每年11月至次年3月到此度过漫长冬季，极其依赖周边的康养及适老化服务。
三_2011_01830,三亚,2011,本地改善,32,女,2.6,12.9,0.35,27.7,5,1,是,B,agent,0.91,0.47,0.61,0.37,0.53,0.72,0.59,0.72,0.62,自住-改善,两室两厅,63,3525,智能新能源车企研发骨干,三口之家(幼龄段),三亚中环品质两居，车位及空间极其拥挤,小区无地下车库且人车不分流，小孩在楼下玩耍或者推婴儿车极为不安全。,讲究超高得房率（超85%），主卧套房必须配备独立步入式衣帽间与干湿分离双卫。,无需日常通勤，但要求30分钟内快捷通达凤凰机场或高铁站。,崇尚度假慢生活，清晨沙滩漫步，午后椰林下午茶，酷爱轻户外及后海冲浪。,名下持有一套旧两居，置换回款 65% + 个人理财储蓄补充 + 公积金商业贷,重性价比，不盲信大牌，但要求物业管理有序、绿化修剪及时、人防技防规范。,本地常住人口，四季生活规律，度假频次为常规年假出行。
三_2011_01831,三亚,2011,外地候鸟-东北,68,男,3.3,17.7,0.5,26.5,1,0,否,C,network,0.34,0.61,1,0.73,0.49,0.43,0,0.02,0.5,养老,一室一厅,68,2461,哈尔滨高校退休处长,高知退休康养,与父母同住，三代人拥挤在旧区小户型老房中,老小区隔音差，邻里滋扰严重，且车位严重匮乏，每晚加班回来抢车位像打仗。,要求独立电梯入户，主次卧动线分明，配备独立保姆房和私密后院。,无需日常通勤，但要求30分钟内快捷通达凤凰机场或高铁站。,崇尚度假慢生活，清晨沙滩漫步，午后椰林下午茶，酷爱轻户外及后海冲浪。,名下持有一套旧两居，置换回款 65% + 个人理财储蓄补充 + 公积金商业贷,重性价比，不盲信大牌，但要求物业管理有序、绿化修剪及时、人防技防规范。,每年11月至次年3月到此度过漫长冬季，极其依赖周边的康养及适老化服务。
三_2011_01832,三亚,2011,本地改善,37,女,1.8,9.9,0.35,21.1,4,1,是,B,agent,0.77,0.56,0.61,0.52,0.3,0.69,0.53,0.78,0.43,自住-改善,两室一厅,94,1368,三甲医院主治医师,三口之家(幼龄段),三亚中环品质两居，车位及空间极其拥挤,小区无地下车库且人车不分流，小孩在楼下玩耍或者推婴儿车极为不安全。,核心要求地块属于第一梯队名校学区，且周边500米内解决幼小衔接教育配套。,无需日常通勤，但要求30分钟内快捷通达凤凰机场或高铁站。,崇尚度假慢生活，清晨沙滩漫步，午后椰林下午茶，酷爱轻户外及后海冲浪。,名下持有一套旧两居，置换回款 65% + 个人理财储蓄补充 + 公积金商业贷,重性价比，不盲信大牌，但要求物业管理有序、绿化修剪及时、人防技防规范。,本地常住人口，四季生活规律，度假频次为常规年假出行。
三_2011_01833,三亚,2011,外地候鸟-华北,75,男,2.2,16.4,0.5,24.7,1,0,否,B,network,0.63,0.38,1,0.76,0.73,0.46,0.06,0.01,0.59,养老,两室一厅,56,3725,高校资深硕导,高知退休康养,三亚中环品质两居，车位及空间极其拥挤,老小区隔音差，邻里滋扰严重，且车位严重匮乏，每晚加班回来抢车位像打仗。,要求独立电梯入户，主次卧动线分明，配备独立保姆房和私密后院。,无需日常通勤，但要求30分钟内快捷通达凤凰机场或高铁站。,崇尚度假慢生活，清晨沙滩漫步，午后椰林下午茶，酷爱轻户外及后海冲浪。,名下持有一套旧两居，置换回款 65% + 个人理财储蓄补充 + 公积金商业贷,重性价比，不盲信大牌，但要求物业管理有序、绿化修剪及时、人防技防规范。,每年11月至次年3月到此度过漫长冬季，极其依赖周边的康养及适老化服务。
三_2011_01834,三亚,2011,外地候鸟-东北,74,女,4.3,27.8,0.5,41.6,3,0,否,C,network,0.18,0.56,0.93,0.49,0.48,0.44,0,0.1,0.45,度假,两室两厅,80,4474,沈阳大型重工企业退休副厂长,高知退休康养,与父母同住，三代人拥挤在旧区小户型老房中,老小区隔音差，邻里滋扰严重，且车位严重匮乏，每晚加班回来抢车位像打仗。,要求有超大面宽南向双阳台（观景家政分离），主卧大飘窗能270度直面自然景观。,无需日常通勤，但要求30分钟内快捷通达凤凰机场或高铁站。,崇尚度假慢生活，清晨沙滩漫步，午后椰林下午茶，酷爱轻户外及后海冲浪。,名下持有一套旧两居，置换回款 65% + 个人理财储蓄补充 + 公积金商业贷,重性价比，不盲信大牌，但要求物业管理有序、绿化修剪及时、人防技防规范。,每年11月至次年3月到此度过漫长冬季，极其依赖周边的康养及适老化服务。
三_2011_01835,三亚,2011,外地候鸟-东北,65,女,4.0,21.6,0.5,32.4,2,0,否,C,network,0.41,0.61,0.98,0.73,0.56,0.32,0,0.08,0.51,度假,两室一厅,87,3336,哈尔滨高校退休处长,高知退休康养,与父母同住，三代人拥挤在旧区小户型老房中,老小区隔音差，邻里滋扰严重，且车位严重匮乏，每晚加班回来抢车位像打仗。,要求独立电梯入户，主次卧动线分明，配备独立保姆房和私密后院。,无需日常通勤，但要求30分钟内快捷通达凤凰机场或高铁站。,崇尚度假慢生活，清晨沙滩漫步，午后椰林下午茶，酷爱轻户外及后海冲浪。,名下持有一套旧两居，置换回款 65% + 个人理财储蓄补充 + 公积金商业贷,重性价比，不盲信大牌，但要求物业管理有序、绿化修剪及时、人防技防规范。,每年11月至次年3月到此度过漫长冬季，极其依赖周边的康养及适老化服务。
三_2011_01836,三亚,2011,外地候鸟-华北,73,男,3.2,32.1,0.5,48.1,3,0,否,B,network,0.58,0.58,1,0.69,0.61,0.35,0.1,0,0.58,度假,两室两厅,87,4874,高校资深硕导,高知退休康养,三亚中环品质两居，车位及空间极其拥挤,老小区隔音差，邻里滋扰严重，且车位严重匮乏，每晚加班回来抢车位像打仗。,要求有超大面宽南向双阳台（观景家政分离），主卧大飘窗能270度直面自然景观。,无需日常通勤，但要求30分钟内快捷通达凤凰机场或高铁站。,崇尚度假慢生活，清晨沙滩漫步，午后椰林下午茶，酷爱轻户外及后海冲浪。,名下持有一套旧两居，置换回款 65% + 个人理财储蓄补充 + 公积金商业贷,重性价比，不盲信大牌，但要求物业管理有序、绿化修剪及时、人防技防规范。,每年11月至次年3月到此度过漫长冬季，极其依赖周边的康养及适老化服务。
三_2011_01837,三亚,2011,本地改善,33,男,2.0,9.0,0.35,19.4,4,1,否,B,agent,0.71,0.53,0.56,0.53,0.39,0.76,0.47,0.49,0.33,自住-改善,两室一厅,73,2121,重点中学高级教师,三口之家(幼龄段),三亚中环品质两居，车位及空间极其拥挤,小区无地下车库且人车不分流，小孩在楼下玩耍或者推婴儿车极为不安全。,讲究超高得房率（超85%），主卧套房必须配备独立步入式衣帽间与干湿分离双卫。,无需日常通勤，但要求30分钟内快捷通达凤凰机场或高铁站。,崇尚度假慢生活，清晨沙滩漫步，午后椰林下午茶，酷爱轻户外及后海冲浪。,名下持有一套旧两居，置换回款 65% + 个人理财储蓄补充 + 公积金商业贷,重性价比，不盲信大牌，但要求物业管理有序、绿化修剪及时、人防技防规范。,本地常住人口，四季生活规律，度假频次为常规年假出行。
三_2011_01838,三亚,2011,外地候鸟-华北,74,女,2.1,13.7,0.5,20.5,2,0,否,B,network,0.65,0.44,0.92,0.61,0.47,0.57,0.06,0.07,0.51,度假,两室一厅,81,1292,央企总部退休总工,高知退休康养,三亚中环品质两居，车位及空间极其拥挤,老小区隔音差，邻里滋扰严重，且车位严重匮乏，每晚加班回来抢车位像打仗。,要求有超大面宽南向双阳台（观景家政分离），主卧大飘窗能270度直面自然景观。,无需日常通勤，但要求30分钟内快捷通达凤凰机场或高铁站。,崇尚度假慢生活，清晨沙滩漫步，午后椰林下午茶，酷爱轻户外及后海冲浪。,名下持有一套旧两居，置换回款 65% + 个人理财储蓄补充 + 公积金商业贷,重性价比，不盲信大牌，但要求物业管理有序、绿化修剪及时、人防技防规范。,每年11月至次年3月到此度过漫长冬季，极其依赖周边的康养及适老化服务。
三_2011_01839,三亚,2011,外地候鸟-东北,64,男,2.0,13.5,0.5,20.2,2,0,否,C,network,0.13,0.6,0.84,0.59,0.65,0.36,0,0,0.68,养老,两室两厅,97,1783,哈尔滨私营物流老板,高知退休康养,与父母同住，三代人拥挤在旧区小户型老房中,老小区隔音差，邻里滋扰严重，且车位严重匮乏，每晚加班回来抢车位像打仗。,要求有超大面宽南向双阳台（观景家政分离），主卧大飘窗能270度直面自然景观。,无需日常通勤，但要求30分钟内快捷通达凤凰机场或高铁站。,崇尚度假慢生活，清晨沙滩漫步，午后椰林下午茶，酷爱轻户外及后海冲浪。,名下持有一套旧两居，置换回款 65% + 个人理财储蓄补充 + 公积金商业贷,重性价比，不盲信大牌，但要求物业管理有序、绿化修剪及时、人防技防规范。,每年11月至次年3月到此度过漫长冬季，极其依赖周边的康养及适老化服务。
三_2011_01840,三亚,2011,外地候鸟-华北,61,女,5.1,31.8,0.5,47.8,2,0,否,B,network,0.72,0.46,0.9,0.63,0.65,0.46,0,0.06,0.6,养老,两室两厅,80,4401,央企总部退休总工,高知退休康养,三亚中环品质两居，车位及空间极其拥挤,老小区隔音差，邻里滋扰严重，且车位严重匮乏，每晚加班回来抢车位像打仗。,要求有超大面宽南向双阳台（观景家政分离），主卧大飘窗能270度直面自然景观。,无需日常通勤，但要求30分钟内快捷通达凤凰机场或高铁站。,崇尚度假慢生活，清晨沙滩漫步，午后椰林下午茶，酷爱轻户外及后海冲浪。,名下持有一套旧两居，置换回款 65% + 个人理财储蓄补充 + 公积金商业贷,重性价比，不盲信大牌，但要求物业管理有序、绿化修剪及时、人防技防规范。,每年11月至次年3月到此度过漫长冬季，极其依赖周边的康养及适老化服务。
三_2011_01841,三亚,2011,外地候鸟-西北,68,女,4.3,40.1,0.5,60.2,2,0,否,C,network,0.35,0.62,0.9,0.6,0.5,0.38,0.0,0.06,0.41,度假,两室两厅,95,5232,西安设计院退休总建筑师,高知退休康养,与父母同住，三代人拥挤在旧区小户型老房中,老小区隔音差，邻里滋扰严重，且车位严重匮乏，每晚加班回来抢车位像打仗。,要求有超大面宽南向双阳台（观景家政分离），主卧大飘窗能270度直面自然景观。,无需日常通勤，但要求30分钟内快捷通达凤凰机场或高铁站。,崇尚度假慢生活，清晨沙滩漫步，午后椰林下午茶，酷爱轻户外及后海冲浪。,名下持有一套旧两居，置换回款 65% + 个人理财储蓄补充 + 公积金商业贷,重性价比，不盲信大牌，但要求物业管理有序、绿化修剪及时、人防技防规范。,每年11月至次年3月到此度过漫长冬季，极其依赖周边的康养及适老化服务。
三_2011_01842,三亚,2011,本地改善,38,男,2.2,16.5,0.35,35.3,3,1,否,B,agent,0.79,0.5,0.61,0.48,0.4,0.79,0.47,0.71,0.46,自住-改善,一室一厅,84,2355,国企中层管理,三口之家(学龄段),三亚中环品质两居，车位及空间极其拥挤,小区无地下车库且人车不分流，小孩在楼下玩耍或者推婴儿车极为不安全。,讲究超高得房率（超85%），主卧套房必须配备独立步入式衣帽间与干湿分离双卫。,无需日常通勤，但要求30分钟内快捷通达凤凰机场或高铁站。,崇尚度假慢生活，清晨沙滩漫步，午后椰林下午茶，酷爱轻户外及后海冲浪。,名下持有一套旧两居，置换回款 65% + 个人理财储蓄补充 + 公积金商业贷,重性价比，不盲信大牌，但要求物业管理有序、绿化修剪及时、人防技防规范。,本地常住人口，四季生活规律，度假频次为常规年假出行。
三_2011_01843,三亚,2011,本地改善,49,男,1.5,7.5,0.35,16.2,4,1,否,B,agent,0.97,0.5,0.64,0.37,0.46,0.77,0.56,0.68,0.38,自住-改善,两室一厅,51,2080,重点中学高级教师,三口之家(学龄段),三亚中环品质两居，车位及空间极其拥挤,小区无地下车库且人车不分流，小孩在楼下玩耍或者推婴儿车极为不安全。,讲究超高得房率（超85%），主卧套房必须配备独立步入式衣帽间与干湿分离双卫。,无需日常通勤，但要求30分钟内快捷通达凤凰机场或高铁站。,崇尚度假慢生活，清晨沙滩漫步，午后椰林下午茶，酷爱轻户外及后海冲浪。,名下持有一套旧两居，置换回款 65% + 个人理财储蓄补充 + 公积金商业贷,重性价比，不盲信大牌，但要求物业管理有序、绿化修剪及时、人防技防规范。,本地常住人口，四季生活规律，度假频次为常规年假出行。
三_2011_01844,三亚,2011,本地改善,47,男,2.6,13.4,0.35,28.7,5,1,是,B,agent,0.66,0.53,0.7,0.43,0.57,0.8,0.44,0.73,0.37,自住-改善,两室一厅,62,3546,区级税务局一级主办,三口之家(学龄段),三亚中环品质两居，车位及空间极其拥挤,小区无地下车库且人车不分流，小孩在楼下玩耍或者推婴儿车极为不安全。,要求有超大面宽南向双阳台（观景家政分离），主卧大飘窗能270度直面自然景观。,无需日常通勤，但要求30分钟内快捷通达凤凰机场或高铁站。,崇尚度假慢生活，清晨沙滩漫步，午后椰林下午茶，酷爱轻户外及后海冲浪。,名下持有一套旧两居，置换回款 65% + 个人理财储蓄补充 + 公积金商业贷,重性价比，不盲信大牌，但要求物业管理有序、绿化修剪及时、人防技防规范。,本地常住人口，四季生活规律，度假频次为常规年假出行。
三_2011_01845,三亚,2011,本地改善,42,女,2.9,14.5,0.35,31.1,4,1,否,B,agent,0.66,0.51,0.51,0.38,0.47,0.8,0.55,0.53,0.37,自住-改善,一室一厅,77,2162,区级税务局一级主办,三口之家(学龄段),三亚中环品质两居，车位及空间极其拥挤,小区无地下车库且人车不分流，小孩在楼下玩耍或者推婴儿车极为不安全。,讲究超高得房率（超85%），主卧套房必须配备独立步入式衣帽间与干湿分离双卫。,无需日常通勤，但要求30分钟内快捷通达凤凰机场或高铁站。,崇尚度假慢生活，清晨沙滩漫步，午后椰林下午茶，酷爱轻户外及后海冲浪。,名下持有一套旧两居，置换回款 65% + 个人理财储蓄补充 + 公积金商业贷,重性价比，不盲信大牌，但要求物业管理有序、绿化修剪及时、人防技防规范。,本地常住人口，四季生活规律，度假频次为常规年假出行。
三_2011_01846,三亚,2011,本地改善,38,男,2.4,13.2,0.35,28.2,4,1,否,B,agent,0.58,0.42,0.53,0.49,0.36,0.83,0.64,0.75,0.49,自住-改善,一室一厅,77,2506,区级税务局一级主办,三口之家(学龄段),三亚中环品质两居，车位及空间极其拥挤,小区无地下车库且人车不分流，小孩在楼下玩耍或者推婴儿车极为不安全。,讲究超高得房率（超85%），主卧套房必须配备独立步入式衣帽间与干湿分离双卫。,无需日常通勤，但要求30分钟内快捷通达凤凰机场或高铁站。,崇尚度假慢生活，清晨沙滩漫步，午后椰林下午茶，酷爱轻户外及后海冲浪。,名下持有一套旧两居，置换回款 65% + 个人理财储蓄补充 + 公积金商业贷,重性价比，不盲信大牌，但要求物业管理有序、绿化修剪及时、人防技防规范。,本地常住人口，四季生活规律，度假频次为常规年假出行。
三_2011_01847,三亚,2011,外地候鸟-华北,62,女,2.5,19.0,0.5,28.5,2,1,否,B,network,0.45,0.51,0.89,0.82,0.53,0.52,0.14,0,0.46,养老,两室两厅,63,3990,北京三甲医院退休教授,三口之家(学龄段),三亚中环品质两居，车位及空间极其拥挤,小区无地下车库且人车不分流，小孩在楼下玩耍或者推婴儿车极为不安全。,要求独立电梯入户，主次卧动线分明，配备独立保姆房和私密后院。,无需日常通勤，但要求30分钟内快捷通达凤凰机场或高铁站。,崇尚度假慢生活，清晨沙滩漫步，午后椰林下午茶，酷爱轻户外及后海冲浪。,名下持有一套旧两居，置换回款 65% + 个人理财储蓄补充 + 公积金商业贷,重性价比，不盲信大牌，但要求物业管理有序、绿化修剪及时、人防技防规范。,每年11月至次年3月到此度过漫长冬季，极其依赖周边的康养及适老化服务。
三_2011_01848,三亚,2011,本地改善,47,女,1.6,7.9,0.35,16.9,4,0,是,B,agent,1,0.55,0.62,0.34,0.52,0.78,0.48,0.57,0.43,自住-改善,两室两厅,87,1142,重点中学高级教师,成熟期核心家庭,三亚中环品质两居，车位及空间极其拥挤,当前房屋属于旧多层无电梯房，父母年纪渐高每天爬楼梯极为吃力。,讲究超高得房率（超85%），主卧套房必须配备独立步入式衣帽间与干湿分离双卫。,无需日常通勤，但要求30分钟内快捷通达凤凰机场或高铁站。,崇尚度假慢生活，清晨沙滩漫步，午后椰林下午茶，酷爱轻户外及后海冲浪。,名下持有一套旧两居，置换回款 65% + 个人理财储蓄补充 + 公积金商业贷,重性价比，不盲信大牌，但要求物业管理有序、绿化修剪及时、人防技防规范。,本地常住人口，四季生活规律，度假频次为常规年假出行。
三_2011_01849,三亚,2011,本地改善,34,女,3.9,25.3,0.35,54.3,3,0,否,B,agent,0.51,0.69,0.59,0.51,0.44,0.74,0.51,0.68,0.38,自住-改善,一室一厅,91,4115,区级税务局一级主办,新婚过渡两居,三亚中环品质两居，车位及空间极其拥挤,老小区隔音差，邻里滋扰严重，且车位严重匮乏，每晚加班回来抢车位像打仗。,讲究超高得房率（超85%），主卧套房必须配备独立步入式衣帽间与干湿分离双卫。,无需日常通勤，但要求30分钟内快捷通达凤凰机场或高铁站。,崇尚度假慢生活，清晨沙滩漫步，午后椰林下午茶，酷爱轻户外及后海冲浪。,名下持有一套旧两居，置换回款 65% + 个人理财储蓄补充 + 公积金商业贷,重性价比，不盲信大牌，但要求物业管理有序、绿化修剪及时、人防技防规范。,本地常住人口，四季生活规律，度假频次为常规年假出行。
三_2011_01850,三亚,2011,度假投资,38,女,7.4,82.1,0.4,153.9,3,1,否,A,research,0.71,0.38,0.72,0.56,0.44,0.47,0.0,0.18,0.75,投资-短期,三室一厅,125,10301,知名中医药连锁投资人,三口之家(学龄段),市中心私密洋房住宅,无高端私密会所及管家式物业配套，圈层鱼龙混杂，高净值居住体验差。,要求有超大面宽南向双阳台（观景家政分离），主卧大飘窗能270度直面自然景观。,无需日常通勤，但要求30分钟内快捷通达凤凰机场或高铁站。,周末常去高端商圈消费，热衷打网球和马术，重度手冲咖啡及黑胶唱片发烧友。,名下已有企业股权套现或分红现金，一次性全款付清，基本不加杠杆,非仁恒、绿城、万科等金牌开发商不买，极度看重高端精装质量与顶级物业的增值口碑。,每年11月至次年3月到此度过漫长冬季，极其依赖周边的康养及适老化服务。
三_2011_01851,三亚,2011,本地改善,45,男,2.1,14.1,0.35,30.3,5,1,否,B,agent,0.56,0.45,0.6,0.34,0.35,0.72,0.44,0.74,0.29,自住-改善,两室两厅,91,1819,重点中学高级教师,三口之家(学龄段),三亚中环品质两居，车位及空间极其拥挤,小区无地下车库且人车不分流，小孩在楼下玩耍或者推婴儿车极为不安全。,讲究超高得房率（超85%），主卧套房必须配备独立步入式衣帽间与干湿分离双卫。,无需日常通勤，但要求30分钟内快捷通达凤凰机场或高铁站。,崇尚度假慢生活，清晨沙滩漫步，午后椰林下午茶，酷爱轻户外及后海冲浪。,名下持有一套旧两居，置换回款 65% + 个人理财储蓄补充 + 公积金商业贷,重性价比，不盲信大牌，但要求物业管理有序、绿化修剪及时、人防技防规范。,本地常住人口，四季生活规律，度假频次为常规年假出行。
三_2011_01852,三亚,2011,本地改善,44,男,3.1,21.7,0.35,46.4,4,1,是,B,agent,1,0.6,0.57,0.5,0.31,0.79,0.75,0.66,0.43,自住-改善,两室一厅,85,3099,三甲医院主治医师,三口之家(学龄段),三亚中环品质两居，车位及空间极其拥挤,小区无地下车库且人车不分流，小孩在楼下玩耍或者推婴儿车极为不安全。,讲究超高得房率（超85%），主卧套房必须配备独立步入式衣帽间与干湿分离双卫。,无需日常通勤，但要求30分钟内快捷通达凤凰机场或高铁站。,崇尚度假慢生活，清晨沙滩漫步，午后椰林下午茶，酷爱轻户外及后海冲浪。,名下持有一套旧两居，置换回款 65% + 个人理财储蓄补充 + 公积金商业贷,重性价比，不盲信大牌，但要求物业管理有序、绿化修剪及时、人防技防规范。,本地常住人口，四季生活规律，度假频次为常规年假出行。
三_2011_01853,三亚,2011,外地候鸟-东北,70,男,2.8,21.4,0.5,32.1,1,0,否,C,network,0.13,0.56,0.93,0.74,0.62,0.53,0,0.13,0.52,养老,两室一厅,71,3975,哈尔滨高校退休处长,高知退休康养,与父母同住，三代人拥挤在旧区小户型老房中,老小区隔音差，邻里滋扰严重，且车位严重匮乏，每晚加班回来抢车位像打仗。,要求独立电梯入户，主次卧动线分明，配备独立保姆房和私密后院。,无需日常通勤，但要求30分钟内快捷通达凤凰机场或高铁站。,崇尚度假慢生活，清晨沙滩漫步，午后椰林下午茶，酷爱轻户外及后海冲浪。,名下持有一套旧两居，置换回款 65% + 个人理财储蓄补充 + 公积金商业贷,重性价比，不盲信大牌，但要求物业管理有序、绿化修剪及时、人防技防规范。,每年11月至次年3月到此度过漫长冬季，极其依赖周边的康养及适老化服务。
三_2011_01854,三亚,2011,外地候鸟-华北,67,女,3.7,30.7,0.5,46.1,1,0,否,B,network,0.28,0.53,0.99,0.82,0.65,0.5,0.09,0.01,0.61,养老,一室一厅,66,3514,央企总部退休总工,高知退休康养,三亚中环品质两居，车位及空间极其拥挤,老小区隔音差，邻里滋扰严重，且车位严重匮乏，每晚加班回来抢车位像打仗。,要求独立电梯入户，主次卧动线分明，配备独立保姆房和私密后院。,无需日常通勤，但要求30分钟内快捷通达凤凰机场或高铁站。,崇尚度假慢生活，清晨沙滩漫步，午后椰林下午茶，酷爱轻户外及后海冲浪。,名下持有一套旧两居，置换回款 65% + 个人理财储蓄补充 + 公积金商业贷,重性价比，不盲信大牌，但要求物业管理有序、绿化修剪及时、人防技防规范。,每年11月至次年3月到此度过漫长冬季，极其依赖周边的康养及适老化服务。
三_2011_01855,三亚,2011,外地候鸟-华北,59,女,3.9,23.1,0.5,34.7,3,0,否,B,network,0.57,0.53,1,0.68,0.53,0.52,0,0.05,0.66,度假,两室两厅,91,2910,北京三甲医院退休教授,高知退休康养,三亚中环品质两居，车位及空间极其拥挤,老小区隔音差，邻里滋扰严重，且车位严重匮乏，每晚加班回来抢车位像打仗。,要求有超大面宽南向双阳台（观景家政分离），主卧大飘窗能270度直面自然景观。,无需日常通勤，但要求30分钟内快捷通达凤凰机场或高铁站。,崇尚度假慢生活，清晨沙滩漫步，午后椰林下午茶，酷爱轻户外及后海冲浪。,名下持有一套旧两居，置换回款 65% + 个人理财储蓄补充 + 公积金商业贷,重性价比，不盲信大牌，但要求物业管理有序、绿化修剪及时、人防技防规范。,每年11月至次年3月到此度过漫长冬季，极其依赖周边的康养及适老化服务。
三_2011_01856,三亚,2011,度假投资,43,男,4.4,49.2,0.4,92.2,2,1,否,A,research,0.92,0.46,0.81,0.66,0.64,0.39,0.02,0,0.84,度假,两室两厅,90,8236,知名中医药连锁投资人,三口之家(学龄段),市中心私密洋房住宅,无高端私密会所及管家式物业配套，圈层鱼龙混杂，高净值居住体验差。,要求有超大面宽南向双阳台（观景家政分离），主卧大飘窗能270度直面自然景观。,无需日常通勤，但要求30分钟内快捷通达凤凰机场或高铁站。,周末常去高端商圈消费，热衷打网球和马术，重度手冲咖啡及黑胶唱片发烧友。,名下已有企业股权套现或分红现金，一次性全款付清，基本不加杠杆,非仁恒、绿城、万科等金牌开发商不买，极度看重高端精装质量与顶级物业的增值口碑。,每年11月至次年3月到此度过漫长冬季，极其依赖周边的康养及适老化服务。
三_2011_01857,三亚,2011,外地候鸟-西北,57,女,4.0,36.2,0.5,54.4,2,0,否,C,network,0.22,0.64,0.84,0.61,0.47,0.42,0.02,0.0,0.44,养老,两室一厅,77,4017,西安设计院退休总建筑师,高知退休康养,与父母同住，三代人拥挤在旧区小户型老房中,老小区隔音差，邻里滋扰严重，且车位严重匮乏，每晚加班回来抢车位像打仗。,要求有超大面宽南向双阳台（观景家政分离），主卧大飘窗能270度直面自然景观。,无需日常通勤，但要求30分钟内快捷通达凤凰机场或高铁站。,崇尚度假慢生活，清晨沙滩漫步，午后椰林下午茶，酷爱轻户外及后海冲浪。,名下持有一套旧两居，置换回款 65% + 个人理财储蓄补充 + 公积金商业贷,重性价比，不盲信大牌，但要求物业管理有序、绿化修剪及时、人防技防规范。,每年11月至次年3月到此度过漫长冬季，极其依赖周边的康养及适老化服务。
三_2011_01858,三亚,2011,外地候鸟-西北,62,男,5.6,48.3,0.5,72.4,3,0,否,C,network,0.22,0.59,0.72,0.7,0.34,0.5,0.04,0.08,0.52,养老,一室一厅,85,6793,西安设计院退休总建筑师,高知退休康养,与父母同住，三代人拥挤在旧区小户型老房中,老小区隔音差，邻里滋扰严重，且车位严重匮乏，每晚加班回来抢车位像打仗。,要求有超大面宽南向双阳台（观景家政分离），主卧大飘窗能270度直面自然景观。,无需日常通勤，但要求30分钟内快捷通达凤凰机场或高铁站。,崇尚度假慢生活，清晨沙滩漫步，午后椰林下午茶，酷爱轻户外及后海冲浪。,名下持有一套旧两居，置换回款 65% + 个人理财储蓄补充 + 公积金商业贷,重性价比，不盲信大牌，但要求物业管理有序、绿化修剪及时、人防技防规范。,每年11月至次年3月到此度过漫长冬季，极其依赖周边的康养及适老化服务。
三_2011_01859,三亚,2011,本地改善,38,女,1.7,8.3,0.35,17.7,5,1,否,B,agent,0.48,0.59,0.57,0.49,0.55,0.82,0.5,0.69,0.55,自住-改善,一室一厅,59,2285,重点中学高级教师,三口之家(学龄段),三亚中环品质两居，车位及空间极其拥挤,小区无地下车库且人车不分流，小孩在楼下玩耍或者推婴儿车极为不安全。,讲究超高得房率（超85%），主卧套房必须配备独立步入式衣帽间与干湿分离双卫。,无需日常通勤，但要求30分钟内快捷通达凤凰机场或高铁站。,崇尚度假慢生活，清晨沙滩漫步，午后椰林下午茶，酷爱轻户外及后海冲浪。,名下持有一套旧两居，置换回款 65% + 个人理财储蓄补充 + 公积金商业贷,重性价比，不盲信大牌，但要求物业管理有序、绿化修剪及时、人防技防规范。,本地常住人口，四季生活规律，度假频次为常规年假出行。
三_2011_01860,三亚,2011,本地改善,38,男,2.2,13.7,0.35,29.4,3,1,是,B,agent,0.81,0.63,0.43,0.51,0.31,0.73,0.58,0.67,0.41,自住-改善,两室一厅,72,3651,区级税务局一级主办,三口之家(学龄段),三亚中环品质两居，车位及空间极其拥挤,小区无地下车库且人车不分流，小孩在楼下玩耍或者推婴儿车极为不安全。,讲究超高得房率（超85%），主卧套房必须配备独立步入式衣帽间与干湿分离双卫。,无需日常通勤，但要求30分钟内快捷通达凤凰机场或高铁站。,崇尚度假慢生活，清晨沙滩漫步，午后椰林下午茶，酷爱轻户外及后海冲浪。,名下持有一套旧两居，置换回款 65% + 个人理财储蓄补充 + 公积金商业贷,重性价比，不盲信大牌，但要求物业管理有序、绿化修剪及时、人防技防规范。,本地常住人口，四季生活规律，度假频次为常规年假出行。
三_2011_01861,三亚,2011,本地改善,31,男,3.8,18.7,0.35,40.1,3,0,是,B,agent,0.64,0.42,0.65,0.29,0.41,0.61,0.5,0.72,0.45,自住-改善,两室一厅,51,4727,重点中学高级教师,新婚过渡两居,三亚中环品质两居，车位及空间极其拥挤,当前房屋属于旧多层无电梯房，父母年纪渐高每天爬楼梯极为吃力。,核心要求地块属于第一梯队名校学区，且周边500米内解决幼小衔接教育配套。,无需日常通勤，但要求30分钟内快捷通达凤凰机场或高铁站。,崇尚度假慢生活，清晨沙滩漫步，午后椰林下午茶，酷爱轻户外及后海冲浪。,名下持有一套旧两居，置换回款 65% + 个人理财储蓄补充 + 公积金商业贷,重性价比，不盲信大牌，但要求物业管理有序、绿化修剪及时、人防技防规范。,本地常住人口，四季生活规律，度假频次为常规年假出行。
三_2011_01862,三亚,2011,本地改善,34,女,2.5,12.7,0.35,27.2,4,0,否,B,agent,0.77,0.53,0.72,0.48,0.31,0.71,0.51,0.6,0.34,自住-改善,两室一厅,62,3010,智能新能源车企研发骨干,新婚过渡两居,三亚中环品质两居，车位及空间极其拥挤,老小区隔音差，邻里滋扰严重，且车位严重匮乏，每晚加班回来抢车位像打仗。,要求有超大面宽南向双阳台（观景家政分离），主卧大飘窗能270度直面自然景观。,无需日常通勤，但要求30分钟内快捷通达凤凰机场或高铁站。,崇尚度假慢生活，清晨沙滩漫步，午后椰林下午茶，酷爱轻户外及后海冲浪。,名下持有一套旧两居，置换回款 65% + 个人理财储蓄补充 + 公积金商业贷,重性价比，不盲信大牌，但要求物业管理有序、绿化修剪及时、人防技防规范。,本地常住人口，四季生活规律，度假频次为常规年假出行。
三_2011_01863,三亚,2011,外地候鸟-华北,74,女,5.8,53.9,0.5,80.8,2,0,否,B,network,0.42,0.63,0.82,0.54,0.65,0.57,0.04,0,0.46,养老,两室一厅,72,9851,北京三甲医院退休教授,高知退休康养,三亚中环品质两居，车位及空间极其拥挤,老小区隔音差，邻里滋扰严重，且车位严重匮乏，每晚加班回来抢车位像打仗。,要求有超大面宽南向双阳台（观景家政分离），主卧大飘窗能270度直面自然景观。,无需日常通勤，但要求30分钟内快捷通达凤凰机场或高铁站。,崇尚度假慢生活，清晨沙滩漫步，午后椰林下午茶，酷爱轻户外及后海冲浪。,名下持有一套旧两居，置换回款 65% + 个人理财储蓄补充 + 公积金商业贷,重性价比，不盲信大牌，但要求物业管理有序、绿化修剪及时、人防技防规范。,每年11月至次年3月到此度过漫长冬季，极其依赖周边的康养及适老化服务。
三_2011_01864,三亚,2011,度假投资,46,女,3.9,50.2,0.4,94.1,2,1,否,A,research,0.85,0.34,0.89,0.68,0.42,0.56,0.03,0,0.84,度假,两室一厅,95,7464,上市公司退休联合创始人,三口之家(学龄段),市中心私密洋房住宅,无高端私密会所及管家式物业配套，圈层鱼龙混杂，高净值居住体验差。,要求有超大面宽南向双阳台（观景家政分离），主卧大飘窗能270度直面自然景观。,无需日常通勤，但要求30分钟内快捷通达凤凰机场或高铁站。,周末常去高端商圈消费，热衷打网球和马术，重度手冲咖啡及黑胶唱片发烧友。,名下已有企业股权套现或分红现金，一次性全款付清，基本不加杠杆,非仁恒、绿城、万科等金牌开发商不买，极度看重高端精装质量与顶级物业的增值口碑。,每年11月至次年3月到此度过漫长冬季，极其依赖周边的康养及适老化服务。
三_2011_01865,三亚,2011,外地候鸟-东北,64,女,2.8,24.9,0.5,37.4,2,1,否,C,network,0.29,0.53,0.78,0.66,0.58,0.5,0.04,0,0.65,养老,一室一厅,86,3227,哈尔滨高校退休处长,三口之家(学龄段),与父母同住，三代人拥挤在旧区小户型老房中,小区无地下车库且人车不分流，小孩在楼下玩耍或者推婴儿车极为不安全。,要求有超大面宽南向双阳台（观景家政分离），主卧大飘窗能270度直面自然景观。,无需日常通勤，但要求30分钟内快捷通达凤凰机场或高铁站。,崇尚度假慢生活，清晨沙滩漫步，午后椰林下午茶，酷爱轻户外及后海冲浪。,名下持有一套旧两居，置换回款 65% + 个人理财储蓄补充 + 公积金商业贷,重性价比，不盲信大牌，但要求物业管理有序、绿化修剪及时、人防技防规范。,每年11月至次年3月到此度过漫长冬季，极其依赖周边的康养及适老化服务。
三_2011_01866,三亚,2011,外地候鸟-东北,60,女,4.4,25.7,0.5,38.5,2,0,否,C,network,0.15,0.68,0.83,0.69,0.63,0.57,0,0,0.49,养老,两室两厅,84,2889,哈尔滨高校退休处长,高知退休康养,与父母同住，三代人拥挤在旧区小户型老房中,老小区隔音差，邻里滋扰严重，且车位严重匮乏，每晚加班回来抢车位像打仗。,要求有超大面宽南向双阳台（观景家政分离），主卧大飘窗能270度直面自然景观。,无需日常通勤，但要求30分钟内快捷通达凤凰机场或高铁站。,崇尚度假慢生活，清晨沙滩漫步，午后椰林下午茶，酷爱轻户外及后海冲浪。,名下持有一套旧两居，置换回款 65% + 个人理财储蓄补充 + 公积金商业贷,重性价比，不盲信大牌，但要求物业管理有序、绿化修剪及时、人防技防规范。,每年11月至次年3月到此度过漫长冬季，极其依赖周边的康养及适老化服务。
三_2011_01867,三亚,2011,度假投资,40,女,7.7,98.6,0.4,184.8,3,1,否,A,research,0.9,0.45,0.83,0.47,0.66,0.66,0.04,0,0.79,投资-长持,三室两厅,145,10962,知名中医药连锁投资人,三口之家(学龄段),西湖边高精平层,无高端私密会所及管家式物业配套，圈层鱼龙混杂，高净值居住体验差。,要求有超大面宽南向双阳台（观景家政分离），主卧大飘窗能270度直面自然景观。,无需日常通勤，但要求30分钟内快捷通达凤凰机场或高铁站。,周末常去高端商圈消费，热衷打网球和马术，重度手冲咖啡及黑胶唱片发烧友。,名下已有企业股权套现或分红现金，一次性全款付清，基本不加杠杆,非仁恒、绿城、万科等金牌开发商不买，极度看重高端精装质量与顶级物业的增值口碑。,每年11月至次年3月到此度过漫长冬季，极其依赖周边的康养及适老化服务。
三_2011_01868,三亚,2011,外地候鸟-华北,57,男,2.1,15.5,0.5,23.3,2,0,否,B,network,0.55,0.5,0.93,0.74,0.64,0.46,0.09,0.03,0.53,度假,两室一厅,91,2184,高校资深硕导,高知退休康养,三亚中环品质两居，车位及空间极其拥挤,老小区隔音差，邻里滋扰严重，且车位严重匮乏，每晚加班回来抢车位像打仗。,要求独立电梯入户，主次卧动线分明，配备独立保姆房和私密后院。,无需日常通勤，但要求30分钟内快捷通达凤凰机场或高铁站。,崇尚度假慢生活，清晨沙滩漫步，午后椰林下午茶，酷爱轻户外及后海冲浪。,名下持有一套旧两居，置换回款 65% + 个人理财储蓄补充 + 公积金商业贷,重性价比，不盲信大牌，但要求物业管理有序、绿化修剪及时、人防技防规范。,每年11月至次年3月到此度过漫长冬季，极其依赖周边的康养及适老化服务。
三_2011_01869,三亚,2011,外地候鸟-东北,64,女,3.1,23.3,0.5,35.0,2,0,否,C,network,0.47,0.51,1,0.76,0.41,0.54,0,0.06,0.49,度假,两室一厅,97,2080,沈阳大型重工企业退休副厂长,高知退休康养,与父母同住，三代人拥挤在旧区小户型老房中,老小区隔音差，邻里滋扰严重，且车位严重匮乏，每晚加班回来抢车位像打仗。,要求独立电梯入户，主次卧动线分明，配备独立保姆房和私密后院。,无需日常通勤，但要求30分钟内快捷通达凤凰机场或高铁站。,崇尚度假慢生活，清晨沙滩漫步，午后椰林下午茶，酷爱轻户外及后海冲浪。,名下持有一套旧两居，置换回款 65% + 个人理财储蓄补充 + 公积金商业贷,重性价比，不盲信大牌，但要求物业管理有序、绿化修剪及时、人防技防规范。,每年11月至次年3月到此度过漫长冬季，极其依赖周边的康养及适老化服务。
三_2011_01870,三亚,2011,度假投资,52,女,5.1,41.9,0.4,78.5,3,1,否,A,research,0.97,0.38,0.86,0.47,0.55,0.38,0,0,0.69,度假,两室两厅,68,5910,上市公司退休联合创始人,三口之家(学龄段),市中心私密洋房住宅,无高端私密会所及管家式物业配套，圈层鱼龙混杂，高净值居住体验差。,要求有超大面宽南向双阳台（观景家政分离），主卧大飘窗能270度直面自然景观。,无需日常通勤，但要求30分钟内快捷通达凤凰机场或高铁站。,周末常去高端商圈消费，热衷打网球和马术，重度手冲咖啡及黑胶唱片发烧友。,名下已有企业股权套现或分红现金，一次性全款付清，基本不加杠杆,重性价比，不盲信大牌，但要求物业管理有序、绿化修剪及时、人防技防规范。,每年11月至次年3月到此度过漫长冬季，极其依赖周边的康养及适老化服务。
三_2011_01871,三亚,2011,外地候鸟-东北,59,男,4.5,36.7,0.5,55.0,3,0,否,C,network,0.05,0.58,1,0.77,0.43,0.61,0.03,0,0.59,养老,两室一厅,62,5174,沈阳大型重工企业退休副厂长,高知退休康养,与父母同住，三代人拥挤在旧区小户型老房中,老小区隔音差，邻里滋扰严重，且车位严重匮乏，每晚加班回来抢车位像打仗。,要求独立电梯入户，主次卧动线分明，配备独立保姆房和私密后院。,无需日常通勤，但要求30分钟内快捷通达凤凰机场或高铁站。,崇尚度假慢生活，清晨沙滩漫步，午后椰林下午茶，酷爱轻户外及后海冲浪。,名下持有一套旧两居，置换回款 65% + 个人理财储蓄补充 + 公积金商业贷,重性价比，不盲信大牌，但要求物业管理有序、绿化修剪及时、人防技防规范。,每年11月至次年3月到此度过漫长冬季，极其依赖周边的康养及适老化服务。
三_2011_01872,三亚,2011,外地候鸟-东北,78,男,3.3,18.9,0.5,28.4,1,0,否,C,network,0.31,0.65,0.83,0.69,0.46,0.53,0.03,0.15,0.38,养老,两室一厅,99,1451,哈尔滨私营物流老板,高知退休康养,与父母同住，三代人拥挤在旧区小户型老房中,老小区隔音差，邻里滋扰严重，且车位严重匮乏，每晚加班回来抢车位像打仗。,要求有超大面宽南向双阳台（观景家政分离），主卧大飘窗能270度直面自然景观。,无需日常通勤，但要求30分钟内快捷通达凤凰机场或高铁站。,崇尚度假慢生活，清晨沙滩漫步，午后椰林下午茶，酷爱轻户外及后海冲浪。,名下持有一套旧两居，置换回款 65% + 个人理财储蓄补充 + 公积金商业贷,重性价比，不盲信大牌，但要求物业管理有序、绿化修剪及时、人防技防规范。,每年11月至次年3月到此度过漫长冬季，极其依赖周边的康养及适老化服务。
三_2011_01873,三亚,2011,本地改善,44,女,2.2,11.1,0.35,23.9,3,1,否,B,agent,0.58,0.67,0.56,0.53,0.35,0.74,0.49,0.73,0.6,自住-改善,一室一厅,69,2999,三甲医院主治医师,三口之家(学龄段),三亚中环品质两居，车位及空间极其拥挤,小区无地下车库且人车不分流，小孩在楼下玩耍或者推婴儿车极为不安全。,讲究超高得房率（超85%），主卧套房必须配备独立步入式衣帽间与干湿分离双卫。,无需日常通勤，但要求30分钟内快捷通达凤凰机场或高铁站。,崇尚度假慢生活，清晨沙滩漫步，午后椰林下午茶，酷爱轻户外及后海冲浪。,名下持有一套旧两居，置换回款 65% + 个人理财储蓄补充 + 公积金商业贷,重性价比，不盲信大牌，但要求物业管理有序、绿化修剪及时、人防技防规范。,本地常住人口，四季生活规律，度假频次为常规年假出行。
三_2011_01874,三亚,2011,度假投资,47,男,11.3,105.5,0.4,197.8,4,1,是,A,research,0.85,0.37,0.77,0.56,0.52,0.5,0,0,0.71,度假,两室两厅,116,10061,高端海景资产收藏家,三口之家(学龄段),市中心私密洋房住宅,当前房屋属于旧多层无电梯房，父母年纪渐高每天爬楼梯极为吃力。,要求有超大面宽南向双阳台（观景家政分离），主卧大飘窗能270度直面自然景观。,无需日常通勤，但要求30分钟内快捷通达凤凰机场或高铁站。,周末常去高端商圈消费，热衷打网球和马术，重度手冲咖啡及黑胶唱片发烧友。,名下已有企业股权套现或分红现金，一次性全款付清，基本不加杠杆,非仁恒、绿城、万科等金牌开发商不买，极度看重高端精装质量与顶级物业的增值口碑。,每年11月至次年3月到此度过漫长冬季，极其依赖周边的康养及适老化服务。
三_2011_01875,三亚,2011,本地改善,36,男,1.8,14.3,0.35,30.6,4,1,否,B,agent,0.68,0.57,0.57,0.41,0.44,0.77,0.5,0.82,0.46,自住-改善,一室一厅,64,3322,区级税务局一级主办,三口之家(幼龄段),三亚中环品质两居，车位及空间极其拥挤,小区无地下车库且人车不分流，小孩在楼下玩耍或者推婴儿车极为不安全。,讲究超高得房率（超85%），主卧套房必须配备独立步入式衣帽间与干湿分离双卫。,无需日常通勤，但要求30分钟内快捷通达凤凰机场或高铁站。,崇尚度假慢生活，清晨沙滩漫步，午后椰林下午茶，酷爱轻户外及后海冲浪。,名下持有一套旧两居，置换回款 65% + 个人理财储蓄补充 + 公积金商业贷,重性价比，不盲信大牌，但要求物业管理有序、绿化修剪及时、人防技防规范。,本地常住人口，四季生活规律，度假频次为常规年假出行。
三_2011_01876,三亚,2011,外地候鸟-华北,64,男,3.2,20.9,0.5,31.4,3,0,否,B,network,0.6,0.42,0.94,0.63,0.69,0.45,0.02,0.08,0.57,度假,一室一厅,93,2943,央企总部退休总工,高知退休康养,三亚中环品质两居，车位及空间极其拥挤,老小区隔音差，邻里滋扰严重，且车位严重匮乏，每晚加班回来抢车位像打仗。,要求有超大面宽南向双阳台（观景家政分离），主卧大飘窗能270度直面自然景观。,无需日常通勤，但要求30分钟内快捷通达凤凰机场或高铁站。,崇尚度假慢生活，清晨沙滩漫步，午后椰林下午茶，酷爱轻户外及后海冲浪。,名下持有一套旧两居，置换回款 65% + 个人理财储蓄补充 + 公积金商业贷,重性价比，不盲信大牌，但要求物业管理有序、绿化修剪及时、人防技防规范。,每年11月至次年3月到此度过漫长冬季，极其依赖周边的康养及适老化服务。
三_2011_01877,三亚,2011,外地候鸟-东北,76,男,5.4,42.0,0.5,63.0,2,0,是,C,network,0.4,0.46,0.95,0.79,0.31,0.48,0.08,0.01,0.48,度假,两室一厅,77,6212,哈尔滨高校退休处长,高知退休康养,与父母同住，三代人拥挤在旧区小户型老房中,当前房屋属于旧多层无电梯房，父母年纪渐高每天爬楼梯极为吃力。,要求独立电梯入户，主次卧动线分明，配备独立保姆房和私密后院。,无需日常通勤，但要求30分钟内快捷通达凤凰机场或高铁站。,崇尚度假慢生活，清晨沙滩漫步，午后椰林下午茶，酷爱轻户外及后海冲浪。,名下持有一套旧两居，置换回款 65% + 个人理财储蓄补充 + 公积金商业贷,重性价比，不盲信大牌，但要求物业管理有序、绿化修剪及时、人防技防规范。,每年11月至次年3月到此度过漫长冬季，极其依赖周边的康养及适老化服务。
三_2011_01878,三亚,2011,度假投资,53,女,6.1,56.6,0.4,106.2,2,2,是,A,research,0.88,0.4,1,0.65,0.56,0.42,0.02,0.03,0.66,投资-长持,两室一厅,74,7247,知名中医药连锁投资人,二胎黄金期中大户型,市中心私密洋房住宅,当前房屋属于旧多层无电梯房，父母年纪渐高每天爬楼梯极为吃力。,要求有超大面宽南向双阳台（观景家政分离），主卧大飘窗能270度直面自然景观。,无需日常通勤，但要求30分钟内快捷通达凤凰机场或高铁站。,周末常去高端商圈消费，热衷打网球和马术，重度手冲咖啡及黑胶唱片发烧友。,名下已有企业股权套现或分红现金，一次性全款付清，基本不加杠杆,重性价比，不盲信大牌，但要求物业管理有序、绿化修剪及时、人防技防规范。,每年11月至次年3月到此度过漫长冬季，极其依赖周边的康养及适老化服务。
三_2011_01879,三亚,2011,本地改善,32,男,2.4,15.2,0.35,32.5,4,1,否,B,agent,0.74,0.54,0.67,0.34,0.34,0.69,0.43,0.7,0.21,自住-改善,两室两厅,62,4591,重点中学高级教师,三口之家(幼龄段),三亚中环品质两居，车位及空间极其拥挤,小区无地下车库且人车不分流，小孩在楼下玩耍或者推婴儿车极为不安全。,要求采光通透，全明户型，带多功能嵌入式收纳墙以最大化空间利用。,无需日常通勤，但要求30分钟内快捷通达凤凰机场或高铁站。,崇尚度假慢生活，清晨沙滩漫步，午后椰林下午茶，酷爱轻户外及后海冲浪。,名下持有一套旧两居，置换回款 65% + 个人理财储蓄补充 + 公积金商业贷,重性价比，不盲信大牌，但要求物业管理有序、绿化修剪及时、人防技防规范。,本地常住人口，四季生活规律，度假频次为常规年假出行。
三_2011_01880,三亚,2011,度假投资,40,男,7.8,96.6,0.4,181.1,4,1,否,A,research,0.75,0.51,0.82,0.64,0.56,0.58,0.04,0,0.83,投资-短期,三室两厅,146,10764,上市公司退休联合创始人,三口之家(学龄段),西湖边高精平层,无高端私密会所及管家式物业配套，圈层鱼龙混杂，高净值居住体验差。,要求有超大面宽南向双阳台（观景家政分离），主卧大飘窗能270度直面自然景观。,无需日常通勤，但要求30分钟内快捷通达凤凰机场或高铁站。,周末常去高端商圈消费，热衷打网球和马术，重度手冲咖啡及黑胶唱片发烧友。,名下已有企业股权套现或分红现金，一次性全款付清，基本不加杠杆,非仁恒、绿城、万科等金牌开发商不买，极度看重高端精装质量与顶级物业的增值口碑。,每年11月至次年3月到此度过漫长冬季，极其依赖周边的康养及适老化服务。
三_2011_01881,三亚,2011,外地候鸟-华北,61,男,3.5,23.4,0.5,35.1,2,0,否,B,network,0.52,0.47,0.9,0.62,0.51,0.52,0,0.03,0.53,度假,两室一厅,68,3811,高校资深硕导,高知退休康养,三亚中环品质两居，车位及空间极其拥挤,老小区隔音差，邻里滋扰严重，且车位严重匮乏，每晚加班回来抢车位像打仗。,要求有超大面宽南向双阳台（观景家政分离），主卧大飘窗能270度直面自然景观。,无需日常通勤，但要求30分钟内快捷通达凤凰机场或高铁站。,崇尚度假慢生活，清晨沙滩漫步，午后椰林下午茶，酷爱轻户外及后海冲浪。,名下持有一套旧两居，置换回款 65% + 个人理财储蓄补充 + 公积金商业贷,重性价比，不盲信大牌，但要求物业管理有序、绿化修剪及时、人防技防规范。,每年11月至次年3月到此度过漫长冬季，极其依赖周边的康养及适老化服务。
三_2011_01882,三亚,2011,本地改善,50,男,2.7,12.0,0.35,25.6,3,1,是,B,agent,0.6,0.58,0.64,0.5,0.35,0.76,0.32,0.58,0.52,自住-改善,两室一厅,51,3363,区级税务局一级主办,三口之家(学龄段),三亚中环品质两居，车位及空间极其拥挤,小区无地下车库且人车不分流，小孩在楼下玩耍或者推婴儿车极为不安全。,讲究超高得房率（超85%），主卧套房必须配备独立步入式衣帽间与干湿分离双卫。,无需日常通勤，但要求30分钟内快捷通达凤凰机场或高铁站。,崇尚度假慢生活，清晨沙滩漫步，午后椰林下午茶，酷爱轻户外及后海冲浪。,名下持有一套旧两居，置换回款 65% + 个人理财储蓄补充 + 公积金商业贷,重性价比，不盲信大牌，但要求物业管理有序、绿化修剪及时、人防技防规范。,本地常住人口，四季生活规律，度假频次为常规年假出行。
三_2011_01883,三亚,2011,本地改善,36,女,2.8,13.9,0.35,29.7,4,0,否,B,agent,0.94,0.68,0.66,0.41,0.47,0.63,0.49,0.67,0.55,自住-改善,两室一厅,98,2251,智能新能源车企研发骨干,成熟期核心家庭,三亚中环品质两居，车位及空间极其拥挤,老小区隔音差，邻里滋扰严重，且车位严重匮乏，每晚加班回来抢车位像打仗。,要求采光通透，全明户型，带多功能嵌入式收纳墙以最大化空间利用。,无需日常通勤，但要求30分钟内快捷通达凤凰机场或高铁站。,崇尚度假慢生活，清晨沙滩漫步，午后椰林下午茶，酷爱轻户外及后海冲浪。,名下持有一套旧两居，置换回款 65% + 个人理财储蓄补充 + 公积金商业贷,重性价比，不盲信大牌，但要求物业管理有序、绿化修剪及时、人防技防规范。,本地常住人口，四季生活规律，度假频次为常规年假出行。
三_2011_01884,三亚,2011,本地改善,38,女,3.3,18.6,0.35,39.9,4,2,否,B,agent,0.85,0.58,0.58,0.42,0.4,0.72,0.44,0.79,0.46,自住-改善,一室一厅,98,2978,三甲医院主治医师,二胎黄金期中大户型,三亚中环品质两居，车位及空间极其拥挤,小区无地下车库且人车不分流，小孩在楼下玩耍或者推婴儿车极为不安全。,讲究超高得房率（超85%），主卧套房必须配备独立步入式衣帽间与干湿分离双卫。,无需日常通勤，但要求30分钟内快捷通达凤凰机场或高铁站。,崇尚度假慢生活，清晨沙滩漫步，午后椰林下午茶，酷爱轻户外及后海冲浪。,名下持有一套旧两居，置换回款 65% + 个人理财储蓄补充 + 公积金商业贷,重性价比，不盲信大牌，但要求物业管理有序、绿化修剪及时、人防技防规范。,本地常住人口，四季生活规律，度假频次为常规年假出行。
三_2011_01885,三亚,2011,度假投资,47,女,5.9,49.9,0.4,93.5,3,1,是,A,research,0.76,0.28,0.93,0.62,0.52,0.26,0,0.07,0.71,投资-长持,两室一厅,51,15013,高端海景资产收藏家,三口之家(学龄段),陆家嘴核心区江景大平层,当前房屋属于旧多层无电梯房，父母年纪渐高每天爬楼梯极为吃力。,要求有超大面宽南向双阳台（观景家政分离），主卧大飘窗能270度直面自然景观。,无需日常通勤，但要求30分钟内快捷通达凤凰机场或高铁站。,周末常去高端商圈消费，热衷打网球和马术，重度手冲咖啡及黑胶唱片发烧友。,名下已有企业股权套现或分红现金，一次性全款付清，基本不加杠杆,非仁恒、绿城、万科等金牌开发商不买，极度看重高端精装质量与顶级物业的增值口碑。,每年11月至次年3月到此度过漫长冬季，极其依赖周边的康养及适老化服务。
三_2011_01886,三亚,2011,本地改善,45,女,1.2,7.5,0.35,16.1,4,1,是,B,agent,0.62,0.51,0.56,0.63,0.39,0.79,0.54,0.74,0.42,自住-改善,一室一厅,66,1575,重点中学高级教师,三口之家(学龄段),三亚中环品质两居，车位及空间极其拥挤,小区无地下车库且人车不分流，小孩在楼下玩耍或者推婴儿车极为不安全。,讲究超高得房率（超85%），主卧套房必须配备独立步入式衣帽间与干湿分离双卫。,无需日常通勤，但要求30分钟内快捷通达凤凰机场或高铁站。,崇尚度假慢生活，清晨沙滩漫步，午后椰林下午茶，酷爱轻户外及后海冲浪。,名下持有一套旧两居，置换回款 65% + 个人理财储蓄补充 + 公积金商业贷,重性价比，不盲信大牌，但要求物业管理有序、绿化修剪及时、人防技防规范。,本地常住人口，四季生活规律，度假频次为常规年假出行。
三_2011_01887,三亚,2011,本地改善,31,男,2.3,14.5,0.35,31.2,5,1,是,B,agent,0.78,0.53,0.61,0.4,0.62,0.81,0.37,0.75,0.45,自住-改善,两室两厅,67,3829,三甲医院主治医师,三口之家(幼龄段),三亚中环品质两居，车位及空间极其拥挤,小区无地下车库且人车不分流，小孩在楼下玩耍或者推婴儿车极为不安全。,讲究超高得房率（超85%），主卧套房必须配备独立步入式衣帽间与干湿分离双卫。,无需日常通勤，但要求30分钟内快捷通达凤凰机场或高铁站。,崇尚度假慢生活，清晨沙滩漫步，午后椰林下午茶，酷爱轻户外及后海冲浪。,名下持有一套旧两居，置换回款 65% + 个人理财储蓄补充 + 公积金商业贷,重性价比，不盲信大牌，但要求物业管理有序、绿化修剪及时、人防技防规范。,本地常住人口，四季生活规律，度假频次为常规年假出行。
三_2011_01888,三亚,2011,度假投资,51,男,8.1,78.1,0.4,146.4,3,1,否,A,research,1,0.33,0.78,0.73,0.53,0.4,0.04,0,0.76,度假,一室一厅,96,9652,上市公司退休联合创始人,三口之家(学龄段),西湖边高精平层,无高端私密会所及管家式物业配套，圈层鱼龙混杂，高净值居住体验差。,要求独立电梯入户，主次卧动线分明，配备独立保姆房和私密后院。,无需日常通勤，但要求30分钟内快捷通达凤凰机场或高铁站。,周末常去高端商圈消费，热衷打网球和马术，重度手冲咖啡及黑胶唱片发烧友。,名下已有企业股权套现或分红现金，一次性全款付清，基本不加杠杆,非仁恒、绿城、万科等金牌开发商不买，极度看重高端精装质量与顶级物业的增值口碑。,每年11月至次年3月到此度过漫长冬季，极其依赖周边的康养及适老化服务。
三_2011_01889,三亚,2011,外地候鸟-东北,66,男,2.5,13.9,0.5,20.9,2,0,否,C,network,0.35,0.74,0.97,0.73,0.47,0.44,0.03,0,0.52,度假,两室两厅,58,2262,沈阳大型重工企业退休副厂长,高知退休康养,与父母同住，三代人拥挤在旧区小户型老房中,老小区隔音差，邻里滋扰严重，且车位严重匮乏，每晚加班回来抢车位像打仗。,要求独立电梯入户，主次卧动线分明，配备独立保姆房和私密后院。,无需日常通勤，但要求30分钟内快捷通达凤凰机场或高铁站。,崇尚度假慢生活，清晨沙滩漫步，午后椰林下午茶，酷爱轻户外及后海冲浪。,名下持有一套旧两居，置换回款 65% + 个人理财储蓄补充 + 公积金商业贷,重性价比，不盲信大牌，但要求物业管理有序、绿化修剪及时、人防技防规范。,每年11月至次年3月到此度过漫长冬季，极其依赖周边的康养及适老化服务。
三_2011_01890,三亚,2011,外地候鸟-西北,70,女,3.8,23.9,0.5,35.9,2,0,否,C,network,0.45,0.5,0.79,0.6,0.37,0.62,0.08,0,0.48,度假,两室两厅,67,4296,兰州煤炭物流运输企业主,高知退休康养,与父母同住，三代人拥挤在旧区小户型老房中,老小区隔音差，邻里滋扰严重，且车位严重匮乏，每晚加班回来抢车位像打仗。,要求有超大面宽南向双阳台（观景家政分离），主卧大飘窗能270度直面自然景观。,无需日常通勤，但要求30分钟内快捷通达凤凰机场或高铁站。,崇尚度假慢生活，清晨沙滩漫步，午后椰林下午茶，酷爱轻户外及后海冲浪。,名下持有一套旧两居，置换回款 65% + 个人理财储蓄补充 + 公积金商业贷,重性价比，不盲信大牌，但要求物业管理有序、绿化修剪及时、人防技防规范。,每年11月至次年3月到此度过漫长冬季，极其依赖周边的康养及适老化服务。
三_2011_01891,三亚,2011,外地候鸟-华北,68,男,5.9,58.9,0.5,88.4,2,0,是,B,network,0.43,0.52,1,0.73,0.68,0.39,0,0.14,0.47,度假,一室一厅,83,7419,央企总部退休总工,高知退休康养,三亚中环品质两居，车位及空间极其拥挤,当前房屋属于旧多层无电梯房，父母年纪渐高每天爬楼梯极为吃力。,要求独立电梯入户，主次卧动线分明，配备独立保姆房和私密后院。,无需日常通勤，但要求30分钟内快捷通达凤凰机场或高铁站。,崇尚度假慢生活，清晨沙滩漫步，午后椰林下午茶，酷爱轻户外及后海冲浪。,名下持有一套旧两居，置换回款 65% + 个人理财储蓄补充 + 公积金商业贷,重性价比，不盲信大牌，但要求物业管理有序、绿化修剪及时、人防技防规范。,每年11月至次年3月到此度过漫长冬季，极其依赖周边的康养及适老化服务。
三_2011_01892,三亚,2011,本地改善,31,女,2.6,18.7,0.35,40.1,3,0,是,B,agent,0.59,0.67,0.7,0.52,0.48,0.76,0.39,0.78,0.52,自住-改善,两室一厅,76,3296,重点中学高级教师,新婚过渡两居,三亚中环品质两居，车位及空间极其拥挤,当前房屋属于旧多层无电梯房，父母年纪渐高每天爬楼梯极为吃力。,讲究超高得房率（超85%），主卧套房必须配备独立步入式衣帽间与干湿分离双卫。,无需日常通勤，但要求30分钟内快捷通达凤凰机场或高铁站。,崇尚度假慢生活，清晨沙滩漫步，午后椰林下午茶，酷爱轻户外及后海冲浪。,名下持有一套旧两居，置换回款 65% + 个人理财储蓄补充 + 公积金商业贷,重性价比，不盲信大牌，但要求物业管理有序、绿化修剪及时、人防技防规范。,本地常住人口，四季生活规律，度假频次为常规年假出行。
三_2011_01893,三亚,2011,度假投资,55,女,11.3,134.7,0.4,252.6,5,2,否,A,research,0.72,0.29,0.87,0.6,0.62,0.37,0,0,0.73,投资-短期,三室两厅,113,19036,知名中医药连锁投资人,二胎黄金期中大户型,市中心私密洋房住宅,无高端私密会所及管家式物业配套，圈层鱼龙混杂，高净值居住体验差。,要求有超大面宽南向双阳台（观景家政分离），主卧大飘窗能270度直面自然景观。,无需日常通勤，但要求30分钟内快捷通达凤凰机场或高铁站。,周末常去高端商圈消费，热衷打网球和马术，重度手冲咖啡及黑胶唱片发烧友。,名下已有企业股权套现或分红现金，一次性全款付清，基本不加杠杆,非仁恒、绿城、万科等金牌开发商不买，极度看重高端精装质量与顶级物业的增值口碑。,每年11月至次年3月到此度过漫长冬季，极其依赖周边的康养及适老化服务。
三_2011_01894,三亚,2011,度假投资,48,男,7.8,100.4,0.4,188.2,4,0,否,A,research,0.83,0.37,0.93,0.62,0.62,0.52,0,0.11,0.7,投资-长持,三室两厅,124,10326,高端海景资产收藏家,成熟期核心家庭,西湖边高精平层,无高端私密会所及管家式物业配套，圈层鱼龙混杂，高净值居住体验差。,要求有超大面宽南向双阳台（观景家政分离），主卧大飘窗能270度直面自然景观。,无需日常通勤，但要求30分钟内快捷通达凤凰机场或高铁站。,周末常去高端商圈消费，热衷打网球和马术，重度手冲咖啡及黑胶唱片发烧友。,名下已有企业股权套现或分红现金，一次性全款付清，基本不加杠杆,重性价比，不盲信大牌，但要求物业管理有序、绿化修剪及时、人防技防规范。,每年11月至次年3月到此度过漫长冬季，极其依赖周边的康养及适老化服务。
三_2011_01895,三亚,2011,外地候鸟-华北,56,男,1.6,14.6,0.5,22.0,1,0,否,B,network,0.64,0.37,0.88,0.7,0.69,0.53,0.1,0,0.59,养老,两室两厅,63,1934,北京三甲医院退休教授,高知退休康养,三亚中环品质两居，车位及空间极其拥挤,老小区隔音差，邻里滋扰严重，且车位严重匮乏，每晚加班回来抢车位像打仗。,要求有超大面宽南向双阳台（观景家政分离），主卧大飘窗能270度直面自然景观。,无需日常通勤，但要求30分钟内快捷通达凤凰机场或高铁站。,崇尚度假慢生活，清晨沙滩漫步，午后椰林下午茶，酷爱轻户外及后海冲浪。,名下持有一套旧两居，置换回款 65% + 个人理财储蓄补充 + 公积金商业贷,重性价比，不盲信大牌，但要求物业管理有序、绿化修剪及时、人防技防规范。,每年11月至次年3月到此度过漫长冬季，极其依赖周边的康养及适老化服务。
三_2011_01896,三亚,2011,本地改善,47,女,1.7,12.2,0.35,26.2,4,1,是,B,agent,0.83,0.46,0.47,0.52,0.4,0.79,0.46,0.76,0.5,自住-改善,两室两厅,71,2043,重点中学高级教师,三口之家(学龄段),三亚中环品质两居，车位及空间极其拥挤,小区无地下车库且人车不分流，小孩在楼下玩耍或者推婴儿车极为不安全。,讲究超高得房率（超85%），主卧套房必须配备独立步入式衣帽间与干湿分离双卫。,无需日常通勤，但要求30分钟内快捷通达凤凰机场或高铁站。,崇尚度假慢生活，清晨沙滩漫步，午后椰林下午茶，酷爱轻户外及后海冲浪。,名下持有一套旧两居，置换回款 65% + 个人理财储蓄补充 + 公积金商业贷,重性价比，不盲信大牌，但要求物业管理有序、绿化修剪及时、人防技防规范。,本地常住人口，四季生活规律，度假频次为常规年假出行。
三_2011_01897,三亚,2011,度假投资,35,男,11.9,105.1,0.4,197.0,3,2,否,A,research,0.76,0.43,0.95,0.72,0.65,0.41,0,0,0.7,投资-短期,三室两厅,133,12104,上市公司退休联合创始人,二胎黄金期中大户型,西湖边高精平层,无高端私密会所及管家式物业配套，圈层鱼龙混杂，高净值居住体验差。,要求独立电梯入户，主次卧动线分明，配备独立保姆房和私密后院。,无需日常通勤，但要求30分钟内快捷通达凤凰机场或高铁站。,周末常去高端商圈消费，热衷打网球和马术，重度手冲咖啡及黑胶唱片发烧友。,名下已有企业股权套现或分红现金，一次性全款付清，基本不加杠杆,重性价比，不盲信大牌，但要求物业管理有序、绿化修剪及时、人防技防规范。,每年11月至次年3月到此度过漫长冬季，极其依赖周边的康养及适老化服务。
三_2011_01898,三亚,2011,度假投资,38,男,5.3,53.2,0.4,99.7,3,1,否,A,research,0.42,0.45,0.92,0.62,0.64,0.51,0,0.02,0.72,投资-短期,两室一厅,88,9899,上市公司退休联合创始人,三口之家(学龄段),西湖边高精平层,无高端私密会所及管家式物业配套，圈层鱼龙混杂，高净值居住体验差。,要求有超大面宽南向双阳台（观景家政分离），主卧大飘窗能270度直面自然景观。,无需日常通勤，但要求30分钟内快捷通达凤凰机场或高铁站。,周末常去高端商圈消费，热衷打网球和马术，重度手冲咖啡及黑胶唱片发烧友。,名下已有企业股权套现或分红现金，一次性全款付清，基本不加杠杆,非仁恒、绿城、万科等金牌开发商不买，极度看重高端精装质量与顶级物业的增值口碑。,每年11月至次年3月到此度过漫长冬季，极其依赖周边的康养及适老化服务。
三_2011_01899,三亚,2011,外地候鸟-东北,58,女,4.8,29.5,0.5,44.2,2,0,否,C,network,0.41,0.69,1,0.69,0.58,0.42,0.02,0.13,0.62,度假,一室一厅,66,5461,哈尔滨私营物流老板,高知退休康养,与父母同住，三代人拥挤在旧区小户型老房中,老小区隔音差，邻里滋扰严重，且车位严重匮乏，每晚加班回来抢车位像打仗。,要求有超大面宽南向双阳台（观景家政分离），主卧大飘窗能270度直面自然景观。,无需日常通勤，但要求30分钟内快捷通达凤凰机场或高铁站。,崇尚度假慢生活，清晨沙滩漫步，午后椰林下午茶，酷爱轻户外及后海冲浪。,名下持有一套旧两居，置换回款 65% + 个人理财储蓄补充 + 公积金商业贷,重性价比，不盲信大牌，但要求物业管理有序、绿化修剪及时、人防技防规范。,每年11月至次年3月到此度过漫长冬季，极其依赖周边的康养及适老化服务。
三_2011_01900,三亚,2011,本地改善,30,男,1.8,9.7,0.35,20.7,4,1,否,B,agent,0.77,0.61,0.67,0.45,0.33,0.96,0.62,0.63,0.36,自住-改善,两室一厅,64,2506,重点中学高级教师,三口之家(幼龄段),三亚中环品质两居，车位及空间极其拥挤,小区无地下车库且人车不分流，小孩在楼下玩耍或者推婴儿车极为不安全。,讲究超高得房率（超85%），主卧套房必须配备独立步入式衣帽间与干湿分离双卫。,无需日常通勤，但要求30分钟内快捷通达凤凰机场或高铁站。,崇尚度假慢生活，清晨沙滩漫步，午后椰林下午茶，酷爱轻户外及后海冲浪。,名下持有一套旧两居，置换回款 65% + 个人理财储蓄补充 + 公积金商业贷,重性价比，不盲信大牌，但要求物业管理有序、绿化修剪及时、人防技防规范。,本地常住人口，四季生活规律，度假频次为常规年假出行。
三_2011_01901,三亚,2011,外地候鸟-华北,56,女,4.1,26.8,0.5,40.1,2,0,否,B,network,0.52,0.49,0.92,0.82,0.57,0.4,0.04,0.07,0.59,养老,两室两厅,56,5339,央企总部退休总工,高知退休康养,三亚中环品质两居，车位及空间极其拥挤,老小区隔音差，邻里滋扰严重，且车位严重匮乏，每晚加班回来抢车位像打仗。,要求独立电梯入户，主次卧动线分明，配备独立保姆房和私密后院。,无需日常通勤，但要求30分钟内快捷通达凤凰机场或高铁站。,崇尚度假慢生活，清晨沙滩漫步，午后椰林下午茶，酷爱轻户外及后海冲浪。,名下持有一套旧两居，置换回款 65% + 个人理财储蓄补充 + 公积金商业贷,重性价比，不盲信大牌，但要求物业管理有序、绿化修剪及时、人防技防规范。,每年11月至次年3月到此度过漫长冬季，极其依赖周边的康养及适老化服务。
三_2011_01902,三亚,2011,度假投资,51,男,9.3,104.7,0.4,196.2,3,1,否,A,research,0.65,0.31,0.79,0.53,0.4,0.52,0.15,0,0.78,投资-长持,两室两厅,131,11550,知名中医药连锁投资人,三口之家(学龄段),市中心私密洋房住宅,无高端私密会所及管家式物业配套，圈层鱼龙混杂，高净值居住体验差。,要求有超大面宽南向双阳台（观景家政分离），主卧大飘窗能270度直面自然景观。,无需日常通勤，但要求30分钟内快捷通达凤凰机场或高铁站。,周末常去高端商圈消费，热衷打网球和马术，重度手冲咖啡及黑胶唱片发烧友。,名下已有企业股权套现或分红现金，一次性全款付清，基本不加杠杆,非仁恒、绿城、万科等金牌开发商不买，极度看重高端精装质量与顶级物业的增值口碑。,每年11月至次年3月到此度过漫长冬季，极其依赖周边的康养及适老化服务。
三_2011_01903,三亚,2011,外地候鸟-华北,70,女,5.6,50.9,0.5,76.3,2,1,否,B,network,0.46,0.53,0.88,0.69,0.69,0.46,0.02,0,0.63,养老,一室一厅,86,6413,央企总部退休总工,三口之家(学龄段),三亚中环品质两居，车位及空间极其拥挤,小区无地下车库且人车不分流，小孩在楼下玩耍或者推婴儿车极为不安全。,要求有超大面宽南向双阳台（观景家政分离），主卧大飘窗能270度直面自然景观。,无需日常通勤，但要求30分钟内快捷通达凤凰机场或高铁站。,崇尚度假慢生活，清晨沙滩漫步，午后椰林下午茶，酷爱轻户外及后海冲浪。,名下持有一套旧两居，置换回款 65% + 个人理财储蓄补充 + 公积金商业贷,重性价比，不盲信大牌，但要求物业管理有序、绿化修剪及时、人防技防规范。,每年11月至次年3月到此度过漫长冬季，极其依赖周边的康养及适老化服务。
三_2011_01904,三亚,2011,本地改善,33,男,3.0,17.3,0.35,37.0,4,1,否,B,agent,0.86,0.49,0.61,0.44,0.51,0.64,0.5,0.81,0.29,自住-改善,一室一厅,55,4736,智能新能源车企研发骨干,三口之家(幼龄段),三亚中环品质两居，车位及空间极其拥挤,小区无地下车库且人车不分流，小孩在楼下玩耍或者推婴儿车极为不安全。,核心要求地块属于第一梯队名校学区，且周边500米内解决幼小衔接教育配套。,无需日常通勤，但要求30分钟内快捷通达凤凰机场或高铁站。,崇尚度假慢生活，清晨沙滩漫步，午后椰林下午茶，酷爱轻户外及后海冲浪。,名下持有一套旧两居，置换回款 65% + 个人理财储蓄补充 + 公积金商业贷,重性价比，不盲信大牌，但要求物业管理有序、绿化修剪及时、人防技防规范。,本地常住人口，四季生活规律，度假频次为常规年假出行。
三_2011_01905,三亚,2011,外地候鸟-西北,66,男,2.5,20.3,0.5,30.5,3,0,否,C,network,0.22,0.56,0.94,0.57,0.5,0.36,0,0,0.56,养老,两室一厅,92,2705,西安设计院退休总建筑师,高知退休康养,与父母同住，三代人拥挤在旧区小户型老房中,老小区隔音差，邻里滋扰严重，且车位严重匮乏，每晚加班回来抢车位像打仗。,要求有超大面宽南向双阳台（观景家政分离），主卧大飘窗能270度直面自然景观。,无需日常通勤，但要求30分钟内快捷通达凤凰机场或高铁站。,崇尚度假慢生活，清晨沙滩漫步，午后椰林下午茶，酷爱轻户外及后海冲浪。,名下持有一套旧两居，置换回款 65% + 个人理财储蓄补充 + 公积金商业贷,重性价比，不盲信大牌，但要求物业管理有序、绿化修剪及时、人防技防规范。,每年11月至次年3月到此度过漫长冬季，极其依赖周边的康养及适老化服务。
三_2011_01906,三亚,2011,本地改善,39,女,2.0,13.3,0.35,28.5,4,1,是,B,agent,1,0.57,0.62,0.4,0.49,0.76,0.57,0.7,0.39,自住-改善,一室一厅,50,4196,国企中层管理,三口之家(学龄段),三亚中环品质两居，车位及空间极其拥挤,小区无地下车库且人车不分流，小孩在楼下玩耍或者推婴儿车极为不安全。,讲究超高得房率（超85%），主卧套房必须配备独立步入式衣帽间与干湿分离双卫。,无需日常通勤，但要求30分钟内快捷通达凤凰机场或高铁站。,崇尚度假慢生活，清晨沙滩漫步，午后椰林下午茶，酷爱轻户外及后海冲浪。,名下持有一套旧两居，置换回款 65% + 个人理财储蓄补充 + 公积金商业贷,重性价比，不盲信大牌，但要求物业管理有序、绿化修剪及时、人防技防规范。,本地常住人口，四季生活规律，度假频次为常规年假出行。
三_2011_01907,三亚,2011,本地改善,43,女,4.3,18.7,0.35,40.1,3,1,是,B,agent,0.89,0.61,0.72,0.47,0.34,0.84,0.67,0.76,0.43,自住-改善,两室一厅,92,3494,区级税务局一级主办,三口之家(学龄段),三亚中环品质两居，车位及空间极其拥挤,小区无地下车库且人车不分流，小孩在楼下玩耍或者推婴儿车极为不安全。,要求有超大面宽南向双阳台（观景家政分离），主卧大飘窗能270度直面自然景观。,无需日常通勤，但要求30分钟内快捷通达凤凰机场或高铁站。,崇尚度假慢生活，清晨沙滩漫步，午后椰林下午茶，酷爱轻户外及后海冲浪。,名下持有一套旧两居，置换回款 65% + 个人理财储蓄补充 + 公积金商业贷,重性价比，不盲信大牌，但要求物业管理有序、绿化修剪及时、人防技防规范。,本地常住人口，四季生活规律，度假频次为常规年假出行。
三_2011_01908,三亚,2011,本地改善,36,女,2.9,16.6,0.35,35.5,4,1,是,B,agent,0.73,0.66,0.66,0.5,0.33,0.71,0.41,0.83,0.46,自住-改善,一室一厅,50,4695,重点中学高级教师,三口之家(幼龄段),三亚中环品质两居，车位及空间极其拥挤,小区无地下车库且人车不分流，小孩在楼下玩耍或者推婴儿车极为不安全。,讲究超高得房率（超85%），主卧套房必须配备独立步入式衣帽间与干湿分离双卫。,无需日常通勤，但要求30分钟内快捷通达凤凰机场或高铁站。,崇尚度假慢生活，清晨沙滩漫步，午后椰林下午茶，酷爱轻户外及后海冲浪。,名下持有一套旧两居，置换回款 65% + 个人理财储蓄补充 + 公积金商业贷,重性价比，不盲信大牌，但要求物业管理有序、绿化修剪及时、人防技防规范。,本地常住人口，四季生活规律，度假频次为常规年假出行。
三_2011_01909,三亚,2011,本地改善,43,女,1.8,9.9,0.35,21.3,5,1,是,B,agent,0.77,0.53,0.65,0.44,0.48,0.78,0.33,0.72,0.56,自住-改善,两室两厅,100,1184,智能新能源车企研发骨干,三口之家(学龄段),三亚中环品质两居，车位及空间极其拥挤,小区无地下车库且人车不分流，小孩在楼下玩耍或者推婴儿车极为不安全。,讲究超高得房率（超85%），主卧套房必须配备独立步入式衣帽间与干湿分离双卫。,无需日常通勤，但要求30分钟内快捷通达凤凰机场或高铁站。,崇尚度假慢生活，清晨沙滩漫步，午后椰林下午茶，酷爱轻户外及后海冲浪。,名下持有一套旧两居，置换回款 65% + 个人理财储蓄补充 + 公积金商业贷,重性价比，不盲信大牌，但要求物业管理有序、绿化修剪及时、人防技防规范。,本地常住人口，四季生活规律，度假频次为常规年假出行。
三_2011_01910,三亚,2011,本地改善,40,女,3.0,12.8,0.35,27.4,3,2,否,B,agent,0.78,0.71,0.65,0.41,0.5,0.93,0.6,0.57,0.34,自住-改善,一室一厅,86,2803,智能新能源车企研发骨干,二胎黄金期中大户型,三亚中环品质两居，车位及空间极其拥挤,小区无地下车库且人车不分流，小孩在楼下玩耍或者推婴儿车极为不安全。,讲究超高得房率（超85%），主卧套房必须配备独立步入式衣帽间与干湿分离双卫。,无需日常通勤，但要求30分钟内快捷通达凤凰机场或高铁站。,崇尚度假慢生活，清晨沙滩漫步，午后椰林下午茶，酷爱轻户外及后海冲浪。,名下持有一套旧两居，置换回款 65% + 个人理财储蓄补充 + 公积金商业贷,重性价比，不盲信大牌，但要求物业管理有序、绿化修剪及时、人防技防规范。,本地常住人口，四季生活规律，度假频次为常规年假出行。
三_2011_01911,三亚,2011,度假投资,44,男,5.7,61.8,0.4,115.8,4,1,否,A,research,0.82,0.52,0.77,0.54,0.54,0.28,0,0.0,0.74,投资-长持,一室一厅,62,11746,上市公司退休联合创始人,三口之家(学龄段),陆家嘴核心区江景大平层,无高端私密会所及管家式物业配套，圈层鱼龙混杂，高净值居住体验差。,要求有超大面宽南向双阳台（观景家政分离），主卧大飘窗能270度直面自然景观。,无需日常通勤，但要求30分钟内快捷通达凤凰机场或高铁站。,周末常去高端商圈消费，热衷打网球和马术，重度手冲咖啡及黑胶唱片发烧友。,名下已有企业股权套现或分红现金，一次性全款付清，基本不加杠杆,非仁恒、绿城、万科等金牌开发商不买，极度看重高端精装质量与顶级物业的增值口碑。,每年11月至次年3月到此度过漫长冬季，极其依赖周边的康养及适老化服务。
三_2011_01912,三亚,2011,外地候鸟-东北,68,男,4.5,27.8,0.5,41.8,2,1,否,C,network,0.18,0.52,0.87,0.72,0.42,0.49,0,0.09,0.52,度假,两室两厅,69,4015,哈尔滨私营物流老板,三口之家(学龄段),与父母同住，三代人拥挤在旧区小户型老房中,小区无地下车库且人车不分流，小孩在楼下玩耍或者推婴儿车极为不安全。,要求独立电梯入户，主次卧动线分明，配备独立保姆房和私密后院。,无需日常通勤，但要求30分钟内快捷通达凤凰机场或高铁站。,崇尚度假慢生活，清晨沙滩漫步，午后椰林下午茶，酷爱轻户外及后海冲浪。,名下持有一套旧两居，置换回款 65% + 个人理财储蓄补充 + 公积金商业贷,重性价比，不盲信大牌，但要求物业管理有序、绿化修剪及时、人防技防规范。,每年11月至次年3月到此度过漫长冬季，极其依赖周边的康养及适老化服务。
三_2011_01913,三亚,2011,本地改善,39,男,3.3,17.4,0.35,37.3,5,2,否,B,agent,0.85,0.59,0.56,0.41,0.36,0.81,0.5,0.55,0.5,自住-改善,两室两厅,69,3606,重点中学高级教师,二胎黄金期中大户型,三亚中环品质两居，车位及空间极其拥挤,小区无地下车库且人车不分流，小孩在楼下玩耍或者推婴儿车极为不安全。,讲究超高得房率（超85%），主卧套房必须配备独立步入式衣帽间与干湿分离双卫。,无需日常通勤，但要求30分钟内快捷通达凤凰机场或高铁站。,崇尚度假慢生活，清晨沙滩漫步，午后椰林下午茶，酷爱轻户外及后海冲浪。,名下持有一套旧两居，置换回款 65% + 个人理财储蓄补充 + 公积金商业贷,重性价比，不盲信大牌，但要求物业管理有序、绿化修剪及时、人防技防规范。,本地常住人口，四季生活规律，度假频次为常规年假出行。
三_2011_01914,三亚,2011,外地候鸟-西北,67,男,1.8,16.9,0.5,25.4,2,0,否,C,network,0.38,0.48,0.94,0.56,0.55,0.41,0,0,0.5,养老,两室一厅,85,1794,兰州煤炭物流运输企业主,高知退休康养,与父母同住，三代人拥挤在旧区小户型老房中,老小区隔音差，邻里滋扰严重，且车位严重匮乏，每晚加班回来抢车位像打仗。,要求有超大面宽南向双阳台（观景家政分离），主卧大飘窗能270度直面自然景观。,无需日常通勤，但要求30分钟内快捷通达凤凰机场或高铁站。,崇尚度假慢生活，清晨沙滩漫步，午后椰林下午茶，酷爱轻户外及后海冲浪。,名下持有一套旧两居，置换回款 65% + 个人理财储蓄补充 + 公积金商业贷,重性价比，不盲信大牌，但要求物业管理有序、绿化修剪及时、人防技防规范。,每年11月至次年3月到此度过漫长冬季，极其依赖周边的康养及适老化服务。
三_2011_01915,三亚,2011,度假投资,49,男,9.8,102.7,0.4,192.6,2,1,是,A,research,0.78,0.32,0.89,0.68,0.66,0.63,0.04,0.13,0.76,度假,三室一厅,141,10347,知名中医药连锁投资人,三口之家(学龄段),市中心私密洋房住宅,当前房屋属于旧多层无电梯房，父母年纪渐高每天爬楼梯极为吃力。,要求有超大面宽南向双阳台（观景家政分离），主卧大飘窗能270度直面自然景观。,无需日常通勤，但要求30分钟内快捷通达凤凰机场或高铁站。,周末常去高端商圈消费，热衷打网球和马术，重度手冲咖啡及黑胶唱片发烧友。,名下已有企业股权套现或分红现金，一次性全款付清，基本不加杠杆,非仁恒、绿城、万科等金牌开发商不买，极度看重高端精装质量与顶级物业的增值口碑。,每年11月至次年3月到此度过漫长冬季，极其依赖周边的康养及适老化服务。
三_2011_01916,三亚,2011,外地候鸟-华北,73,男,3.7,26.3,0.5,39.4,2,0,否,B,network,0.64,0.59,0.94,0.77,0.62,0.49,0.05,0.03,0.47,养老,两室一厅,84,3260,央企总部退休总工,高知退休康养,三亚中环品质两居，车位及空间极其拥挤,老小区隔音差，邻里滋扰严重，且车位严重匮乏，每晚加班回来抢车位像打仗。,要求独立电梯入户，主次卧动线分明，配备独立保姆房和私密后院。,无需日常通勤，但要求30分钟内快捷通达凤凰机场或高铁站。,崇尚度假慢生活，清晨沙滩漫步，午后椰林下午茶，酷爱轻户外及后海冲浪。,名下持有一套旧两居，置换回款 65% + 个人理财储蓄补充 + 公积金商业贷,重性价比，不盲信大牌，但要求物业管理有序、绿化修剪及时、人防技防规范。,每年11月至次年3月到此度过漫长冬季，极其依赖周边的康养及适老化服务。
三_2011_01917,三亚,2011,外地候鸟-西北,75,女,1.6,15.9,0.5,23.9,3,0,否,C,network,0.19,0.73,0.95,0.74,0.56,0.44,0.1,0.1,0.52,养老,两室两厅,67,2924,西安设计院退休总建筑师,高知退休康养,与父母同住，三代人拥挤在旧区小户型老房中,老小区隔音差，邻里滋扰严重，且车位严重匮乏，每晚加班回来抢车位像打仗。,要求独立电梯入户，主次卧动线分明，配备独立保姆房和私密后院。,无需日常通勤，但要求30分钟内快捷通达凤凰机场或高铁站。,崇尚度假慢生活，清晨沙滩漫步，午后椰林下午茶，酷爱轻户外及后海冲浪。,名下持有一套旧两居，置换回款 65% + 个人理财储蓄补充 + 公积金商业贷,重性价比，不盲信大牌，但要求物业管理有序、绿化修剪及时、人防技防规范。,每年11月至次年3月到此度过漫长冬季，极其依赖周边的康养及适老化服务。
三_2011_01918,三亚,2011,本地改善,31,男,3.4,23.9,0.35,51.3,5,0,否,B,agent,0.88,0.59,0.69,0.5,0.32,0.66,0.55,0.64,0.46,自住-改善,两室一厅,96,2673,国企中层管理,新婚过渡两居,三亚中环品质两居，车位及空间极其拥挤,老小区隔音差，邻里滋扰严重，且车位严重匮乏，每晚加班回来抢车位像打仗。,要求采光通透，全明户型，带多功能嵌入式收纳墙以最大化空间利用。,无需日常通勤，但要求30分钟内快捷通达凤凰机场或高铁站。,崇尚度假慢生活，清晨沙滩漫步，午后椰林下午茶，酷爱轻户外及后海冲浪。,名下持有一套旧两居，置换回款 65% + 个人理财储蓄补充 + 公积金商业贷,重性价比，不盲信大牌，但要求物业管理有序、绿化修剪及时、人防技防规范。,本地常住人口，四季生活规律，度假频次为常规年假出行。
三_2011_01919,三亚,2011,度假投资,48,男,3.1,39.8,0.4,74.6,4,0,否,A,research,0.85,0.51,0.72,0.45,0.5,0.39,0.03,0,0.71,投资-短期,一室一厅,93,5893,知名中医药连锁投资人,成熟期核心家庭,市中心私密洋房住宅,无高端私密会所及管家式物业配套，圈层鱼龙混杂，高净值居住体验差。,要求有超大面宽南向双阳台（观景家政分离），主卧大飘窗能270度直面自然景观。,无需日常通勤，但要求30分钟内快捷通达凤凰机场或高铁站。,周末常去高端商圈消费，热衷打网球和马术，重度手冲咖啡及黑胶唱片发烧友。,名下已有企业股权套现或分红现金，一次性全款付清，基本不加杠杆,非仁恒、绿城、万科等金牌开发商不买，极度看重高端精装质量与顶级物业的增值口碑。,每年11月至次年3月到此度过漫长冬季，极其依赖周边的康养及适老化服务。
三_2011_01920,三亚,2011,本地改善,32,女,2.2,13.0,0.35,27.9,4,0,是,B,agent,0.78,0.66,0.43,0.43,0.58,0.68,0.47,0.59,0.38,自住-改善,两室一厅,83,2235,国企中层管理,新婚过渡两居,三亚中环品质两居，车位及空间极其拥挤,当前房屋属于旧多层无电梯房，父母年纪渐高每天爬楼梯极为吃力。,要求采光通透，全明户型，带多功能嵌入式收纳墙以最大化空间利用。,无需日常通勤，但要求30分钟内快捷通达凤凰机场或高铁站。,崇尚度假慢生活，清晨沙滩漫步，午后椰林下午茶，酷爱轻户外及后海冲浪。,名下持有一套旧两居，置换回款 65% + 个人理财储蓄补充 + 公积金商业贷,重性价比，不盲信大牌，但要求物业管理有序、绿化修剪及时、人防技防规范。,本地常住人口，四季生活规律，度假频次为常规年假出行。
三_2011_01921,三亚,2011,外地候鸟-华北,61,女,2.8,21.0,0.5,31.6,2,0,否,B,network,0.38,0.59,1,0.75,0.51,0.41,0.06,0.04,0.59,度假,一室一厅,56,3408,高校资深硕导,高知退休康养,三亚中环品质两居，车位及空间极其拥挤,老小区隔音差，邻里滋扰严重，且车位严重匮乏，每晚加班回来抢车位像打仗。,要求独立电梯入户，主次卧动线分明，配备独立保姆房和私密后院。,无需日常通勤，但要求30分钟内快捷通达凤凰机场或高铁站。,崇尚度假慢生活，清晨沙滩漫步，午后椰林下午茶，酷爱轻户外及后海冲浪。,名下持有一套旧两居，置换回款 65% + 个人理财储蓄补充 + 公积金商业贷,重性价比，不盲信大牌，但要求物业管理有序、绿化修剪及时、人防技防规范。,每年11月至次年3月到此度过漫长冬季，极其依赖周边的康养及适老化服务。
三_2011_01922,三亚,2011,本地改善,30,男,3.5,23.1,0.35,49.5,5,1,是,B,agent,0.94,0.5,0.63,0.48,0.45,0.59,0.46,0.66,0.51,自住-改善,两室两厅,76,4870,三甲医院主治医师,三口之家(幼龄段),三亚中环品质两居，车位及空间极其拥挤,小区无地下车库且人车不分流，小孩在楼下玩耍或者推婴儿车极为不安全。,要求采光通透，全明户型，带多功能嵌入式收纳墙以最大化空间利用。,无需日常通勤，但要求30分钟内快捷通达凤凰机场或高铁站。,崇尚度假慢生活，清晨沙滩漫步，午后椰林下午茶，酷爱轻户外及后海冲浪。,名下持有一套旧两居，置换回款 65% + 个人理财储蓄补充 + 公积金商业贷,重性价比，不盲信大牌，但要求物业管理有序、绿化修剪及时、人防技防规范。,本地常住人口，四季生活规律，度假频次为常规年假出行。
三_2011_01923,三亚,2011,本地改善,44,男,2.7,15.3,0.35,32.7,4,1,是,B,agent,0.58,0.45,0.66,0.46,0.23,0.71,0.46,0.7,0.49,自住-改善,一室一厅,65,4076,重点中学高级教师,三口之家(学龄段),三亚中环品质两居，车位及空间极其拥挤,小区无地下车库且人车不分流，小孩在楼下玩耍或者推婴儿车极为不安全。,讲究超高得房率（超85%），主卧套房必须配备独立步入式衣帽间与干湿分离双卫。,无需日常通勤，但要求30分钟内快捷通达凤凰机场或高铁站。,崇尚度假慢生活，清晨沙滩漫步，午后椰林下午茶，酷爱轻户外及后海冲浪。,名下持有一套旧两居，置换回款 65% + 个人理财储蓄补充 + 公积金商业贷,重性价比，不盲信大牌，但要求物业管理有序、绿化修剪及时、人防技防规范。,本地常住人口，四季生活规律，度假频次为常规年假出行。
三_2011_01924,三亚,2011,外地候鸟-华北,74,男,3.6,33.4,0.5,50.1,2,0,否,B,network,0.36,0.68,1,0.75,0.64,0.48,0,0,0.47,养老,一室一厅,56,6618,央企总部退休总工,高知退休康养,三亚中环品质两居，车位及空间极其拥挤,老小区隔音差，邻里滋扰严重，且车位严重匮乏，每晚加班回来抢车位像打仗。,要求独立电梯入户，主次卧动线分明，配备独立保姆房和私密后院。,无需日常通勤，但要求30分钟内快捷通达凤凰机场或高铁站。,崇尚度假慢生活，清晨沙滩漫步，午后椰林下午茶，酷爱轻户外及后海冲浪。,名下持有一套旧两居，置换回款 65% + 个人理财储蓄补充 + 公积金商业贷,重性价比，不盲信大牌，但要求物业管理有序、绿化修剪及时、人防技防规范。,每年11月至次年3月到此度过漫长冬季，极其依赖周边的康养及适老化服务。
三_2011_01925,三亚,2011,本地改善,46,女,1.4,9.4,0.35,20.1,4,2,是,B,agent,0.84,0.76,0.63,0.44,0.35,0.77,0.57,0.6,0.43,自住-改善,两室一厅,56,2137,区级税务局一级主办,二胎黄金期中大户型,三亚中环品质两居，车位及空间极其拥挤,小区无地下车库且人车不分流，小孩在楼下玩耍或者推婴儿车极为不安全。,讲究超高得房率（超85%），主卧套房必须配备独立步入式衣帽间与干湿分离双卫。,无需日常通勤，但要求30分钟内快捷通达凤凰机场或高铁站。,崇尚度假慢生活，清晨沙滩漫步，午后椰林下午茶，酷爱轻户外及后海冲浪。,名下持有一套旧两居，置换回款 65% + 个人理财储蓄补充 + 公积金商业贷,重性价比，不盲信大牌，但要求物业管理有序、绿化修剪及时、人防技防规范。,本地常住人口，四季生活规律，度假频次为常规年假出行。
三_2011_01926,三亚,2011,本地改善,39,女,3.2,19.9,0.35,42.7,4,1,否,B,agent,0.67,0.66,0.54,0.46,0.28,0.81,0.48,0.64,0.47,自住-改善,一室一厅,77,3375,国企中层管理,三口之家(学龄段),三亚中环品质两居，车位及空间极其拥挤,小区无地下车库且人车不分流，小孩在楼下玩耍或者推婴儿车极为不安全。,讲究超高得房率（超85%），主卧套房必须配备独立步入式衣帽间与干湿分离双卫。,无需日常通勤，但要求30分钟内快捷通达凤凰机场或高铁站。,崇尚度假慢生活，清晨沙滩漫步，午后椰林下午茶，酷爱轻户外及后海冲浪。,名下持有一套旧两居，置换回款 65% + 个人理财储蓄补充 + 公积金商业贷,重性价比，不盲信大牌，但要求物业管理有序、绿化修剪及时、人防技防规范。,本地常住人口，四季生活规律，度假频次为常规年假出行。
三_2011_01927,三亚,2011,度假投资,41,男,10.7,87.3,0.4,163.8,3,1,否,A,research,0.86,0.34,0.9,0.41,0.48,0.41,0,0,0.77,投资-短期,两室两厅,127,6652,高端海景资产收藏家,三口之家(学龄段),西湖边高精平层,无高端私密会所及管家式物业配套，圈层鱼龙混杂，高净值居住体验差。,要求有超大面宽南向双阳台（观景家政分离），主卧大飘窗能270度直面自然景观。,无需日常通勤，但要求30分钟内快捷通达凤凰机场或高铁站。,周末常去高端商圈消费，热衷打网球和马术，重度手冲咖啡及黑胶唱片发烧友。,名下已有企业股权套现或分红现金，一次性全款付清，基本不加杠杆,非仁恒、绿城、万科等金牌开发商不买，极度看重高端精装质量与顶级物业的增值口碑。,每年11月至次年3月到此度过漫长冬季，极其依赖周边的康养及适老化服务。
三_2011_01928,三亚,2011,度假投资,36,女,9.0,76.5,0.4,143.5,2,1,否,A,research,0.85,0.37,0.82,0.67,0.42,0.5,0,0.01,0.74,投资-短期,一室一厅,81,11699,上市公司退休联合创始人,三口之家(幼龄段),市中心私密洋房住宅,无高端私密会所及管家式物业配套，圈层鱼龙混杂，高净值居住体验差。,要求有超大面宽南向双阳台（观景家政分离），主卧大飘窗能270度直面自然景观。,无需日常通勤，但要求30分钟内快捷通达凤凰机场或高铁站。,周末常去高端商圈消费，热衷打网球和马术，重度手冲咖啡及黑胶唱片发烧友。,名下已有企业股权套现或分红现金，一次性全款付清，基本不加杠杆,非仁恒、绿城、万科等金牌开发商不买，极度看重高端精装质量与顶级物业的增值口碑。,每年11月至次年3月到此度过漫长冬季，极其依赖周边的康养及适老化服务。
三_2011_01929,三亚,2011,度假投资,42,女,6.7,67.9,0.4,127.3,4,2,否,A,research,0.74,0.2,0.69,0.69,0.57,0.32,0.02,0,0.74,投资-短期,一室一厅,76,9428,高端海景资产收藏家,二胎黄金期中大户型,陆家嘴核心区江景大平层,无高端私密会所及管家式物业配套，圈层鱼龙混杂，高净值居住体验差。,要求采光通透，全明户型，带多功能嵌入式收纳墙以最大化空间利用。,无需日常通勤，但要求30分钟内快捷通达凤凰机场或高铁站。,周末常去高端商圈消费，热衷打网球和马术，重度手冲咖啡及黑胶唱片发烧友。,名下已有企业股权套现或分红现金，一次性全款付清，基本不加杠杆,非仁恒、绿城、万科等金牌开发商不买，极度看重高端精装质量与顶级物业的增值口碑。,每年11月至次年3月到此度过漫长冬季，极其依赖周边的康养及适老化服务。
三_2011_01930,三亚,2011,度假投资,45,男,11.3,103.0,0.4,193.1,4,0,否,A,research,0.72,0.41,0.93,0.7,0.54,0.51,0,0,0.75,投资-短期,三室一厅,106,14974,知名中医药连锁投资人,成熟期核心家庭,市中心私密洋房住宅,无高端私密会所及管家式物业配套，圈层鱼龙混杂，高净值居住体验差。,要求有超大面宽南向双阳台（观景家政分离），主卧大飘窗能270度直面自然景观。,无需日常通勤，但要求30分钟内快捷通达凤凰机场或高铁站。,周末常去高端商圈消费，热衷打网球和马术，重度手冲咖啡及黑胶唱片发烧友。,名下已有企业股权套现或分红现金，一次性全款付清，基本不加杠杆,非仁恒、绿城、万科等金牌开发商不买，极度看重高端精装质量与顶级物业的增值口碑。,每年11月至次年3月到此度过漫长冬季，极其依赖周边的康养及适老化服务。
三_2011_01931,三亚,2011,外地候鸟-东北,66,男,4.3,34.1,0.5,51.1,2,0,否,C,network,0.4,0.64,0.91,0.65,0.49,0.44,0,0.06,0.47,度假,两室一厅,67,6644,哈尔滨私营物流老板,高知退休康养,与父母同住，三代人拥挤在旧区小户型老房中,老小区隔音差，邻里滋扰严重，且车位严重匮乏，每晚加班回来抢车位像打仗。,要求有超大面宽南向双阳台（观景家政分离），主卧大飘窗能270度直面自然景观。,无需日常通勤，但要求30分钟内快捷通达凤凰机场或高铁站。,崇尚度假慢生活，清晨沙滩漫步，午后椰林下午茶，酷爱轻户外及后海冲浪。,名下持有一套旧两居，置换回款 65% + 个人理财储蓄补充 + 公积金商业贷,重性价比，不盲信大牌，但要求物业管理有序、绿化修剪及时、人防技防规范。,每年11月至次年3月到此度过漫长冬季，极其依赖周边的康养及适老化服务。
三_2011_01932,三亚,2011,度假投资,54,男,10.1,84.6,0.4,158.6,3,2,否,A,research,0.7,0.45,0.92,0.58,0.62,0.45,0.0,0,0.65,投资-长持,两室两厅,99,13439,高端海景资产收藏家,二胎黄金期中大户型,西湖边高精平层,无高端私密会所及管家式物业配套，圈层鱼龙混杂，高净值居住体验差。,要求有超大面宽南向双阳台（观景家政分离），主卧大飘窗能270度直面自然景观。,无需日常通勤，但要求30分钟内快捷通达凤凰机场或高铁站。,周末常去高端商圈消费，热衷打网球和马术，重度手冲咖啡及黑胶唱片发烧友。,名下已有企业股权套现或分红现金，一次性全款付清，基本不加杠杆,重性价比，不盲信大牌，但要求物业管理有序、绿化修剪及时、人防技防规范。,每年11月至次年3月到此度过漫长冬季，极其依赖周边的康养及适老化服务。
三_2011_01933,三亚,2011,本地改善,36,男,2.0,9.1,0.35,19.5,4,0,是,B,agent,0.85,0.56,0.47,0.45,0.52,0.75,0.49,0.66,0.49,自住-改善,两室一厅,78,1591,三甲医院主治医师,成熟期核心家庭,三亚中环品质两居，车位及空间极其拥挤,当前房屋属于旧多层无电梯房，父母年纪渐高每天爬楼梯极为吃力。,讲究超高得房率（超85%），主卧套房必须配备独立步入式衣帽间与干湿分离双卫。,无需日常通勤，但要求30分钟内快捷通达凤凰机场或高铁站。,崇尚度假慢生活，清晨沙滩漫步，午后椰林下午茶，酷爱轻户外及后海冲浪。,名下持有一套旧两居，置换回款 65% + 个人理财储蓄补充 + 公积金商业贷,重性价比，不盲信大牌，但要求物业管理有序、绿化修剪及时、人防技防规范。,本地常住人口，四季生活规律，度假频次为常规年假出行。
三_2011_01934,三亚,2011,高净值康养,70,男,33.1,506.5,0.6,633.1,3,0,否,A,network,0.65,0.23,0.99,0.94,1.0,0.59,0,0,0.91,度假,别墅,217,18113,高端海景资产收藏家,高知退休康养,市中心私密洋房住宅,无高端私密会所及管家式物业配套，圈层鱼龙混杂，高净值居住体验差。,要求独立电梯入户，主次卧动线分明，配备独立保姆房和私密后院。,无需日常通勤，但要求30分钟内快捷通达凤凰机场或高铁站。,周末常去高端商圈消费，热衷打网球和马术，重度手冲咖啡及黑胶唱片发烧友。,名下已有企业股权套现或分红现金，一次性全款付清，基本不加杠杆,非仁恒、绿城、万科等金牌开发商不买，极度看重高端精装质量与顶级物业的增值口碑。,本地常住人口，四季生活规律，度假频次为常规年假出行。
三_2011_01935,三亚,2011,外地候鸟-东北,73,女,3.1,25.2,0.5,37.9,1,0,是,C,network,0.45,0.51,0.93,0.64,0.57,0.54,0,0.02,0.55,养老,一室一厅,54,5057,哈尔滨私营物流老板,高知退休康养,与父母同住，三代人拥挤在旧区小户型老房中,当前房屋属于旧多层无电梯房，父母年纪渐高每天爬楼梯极为吃力。,要求有超大面宽南向双阳台（观景家政分离），主卧大飘窗能270度直面自然景观。,无需日常通勤，但要求30分钟内快捷通达凤凰机场或高铁站。,崇尚度假慢生活，清晨沙滩漫步，午后椰林下午茶，酷爱轻户外及后海冲浪。,名下持有一套旧两居，置换回款 65% + 个人理财储蓄补充 + 公积金商业贷,重性价比，不盲信大牌，但要求物业管理有序、绿化修剪及时、人防技防规范。,每年11月至次年3月到此度过漫长冬季，极其依赖周边的康养及适老化服务。
三_2011_01936,三亚,2011,本地改善,34,女,1.7,11.8,0.35,25.2,5,1,否,B,agent,0.8,0.58,0.71,0.41,0.45,0.8,0.5,0.73,0.52,自住-改善,两室一厅,63,2569,智能新能源车企研发骨干,三口之家(幼龄段),三亚中环品质两居，车位及空间极其拥挤,小区无地下车库且人车不分流，小孩在楼下玩耍或者推婴儿车极为不安全。,要求有超大面宽南向双阳台（观景家政分离），主卧大飘窗能270度直面自然景观。,无需日常通勤，但要求30分钟内快捷通达凤凰机场或高铁站。,崇尚度假慢生活，清晨沙滩漫步，午后椰林下午茶，酷爱轻户外及后海冲浪。,名下持有一套旧两居，置换回款 65% + 个人理财储蓄补充 + 公积金商业贷,重性价比，不盲信大牌，但要求物业管理有序、绿化修剪及时、人防技防规范。,本地常住人口，四季生活规律，度假频次为常规年假出行。
三_2011_01937,三亚,2011,度假投资,46,男,9.9,85.2,0.4,159.8,4,1,否,A,research,1,0.43,0.74,0.54,0.53,0.59,0.08,0,0.73,投资-短期,两室两厅,142,5649,上市公司退休联合创始人,三口之家(学龄段),西湖边高精平层,无高端私密会所及管家式物业配套，圈层鱼龙混杂，高净值居住体验差。,要求有超大面宽南向双阳台（观景家政分离），主卧大飘窗能270度直面自然景观。,无需日常通勤，但要求30分钟内快捷通达凤凰机场或高铁站。,周末常去高端商圈消费，热衷打网球和马术，重度手冲咖啡及黑胶唱片发烧友。,名下已有企业股权套现或分红现金，一次性全款付清，基本不加杠杆,非仁恒、绿城、万科等金牌开发商不买，极度看重高端精装质量与顶级物业的增值口碑。,每年11月至次年3月到此度过漫长冬季，极其依赖周边的康养及适老化服务。
三_2011_01938,三亚,2011,本地改善,49,男,1.3,7.6,0.35,16.4,4,0,是,B,agent,0.63,0.54,0.71,0.35,0.45,0.78,0.39,0.62,0.37,自住-改善,两室一厅,89,1605,区级税务局一级主办,成熟期核心家庭,三亚中环品质两居，车位及空间极其拥挤,当前房屋属于旧多层无电梯房，父母年纪渐高每天爬楼梯极为吃力。,要求有超大面宽南向双阳台（观景家政分离），主卧大飘窗能270度直面自然景观。,无需日常通勤，但要求30分钟内快捷通达凤凰机场或高铁站。,崇尚度假慢生活，清晨沙滩漫步，午后椰林下午茶，酷爱轻户外及后海冲浪。,名下持有一套旧两居，置换回款 65% + 个人理财储蓄补充 + 公积金商业贷,重性价比，不盲信大牌，但要求物业管理有序、绿化修剪及时、人防技防规范。,本地常住人口，四季生活规律，度假频次为常规年假出行。
三_2011_01939,三亚,2011,外地候鸟-东北,66,女,4.2,33.5,0.5,50.2,2,0,否,C,network,0.26,0.65,0.87,0.78,0.27,0.51,0.04,0.03,0.48,度假,两室两厅,71,4704,哈尔滨高校退休处长,高知退休康养,与父母同住，三代人拥挤在旧区小户型老房中,老小区隔音差，邻里滋扰严重，且车位严重匮乏，每晚加班回来抢车位像打仗。,要求独立电梯入户，主次卧动线分明，配备独立保姆房和私密后院。,无需日常通勤，但要求30分钟内快捷通达凤凰机场或高铁站。,崇尚度假慢生活，清晨沙滩漫步，午后椰林下午茶，酷爱轻户外及后海冲浪。,名下持有一套旧两居，置换回款 65% + 个人理财储蓄补充 + 公积金商业贷,重性价比，不盲信大牌，但要求物业管理有序、绿化修剪及时、人防技防规范。,每年11月至次年3月到此度过漫长冬季，极其依赖周边的康养及适老化服务。
三_2011_01940,三亚,2011,外地候鸟-西北,59,男,3.0,19.6,0.5,29.4,1,0,否,C,network,0.38,0.63,0.93,0.54,0.62,0.47,0,0.06,0.44,养老,两室一厅,95,1871,兰州煤炭物流运输企业主,高知退休康养,与父母同住，三代人拥挤在旧区小户型老房中,老小区隔音差，邻里滋扰严重，且车位严重匮乏，每晚加班回来抢车位像打仗。,要求有超大面宽南向双阳台（观景家政分离），主卧大飘窗能270度直面自然景观。,无需日常通勤，但要求30分钟内快捷通达凤凰机场或高铁站。,崇尚度假慢生活，清晨沙滩漫步，午后椰林下午茶，酷爱轻户外及后海冲浪。,名下持有一套旧两居，置换回款 65% + 个人理财储蓄补充 + 公积金商业贷,重性价比，不盲信大牌，但要求物业管理有序、绿化修剪及时、人防技防规范。,每年11月至次年3月到此度过漫长冬季，极其依赖周边的康养及适老化服务。
三_2011_01941,三亚,2011,本地改善,31,男,2.9,20.9,0.35,44.7,4,2,否,B,agent,0.66,0.52,0.52,0.35,0.48,0.72,0.64,0.63,0.4,自住-改善,两室一厅,60,3764,重点中学高级教师,二胎黄金期中大户型,三亚中环品质两居，车位及空间极其拥挤,小区无地下车库且人车不分流，小孩在楼下玩耍或者推婴儿车极为不安全。,讲究超高得房率（超85%），主卧套房必须配备独立步入式衣帽间与干湿分离双卫。,无需日常通勤，但要求30分钟内快捷通达凤凰机场或高铁站。,崇尚度假慢生活，清晨沙滩漫步，午后椰林下午茶，酷爱轻户外及后海冲浪。,名下持有一套旧两居，置换回款 65% + 个人理财储蓄补充 + 公积金商业贷,重性价比，不盲信大牌，但要求物业管理有序、绿化修剪及时、人防技防规范。,本地常住人口，四季生活规律，度假频次为常规年假出行。
三_2011_01942,三亚,2011,本地改善,49,女,2.9,15.9,0.35,34.2,4,0,否,B,agent,0.73,0.6,0.52,0.45,0.49,0.69,0.56,0.66,0.34,自住-改善,一室一厅,83,2989,重点中学高级教师,成熟期核心家庭,三亚中环品质两居，车位及空间极其拥挤,老小区隔音差，邻里滋扰严重，且车位严重匮乏，每晚加班回来抢车位像打仗。,要求采光通透，全明户型，带多功能嵌入式收纳墙以最大化空间利用。,无需日常通勤，但要求30分钟内快捷通达凤凰机场或高铁站。,崇尚度假慢生活，清晨沙滩漫步，午后椰林下午茶，酷爱轻户外及后海冲浪。,名下持有一套旧两居，置换回款 65% + 个人理财储蓄补充 + 公积金商业贷,重性价比，不盲信大牌，但要求物业管理有序、绿化修剪及时、人防技防规范。,本地常住人口，四季生活规律，度假频次为常规年假出行。
三_2011_01943,三亚,2011,度假投资,55,男,5.4,65.3,0.4,122.5,4,1,否,A,research,1,0.46,0.88,0.61,0.57,0.37,0.1,0.08,0.83,投资-长持,两室一厅,90,7577,知名中医药连锁投资人,三口之家(学龄段),陆家嘴核心区江景大平层,无高端私密会所及管家式物业配套，圈层鱼龙混杂，高净值居住体验差。,要求有超大面宽南向双阳台（观景家政分离），主卧大飘窗能270度直面自然景观。,无需日常通勤，但要求30分钟内快捷通达凤凰机场或高铁站。,周末常去高端商圈消费，热衷打网球和马术，重度手冲咖啡及黑胶唱片发烧友。,名下已有企业股权套现或分红现金，一次性全款付清，基本不加杠杆,非仁恒、绿城、万科等金牌开发商不买，极度看重高端精装质量与顶级物业的增值口碑。,每年11月至次年3月到此度过漫长冬季，极其依赖周边的康养及适老化服务。
三_2011_01944,三亚,2011,本地改善,45,女,1.5,8.3,0.35,17.8,3,1,是,B,agent,0.74,0.54,0.73,0.55,0.31,0.74,0.39,0.63,0.47,自住-改善,两室两厅,54,1807,智能新能源车企研发骨干,三口之家(学龄段),三亚中环品质两居，车位及空间极其拥挤,小区无地下车库且人车不分流，小孩在楼下玩耍或者推婴儿车极为不安全。,要求有超大面宽南向双阳台（观景家政分离），主卧大飘窗能270度直面自然景观。,无需日常通勤，但要求30分钟内快捷通达凤凰机场或高铁站。,崇尚度假慢生活，清晨沙滩漫步，午后椰林下午茶，酷爱轻户外及后海冲浪。,名下持有一套旧两居，置换回款 65% + 个人理财储蓄补充 + 公积金商业贷,重性价比，不盲信大牌，但要求物业管理有序、绿化修剪及时、人防技防规范。,本地常住人口，四季生活规律，度假频次为常规年假出行。
三_2011_01945,三亚,2011,本地改善,49,女,2.6,10.8,0.35,23.1,4,1,是,B,agent,0.57,0.62,0.74,0.56,0.49,0.75,0.59,0.72,0.4,自住-改善,一室一厅,85,2416,区级税务局一级主办,三口之家(学龄段),三亚中环品质两居，车位及空间极其拥挤,小区无地下车库且人车不分流，小孩在楼下玩耍或者推婴儿车极为不安全。,要求有超大面宽南向双阳台（观景家政分离），主卧大飘窗能270度直面自然景观。,无需日常通勤，但要求30分钟内快捷通达凤凰机场或高铁站。,崇尚度假慢生活，清晨沙滩漫步，午后椰林下午茶，酷爱轻户外及后海冲浪。,名下持有一套旧两居，置换回款 65% + 个人理财储蓄补充 + 公积金商业贷,重性价比，不盲信大牌，但要求物业管理有序、绿化修剪及时、人防技防规范。,本地常住人口，四季生活规律，度假频次为常规年假出行。
三_2011_01946,三亚,2011,外地候鸟-华北,59,女,3.2,25.4,0.5,38.1,1,0,否,B,network,0.61,0.49,0.94,0.75,0.63,0.4,0.09,0,0.55,度假,两室一厅,90,2994,央企总部退休总工,高知退休康养,三亚中环品质两居，车位及空间极其拥挤,老小区隔音差，邻里滋扰严重，且车位严重匮乏，每晚加班回来抢车位像打仗。,要求独立电梯入户，主次卧动线分明，配备独立保姆房和私密后院。,无需日常通勤，但要求30分钟内快捷通达凤凰机场或高铁站。,崇尚度假慢生活，清晨沙滩漫步，午后椰林下午茶，酷爱轻户外及后海冲浪。,名下持有一套旧两居，置换回款 65% + 个人理财储蓄补充 + 公积金商业贷,重性价比，不盲信大牌，但要求物业管理有序、绿化修剪及时、人防技防规范。,每年11月至次年3月到此度过漫长冬季，极其依赖周边的康养及适老化服务。
三_2011_01947,三亚,2011,外地候鸟-华北,68,女,2.3,22.3,0.5,33.5,1,1,否,B,network,0.48,0.52,1,0.64,0.69,0.54,0,0,0.7,养老,两室一厅,97,2930,央企总部退休总工,三口之家(学龄段),三亚中环品质两居，车位及空间极其拥挤,小区无地下车库且人车不分流，小孩在楼下玩耍或者推婴儿车极为不安全。,要求有超大面宽南向双阳台（观景家政分离），主卧大飘窗能270度直面自然景观。,无需日常通勤，但要求30分钟内快捷通达凤凰机场或高铁站。,崇尚度假慢生活，清晨沙滩漫步，午后椰林下午茶，酷爱轻户外及后海冲浪。,名下持有一套旧两居，置换回款 65% + 个人理财储蓄补充 + 公积金商业贷,非仁恒、绿城、万科等金牌开发商不买，极度看重高端精装质量与顶级物业的增值口碑。,每年11月至次年3月到此度过漫长冬季，极其依赖周边的康养及适老化服务。
三_2011_01948,三亚,2011,本地改善,47,女,2.9,16.3,0.35,34.9,5,1,否,B,agent,0.87,0.41,0.41,0.44,0.32,0.64,0.48,0.68,0.47,自住-改善,一室一厅,74,4216,重点中学高级教师,三口之家(学龄段),三亚中环品质两居，车位及空间极其拥挤,小区无地下车库且人车不分流，小孩在楼下玩耍或者推婴儿车极为不安全。,要求采光通透，全明户型，带多功能嵌入式收纳墙以最大化空间利用。,无需日常通勤，但要求30分钟内快捷通达凤凰机场或高铁站。,崇尚度假慢生活，清晨沙滩漫步，午后椰林下午茶，酷爱轻户外及后海冲浪。,名下持有一套旧两居，置换回款 65% + 个人理财储蓄补充 + 公积金商业贷,重性价比，不盲信大牌，但要求物业管理有序、绿化修剪及时、人防技防规范。,本地常住人口，四季生活规律，度假频次为常规年假出行。
三_2011_01949,三亚,2011,外地候鸟-东北,76,女,4.0,30.6,0.5,46.0,2,0,是,C,network,0.08,0.59,0.95,0.64,0.43,0.56,0.13,0.02,0.46,养老,两室两厅,89,3913,哈尔滨私营物流老板,高知退休康养,与父母同住，三代人拥挤在旧区小户型老房中,当前房屋属于旧多层无电梯房，父母年纪渐高每天爬楼梯极为吃力。,要求有超大面宽南向双阳台（观景家政分离），主卧大飘窗能270度直面自然景观。,无需日常通勤，但要求30分钟内快捷通达凤凰机场或高铁站。,崇尚度假慢生活，清晨沙滩漫步，午后椰林下午茶，酷爱轻户外及后海冲浪。,名下持有一套旧两居，置换回款 65% + 个人理财储蓄补充 + 公积金商业贷,重性价比，不盲信大牌，但要求物业管理有序、绿化修剪及时、人防技防规范。,每年11月至次年3月到此度过漫长冬季，极其依赖周边的康养及适老化服务。
三_2011_01950,三亚,2011,本地改善,36,女,2.3,14.4,0.35,30.9,3,1,是,B,agent,0.65,0.46,0.6,0.51,0.48,0.72,0.55,0.84,0.3,自住-改善,一室一厅,66,3866,区级税务局一级主办,三口之家(幼龄段),三亚中环品质两居，车位及空间极其拥挤,小区无地下车库且人车不分流，小孩在楼下玩耍或者推婴儿车极为不安全。,讲究超高得房率（超85%），主卧套房必须配备独立步入式衣帽间与干湿分离双卫。,无需日常通勤，但要求30分钟内快捷通达凤凰机场或高铁站。,崇尚度假慢生活，清晨沙滩漫步，午后椰林下午茶，酷爱轻户外及后海冲浪。,名下持有一套旧两居，置换回款 65% + 个人理财储蓄补充 + 公积金商业贷,重性价比，不盲信大牌，但要求物业管理有序、绿化修剪及时、人防技防规范。,本地常住人口，四季生活规律，度假频次为常规年假出行。
三_2011_01951,三亚,2011,本地改善,39,男,2.7,18.7,0.35,40.0,4,1,否,B,agent,0.62,0.51,0.48,0.42,0.34,0.67,0.54,0.61,0.37,自住-改善,一室一厅,85,4176,智能新能源车企研发骨干,三口之家(学龄段),三亚中环品质两居，车位及空间极其拥挤,小区无地下车库且人车不分流，小孩在楼下玩耍或者推婴儿车极为不安全。,要求采光通透，全明户型，带多功能嵌入式收纳墙以最大化空间利用。,无需日常通勤，但要求30分钟内快捷通达凤凰机场或高铁站。,崇尚度假慢生活，清晨沙滩漫步，午后椰林下午茶，酷爱轻户外及后海冲浪。,名下持有一套旧两居，置换回款 65% + 个人理财储蓄补充 + 公积金商业贷,重性价比，不盲信大牌，但要求物业管理有序、绿化修剪及时、人防技防规范。,本地常住人口，四季生活规律，度假频次为常规年假出行。
三_2011_01952,三亚,2011,外地候鸟-华北,61,女,2.9,19.9,0.5,29.8,2,0,否,B,network,0.71,0.53,0.97,0.66,0.72,0.62,0.02,0.01,0.56,养老,两室一厅,55,4233,北京三甲医院退休教授,高知退休康养,三亚中环品质两居，车位及空间极其拥挤,老小区隔音差，邻里滋扰严重，且车位严重匮乏，每晚加班回来抢车位像打仗。,要求有超大面宽南向双阳台（观景家政分离），主卧大飘窗能270度直面自然景观。,无需日常通勤，但要求30分钟内快捷通达凤凰机场或高铁站。,崇尚度假慢生活，清晨沙滩漫步，午后椰林下午茶，酷爱轻户外及后海冲浪。,名下持有一套旧两居，置换回款 65% + 个人理财储蓄补充 + 公积金商业贷,重性价比，不盲信大牌，但要求物业管理有序、绿化修剪及时、人防技防规范。,每年11月至次年3月到此度过漫长冬季，极其依赖周边的康养及适老化服务。
三_2011_01953,三亚,2011,本地改善,49,女,3.1,23.3,0.35,49.9,5,2,否,B,agent,1,0.44,0.58,0.39,0.61,0.84,0.61,0.75,0.47,自住-改善,两室一厅,53,6489,智能新能源车企研发骨干,二胎黄金期中大户型,三亚中环品质两居，车位及空间极其拥挤,小区无地下车库且人车不分流，小孩在楼下玩耍或者推婴儿车极为不安全。,讲究超高得房率（超85%），主卧套房必须配备独立步入式衣帽间与干湿分离双卫。,无需日常通勤，但要求30分钟内快捷通达凤凰机场或高铁站。,崇尚度假慢生活，清晨沙滩漫步，午后椰林下午茶，酷爱轻户外及后海冲浪。,名下持有一套旧两居，置换回款 65% + 个人理财储蓄补充 + 公积金商业贷,重性价比，不盲信大牌，但要求物业管理有序、绿化修剪及时、人防技防规范。,本地常住人口，四季生活规律，度假频次为常规年假出行。
三_2011_01954,三亚,2011,外地候鸟-华北,65,女,2.5,24.7,0.5,37.1,1,1,是,B,network,0.51,0.58,1,0.86,0.53,0.49,0,0,0.59,度假,两室一厅,86,2294,北京三甲医院退休教授,三口之家(学龄段),三亚中环品质两居，车位及空间极其拥挤,小区无地下车库且人车不分流，小孩在楼下玩耍或者推婴儿车极为不安全。,要求独立电梯入户，主次卧动线分明，配备独立保姆房和私密后院。,无需日常通勤，但要求30分钟内快捷通达凤凰机场或高铁站。,崇尚度假慢生活，清晨沙滩漫步，午后椰林下午茶，酷爱轻户外及后海冲浪。,名下持有一套旧两居，置换回款 65% + 个人理财储蓄补充 + 公积金商业贷,重性价比，不盲信大牌，但要求物业管理有序、绿化修剪及时、人防技防规范。,每年11月至次年3月到此度过漫长冬季，极其依赖周边的康养及适老化服务。
三_2011_01955,三亚,2011,度假投资,44,女,4.3,38.1,0.4,71.5,3,0,否,A,research,1,0.41,0.89,0.54,0.37,0.48,0.11,0.03,0.77,投资-短期,两室一厅,58,7310,高端海景资产收藏家,成熟期核心家庭,市中心私密洋房住宅,无高端私密会所及管家式物业配套，圈层鱼龙混杂，高净值居住体验差。,要求有超大面宽南向双阳台（观景家政分离），主卧大飘窗能270度直面自然景观。,无需日常通勤，但要求30分钟内快捷通达凤凰机场或高铁站。,周末常去高端商圈消费，热衷打网球和马术，重度手冲咖啡及黑胶唱片发烧友。,名下已有企业股权套现或分红现金，一次性全款付清，基本不加杠杆,非仁恒、绿城、万科等金牌开发商不买，极度看重高端精装质量与顶级物业的增值口碑。,每年11月至次年3月到此度过漫长冬季，极其依赖周边的康养及适老化服务。
三_2011_01956,三亚,2011,度假投资,50,男,7.9,90.7,0.4,170.0,2,2,是,A,research,1,0.51,0.99,0.67,0.45,0.35,0,0,0.73,度假,三室两厅,110,12713,上市公司退休联合创始人,二胎黄金期中大户型,市中心私密洋房住宅,当前房屋属于旧多层无电梯房，父母年纪渐高每天爬楼梯极为吃力。,要求有超大面宽南向双阳台（观景家政分离），主卧大飘窗能270度直面自然景观。,无需日常通勤，但要求30分钟内快捷通达凤凰机场或高铁站。,周末常去高端商圈消费，热衷打网球和马术，重度手冲咖啡及黑胶唱片发烧友。,名下已有企业股权套现或分红现金，一次性全款付清，基本不加杠杆,非仁恒、绿城、万科等金牌开发商不买，极度看重高端精装质量与顶级物业的增值口碑。,每年11月至次年3月到此度过漫长冬季，极其依赖周边的康养及适老化服务。
三_2011_01957,三亚,2011,本地改善,32,女,2.4,17.2,0.35,36.8,4,1,是,B,agent,0.85,0.47,0.6,0.51,0.39,0.84,0.61,0.52,0.52,自住-改善,两室一厅,84,3458,三甲医院主治医师,三口之家(幼龄段),三亚中环品质两居，车位及空间极其拥挤,小区无地下车库且人车不分流，小孩在楼下玩耍或者推婴儿车极为不安全。,讲究超高得房率（超85%），主卧套房必须配备独立步入式衣帽间与干湿分离双卫。,无需日常通勤，但要求30分钟内快捷通达凤凰机场或高铁站。,崇尚度假慢生活，清晨沙滩漫步，午后椰林下午茶，酷爱轻户外及后海冲浪。,名下持有一套旧两居，置换回款 65% + 个人理财储蓄补充 + 公积金商业贷,重性价比，不盲信大牌，但要求物业管理有序、绿化修剪及时、人防技防规范。,本地常住人口，四季生活规律，度假频次为常规年假出行。
三_2011_01958,三亚,2011,度假投资,46,女,5.8,60.5,0.4,113.4,3,2,否,A,research,0.63,0.37,0.77,0.41,0.48,0.34,0,0,0.79,投资-长持,两室两厅,59,14579,知名中医药连锁投资人,二胎黄金期中大户型,西湖边高精平层,无高端私密会所及管家式物业配套，圈层鱼龙混杂，高净值居住体验差。,要求有超大面宽南向双阳台（观景家政分离），主卧大飘窗能270度直面自然景观。,无需日常通勤，但要求30分钟内快捷通达凤凰机场或高铁站。,周末常去高端商圈消费，热衷打网球和马术，重度手冲咖啡及黑胶唱片发烧友。,名下已有企业股权套现或分红现金，一次性全款付清，基本不加杠杆,非仁恒、绿城、万科等金牌开发商不买，极度看重高端精装质量与顶级物业的增值口碑。,每年11月至次年3月到此度过漫长冬季，极其依赖周边的康养及适老化服务。
三_2011_01959,三亚,2011,高净值康养,65,女,18.1,161.4,0.6,201.7,1,0,否,A,network,0.5,0.19,0.83,0.89,0.91,0.68,0.13,0,0.89,养老,三室两厅,108,16187,上市公司退休联合创始人,高知退休康养,西湖边高精平层,无高端私密会所及管家式物业配套，圈层鱼龙混杂，高净值居住体验差。,要求独立电梯入户，主次卧动线分明，配备独立保姆房和私密后院。,无需日常通勤，但要求30分钟内快捷通达凤凰机场或高铁站。,周末常去高端商圈消费，热衷打网球和马术，重度手冲咖啡及黑胶唱片发烧友。,名下已有企业股权套现或分红现金，一次性全款付清，基本不加杠杆,非仁恒、绿城、万科等金牌开发商不买，极度看重高端精装质量与顶级物业的增值口碑。,本地常住人口，四季生活规律，度假频次为常规年假出行。
三_2011_01960,三亚,2011,本地改善,41,男,1.4,9.7,0.35,20.8,4,1,否,B,agent,0.81,0.56,0.59,0.45,0.46,0.73,0.47,0.68,0.47,自住-改善,一室一厅,91,1429,重点中学高级教师,三口之家(学龄段),三亚中环品质两居，车位及空间极其拥挤,小区无地下车库且人车不分流，小孩在楼下玩耍或者推婴儿车极为不安全。,讲究超高得房率（超85%），主卧套房必须配备独立步入式衣帽间与干湿分离双卫。,无需日常通勤，但要求30分钟内快捷通达凤凰机场或高铁站。,崇尚度假慢生活，清晨沙滩漫步，午后椰林下午茶，酷爱轻户外及后海冲浪。,名下持有一套旧两居，置换回款 65% + 个人理财储蓄补充 + 公积金商业贷,重性价比，不盲信大牌，但要求物业管理有序、绿化修剪及时、人防技防规范。,本地常住人口，四季生活规律，度假频次为常规年假出行。
三_2011_01961,三亚,2011,本地改善,33,男,3.9,20.8,0.35,44.7,5,1,否,B,agent,0.58,0.55,0.7,0.56,0.46,0.64,0.22,0.65,0.45,自住-改善,一室一厅,85,3251,区级税务局一级主办,三口之家(幼龄段),三亚中环品质两居，车位及空间极其拥挤,小区无地下车库且人车不分流，小孩在楼下玩耍或者推婴儿车极为不安全。,要求有超大面宽南向双阳台（观景家政分离），主卧大飘窗能270度直面自然景观。,无需日常通勤，但要求30分钟内快捷通达凤凰机场或高铁站。,崇尚度假慢生活，清晨沙滩漫步，午后椰林下午茶，酷爱轻户外及后海冲浪。,名下持有一套旧两居，置换回款 65% + 个人理财储蓄补充 + 公积金商业贷,重性价比，不盲信大牌，但要求物业管理有序、绿化修剪及时、人防技防规范。,本地常住人口，四季生活规律，度假频次为常规年假出行。
三_2011_01962,三亚,2011,本地改善,48,男,2.4,10.5,0.35,22.6,3,0,否,B,agent,0.45,0.7,0.61,0.42,0.41,0.91,0.5,0.66,0.39,自住-改善,一室一厅,84,1766,重点中学高级教师,成熟期核心家庭,三亚中环品质两居，车位及空间极其拥挤,老小区隔音差，邻里滋扰严重，且车位严重匮乏，每晚加班回来抢车位像打仗。,讲究超高得房率（超85%），主卧套房必须配备独立步入式衣帽间与干湿分离双卫。,无需日常通勤，但要求30分钟内快捷通达凤凰机场或高铁站。,崇尚度假慢生活，清晨沙滩漫步，午后椰林下午茶，酷爱轻户外及后海冲浪。,名下持有一套旧两居，置换回款 65% + 个人理财储蓄补充 + 公积金商业贷,重性价比，不盲信大牌，但要求物业管理有序、绿化修剪及时、人防技防规范。,本地常住人口，四季生活规律，度假频次为常规年假出行。
三_2011_01963,三亚,2011,外地候鸟-东北,67,女,1.4,8.8,0.5,13.2,3,0,否,C,network,0.21,0.73,0.93,0.69,0.51,0.53,0,0.02,0.59,养老,两室一厅,98,797,哈尔滨私营物流老板,高知退休康养,与父母同住，三代人拥挤在旧区小户型老房中,老小区隔音差，邻里滋扰严重，且车位严重匮乏，每晚加班回来抢车位像打仗。,要求有超大面宽南向双阳台（观景家政分离），主卧大飘窗能270度直面自然景观。,无需日常通勤，但要求30分钟内快捷通达凤凰机场或高铁站。,崇尚度假慢生活，清晨沙滩漫步，午后椰林下午茶，酷爱轻户外及后海冲浪。,名下持有一套旧两居，置换回款 65% + 个人理财储蓄补充 + 公积金商业贷,重性价比，不盲信大牌，但要求物业管理有序、绿化修剪及时、人防技防规范。,每年11月至次年3月到此度过漫长冬季，极其依赖周边的康养及适老化服务。
三_2011_01964,三亚,2011,本地改善,35,男,2.5,15.8,0.35,33.8,4,0,是,B,agent,0.66,0.36,0.62,0.39,0.42,0.69,0.58,0.69,0.41,自住-改善,两室一厅,64,4572,三甲医院主治医师,新婚过渡两居,三亚中环品质两居，车位及空间极其拥挤,当前房屋属于旧多层无电梯房，父母年纪渐高每天爬楼梯极为吃力。,要求采光通透，全明户型，带多功能嵌入式收纳墙以最大化空间利用。,无需日常通勤，但要求30分钟内快捷通达凤凰机场或高铁站。,崇尚度假慢生活，清晨沙滩漫步，午后椰林下午茶，酷爱轻户外及后海冲浪。,名下持有一套旧两居，置换回款 65% + 个人理财储蓄补充 + 公积金商业贷,重性价比，不盲信大牌，但要求物业管理有序、绿化修剪及时、人防技防规范。,本地常住人口，四季生活规律，度假频次为常规年假出行。
三_2011_01965,三亚,2011,外地候鸟-西北,72,男,3.5,34.4,0.5,51.6,2,0,否,C,network,0.33,0.58,0.97,0.65,0.46,0.35,0.08,0,0.48,养老,一室一厅,87,4909,兰州煤炭物流运输企业主,高知退休康养,与父母同住，三代人拥挤在旧区小户型老房中,老小区隔音差，邻里滋扰严重，且车位严重匮乏，每晚加班回来抢车位像打仗。,要求有超大面宽南向双阳台（观景家政分离），主卧大飘窗能270度直面自然景观。,无需日常通勤，但要求30分钟内快捷通达凤凰机场或高铁站。,崇尚度假慢生活，清晨沙滩漫步，午后椰林下午茶，酷爱轻户外及后海冲浪。,名下持有一套旧两居，置换回款 65% + 个人理财储蓄补充 + 公积金商业贷,重性价比，不盲信大牌，但要求物业管理有序、绿化修剪及时、人防技防规范。,每年11月至次年3月到此度过漫长冬季，极其依赖周边的康养及适老化服务。
三_2011_01966,三亚,2011,外地候鸟-东北,75,男,4.0,30.0,0.5,45.0,2,0,否,C,network,0.29,0.6,0.91,0.61,0.53,0.62,0.07,0,0.41,度假,两室一厅,69,3603,沈阳大型重工企业退休副厂长,高知退休康养,与父母同住，三代人拥挤在旧区小户型老房中,老小区隔音差，邻里滋扰严重，且车位严重匮乏，每晚加班回来抢车位像打仗。,要求有超大面宽南向双阳台（观景家政分离），主卧大飘窗能270度直面自然景观。,无需日常通勤，但要求30分钟内快捷通达凤凰机场或高铁站。,崇尚度假慢生活，清晨沙滩漫步，午后椰林下午茶，酷爱轻户外及后海冲浪。,名下持有一套旧两居，置换回款 65% + 个人理财储蓄补充 + 公积金商业贷,重性价比，不盲信大牌，但要求物业管理有序、绿化修剪及时、人防技防规范。,每年11月至次年3月到此度过漫长冬季，极其依赖周边的康养及适老化服务。
三_2011_01967,三亚,2011,外地候鸟-华北,66,女,2.1,15.1,0.5,22.7,3,0,否,B,network,0.33,0.56,0.96,0.63,0.61,0.55,0,0.06,0.42,度假,两室一厅,81,1997,北京三甲医院退休教授,高知退休康养,三亚中环品质两居，车位及空间极其拥挤,老小区隔音差，邻里滋扰严重，且车位严重匮乏，每晚加班回来抢车位像打仗。,要求有超大面宽南向双阳台（观景家政分离），主卧大飘窗能270度直面自然景观。,无需日常通勤，但要求30分钟内快捷通达凤凰机场或高铁站。,崇尚度假慢生活，清晨沙滩漫步，午后椰林下午茶，酷爱轻户外及后海冲浪。,名下持有一套旧两居，置换回款 65% + 个人理财储蓄补充 + 公积金商业贷,重性价比，不盲信大牌，但要求物业管理有序、绿化修剪及时、人防技防规范。,每年11月至次年3月到此度过漫长冬季，极其依赖周边的康养及适老化服务。
三_2011_01968,三亚,2011,度假投资,42,男,7.4,89.6,0.4,168.1,4,2,否,A,research,0.62,0.33,0.93,0.49,0.61,0.37,0,0.07,0.9,投资-长持,三室两厅,112,11222,高端海景资产收藏家,二胎黄金期中大户型,市中心私密洋房住宅,无高端私密会所及管家式物业配套，圈层鱼龙混杂，高净值居住体验差。,要求有超大面宽南向双阳台（观景家政分离），主卧大飘窗能270度直面自然景观。,无需日常通勤，但要求30分钟内快捷通达凤凰机场或高铁站。,周末常去高端商圈消费，热衷打网球和马术，重度手冲咖啡及黑胶唱片发烧友。,名下已有企业股权套现或分红现金，一次性全款付清，基本不加杠杆,非仁恒、绿城、万科等金牌开发商不买，极度看重高端精装质量与顶级物业的增值口碑。,每年11月至次年3月到此度过漫长冬季，极其依赖周边的康养及适老化服务。
三_2011_01969,三亚,2011,度假投资,36,女,7.8,89.7,0.4,168.1,3,1,否,A,research,0.67,0.38,0.73,0.58,0.55,0.49,0.09,0.11,0.76,投资-长持,三室两厅,116,10067,高端海景资产收藏家,三口之家(幼龄段),西湖边高精平层,无高端私密会所及管家式物业配套，圈层鱼龙混杂，高净值居住体验差。,要求有超大面宽南向双阳台（观景家政分离），主卧大飘窗能270度直面自然景观。,无需日常通勤，但要求30分钟内快捷通达凤凰机场或高铁站。,周末常去高端商圈消费，热衷打网球和马术，重度手冲咖啡及黑胶唱片发烧友。,名下已有企业股权套现或分红现金，一次性全款付清，基本不加杠杆,非仁恒、绿城、万科等金牌开发商不买，极度看重高端精装质量与顶级物业的增值口碑。,每年11月至次年3月到此度过漫长冬季，极其依赖周边的康养及适老化服务。
三_2011_01970,三亚,2011,本地改善,35,女,2.0,11.6,0.35,24.8,4,1,是,B,agent,0.68,0.54,0.61,0.54,0.39,0.76,0.49,0.58,0.33,自住-改善,两室一厅,65,2215,重点中学高级教师,三口之家(幼龄段),三亚中环品质两居，车位及空间极其拥挤,小区无地下车库且人车不分流，小孩在楼下玩耍或者推婴儿车极为不安全。,讲究超高得房率（超85%），主卧套房必须配备独立步入式衣帽间与干湿分离双卫。,无需日常通勤，但要求30分钟内快捷通达凤凰机场或高铁站。,崇尚度假慢生活，清晨沙滩漫步，午后椰林下午茶，酷爱轻户外及后海冲浪。,名下持有一套旧两居，置换回款 65% + 个人理财储蓄补充 + 公积金商业贷,重性价比，不盲信大牌，但要求物业管理有序、绿化修剪及时、人防技防规范。,本地常住人口，四季生活规律，度假频次为常规年假出行。
三_2011_01971,三亚,2011,外地候鸟-东北,72,女,3.5,26.5,0.5,39.8,2,0,否,C,network,0.21,0.62,0.9,0.66,0.61,0.43,0,0.08,0.45,养老,一室一厅,77,2808,哈尔滨私营物流老板,高知退休康养,与父母同住，三代人拥挤在旧区小户型老房中,老小区隔音差，邻里滋扰严重，且车位严重匮乏，每晚加班回来抢车位像打仗。,要求有超大面宽南向双阳台（观景家政分离），主卧大飘窗能270度直面自然景观。,无需日常通勤，但要求30分钟内快捷通达凤凰机场或高铁站。,崇尚度假慢生活，清晨沙滩漫步，午后椰林下午茶，酷爱轻户外及后海冲浪。,名下持有一套旧两居，置换回款 65% + 个人理财储蓄补充 + 公积金商业贷,重性价比，不盲信大牌，但要求物业管理有序、绿化修剪及时、人防技防规范。,每年11月至次年3月到此度过漫长冬季，极其依赖周边的康养及适老化服务。
三_2011_01972,三亚,2011,外地候鸟-华北,72,女,5.2,38.2,0.5,57.3,2,2,否,B,network,0.66,0.58,1,0.73,0.76,0.51,0,0.12,0.54,养老,两室一厅,94,3142,北京三甲医院退休教授,二胎黄金期中大户型,三亚中环品质两居，车位及空间极其拥挤,小区无地下车库且人车不分流，小孩在楼下玩耍或者推婴儿车极为不安全。,要求独立电梯入户，主次卧动线分明，配备独立保姆房和私密后院。,无需日常通勤，但要求30分钟内快捷通达凤凰机场或高铁站。,崇尚度假慢生活，清晨沙滩漫步，午后椰林下午茶，酷爱轻户外及后海冲浪。,名下持有一套旧两居，置换回款 65% + 个人理财储蓄补充 + 公积金商业贷,重性价比，不盲信大牌，但要求物业管理有序、绿化修剪及时、人防技防规范。,每年11月至次年3月到此度过漫长冬季，极其依赖周边的康养及适老化服务。
三_2011_01973,三亚,2011,度假投资,50,女,4.5,54.2,0.4,101.6,3,1,否,A,research,0.82,0.39,0.74,0.6,0.45,0.34,0,0,0.74,投资-长持,一室一厅,81,8419,知名中医药连锁投资人,三口之家(学龄段),市中心私密洋房住宅,无高端私密会所及管家式物业配套，圈层鱼龙混杂，高净值居住体验差。,要求有超大面宽南向双阳台（观景家政分离），主卧大飘窗能270度直面自然景观。,无需日常通勤，但要求30分钟内快捷通达凤凰机场或高铁站。,周末常去高端商圈消费，热衷打网球和马术，重度手冲咖啡及黑胶唱片发烧友。,名下已有企业股权套现或分红现金，一次性全款付清，基本不加杠杆,非仁恒、绿城、万科等金牌开发商不买，极度看重高端精装质量与顶级物业的增值口碑。,每年11月至次年3月到此度过漫长冬季，极其依赖周边的康养及适老化服务。
三_2011_01974,三亚,2011,外地候鸟-华北,67,女,2.5,15.0,0.5,22.5,3,0,否,B,network,0.14,0.49,0.8,0.68,0.54,0.52,0.16,0.06,0.5,养老,一室一厅,69,1981,高校资深硕导,高知退休康养,三亚中环品质两居，车位及空间极其拥挤,老小区隔音差，邻里滋扰严重，且车位严重匮乏，每晚加班回来抢车位像打仗。,要求有超大面宽南向双阳台（观景家政分离），主卧大飘窗能270度直面自然景观。,无需日常通勤，但要求30分钟内快捷通达凤凰机场或高铁站。,崇尚度假慢生活，清晨沙滩漫步，午后椰林下午茶，酷爱轻户外及后海冲浪。,名下持有一套旧两居，置换回款 65% + 个人理财储蓄补充 + 公积金商业贷,重性价比，不盲信大牌，但要求物业管理有序、绿化修剪及时、人防技防规范。,每年11月至次年3月到此度过漫长冬季，极其依赖周边的康养及适老化服务。
三_2011_01975,三亚,2011,本地改善,48,女,2.7,13.1,0.35,28.1,4,1,是,B,agent,0.76,0.63,0.61,0.53,0.38,0.66,0.4,0.72,0.4,自住-改善,两室两厅,82,1981,三甲医院主治医师,三口之家(学龄段),三亚中环品质两居，车位及空间极其拥挤,小区无地下车库且人车不分流，小孩在楼下玩耍或者推婴儿车极为不安全。,核心要求地块属于第一梯队名校学区，且周边500米内解决幼小衔接教育配套。,无需日常通勤，但要求30分钟内快捷通达凤凰机场或高铁站。,崇尚度假慢生活，清晨沙滩漫步，午后椰林下午茶，酷爱轻户外及后海冲浪。,名下持有一套旧两居，置换回款 65% + 个人理财储蓄补充 + 公积金商业贷,重性价比，不盲信大牌，但要求物业管理有序、绿化修剪及时、人防技防规范。,本地常住人口，四季生活规律，度假频次为常规年假出行。
三_2011_01976,三亚,2011,外地候鸟-华北,75,男,5.2,49.0,0.5,73.4,2,0,否,B,network,0.69,0.56,0.81,0.62,0.5,0.51,0.09,0,0.53,养老,两室两厅,89,4352,高校资深硕导,高知退休康养,三亚中环品质两居，车位及空间极其拥挤,老小区隔音差，邻里滋扰严重，且车位严重匮乏，每晚加班回来抢车位像打仗。,要求有超大面宽南向双阳台（观景家政分离），主卧大飘窗能270度直面自然景观。,无需日常通勤，但要求30分钟内快捷通达凤凰机场或高铁站。,崇尚度假慢生活，清晨沙滩漫步，午后椰林下午茶，酷爱轻户外及后海冲浪。,名下持有一套旧两居，置换回款 65% + 个人理财储蓄补充 + 公积金商业贷,重性价比，不盲信大牌，但要求物业管理有序、绿化修剪及时、人防技防规范。,每年11月至次年3月到此度过漫长冬季，极其依赖周边的康养及适老化服务。
三_2011_01977,三亚,2011,外地候鸟-华北,59,男,8.9,77.3,0.5,116.0,3,0,否,B,network,0.47,0.48,0.93,0.75,0.58,0.55,0.05,0,0.47,度假,一室一厅,66,11507,央企总部退休总工,高知退休康养,三亚中环品质两居，车位及空间极其拥挤,老小区隔音差，邻里滋扰严重，且车位严重匮乏，每晚加班回来抢车位像打仗。,要求独立电梯入户，主次卧动线分明，配备独立保姆房和私密后院。,无需日常通勤，但要求30分钟内快捷通达凤凰机场或高铁站。,崇尚度假慢生活，清晨沙滩漫步，午后椰林下午茶，酷爱轻户外及后海冲浪。,名下持有一套旧两居，置换回款 65% + 个人理财储蓄补充 + 公积金商业贷,重性价比，不盲信大牌，但要求物业管理有序、绿化修剪及时、人防技防规范。,每年11月至次年3月到此度过漫长冬季，极其依赖周边的康养及适老化服务。
三_2011_01978,三亚,2011,度假投资,37,女,5.2,42.4,0.4,79.6,3,0,否,A,research,0.94,0.42,0.83,0.72,0.7,0.45,0,0,0.75,投资-短期,两室两厅,98,4867,上市公司退休联合创始人,成熟期核心家庭,西湖边高精平层,无高端私密会所及管家式物业配套，圈层鱼龙混杂，高净值居住体验差。,要求独立电梯入户，主次卧动线分明，配备独立保姆房和私密后院。,无需日常通勤，但要求30分钟内快捷通达凤凰机场或高铁站。,周末常去高端商圈消费，热衷打网球和马术，重度手冲咖啡及黑胶唱片发烧友。,名下已有企业股权套现或分红现金，一次性全款付清，基本不加杠杆,非仁恒、绿城、万科等金牌开发商不买，极度看重高端精装质量与顶级物业的增值口碑。,每年11月至次年3月到此度过漫长冬季，极其依赖周边的康养及适老化服务。
三_2011_01979,三亚,2011,度假投资,45,男,7.9,85.0,0.4,159.4,3,1,否,A,research,0.77,0.22,0.88,0.49,0.52,0.5,0.18,0,0.9,投资-短期,三室两厅,114,7936,高端海景资产收藏家,三口之家(学龄段),陆家嘴核心区江景大平层,无高端私密会所及管家式物业配套，圈层鱼龙混杂，高净值居住体验差。,要求有超大面宽南向双阳台（观景家政分离），主卧大飘窗能270度直面自然景观。,无需日常通勤，但要求30分钟内快捷通达凤凰机场或高铁站。,周末常去高端商圈消费，热衷打网球和马术，重度手冲咖啡及黑胶唱片发烧友。,名下已有企业股权套现或分红现金，一次性全款付清，基本不加杠杆,非仁恒、绿城、万科等金牌开发商不买，极度看重高端精装质量与顶级物业的增值口碑。,每年11月至次年3月到此度过漫长冬季，极其依赖周边的康养及适老化服务。
三_2011_01980,三亚,2011,本地改善,50,男,2.0,13.8,0.35,29.6,5,0,是,B,agent,0.87,0.64,0.6,0.5,0.46,0.87,0.48,0.55,0.58,自住-改善,一室一厅,65,2450,三甲医院主治医师,成熟期核心家庭,三亚中环品质两居，车位及空间极其拥挤,当前房屋属于旧多层无电梯房，父母年纪渐高每天爬楼梯极为吃力。,讲究超高得房率（超85%），主卧套房必须配备独立步入式衣帽间与干湿分离双卫。,无需日常通勤，但要求30分钟内快捷通达凤凰机场或高铁站。,崇尚度假慢生活，清晨沙滩漫步，午后椰林下午茶，酷爱轻户外及后海冲浪。,名下持有一套旧两居，置换回款 65% + 个人理财储蓄补充 + 公积金商业贷,重性价比，不盲信大牌，但要求物业管理有序、绿化修剪及时、人防技防规范。,本地常住人口，四季生活规律，度假频次为常规年假出行。
三_2011_01981,三亚,2011,外地候鸟-东北,70,女,1.3,9.4,0.5,14.1,1,0,否,C,network,0.35,0.74,0.91,0.68,0.42,0.42,0,0,0.48,养老,两室一厅,54,2350,沈阳大型重工企业退休副厂长,高知退休康养,与父母同住，三代人拥挤在旧区小户型老房中,老小区隔音差，邻里滋扰严重，且车位严重匮乏，每晚加班回来抢车位像打仗。,要求有超大面宽南向双阳台（观景家政分离），主卧大飘窗能270度直面自然景观。,无需日常通勤，但要求30分钟内快捷通达凤凰机场或高铁站。,崇尚度假慢生活，清晨沙滩漫步，午后椰林下午茶，酷爱轻户外及后海冲浪。,名下持有一套旧两居，置换回款 65% + 个人理财储蓄补充 + 公积金商业贷,重性价比，不盲信大牌，但要求物业管理有序、绿化修剪及时、人防技防规范。,每年11月至次年3月到此度过漫长冬季，极其依赖周边的康养及适老化服务。
三_2011_01982,三亚,2011,本地改善,30,女,3.0,14.9,0.35,32.0,4,1,是,B,agent,0.72,0.66,0.55,0.54,0.41,0.74,0.4,0.67,0.21,自住-改善,两室两厅,68,2874,区级税务局一级主办,三口之家(幼龄段),三亚中环品质两居，车位及空间极其拥挤,小区无地下车库且人车不分流，小孩在楼下玩耍或者推婴儿车极为不安全。,讲究超高得房率（超85%），主卧套房必须配备独立步入式衣帽间与干湿分离双卫。,无需日常通勤，但要求30分钟内快捷通达凤凰机场或高铁站。,崇尚度假慢生活，清晨沙滩漫步，午后椰林下午茶，酷爱轻户外及后海冲浪。,名下持有一套旧两居，置换回款 65% + 个人理财储蓄补充 + 公积金商业贷,重性价比，不盲信大牌，但要求物业管理有序、绿化修剪及时、人防技防规范。,本地常住人口，四季生活规律，度假频次为常规年假出行。
三_2011_01983,三亚,2011,本地改善,49,女,1.3,8.2,0.35,17.6,3,1,否,B,agent,0.63,0.65,0.54,0.39,0.36,0.73,0.59,0.77,0.48,自住-改善,两室两厅,77,1800,国企中层管理,三口之家(学龄段),三亚中环品质两居，车位及空间极其拥挤,小区无地下车库且人车不分流，小孩在楼下玩耍或者推婴儿车极为不安全。,讲究超高得房率（超85%），主卧套房必须配备独立步入式衣帽间与干湿分离双卫。,无需日常通勤，但要求30分钟内快捷通达凤凰机场或高铁站。,崇尚度假慢生活，清晨沙滩漫步，午后椰林下午茶，酷爱轻户外及后海冲浪。,名下持有一套旧两居，置换回款 65% + 个人理财储蓄补充 + 公积金商业贷,重性价比，不盲信大牌，但要求物业管理有序、绿化修剪及时、人防技防规范。,本地常住人口，四季生活规律，度假频次为常规年假出行。
三_2011_01984,三亚,2011,本地改善,48,女,2.7,14.8,0.35,31.8,4,1,是,B,agent,0.93,0.47,0.59,0.48,0.39,0.82,0.46,0.69,0.51,自住-改善,两室一厅,58,3044,智能新能源车企研发骨干,三口之家(学龄段),三亚中环品质两居，车位及空间极其拥挤,小区无地下车库且人车不分流，小孩在楼下玩耍或者推婴儿车极为不安全。,讲究超高得房率（超85%），主卧套房必须配备独立步入式衣帽间与干湿分离双卫。,无需日常通勤，但要求30分钟内快捷通达凤凰机场或高铁站。,崇尚度假慢生活，清晨沙滩漫步，午后椰林下午茶，酷爱轻户外及后海冲浪。,名下持有一套旧两居，置换回款 65% + 个人理财储蓄补充 + 公积金商业贷,重性价比，不盲信大牌，但要求物业管理有序、绿化修剪及时、人防技防规范。,本地常住人口，四季生活规律，度假频次为常规年假出行。
三_2011_01985,三亚,2011,外地候鸟-华北,58,女,2.3,13.4,0.5,20.1,1,0,否,B,network,0.39,0.52,0.81,0.75,0.66,0.58,0.05,0.11,0.61,度假,一室一厅,56,2009,央企总部退休总工,高知退休康养,三亚中环品质两居，车位及空间极其拥挤,老小区隔音差，邻里滋扰严重，且车位严重匮乏，每晚加班回来抢车位像打仗。,要求独立电梯入户，主次卧动线分明，配备独立保姆房和私密后院。,无需日常通勤，但要求30分钟内快捷通达凤凰机场或高铁站。,崇尚度假慢生活，清晨沙滩漫步，午后椰林下午茶，酷爱轻户外及后海冲浪。,名下持有一套旧两居，置换回款 65% + 个人理财储蓄补充 + 公积金商业贷,重性价比，不盲信大牌，但要求物业管理有序、绿化修剪及时、人防技防规范。,每年11月至次年3月到此度过漫长冬季，极其依赖周边的康养及适老化服务。
三_2011_01986,三亚,2011,度假投资,52,男,9.0,76.0,0.4,142.5,2,0,否,A,research,0.63,0.52,0.92,0.52,0.6,0.48,0.04,0.09,0.86,投资-短期,两室一厅,88,8462,知名中医药连锁投资人,成熟期核心家庭,陆家嘴核心区江景大平层,无高端私密会所及管家式物业配套，圈层鱼龙混杂，高净值居住体验差。,要求有超大面宽南向双阳台（观景家政分离），主卧大飘窗能270度直面自然景观。,无需日常通勤，但要求30分钟内快捷通达凤凰机场或高铁站。,周末常去高端商圈消费，热衷打网球和马术，重度手冲咖啡及黑胶唱片发烧友。,名下已有企业股权套现或分红现金，一次性全款付清，基本不加杠杆,非仁恒、绿城、万科等金牌开发商不买，极度看重高端精装质量与顶级物业的增值口碑。,每年11月至次年3月到此度过漫长冬季，极其依赖周边的康养及适老化服务。
三_2011_01987,三亚,2011,度假投资,45,女,2.1,23.4,0.4,43.9,3,1,否,A,research,0.77,0.47,0.89,0.55,0.43,0.45,0,0,0.77,投资-长持,两室两厅,86,3486,知名中医药连锁投资人,三口之家(学龄段),西湖边高精平层,无高端私密会所及管家式物业配套，圈层鱼龙混杂，高净值居住体验差。,要求有超大面宽南向双阳台（观景家政分离），主卧大飘窗能270度直面自然景观。,无需日常通勤，但要求30分钟内快捷通达凤凰机场或高铁站。,周末常去高端商圈消费，热衷打网球和马术，重度手冲咖啡及黑胶唱片发烧友。,名下已有企业股权套现或分红现金，一次性全款付清，基本不加杠杆,非仁恒、绿城、万科等金牌开发商不买，极度看重高端精装质量与顶级物业的增值口碑。,每年11月至次年3月到此度过漫长冬季，极其依赖周边的康养及适老化服务。
三_2011_01988,三亚,2011,度假投资,37,女,7.8,63.1,0.4,118.3,2,1,否,A,research,0.79,0.44,0.91,0.5,0.59,0.65,0.1,0,0.73,投资-长持,两室两厅,60,10656,高端海景资产收藏家,三口之家(幼龄段),陆家嘴核心区江景大平层,无高端私密会所及管家式物业配套，圈层鱼龙混杂，高净值居住体验差。,要求有超大面宽南向双阳台（观景家政分离），主卧大飘窗能270度直面自然景观。,无需日常通勤，但要求30分钟内快捷通达凤凰机场或高铁站。,周末常去高端商圈消费，热衷打网球和马术，重度手冲咖啡及黑胶唱片发烧友。,名下已有企业股权套现或分红现金，一次性全款付清，基本不加杠杆,非仁恒、绿城、万科等金牌开发商不买，极度看重高端精装质量与顶级物业的增值口碑。,每年11月至次年3月到此度过漫长冬季，极其依赖周边的康养及适老化服务。
三_2011_01989,三亚,2011,度假投资,50,男,9.4,93.2,0.4,174.7,4,0,是,A,research,1,0.35,0.99,0.53,0.54,0.43,0,0,0.66,投资-短期,三室两厅,95,11741,知名中医药连锁投资人,成熟期核心家庭,西湖边高精平层,当前房屋属于旧多层无电梯房，父母年纪渐高每天爬楼梯极为吃力。,要求有超大面宽南向双阳台（观景家政分离），主卧大飘窗能270度直面自然景观。,无需日常通勤，但要求30分钟内快捷通达凤凰机场或高铁站。,周末常去高端商圈消费，热衷打网球和马术，重度手冲咖啡及黑胶唱片发烧友。,名下已有企业股权套现或分红现金，一次性全款付清，基本不加杠杆,重性价比，不盲信大牌，但要求物业管理有序、绿化修剪及时、人防技防规范。,每年11月至次年3月到此度过漫长冬季，极其依赖周边的康养及适老化服务。
三_2011_01990,三亚,2011,外地候鸟-东北,63,男,4.5,39.5,0.5,59.2,2,0,否,C,network,0.48,0.52,0.98,0.72,0.34,0.81,0.04,0,0.48,养老,一室一厅,56,9288,哈尔滨高校退休处长,高知退休康养,与父母同住，三代人拥挤在旧区小户型老房中,老小区隔音差，邻里滋扰严重，且车位严重匮乏，每晚加班回来抢车位像打仗。,要求独立电梯入户，主次卧动线分明，配备独立保姆房和私密后院。,无需日常通勤，但要求30分钟内快捷通达凤凰机场或高铁站。,崇尚度假慢生活，清晨沙滩漫步，午后椰林下午茶，酷爱轻户外及后海冲浪。,名下持有一套旧两居，置换回款 65% + 个人理财储蓄补充 + 公积金商业贷,重性价比，不盲信大牌，但要求物业管理有序、绿化修剪及时、人防技防规范。,每年11月至次年3月到此度过漫长冬季，极其依赖周边的康养及适老化服务。
三_2011_01991,三亚,2011,本地改善,42,男,2.9,18.1,0.35,38.8,4,1,是,B,agent,1,0.42,0.69,0.4,0.42,0.91,0.49,0.6,0.37,自住-改善,两室一厅,59,3645,重点中学高级教师,三口之家(学龄段),三亚中环品质两居，车位及空间极其拥挤,小区无地下车库且人车不分流，小孩在楼下玩耍或者推婴儿车极为不安全。,讲究超高得房率（超85%），主卧套房必须配备独立步入式衣帽间与干湿分离双卫。,无需日常通勤，但要求30分钟内快捷通达凤凰机场或高铁站。,崇尚度假慢生活，清晨沙滩漫步，午后椰林下午茶，酷爱轻户外及后海冲浪。,名下持有一套旧两居，置换回款 65% + 个人理财储蓄补充 + 公积金商业贷,重性价比，不盲信大牌，但要求物业管理有序、绿化修剪及时、人防技防规范。,本地常住人口，四季生活规律，度假频次为常规年假出行。
三_2011_01992,三亚,2011,本地改善,49,男,3.0,20.7,0.35,44.3,4,1,否,B,agent,0.78,0.58,0.65,0.38,0.43,0.75,0.58,0.65,0.48,自住-改善,两室一厅,57,5841,区级税务局一级主办,三口之家(学龄段),三亚中环品质两居，车位及空间极其拥挤,小区无地下车库且人车不分流，小孩在楼下玩耍或者推婴儿车极为不安全。,讲究超高得房率（超85%），主卧套房必须配备独立步入式衣帽间与干湿分离双卫。,无需日常通勤，但要求30分钟内快捷通达凤凰机场或高铁站。,崇尚度假慢生活，清晨沙滩漫步，午后椰林下午茶，酷爱轻户外及后海冲浪。,名下持有一套旧两居，置换回款 65% + 个人理财储蓄补充 + 公积金商业贷,重性价比，不盲信大牌，但要求物业管理有序、绿化修剪及时、人防技防规范。,本地常住人口，四季生活规律，度假频次为常规年假出行。
三_2011_01993,三亚,2011,本地改善,47,男,3.8,21.2,0.35,45.5,4,1,否,B,agent,0.7,0.57,0.56,0.32,0.46,0.91,0.54,0.79,0.43,自住-改善,两室一厅,51,6716,三甲医院主治医师,三口之家(学龄段),三亚中环品质两居，车位及空间极其拥挤,小区无地下车库且人车不分流，小孩在楼下玩耍或者推婴儿车极为不安全。,讲究超高得房率（超85%），主卧套房必须配备独立步入式衣帽间与干湿分离双卫。,无需日常通勤，但要求30分钟内快捷通达凤凰机场或高铁站。,崇尚度假慢生活，清晨沙滩漫步，午后椰林下午茶，酷爱轻户外及后海冲浪。,名下持有一套旧两居，置换回款 65% + 个人理财储蓄补充 + 公积金商业贷,重性价比，不盲信大牌，但要求物业管理有序、绿化修剪及时、人防技防规范。,本地常住人口，四季生活规律，度假频次为常规年假出行。
三_2011_01994,三亚,2011,本地改善,49,男,2.2,11.4,0.35,24.4,5,3,否,B,agent,0.44,0.49,0.53,0.37,0.48,0.79,0.58,0.75,0.38,自住-改善,两室两厅,52,3962,智能新能源车企研发骨干,二胎黄金期中大户型,三亚中环品质两居，车位及空间极其拥挤,小区无地下车库且人车不分流，小孩在楼下玩耍或者推婴儿车极为不安全。,讲究超高得房率（超85%），主卧套房必须配备独立步入式衣帽间与干湿分离双卫。,无需日常通勤，但要求30分钟内快捷通达凤凰机场或高铁站。,崇尚度假慢生活，清晨沙滩漫步，午后椰林下午茶，酷爱轻户外及后海冲浪。,名下持有一套旧两居，置换回款 65% + 个人理财储蓄补充 + 公积金商业贷,重性价比，不盲信大牌，但要求物业管理有序、绿化修剪及时、人防技防规范。,本地常住人口，四季生活规律，度假频次为常规年假出行。
三_2011_01995,三亚,2011,外地候鸟-东北,64,女,5.1,34.3,0.5,51.5,2,0,否,C,network,0.32,0.49,0.96,0.71,0.52,0.54,0.14,0,0.5,度假,两室一厅,65,6418,哈尔滨私营物流老板,高知退休康养,与父母同住，三代人拥挤在旧区小户型老房中,老小区隔音差，邻里滋扰严重，且车位严重匮乏，每晚加班回来抢车位像打仗。,要求独立电梯入户，主次卧动线分明，配备独立保姆房和私密后院。,无需日常通勤，但要求30分钟内快捷通达凤凰机场或高铁站。,崇尚度假慢生活，清晨沙滩漫步，午后椰林下午茶，酷爱轻户外及后海冲浪。,名下持有一套旧两居，置换回款 65% + 个人理财储蓄补充 + 公积金商业贷,重性价比，不盲信大牌，但要求物业管理有序、绿化修剪及时、人防技防规范。,每年11月至次年3月到此度过漫长冬季，极其依赖周边的康养及适老化服务。
三_2011_01996,三亚,2011,度假投资,40,男,5.4,44.0,0.4,82.5,3,1,否,A,research,1,0.53,0.82,0.63,0.62,0.54,0.09,0.05,0.62,投资-长持,一室一厅,51,11715,上市公司退休联合创始人,三口之家(学龄段),西湖边高精平层,无高端私密会所及管家式物业配套，圈层鱼龙混杂，高净值居住体验差。,要求有超大面宽南向双阳台（观景家政分离），主卧大飘窗能270度直面自然景观。,无需日常通勤，但要求30分钟内快捷通达凤凰机场或高铁站。,周末常去高端商圈消费，热衷打网球和马术，重度手冲咖啡及黑胶唱片发烧友。,名下已有企业股权套现或分红现金，一次性全款付清，基本不加杠杆,重性价比，不盲信大牌，但要求物业管理有序、绿化修剪及时、人防技防规范。,每年11月至次年3月到此度过漫长冬季，极其依赖周边的康养及适老化服务。
三_2011_01997,三亚,2011,度假投资,49,女,13.9,143.3,0.4,268.6,4,1,否,A,research,0.72,0.36,0.92,0.71,0.56,0.52,0,0.02,0.73,投资-长持,两室两厅,120,13442,高端海景资产收藏家,三口之家(学龄段),陆家嘴核心区江景大平层,无高端私密会所及管家式物业配套，圈层鱼龙混杂，高净值居住体验差。,要求独立电梯入户，主次卧动线分明，配备独立保姆房和私密后院。,无需日常通勤，但要求30分钟内快捷通达凤凰机场或高铁站。,周末常去高端商圈消费，热衷打网球和马术，重度手冲咖啡及黑胶唱片发烧友。,名下已有企业股权套现或分红现金，一次性全款付清，基本不加杠杆,非仁恒、绿城、万科等金牌开发商不买，极度看重高端精装质量与顶级物业的增值口碑。,每年11月至次年3月到此度过漫长冬季，极其依赖周边的康养及适老化服务。
三_2011_01998,三亚,2011,外地候鸟-华北,71,女,5.9,47.5,0.5,71.3,2,0,否,B,network,0.48,0.51,1.0,0.73,0.47,0.61,0,0.08,0.62,度假,一室一厅,75,7049,高校资深硕导,高知退休康养,三亚中环品质两居，车位及空间极其拥挤,老小区隔音差，邻里滋扰严重，且车位严重匮乏，每晚加班回来抢车位像打仗。,要求独立电梯入户，主次卧动线分明，配备独立保姆房和私密后院。,无需日常通勤，但要求30分钟内快捷通达凤凰机场或高铁站。,崇尚度假慢生活，清晨沙滩漫步，午后椰林下午茶，酷爱轻户外及后海冲浪。,名下持有一套旧两居，置换回款 65% + 个人理财储蓄补充 + 公积金商业贷,重性价比，不盲信大牌，但要求物业管理有序、绿化修剪及时、人防技防规范。,每年11月至次年3月到此度过漫长冬季，极其依赖周边的康养及适老化服务。
三_2011_01999,三亚,2011,外地候鸟-东北,68,男,4.0,33.1,0.5,49.6,2,0,否,C,network,0.15,0.49,0.89,0.73,0.37,0.48,0.0,0.05,0.56,养老,一室一厅,67,4838,沈阳大型重工企业退休副厂长,高知退休康养,与父母同住，三代人拥挤在旧区小户型老房中,老小区隔音差，邻里滋扰严重，且车位严重匮乏，每晚加班回来抢车位像打仗。,要求独立电梯入户，主次卧动线分明，配备独立保姆房和私密后院。,无需日常通勤，但要求30分钟内快捷通达凤凰机场或高铁站。,崇尚度假慢生活，清晨沙滩漫步，午后椰林下午茶，酷爱轻户外及后海冲浪。,名下持有一套旧两居，置换回款 65% + 个人理财储蓄补充 + 公积金商业贷,重性价比，不盲信大牌，但要求物业管理有序、绿化修剪及时、人防技防规范。,每年11月至次年3月到此度过漫长冬季，极其依赖周边的康养及适老化服务。
三_2011_02000,三亚,2011,度假投资,45,男,5.6,52.9,0.4,99.2,2,2,否,A,research,0.7,0.42,0.99,0.59,0.55,0.51,0,0,0.61,度假,两室两厅,68,12722,知名中医药连锁投资人,二胎黄金期中大户型,市中心私密洋房住宅,无高端私密会所及管家式物业配套，圈层鱼龙混杂，高净值居住体验差。,要求有超大面宽南向双阳台（观景家政分离），主卧大飘窗能270度直面自然景观。,无需日常通勤，但要求30分钟内快捷通达凤凰机场或高铁站。,周末常去高端商圈消费，热衷打网球和马术，重度手冲咖啡及黑胶唱片发烧友。,名下已有企业股权套现或分红现金，一次性全款付清，基本不加杠杆,重性价比，不盲信大牌，但要求物业管理有序、绿化修剪及时、人防技防规范。,每年11月至次年3月到此度过漫长冬季，极其依赖周边的康养及适老化服务。
三_2011_02001,三亚,2011,外地候鸟-华北,74,女,4.4,32.0,0.5,48.1,2,0,否,B,network,0.49,0.56,1,0.63,0.5,0.41,0,0.03,0.59,养老,两室两厅,75,4968,央企总部退休总工,高知退休康养,三亚中环品质两居，车位及空间极其拥挤,老小区隔音差，邻里滋扰严重，且车位严重匮乏，每晚加班回来抢车位像打仗。,要求有超大面宽南向双阳台（观景家政分离），主卧大飘窗能270度直面自然景观。,无需日常通勤，但要求30分钟内快捷通达凤凰机场或高铁站。,崇尚度假慢生活，清晨沙滩漫步，午后椰林下午茶，酷爱轻户外及后海冲浪。,名下持有一套旧两居，置换回款 65% + 个人理财储蓄补充 + 公积金商业贷,重性价比，不盲信大牌，但要求物业管理有序、绿化修剪及时、人防技防规范。,每年11月至次年3月到此度过漫长冬季，极其依赖周边的康养及适老化服务。
三_2011_02002,三亚,2011,外地候鸟-华北,61,男,4.9,42.9,0.5,64.3,2,1,否,B,network,0.34,0.47,0.94,0.77,0.51,0.48,0,0,0.5,养老,一室一厅,72,4954,央企总部退休总工,三口之家(学龄段),三亚中环品质两居，车位及空间极其拥挤,小区无地下车库且人车不分流，小孩在楼下玩耍或者推婴儿车极为不安全。,要求独立电梯入户，主次卧动线分明，配备独立保姆房和私密后院。,无需日常通勤，但要求30分钟内快捷通达凤凰机场或高铁站。,崇尚度假慢生活，清晨沙滩漫步，午后椰林下午茶，酷爱轻户外及后海冲浪。,名下持有一套旧两居，置换回款 65% + 个人理财储蓄补充 + 公积金商业贷,重性价比，不盲信大牌，但要求物业管理有序、绿化修剪及时、人防技防规范。,每年11月至次年3月到此度过漫长冬季，极其依赖周边的康养及适老化服务。
三_2011_02003,三亚,2011,度假投资,52,女,9.8,77.6,0.4,145.6,2,1,否,A,research,0.99,0.29,0.81,0.57,0.55,0.45,0,0,0.78,度假,一室一厅,64,12505,上市公司退休联合创始人,三口之家(学龄段),陆家嘴核心区江景大平层,无高端私密会所及管家式物业配套，圈层鱼龙混杂，高净值居住体验差。,要求有超大面宽南向双阳台（观景家政分离），主卧大飘窗能270度直面自然景观。,无需日常通勤，但要求30分钟内快捷通达凤凰机场或高铁站。,周末常去高端商圈消费，热衷打网球和马术，重度手冲咖啡及黑胶唱片发烧友。,名下已有企业股权套现或分红现金，一次性全款付清，基本不加杠杆,非仁恒、绿城、万科等金牌开发商不买，极度看重高端精装质量与顶级物业的增值口碑。,每年11月至次年3月到此度过漫长冬季，极其依赖周边的康养及适老化服务。
三_2011_02004,三亚,2011,度假投资,36,男,4.1,31.5,0.4,59.0,2,1,否,A,research,0.93,0.45,0.9,0.6,0.38,0.46,0,0.03,0.72,投资-长持,两室一厅,90,4777,知名中医药连锁投资人,三口之家(幼龄段),市中心私密洋房住宅,无高端私密会所及管家式物业配套，圈层鱼龙混杂，高净值居住体验差。,要求有超大面宽南向双阳台（观景家政分离），主卧大飘窗能270度直面自然景观。,无需日常通勤，但要求30分钟内快捷通达凤凰机场或高铁站。,周末常去高端商圈消费，热衷打网球和马术，重度手冲咖啡及黑胶唱片发烧友。,名下已有企业股权套现或分红现金，一次性全款付清，基本不加杠杆,非仁恒、绿城、万科等金牌开发商不买，极度看重高端精装质量与顶级物业的增值口碑。,每年11月至次年3月到此度过漫长冬季，极其依赖周边的康养及适老化服务。
三_2011_02005,三亚,2011,本地改善,45,男,2.1,15.5,0.35,33.2,3,1,是,B,agent,0.69,0.47,0.8,0.46,0.38,0.81,0.75,0.77,0.5,自住-改善,两室一厅,50,4504,区级税务局一级主办,三口之家(学龄段),三亚中环品质两居，车位及空间极其拥挤,小区无地下车库且人车不分流，小孩在楼下玩耍或者推婴儿车极为不安全。,要求有超大面宽南向双阳台（观景家政分离），主卧大飘窗能270度直面自然景观。,无需日常通勤，但要求30分钟内快捷通达凤凰机场或高铁站。,崇尚度假慢生活，清晨沙滩漫步，午后椰林下午茶，酷爱轻户外及后海冲浪。,名下持有一套旧两居，置换回款 65% + 个人理财储蓄补充 + 公积金商业贷,重性价比，不盲信大牌，但要求物业管理有序、绿化修剪及时、人防技防规范。,本地常住人口，四季生活规律，度假频次为常规年假出行。
三_2011_02006,三亚,2011,本地改善,41,女,1.7,9.2,0.35,19.7,3,1,是,B,agent,0.66,0.54,0.45,0.42,0.54,0.9,0.68,0.57,0.5,自住-改善,一室一厅,75,1654,重点中学高级教师,三口之家(学龄段),三亚中环品质两居，车位及空间极其拥挤,小区无地下车库且人车不分流，小孩在楼下玩耍或者推婴儿车极为不安全。,讲究超高得房率（超85%），主卧套房必须配备独立步入式衣帽间与干湿分离双卫。,无需日常通勤，但要求30分钟内快捷通达凤凰机场或高铁站。,崇尚度假慢生活，清晨沙滩漫步，午后椰林下午茶，酷爱轻户外及后海冲浪。,名下持有一套旧两居，置换回款 65% + 个人理财储蓄补充 + 公积金商业贷,重性价比，不盲信大牌，但要求物业管理有序、绿化修剪及时、人防技防规范。,本地常住人口，四季生活规律，度假频次为常规年假出行。
三_2011_02007,三亚,2011,本地改善,32,女,2.0,9.1,0.35,19.5,4,0,否,B,agent,1,0.72,0.58,0.28,0.41,0.62,0.48,0.68,0.6,自住-改善,两室两厅,67,1551,三甲医院主治医师,新婚过渡两居,三亚中环品质两居，车位及空间极其拥挤,老小区隔音差，邻里滋扰严重，且车位严重匮乏，每晚加班回来抢车位像打仗。,要求采光通透，全明户型，带多功能嵌入式收纳墙以最大化空间利用。,无需日常通勤，但要求30分钟内快捷通达凤凰机场或高铁站。,崇尚度假慢生活，清晨沙滩漫步，午后椰林下午茶，酷爱轻户外及后海冲浪。,名下持有一套旧两居，置换回款 65% + 个人理财储蓄补充 + 公积金商业贷,重性价比，不盲信大牌，但要求物业管理有序、绿化修剪及时、人防技防规范。,本地常住人口，四季生活规律，度假频次为常规年假出行。
三_2011_02008,三亚,2011,外地候鸟-西北,70,女,2.8,27.5,0.5,41.3,1,0,否,C,network,0.47,0.54,0.9,0.68,0.62,0.54,0.03,0,0.62,养老,两室两厅,89,3691,西安设计院退休总建筑师,高知退休康养,与父母同住，三代人拥挤在旧区小户型老房中,老小区隔音差，邻里滋扰严重，且车位严重匮乏，每晚加班回来抢车位像打仗。,要求有超大面宽南向双阳台（观景家政分离），主卧大飘窗能270度直面自然景观。,无需日常通勤，但要求30分钟内快捷通达凤凰机场或高铁站。,崇尚度假慢生活，清晨沙滩漫步，午后椰林下午茶，酷爱轻户外及后海冲浪。,名下持有一套旧两居，置换回款 65% + 个人理财储蓄补充 + 公积金商业贷,重性价比，不盲信大牌，但要求物业管理有序、绿化修剪及时、人防技防规范。,每年11月至次年3月到此度过漫长冬季，极其依赖周边的康养及适老化服务。
三_2011_02009,三亚,2011,本地改善,32,男,1.9,14.8,0.35,31.6,4,1,否,B,agent,0.68,0.61,0.61,0.36,0.33,0.81,0.6,0.66,0.35,自住-改善,两室两厅,74,2857,国企中层管理,三口之家(幼龄段),三亚中环品质两居，车位及空间极其拥挤,小区无地下车库且人车不分流，小孩在楼下玩耍或者推婴儿车极为不安全。,讲究超高得房率（超85%），主卧套房必须配备独立步入式衣帽间与干湿分离双卫。,无需日常通勤，但要求30分钟内快捷通达凤凰机场或高铁站。,崇尚度假慢生活，清晨沙滩漫步，午后椰林下午茶，酷爱轻户外及后海冲浪。,名下持有一套旧两居，置换回款 65% + 个人理财储蓄补充 + 公积金商业贷,重性价比，不盲信大牌，但要求物业管理有序、绿化修剪及时、人防技防规范。,本地常住人口，四季生活规律，度假频次为常规年假出行。
三_2011_02010,三亚,2011,本地改善,30,男,1.8,10.0,0.35,21.4,4,1,是,B,agent,0.96,0.49,0.63,0.36,0.51,0.58,0.53,0.78,0.49,自住-改善,一室一厅,58,2190,重点中学高级教师,三口之家(幼龄段),三亚中环品质两居，车位及空间极其拥挤,小区无地下车库且人车不分流，小孩在楼下玩耍或者推婴儿车极为不安全。,核心要求地块属于第一梯队名校学区，且周边500米内解决幼小衔接教育配套。,无需日常通勤，但要求30分钟内快捷通达凤凰机场或高铁站。,崇尚度假慢生活，清晨沙滩漫步，午后椰林下午茶，酷爱轻户外及后海冲浪。,名下持有一套旧两居，置换回款 65% + 个人理财储蓄补充 + 公积金商业贷,重性价比，不盲信大牌，但要求物业管理有序、绿化修剪及时、人防技防规范。,本地常住人口，四季生活规律，度假频次为常规年假出行。
三_2011_02011,三亚,2011,本地改善,45,女,1.6,9.4,0.35,20.2,4,2,否,B,agent,0.85,0.52,0.62,0.58,0.44,0.8,0.4,0.72,0.47,自住-改善,两室一厅,53,2488,区级税务局一级主办,二胎黄金期中大户型,三亚中环品质两居，车位及空间极其拥挤,小区无地下车库且人车不分流，小孩在楼下玩耍或者推婴儿车极为不安全。,讲究超高得房率（超85%），主卧套房必须配备独立步入式衣帽间与干湿分离双卫。,无需日常通勤，但要求30分钟内快捷通达凤凰机场或高铁站。,崇尚度假慢生活，清晨沙滩漫步，午后椰林下午茶，酷爱轻户外及后海冲浪。,名下持有一套旧两居，置换回款 65% + 个人理财储蓄补充 + 公积金商业贷,重性价比，不盲信大牌，但要求物业管理有序、绿化修剪及时、人防技防规范。,本地常住人口，四季生活规律，度假频次为常规年假出行。
三_2011_02012,三亚,2011,本地改善,47,女,1.6,8.8,0.35,18.8,3,1,否,B,agent,0.83,0.61,0.6,0.37,0.34,0.69,0.53,0.75,0.59,自住-改善,一室一厅,94,1414,三甲医院主治医师,三口之家(学龄段),三亚中环品质两居，车位及空间极其拥挤,小区无地下车库且人车不分流，小孩在楼下玩耍或者推婴儿车极为不安全。,核心要求地块属于第一梯队名校学区，且周边500米内解决幼小衔接教育配套。,无需日常通勤，但要求30分钟内快捷通达凤凰机场或高铁站。,崇尚度假慢生活，清晨沙滩漫步，午后椰林下午茶，酷爱轻户外及后海冲浪。,名下持有一套旧两居，置换回款 65% + 个人理财储蓄补充 + 公积金商业贷,重性价比，不盲信大牌，但要求物业管理有序、绿化修剪及时、人防技防规范。,本地常住人口，四季生活规律，度假频次为常规年假出行。
三_2011_02013,三亚,2011,外地候鸟-华北,57,男,6.3,46.6,0.5,69.8,3,0,否,B,network,0.64,0.68,0.85,0.63,0.69,0.46,0.08,0,0.55,度假,两室两厅,60,7044,北京三甲医院退休教授,高知退休康养,三亚中环品质两居，车位及空间极其拥挤,老小区隔音差，邻里滋扰严重，且车位严重匮乏，每晚加班回来抢车位像打仗。,要求有超大面宽南向双阳台（观景家政分离），主卧大飘窗能270度直面自然景观。,无需日常通勤，但要求30分钟内快捷通达凤凰机场或高铁站。,崇尚度假慢生活，清晨沙滩漫步，午后椰林下午茶，酷爱轻户外及后海冲浪。,名下持有一套旧两居，置换回款 65% + 个人理财储蓄补充 + 公积金商业贷,重性价比，不盲信大牌，但要求物业管理有序、绿化修剪及时、人防技防规范。,每年11月至次年3月到此度过漫长冬季，极其依赖周边的康养及适老化服务。
三_2011_02014,三亚,2011,度假投资,47,女,7.5,79.7,0.4,149.5,2,1,否,A,research,0.83,0.52,0.89,0.62,0.57,0.51,0,0,0.86,投资-短期,一室一厅,66,14770,上市公司退休联合创始人,三口之家(学龄段),陆家嘴核心区江景大平层,无高端私密会所及管家式物业配套，圈层鱼龙混杂，高净值居住体验差。,要求有超大面宽南向双阳台（观景家政分离），主卧大飘窗能270度直面自然景观。,无需日常通勤，但要求30分钟内快捷通达凤凰机场或高铁站。,周末常去高端商圈消费，热衷打网球和马术，重度手冲咖啡及黑胶唱片发烧友。,名下已有企业股权套现或分红现金，一次性全款付清，基本不加杠杆,非仁恒、绿城、万科等金牌开发商不买，极度看重高端精装质量与顶级物业的增值口碑。,每年11月至次年3月到此度过漫长冬季，极其依赖周边的康养及适老化服务。
三_2011_02015,三亚,2011,外地候鸟-西北,72,男,3.8,21.8,0.5,32.8,2,0,否,C,network,0.31,0.65,0.87,0.87,0.35,0.57,0.14,0,0.49,度假,两室一厅,81,2468,西安设计院退休总建筑师,高知退休康养,与父母同住，三代人拥挤在旧区小户型老房中,老小区隔音差，邻里滋扰严重，且车位严重匮乏，每晚加班回来抢车位像打仗。,要求独立电梯入户，主次卧动线分明，配备独立保姆房和私密后院。,无需日常通勤，但要求30分钟内快捷通达凤凰机场或高铁站。,崇尚度假慢生活，清晨沙滩漫步，午后椰林下午茶，酷爱轻户外及后海冲浪。,名下持有一套旧两居，置换回款 65% + 个人理财储蓄补充 + 公积金商业贷,重性价比，不盲信大牌，但要求物业管理有序、绿化修剪及时、人防技防规范。,每年11月至次年3月到此度过漫长冬季，极其依赖周边的康养及适老化服务。
三_2011_02016,三亚,2011,本地改善,30,女,2.3,13.7,0.35,29.4,3,1,是,B,agent,0.52,0.59,0.75,0.55,0.37,0.84,0.45,0.68,0.6,自住-改善,一室一厅,66,3348,区级税务局一级主办,三口之家(幼龄段),三亚中环品质两居，车位及空间极其拥挤,小区无地下车库且人车不分流，小孩在楼下玩耍或者推婴儿车极为不安全。,要求有超大面宽南向双阳台（观景家政分离），主卧大飘窗能270度直面自然景观。,无需日常通勤，但要求30分钟内快捷通达凤凰机场或高铁站。,崇尚度假慢生活，清晨沙滩漫步，午后椰林下午茶，酷爱轻户外及后海冲浪。,名下持有一套旧两居，置换回款 65% + 个人理财储蓄补充 + 公积金商业贷,重性价比，不盲信大牌，但要求物业管理有序、绿化修剪及时、人防技防规范。,本地常住人口，四季生活规律，度假频次为常规年假出行。
三_2011_02017,三亚,2011,本地改善,41,女,2.7,13.9,0.35,29.7,4,1,否,B,agent,0.85,0.56,0.43,0.45,0.33,0.71,0.47,0.74,0.35,自住-改善,一室一厅,95,2686,区级税务局一级主办,三口之家(学龄段),三亚中环品质两居，车位及空间极其拥挤,小区无地下车库且人车不分流，小孩在楼下玩耍或者推婴儿车极为不安全。,讲究超高得房率（超85%），主卧套房必须配备独立步入式衣帽间与干湿分离双卫。,无需日常通勤，但要求30分钟内快捷通达凤凰机场或高铁站。,崇尚度假慢生活，清晨沙滩漫步，午后椰林下午茶，酷爱轻户外及后海冲浪。,名下持有一套旧两居，置换回款 65% + 个人理财储蓄补充 + 公积金商业贷,重性价比，不盲信大牌，但要求物业管理有序、绿化修剪及时、人防技防规范。,本地常住人口，四季生活规律，度假频次为常规年假出行。
三_2011_02018,三亚,2011,本地改善,32,男,2.8,13.8,0.35,29.5,4,1,否,B,agent,0.78,0.63,0.64,0.47,0.47,0.71,0.54,0.77,0.48,自住-改善,两室一厅,61,3296,重点中学高级教师,三口之家(幼龄段),三亚中环品质两居，车位及空间极其拥挤,小区无地下车库且人车不分流，小孩在楼下玩耍或者推婴儿车极为不安全。,讲究超高得房率（超85%），主卧套房必须配备独立步入式衣帽间与干湿分离双卫。,无需日常通勤，但要求30分钟内快捷通达凤凰机场或高铁站。,崇尚度假慢生活，清晨沙滩漫步，午后椰林下午茶，酷爱轻户外及后海冲浪。,名下持有一套旧两居，置换回款 65% + 个人理财储蓄补充 + 公积金商业贷,重性价比，不盲信大牌，但要求物业管理有序、绿化修剪及时、人防技防规范。,本地常住人口，四季生活规律，度假频次为常规年假出行。
三_2011_02019,三亚,2011,外地候鸟-西北,68,女,2.1,12.1,0.5,18.2,2,0,否,C,network,0.37,0.71,0.79,0.62,0.37,0.52,0,0,0.4,度假,一室一厅,59,2241,西安设计院退休总建筑师,高知退休康养,与父母同住，三代人拥挤在旧区小户型老房中,老小区隔音差，邻里滋扰严重，且车位严重匮乏，每晚加班回来抢车位像打仗。,要求有超大面宽南向双阳台（观景家政分离），主卧大飘窗能270度直面自然景观。,无需日常通勤，但要求30分钟内快捷通达凤凰机场或高铁站。,崇尚度假慢生活，清晨沙滩漫步，午后椰林下午茶，酷爱轻户外及后海冲浪。,名下持有一套旧两居，置换回款 65% + 个人理财储蓄补充 + 公积金商业贷,重性价比，不盲信大牌，但要求物业管理有序、绿化修剪及时、人防技防规范。,每年11月至次年3月到此度过漫长冬季，极其依赖周边的康养及适老化服务。
三_2011_02020,三亚,2011,本地改善,38,男,1.6,11.9,0.35,25.4,4,1,否,B,agent,1,0.65,0.65,0.49,0.57,0.77,0.62,0.66,0.56,自住-改善,两室两厅,81,1605,区级税务局一级主办,三口之家(学龄段),三亚中环品质两居，车位及空间极其拥挤,小区无地下车库且人车不分流，小孩在楼下玩耍或者推婴儿车极为不安全。,讲究超高得房率（超85%），主卧套房必须配备独立步入式衣帽间与干湿分离双卫。,无需日常通勤，但要求30分钟内快捷通达凤凰机场或高铁站。,崇尚度假慢生活，清晨沙滩漫步，午后椰林下午茶，酷爱轻户外及后海冲浪。,名下持有一套旧两居，置换回款 65% + 个人理财储蓄补充 + 公积金商业贷,重性价比，不盲信大牌，但要求物业管理有序、绿化修剪及时、人防技防规范。,本地常住人口，四季生活规律，度假频次为常规年假出行。
三_2011_02021,三亚,2011,本地改善,37,男,2.4,13.0,0.35,27.8,4,0,是,B,agent,0.8,0.43,0.57,0.4,0.32,0.92,0.46,0.87,0.53,自住-改善,一室一厅,86,2534,国企中层管理,成熟期核心家庭,三亚中环品质两居，车位及空间极其拥挤,当前房屋属于旧多层无电梯房，父母年纪渐高每天爬楼梯极为吃力。,讲究超高得房率（超85%），主卧套房必须配备独立步入式衣帽间与干湿分离双卫。,无需日常通勤，但要求30分钟内快捷通达凤凰机场或高铁站。,崇尚度假慢生活，清晨沙滩漫步，午后椰林下午茶，酷爱轻户外及后海冲浪。,名下持有一套旧两居，置换回款 65% + 个人理财储蓄补充 + 公积金商业贷,重性价比，不盲信大牌，但要求物业管理有序、绿化修剪及时、人防技防规范。,本地常住人口，四季生活规律，度假频次为常规年假出行。
三_2011_02022,三亚,2011,本地改善,45,女,2.5,15.3,0.35,32.8,4,1,否,B,agent,0.52,0.63,0.62,0.56,0.35,0.7,0.56,0.56,0.43,自住-改善,一室一厅,97,1971,国企中层管理,三口之家(学龄段),三亚中环品质两居，车位及空间极其拥挤,小区无地下车库且人车不分流，小孩在楼下玩耍或者推婴儿车极为不安全。,讲究超高得房率（超85%），主卧套房必须配备独立步入式衣帽间与干湿分离双卫。,无需日常通勤，但要求30分钟内快捷通达凤凰机场或高铁站。,崇尚度假慢生活，清晨沙滩漫步，午后椰林下午茶，酷爱轻户外及后海冲浪。,名下持有一套旧两居，置换回款 65% + 个人理财储蓄补充 + 公积金商业贷,重性价比，不盲信大牌，但要求物业管理有序、绿化修剪及时、人防技防规范。,本地常住人口，四季生活规律，度假频次为常规年假出行。
三_2011_02023,三亚,2011,本地改善,47,女,2.2,10.5,0.35,22.4,4,1,是,B,agent,0.76,0.38,0.65,0.56,0.37,0.84,0.47,0.69,0.41,自住-改善,两室一厅,81,2315,智能新能源车企研发骨干,三口之家(学龄段),三亚中环品质两居，车位及空间极其拥挤,小区无地下车库且人车不分流，小孩在楼下玩耍或者推婴儿车极为不安全。,讲究超高得房率（超85%），主卧套房必须配备独立步入式衣帽间与干湿分离双卫。,无需日常通勤，但要求30分钟内快捷通达凤凰机场或高铁站。,崇尚度假慢生活，清晨沙滩漫步，午后椰林下午茶，酷爱轻户外及后海冲浪。,名下持有一套旧两居，置换回款 65% + 个人理财储蓄补充 + 公积金商业贷,重性价比，不盲信大牌，但要求物业管理有序、绿化修剪及时、人防技防规范。,本地常住人口，四季生活规律，度假频次为常规年假出行。
三_2011_02024,三亚,2011,度假投资,52,女,3.5,25.3,0.4,47.4,3,1,否,A,research,0.62,0.38,0.86,0.65,0.56,0.35,0,0,0.94,投资-长持,两室一厅,84,4678,高端海景资产收藏家,三口之家(学龄段),西湖边高精平层,无高端私密会所及管家式物业配套，圈层鱼龙混杂，高净值居住体验差。,要求有超大面宽南向双阳台（观景家政分离），主卧大飘窗能270度直面自然景观。,无需日常通勤，但要求30分钟内快捷通达凤凰机场或高铁站。,周末常去高端商圈消费，热衷打网球和马术，重度手冲咖啡及黑胶唱片发烧友。,名下已有企业股权套现或分红现金，一次性全款付清，基本不加杠杆,非仁恒、绿城、万科等金牌开发商不买，极度看重高端精装质量与顶级物业的增值口碑。,每年11月至次年3月到此度过漫长冬季，极其依赖周边的康养及适老化服务。
三_2011_02025,三亚,2011,本地改善,41,男,1.8,12.4,0.35,26.6,4,2,是,B,agent,0.84,0.48,0.63,0.52,0.41,0.71,0.5,0.75,0.36,自住-改善,一室一厅,50,4115,三甲医院主治医师,二胎黄金期中大户型,三亚中环品质两居，车位及空间极其拥挤,小区无地下车库且人车不分流，小孩在楼下玩耍或者推婴儿车极为不安全。,讲究超高得房率（超85%），主卧套房必须配备独立步入式衣帽间与干湿分离双卫。,无需日常通勤，但要求30分钟内快捷通达凤凰机场或高铁站。,崇尚度假慢生活，清晨沙滩漫步，午后椰林下午茶，酷爱轻户外及后海冲浪。,名下持有一套旧两居，置换回款 65% + 个人理财储蓄补充 + 公积金商业贷,重性价比，不盲信大牌，但要求物业管理有序、绿化修剪及时、人防技防规范。,本地常住人口，四季生活规律，度假频次为常规年假出行。
三_2011_02026,三亚,2011,本地改善,41,女,1.7,12.6,0.35,27.1,4,1,是,B,agent,0.62,0.55,0.52,0.44,0.49,0.89,0.47,0.7,0.52,自住-改善,一室一厅,99,2183,三甲医院主治医师,三口之家(学龄段),三亚中环品质两居，车位及空间极其拥挤,小区无地下车库且人车不分流，小孩在楼下玩耍或者推婴儿车极为不安全。,讲究超高得房率（超85%），主卧套房必须配备独立步入式衣帽间与干湿分离双卫。,无需日常通勤，但要求30分钟内快捷通达凤凰机场或高铁站。,崇尚度假慢生活，清晨沙滩漫步，午后椰林下午茶，酷爱轻户外及后海冲浪。,名下持有一套旧两居，置换回款 65% + 个人理财储蓄补充 + 公积金商业贷,重性价比，不盲信大牌，但要求物业管理有序、绿化修剪及时、人防技防规范。,本地常住人口，四季生活规律，度假频次为常规年假出行。
三_2011_02027,三亚,2011,外地候鸟-东北,59,女,1.5,11.2,0.5,16.8,2,0,否,C,network,0.42,0.65,1,0.77,0.52,0.52,0.06,0,0.43,度假,两室两厅,85,1437,沈阳大型重工企业退休副厂长,高知退休康养,与父母同住，三代人拥挤在旧区小户型老房中,老小区隔音差，邻里滋扰严重，且车位严重匮乏，每晚加班回来抢车位像打仗。,要求独立电梯入户，主次卧动线分明，配备独立保姆房和私密后院。,无需日常通勤，但要求30分钟内快捷通达凤凰机场或高铁站。,崇尚度假慢生活，清晨沙滩漫步，午后椰林下午茶，酷爱轻户外及后海冲浪。,名下持有一套旧两居，置换回款 65% + 个人理财储蓄补充 + 公积金商业贷,重性价比，不盲信大牌，但要求物业管理有序、绿化修剪及时、人防技防规范。,每年11月至次年3月到此度过漫长冬季，极其依赖周边的康养及适老化服务。
三_2011_02028,三亚,2011,度假投资,40,男,12.0,130.1,0.4,243.9,4,1,否,A,research,0.77,0.32,0.79,0.68,0.52,0.38,0,0,0.8,投资-长持,两室两厅,97,17406,知名中医药连锁投资人,三口之家(学龄段),西湖边高精平层,无高端私密会所及管家式物业配套，圈层鱼龙混杂，高净值居住体验差。,要求有超大面宽南向双阳台（观景家政分离），主卧大飘窗能270度直面自然景观。,无需日常通勤，但要求30分钟内快捷通达凤凰机场或高铁站。,周末常去高端商圈消费，热衷打网球和马术，重度手冲咖啡及黑胶唱片发烧友。,名下已有企业股权套现或分红现金，一次性全款付清，基本不加杠杆,非仁恒、绿城、万科等金牌开发商不买，极度看重高端精装质量与顶级物业的增值口碑。,每年11月至次年3月到此度过漫长冬季，极其依赖周边的康养及适老化服务。
三_2011_02029,三亚,2011,外地候鸟-西北,65,男,6.0,44.0,0.5,66.0,2,1,否,C,network,0.25,0.68,0.87,0.78,0.36,0.53,0,0.03,0.47,养老,一室一厅,78,4346,兰州煤炭物流运输企业主,三口之家(学龄段),与父母同住，三代人拥挤在旧区小户型老房中,小区无地下车库且人车不分流，小孩在楼下玩耍或者推婴儿车极为不安全。,要求独立电梯入户，主次卧动线分明，配备独立保姆房和私密后院。,无需日常通勤，但要求30分钟内快捷通达凤凰机场或高铁站。,崇尚度假慢生活，清晨沙滩漫步，午后椰林下午茶，酷爱轻户外及后海冲浪。,名下持有一套旧两居，置换回款 65% + 个人理财储蓄补充 + 公积金商业贷,重性价比，不盲信大牌，但要求物业管理有序、绿化修剪及时、人防技防规范。,每年11月至次年3月到此度过漫长冬季，极其依赖周边的康养及适老化服务。
三_2011_02030,三亚,2011,度假投资,50,女,6.3,66.9,0.4,125.5,3,0,否,A,research,0.76,0.4,0.81,0.58,0.42,0.32,0.15,0.08,0.74,投资-长持,两室一厅,57,11990,高端海景资产收藏家,成熟期核心家庭,西湖边高精平层,无高端私密会所及管家式物业配套，圈层鱼龙混杂，高净值居住体验差。,要求有超大面宽南向双阳台（观景家政分离），主卧大飘窗能270度直面自然景观。,无需日常通勤，但要求30分钟内快捷通达凤凰机场或高铁站。,周末常去高端商圈消费，热衷打网球和马术，重度手冲咖啡及黑胶唱片发烧友。,名下已有企业股权套现或分红现金，一次性全款付清，基本不加杠杆,非仁恒、绿城、万科等金牌开发商不买，极度看重高端精装质量与顶级物业的增值口碑。,每年11月至次年3月到此度过漫长冬季，极其依赖周边的康养及适老化服务。
三_2011_02031,三亚,2011,外地候鸟-华北,59,女,3.7,22.8,0.5,34.2,2,0,否,B,network,0.71,0.59,1,0.74,0.45,0.62,0.02,0,0.79,度假,两室两厅,84,2121,北京三甲医院退休教授,高知退休康养,三亚中环品质两居，车位及空间极其拥挤,老小区隔音差，邻里滋扰严重，且车位严重匮乏，每晚加班回来抢车位像打仗。,要求独立电梯入户，主次卧动线分明，配备独立保姆房和私密后院。,无需日常通勤，但要求30分钟内快捷通达凤凰机场或高铁站。,崇尚度假慢生活，清晨沙滩漫步，午后椰林下午茶，酷爱轻户外及后海冲浪。,名下持有一套旧两居，置换回款 65% + 个人理财储蓄补充 + 公积金商业贷,非仁恒、绿城、万科等金牌开发商不买，极度看重高端精装质量与顶级物业的增值口碑。,每年11月至次年3月到此度过漫长冬季，极其依赖周边的康养及适老化服务。
三_2011_02032,三亚,2011,本地改善,36,男,2.5,18.6,0.35,39.9,5,0,是,B,agent,0.7,0.63,0.54,0.43,0.38,0.52,0.52,0.68,0.57,自住-改善,一室一厅,98,2983,区级税务局一级主办,成熟期核心家庭,三亚中环品质两居，车位及空间极其拥挤,当前房屋属于旧多层无电梯房，父母年纪渐高每天爬楼梯极为吃力。,要求采光通透，全明户型，带多功能嵌入式收纳墙以最大化空间利用。,无需日常通勤，但要求30分钟内快捷通达凤凰机场或高铁站。,崇尚度假慢生活，清晨沙滩漫步，午后椰林下午茶，酷爱轻户外及后海冲浪。,名下持有一套旧两居，置换回款 65% + 个人理财储蓄补充 + 公积金商业贷,重性价比，不盲信大牌，但要求物业管理有序、绿化修剪及时、人防技防规范。,本地常住人口，四季生活规律，度假频次为常规年假出行。
三_2011_02033,三亚,2011,本地改善,45,男,3.7,16.2,0.35,34.6,4,1,是,B,agent,0.72,0.53,0.64,0.37,0.38,0.78,0.6,0.65,0.31,自住-改善,两室一厅,87,3563,重点中学高级教师,三口之家(学龄段),三亚中环品质两居，车位及空间极其拥挤,小区无地下车库且人车不分流，小孩在楼下玩耍或者推婴儿车极为不安全。,讲究超高得房率（超85%），主卧套房必须配备独立步入式衣帽间与干湿分离双卫。,无需日常通勤，但要求30分钟内快捷通达凤凰机场或高铁站。,崇尚度假慢生活，清晨沙滩漫步，午后椰林下午茶，酷爱轻户外及后海冲浪。,名下持有一套旧两居，置换回款 65% + 个人理财储蓄补充 + 公积金商业贷,重性价比，不盲信大牌，但要求物业管理有序、绿化修剪及时、人防技防规范。,本地常住人口，四季生活规律，度假频次为常规年假出行。
三_2011_02034,三亚,2011,本地改善,40,男,1.5,11.7,0.35,25.1,4,1,是,B,agent,0.75,0.65,0.58,0.33,0.3,0.82,0.56,0.66,0.6,自住-改善,一室一厅,88,1957,国企中层管理,三口之家(学龄段),三亚中环品质两居，车位及空间极其拥挤,小区无地下车库且人车不分流，小孩在楼下玩耍或者推婴儿车极为不安全。,讲究超高得房率（超85%），主卧套房必须配备独立步入式衣帽间与干湿分离双卫。,无需日常通勤，但要求30分钟内快捷通达凤凰机场或高铁站。,崇尚度假慢生活，清晨沙滩漫步，午后椰林下午茶，酷爱轻户外及后海冲浪。,名下持有一套旧两居，置换回款 65% + 个人理财储蓄补充 + 公积金商业贷,重性价比，不盲信大牌，但要求物业管理有序、绿化修剪及时、人防技防规范。,本地常住人口，四季生活规律，度假频次为常规年假出行。
三_2011_02035,三亚,2011,外地候鸟-华北,69,女,5.0,30.9,0.5,46.4,3,0,否,B,network,0.07,0.42,0.82,0.8,0.77,0.44,0,0,0.44,度假,一室一厅,92,4333,高校资深硕导,高知退休康养,三亚中环品质两居，车位及空间极其拥挤,老小区隔音差，邻里滋扰严重，且车位严重匮乏，每晚加班回来抢车位像打仗。,要求独立电梯入户，主次卧动线分明，配备独立保姆房和私密后院。,无需日常通勤，但要求30分钟内快捷通达凤凰机场或高铁站。,崇尚度假慢生活，清晨沙滩漫步，午后椰林下午茶，酷爱轻户外及后海冲浪。,名下持有一套旧两居，置换回款 65% + 个人理财储蓄补充 + 公积金商业贷,重性价比，不盲信大牌，但要求物业管理有序、绿化修剪及时、人防技防规范。,每年11月至次年3月到此度过漫长冬季，极其依赖周边的康养及适老化服务。
三_2011_02036,三亚,2011,外地候鸟-华北,70,男,4.4,32.9,0.5,49.4,1,0,否,B,network,0.32,0.71,0.97,0.81,0.64,0.31,0.02,0.09,0.46,度假,一室一厅,53,7364,央企总部退休总工,高知退休康养,三亚中环品质两居，车位及空间极其拥挤,老小区隔音差，邻里滋扰严重，且车位严重匮乏，每晚加班回来抢车位像打仗。,要求独立电梯入户，主次卧动线分明，配备独立保姆房和私密后院。,无需日常通勤，但要求30分钟内快捷通达凤凰机场或高铁站。,崇尚度假慢生活，清晨沙滩漫步，午后椰林下午茶，酷爱轻户外及后海冲浪。,名下持有一套旧两居，置换回款 65% + 个人理财储蓄补充 + 公积金商业贷,重性价比，不盲信大牌，但要求物业管理有序、绿化修剪及时、人防技防规范。,每年11月至次年3月到此度过漫长冬季，极其依赖周边的康养及适老化服务。
三_2011_02037,三亚,2011,度假投资,48,男,8.2,106.0,0.4,198.8,3,1,否,A,research,0.64,0.34,0.69,0.65,0.63,0.37,0,0.02,0.72,投资-长持,两室两厅,143,10128,高端海景资产收藏家,三口之家(学龄段),陆家嘴核心区江景大平层,无高端私密会所及管家式物业配套，圈层鱼龙混杂，高净值居住体验差。,要求采光通透，全明户型，带多功能嵌入式收纳墙以最大化空间利用。,无需日常通勤，但要求30分钟内快捷通达凤凰机场或高铁站。,周末常去高端商圈消费，热衷打网球和马术，重度手冲咖啡及黑胶唱片发烧友。,名下已有企业股权套现或分红现金，一次性全款付清，基本不加杠杆,非仁恒、绿城、万科等金牌开发商不买，极度看重高端精装质量与顶级物业的增值口碑。,每年11月至次年3月到此度过漫长冬季，极其依赖周边的康养及适老化服务。
三_2011_02038,三亚,2011,外地候鸟-西北,56,男,3.8,37.7,0.5,56.5,2,0,否,C,network,0.32,0.72,1,0.71,0.5,0.35,0.01,0.03,0.37,养老,一室一厅,90,4226,兰州煤炭物流运输企业主,高知退休康养,与父母同住，三代人拥挤在旧区小户型老房中,老小区隔音差，邻里滋扰严重，且车位严重匮乏，每晚加班回来抢车位像打仗。,要求独立电梯入户，主次卧动线分明，配备独立保姆房和私密后院。,无需日常通勤，但要求30分钟内快捷通达凤凰机场或高铁站。,崇尚度假慢生活，清晨沙滩漫步，午后椰林下午茶，酷爱轻户外及后海冲浪。,名下持有一套旧两居，置换回款 65% + 个人理财储蓄补充 + 公积金商业贷,重性价比，不盲信大牌，但要求物业管理有序、绿化修剪及时、人防技防规范。,每年11月至次年3月到此度过漫长冬季，极其依赖周边的康养及适老化服务。
三_2011_02039,三亚,2011,外地候鸟-东北,60,男,2.2,17.1,0.5,25.6,1,1,否,C,network,0.27,0.69,0.78,0.76,0.54,0.52,0,0,0.52,养老,一室一厅,53,3316,沈阳大型重工企业退休副厂长,三口之家(学龄段),与父母同住，三代人拥挤在旧区小户型老房中,小区无地下车库且人车不分流，小孩在楼下玩耍或者推婴儿车极为不安全。,要求独立电梯入户，主次卧动线分明，配备独立保姆房和私密后院。,无需日常通勤，但要求30分钟内快捷通达凤凰机场或高铁站。,崇尚度假慢生活，清晨沙滩漫步，午后椰林下午茶，酷爱轻户外及后海冲浪。,名下持有一套旧两居，置换回款 65% + 个人理财储蓄补充 + 公积金商业贷,重性价比，不盲信大牌，但要求物业管理有序、绿化修剪及时、人防技防规范。,每年11月至次年3月到此度过漫长冬季，极其依赖周边的康养及适老化服务。
三_2011_02040,三亚,2011,本地改善,40,男,3.2,21.2,0.35,45.5,3,2,否,B,agent,0.75,0.53,0.68,0.45,0.32,0.64,0.52,0.76,0.5,自住-改善,两室一厅,60,6569,重点中学高级教师,二胎黄金期中大户型,三亚中环品质两居，车位及空间极其拥挤,小区无地下车库且人车不分流，小孩在楼下玩耍或者推婴儿车极为不安全。,核心要求地块属于第一梯队名校学区，且周边500米内解决幼小衔接教育配套。,无需日常通勤，但要求30分钟内快捷通达凤凰机场或高铁站。,崇尚度假慢生活，清晨沙滩漫步，午后椰林下午茶，酷爱轻户外及后海冲浪。,名下持有一套旧两居，置换回款 65% + 个人理财储蓄补充 + 公积金商业贷,重性价比，不盲信大牌，但要求物业管理有序、绿化修剪及时、人防技防规范。,本地常住人口，四季生活规律，度假频次为常规年假出行。
三_2011_02041,三亚,2011,本地改善,45,男,2.2,12.4,0.35,26.5,4,1,是,B,agent,0.81,0.57,0.71,0.61,0.47,0.9,0.59,0.53,0.41,自住-改善,两室两厅,85,2788,国企中层管理,三口之家(学龄段),三亚中环品质两居，车位及空间极其拥挤,小区无地下车库且人车不分流，小孩在楼下玩耍或者推婴儿车极为不安全。,要求有超大面宽南向双阳台（观景家政分离），主卧大飘窗能270度直面自然景观。,无需日常通勤，但要求30分钟内快捷通达凤凰机场或高铁站。,崇尚度假慢生活，清晨沙滩漫步，午后椰林下午茶，酷爱轻户外及后海冲浪。,名下持有一套旧两居，置换回款 65% + 个人理财储蓄补充 + 公积金商业贷,重性价比，不盲信大牌，但要求物业管理有序、绿化修剪及时、人防技防规范。,本地常住人口，四季生活规律，度假频次为常规年假出行。
三_2011_02042,三亚,2011,本地改善,34,女,1.6,8.7,0.35,18.6,5,1,是,B,agent,0.76,0.5,0.6,0.33,0.38,0.76,0.43,0.75,0.51,自住-改善,一室一厅,59,2047,三甲医院主治医师,三口之家(幼龄段),三亚中环品质两居，车位及空间极其拥挤,小区无地下车库且人车不分流，小孩在楼下玩耍或者推婴儿车极为不安全。,讲究超高得房率（超85%），主卧套房必须配备独立步入式衣帽间与干湿分离双卫。,无需日常通勤，但要求30分钟内快捷通达凤凰机场或高铁站。,崇尚度假慢生活，清晨沙滩漫步，午后椰林下午茶，酷爱轻户外及后海冲浪。,名下持有一套旧两居，置换回款 65% + 个人理财储蓄补充 + 公积金商业贷,重性价比，不盲信大牌，但要求物业管理有序、绿化修剪及时、人防技防规范。,本地常住人口，四季生活规律，度假频次为常规年假出行。
三_2011_02043,三亚,2011,本地改善,31,女,2.2,16.2,0.35,34.7,3,1,否,B,agent,0.71,0.64,0.62,0.57,0.28,0.74,0.47,0.74,0.58,自住-改善,一室一厅,87,2870,国企中层管理,三口之家(幼龄段),三亚中环品质两居，车位及空间极其拥挤,小区无地下车库且人车不分流，小孩在楼下玩耍或者推婴儿车极为不安全。,讲究超高得房率（超85%），主卧套房必须配备独立步入式衣帽间与干湿分离双卫。,无需日常通勤，但要求30分钟内快捷通达凤凰机场或高铁站。,崇尚度假慢生活，清晨沙滩漫步，午后椰林下午茶，酷爱轻户外及后海冲浪。,名下持有一套旧两居，置换回款 65% + 个人理财储蓄补充 + 公积金商业贷,重性价比，不盲信大牌，但要求物业管理有序、绿化修剪及时、人防技防规范。,本地常住人口，四季生活规律，度假频次为常规年假出行。
三_2011_02044,三亚,2011,外地候鸟-东北,70,女,2.2,17.7,0.5,26.6,3,1,否,C,network,0.39,0.68,0.95,0.68,0.51,0.44,0.06,0,0.51,度假,一室一厅,96,1485,沈阳大型重工企业退休副厂长,三口之家(学龄段),与父母同住，三代人拥挤在旧区小户型老房中,小区无地下车库且人车不分流，小孩在楼下玩耍或者推婴儿车极为不安全。,要求有超大面宽南向双阳台（观景家政分离），主卧大飘窗能270度直面自然景观。,无需日常通勤，但要求30分钟内快捷通达凤凰机场或高铁站。,崇尚度假慢生活，清晨沙滩漫步，午后椰林下午茶，酷爱轻户外及后海冲浪。,名下持有一套旧两居，置换回款 65% + 个人理财储蓄补充 + 公积金商业贷,重性价比，不盲信大牌，但要求物业管理有序、绿化修剪及时、人防技防规范。,每年11月至次年3月到此度过漫长冬季，极其依赖周边的康养及适老化服务。
三_2011_02045,三亚,2011,度假投资,40,男,6.1,43.2,0.4,80.9,3,0,否,A,research,0.8,0.41,0.91,0.69,0.59,0.45,0,0.03,0.85,投资-长持,一室一厅,55,10143,上市公司退休联合创始人,成熟期核心家庭,西湖边高精平层,无高端私密会所及管家式物业配套，圈层鱼龙混杂，高净值居住体验差。,要求有超大面宽南向双阳台（观景家政分离），主卧大飘窗能270度直面自然景观。,无需日常通勤，但要求30分钟内快捷通达凤凰机场或高铁站。,周末常去高端商圈消费，热衷打网球和马术，重度手冲咖啡及黑胶唱片发烧友。,名下已有企业股权套现或分红现金，一次性全款付清，基本不加杠杆,非仁恒、绿城、万科等金牌开发商不买，极度看重高端精装质量与顶级物业的增值口碑。,每年11月至次年3月到此度过漫长冬季，极其依赖周边的康养及适老化服务。
三_2011_02046,三亚,2011,度假投资,50,女,9.7,121.7,0.4,228.2,2,2,否,A,research,0.66,0.49,0.95,0.71,0.68,0.48,0.13,0.03,0.84,投资-短期,三室两厅,131,14703,高端海景资产收藏家,二胎黄金期中大户型,陆家嘴核心区江景大平层,无高端私密会所及管家式物业配套，圈层鱼龙混杂，高净值居住体验差。,要求独立电梯入户，主次卧动线分明，配备独立保姆房和私密后院。,无需日常通勤，但要求30分钟内快捷通达凤凰机场或高铁站。,周末常去高端商圈消费，热衷打网球和马术，重度手冲咖啡及黑胶唱片发烧友。,名下已有企业股权套现或分红现金，一次性全款付清，基本不加杠杆,非仁恒、绿城、万科等金牌开发商不买，极度看重高端精装质量与顶级物业的增值口碑。,每年11月至次年3月到此度过漫长冬季，极其依赖周边的康养及适老化服务。
三_2011_02047,三亚,2011,外地候鸟-华北,64,男,4.4,34.7,0.5,52.0,2,0,否,B,network,0.41,0.48,0.96,0.77,0.59,0.44,0,0.06,0.54,养老,两室一厅,60,5045,高校资深硕导,高知退休康养,三亚中环品质两居，车位及空间极其拥挤,老小区隔音差，邻里滋扰严重，且车位严重匮乏，每晚加班回来抢车位像打仗。,要求独立电梯入户，主次卧动线分明，配备独立保姆房和私密后院。,无需日常通勤，但要求30分钟内快捷通达凤凰机场或高铁站。,崇尚度假慢生活，清晨沙滩漫步，午后椰林下午茶，酷爱轻户外及后海冲浪。,名下持有一套旧两居，置换回款 65% + 个人理财储蓄补充 + 公积金商业贷,重性价比，不盲信大牌，但要求物业管理有序、绿化修剪及时、人防技防规范。,每年11月至次年3月到此度过漫长冬季，极其依赖周边的康养及适老化服务。
三_2011_02048,三亚,2011,本地改善,33,男,2.3,12.1,0.35,25.9,4,0,是,B,agent,0.89,0.57,0.46,0.32,0.36,0.76,0.35,0.61,0.47,自住-改善,两室两厅,90,2346,重点中学高级教师,新婚过渡两居,三亚中环品质两居，车位及空间极其拥挤,当前房屋属于旧多层无电梯房，父母年纪渐高每天爬楼梯极为吃力。,讲究超高得房率（超85%），主卧套房必须配备独立步入式衣帽间与干湿分离双卫。,无需日常通勤，但要求30分钟内快捷通达凤凰机场或高铁站。,崇尚度假慢生活，清晨沙滩漫步，午后椰林下午茶，酷爱轻户外及后海冲浪。,名下持有一套旧两居，置换回款 65% + 个人理财储蓄补充 + 公积金商业贷,重性价比，不盲信大牌，但要求物业管理有序、绿化修剪及时、人防技防规范。,本地常住人口，四季生活规律，度假频次为常规年假出行。
三_2011_02049,三亚,2011,度假投资,50,女,10.7,77.3,0.4,145.0,4,1,否,A,research,0.67,0.41,0.77,0.6,0.4,0.42,0.1,0,0.79,投资-长持,两室一厅,81,10073,知名中医药连锁投资人,三口之家(学龄段),市中心私密洋房住宅,无高端私密会所及管家式物业配套，圈层鱼龙混杂，高净值居住体验差。,要求有超大面宽南向双阳台（观景家政分离），主卧大飘窗能270度直面自然景观。,无需日常通勤，但要求30分钟内快捷通达凤凰机场或高铁站。,周末常去高端商圈消费，热衷打网球和马术，重度手冲咖啡及黑胶唱片发烧友。,名下已有企业股权套现或分红现金，一次性全款付清，基本不加杠杆,非仁恒、绿城、万科等金牌开发商不买，极度看重高端精装质量与顶级物业的增值口碑。,每年11月至次年3月到此度过漫长冬季，极其依赖周边的康养及适老化服务。
三_2011_02050,三亚,2011,外地候鸟-华北,71,男,2.4,23.4,0.5,35.1,1,1,否,B,network,0.47,0.6,0.91,0.74,0.61,0.44,0.01,0.04,0.58,度假,两室一厅,92,3198,央企总部退休总工,三口之家(学龄段),三亚中环品质两居，车位及空间极其拥挤,小区无地下车库且人车不分流，小孩在楼下玩耍或者推婴儿车极为不安全。,要求独立电梯入户，主次卧动线分明，配备独立保姆房和私密后院。,无需日常通勤，但要求30分钟内快捷通达凤凰机场或高铁站。,崇尚度假慢生活，清晨沙滩漫步，午后椰林下午茶，酷爱轻户外及后海冲浪。,名下持有一套旧两居，置换回款 65% + 个人理财储蓄补充 + 公积金商业贷,重性价比，不盲信大牌，但要求物业管理有序、绿化修剪及时、人防技防规范。,每年11月至次年3月到此度过漫长冬季，极其依赖周边的康养及适老化服务。
三_2011_02051,三亚,2011,高净值康养,58,男,5.6,47.7,0.6,59.6,3,0,否,A,network,0.79,0.28,0.92,1,0.91,0.61,0,0.01,0.96,养老,一室一厅,94,3399,上市公司退休联合创始人,高知退休康养,西湖边高精平层,无高端私密会所及管家式物业配套，圈层鱼龙混杂，高净值居住体验差。,要求独立电梯入户，主次卧动线分明，配备独立保姆房和私密后院。,无需日常通勤，但要求30分钟内快捷通达凤凰机场或高铁站。,周末常去高端商圈消费，热衷打网球和马术，重度手冲咖啡及黑胶唱片发烧友。,名下已有企业股权套现或分红现金，一次性全款付清，基本不加杠杆,非仁恒、绿城、万科等金牌开发商不买，极度看重高端精装质量与顶级物业的增值口碑。,本地常住人口，四季生活规律，度假频次为常规年假出行。
三_2011_02052,三亚,2011,本地改善,40,男,2.3,12.2,0.35,26.1,3,0,否,B,agent,0.82,0.72,0.67,0.48,0.47,0.74,0.52,0.7,0.52,自住-改善,一室一厅,90,2225,区级税务局一级主办,成熟期核心家庭,三亚中环品质两居，车位及空间极其拥挤,老小区隔音差，邻里滋扰严重，且车位严重匮乏，每晚加班回来抢车位像打仗。,讲究超高得房率（超85%），主卧套房必须配备独立步入式衣帽间与干湿分离双卫。,无需日常通勤，但要求30分钟内快捷通达凤凰机场或高铁站。,崇尚度假慢生活，清晨沙滩漫步，午后椰林下午茶，酷爱轻户外及后海冲浪。,名下持有一套旧两居，置换回款 65% + 个人理财储蓄补充 + 公积金商业贷,重性价比，不盲信大牌，但要求物业管理有序、绿化修剪及时、人防技防规范。,本地常住人口，四季生活规律，度假频次为常规年假出行。
三_2011_02053,三亚,2011,度假投资,45,女,5.8,41.6,0.4,77.9,4,1,否,A,research,0.91,0.52,0.98,0.6,0.5,0.5,0,0,0.63,度假,两室两厅,67,5941,上市公司退休联合创始人,三口之家(学龄段),西湖边高精平层,无高端私密会所及管家式物业配套，圈层鱼龙混杂，高净值居住体验差。,要求有超大面宽南向双阳台（观景家政分离），主卧大飘窗能270度直面自然景观。,无需日常通勤，但要求30分钟内快捷通达凤凰机场或高铁站。,周末常去高端商圈消费，热衷打网球和马术，重度手冲咖啡及黑胶唱片发烧友。,名下已有企业股权套现或分红现金，一次性全款付清，基本不加杠杆,重性价比，不盲信大牌，但要求物业管理有序、绿化修剪及时、人防技防规范。,每年11月至次年3月到此度过漫长冬季，极其依赖周边的康养及适老化服务。
三_2011_02054,三亚,2011,本地改善,32,男,3.0,22.2,0.35,47.6,3,0,是,B,agent,0.57,0.59,0.54,0.49,0.38,0.77,0.51,0.77,0.57,自住-改善,两室一厅,50,6388,区级税务局一级主办,新婚过渡两居,三亚中环品质两居，车位及空间极其拥挤,当前房屋属于旧多层无电梯房，父母年纪渐高每天爬楼梯极为吃力。,讲究超高得房率（超85%），主卧套房必须配备独立步入式衣帽间与干湿分离双卫。,无需日常通勤，但要求30分钟内快捷通达凤凰机场或高铁站。,崇尚度假慢生活，清晨沙滩漫步，午后椰林下午茶，酷爱轻户外及后海冲浪。,名下持有一套旧两居，置换回款 65% + 个人理财储蓄补充 + 公积金商业贷,重性价比，不盲信大牌，但要求物业管理有序、绿化修剪及时、人防技防规范。,本地常住人口，四季生活规律，度假频次为常规年假出行。
三_2011_02055,三亚,2011,外地候鸟-华北,74,男,2.0,15.6,0.5,23.4,2,0,否,B,network,0.58,0.68,0.9,0.75,0.57,0.41,0.09,0.05,0.54,度假,两室两厅,94,2088,央企总部退休总工,高知退休康养,三亚中环品质两居，车位及空间极其拥挤,老小区隔音差，邻里滋扰严重，且车位严重匮乏，每晚加班回来抢车位像打仗。,要求独立电梯入户，主次卧动线分明，配备独立保姆房和私密后院。,无需日常通勤，但要求30分钟内快捷通达凤凰机场或高铁站。,崇尚度假慢生活，清晨沙滩漫步，午后椰林下午茶，酷爱轻户外及后海冲浪。,名下持有一套旧两居，置换回款 65% + 个人理财储蓄补充 + 公积金商业贷,重性价比，不盲信大牌，但要求物业管理有序、绿化修剪及时、人防技防规范。,每年11月至次年3月到此度过漫长冬季，极其依赖周边的康养及适老化服务。
三_2011_02056,三亚,2011,外地候鸟-西北,68,女,4.8,30.1,0.5,45.1,2,0,否,C,network,0.2,0.59,1,0.65,0.45,0.62,0.0,0.05,0.55,度假,两室两厅,78,3823,西安设计院退休总建筑师,高知退休康养,与父母同住，三代人拥挤在旧区小户型老房中,老小区隔音差，邻里滋扰严重，且车位严重匮乏，每晚加班回来抢车位像打仗。,要求有超大面宽南向双阳台（观景家政分离），主卧大飘窗能270度直面自然景观。,无需日常通勤，但要求30分钟内快捷通达凤凰机场或高铁站。,崇尚度假慢生活，清晨沙滩漫步，午后椰林下午茶，酷爱轻户外及后海冲浪。,名下持有一套旧两居，置换回款 65% + 个人理财储蓄补充 + 公积金商业贷,重性价比，不盲信大牌，但要求物业管理有序、绿化修剪及时、人防技防规范。,每年11月至次年3月到此度过漫长冬季，极其依赖周边的康养及适老化服务。
三_2011_02057,三亚,2011,本地改善,33,男,1.3,5.8,0.35,12.4,5,1,否,B,agent,0.65,0.56,0.74,0.59,0.26,0.72,0.62,0.66,0.43,自住-改善,一室一厅,85,1149,三甲医院主治医师,三口之家(幼龄段),三亚中环品质两居，车位及空间极其拥挤,小区无地下车库且人车不分流，小孩在楼下玩耍或者推婴儿车极为不安全。,要求有超大面宽南向双阳台（观景家政分离），主卧大飘窗能270度直面自然景观。,无需日常通勤，但要求30分钟内快捷通达凤凰机场或高铁站。,崇尚度假慢生活，清晨沙滩漫步，午后椰林下午茶，酷爱轻户外及后海冲浪。,名下持有一套旧两居，置换回款 65% + 个人理财储蓄补充 + 公积金商业贷,重性价比，不盲信大牌，但要求物业管理有序、绿化修剪及时、人防技防规范。,本地常住人口，四季生活规律，度假频次为常规年假出行。
三_2011_02058,三亚,2011,本地改善,35,女,3.5,24.9,0.35,53.4,3,0,是,B,agent,0.53,0.61,0.72,0.34,0.38,0.99,0.59,0.61,0.35,自住-改善,一室一厅,78,4560,智能新能源车企研发骨干,新婚过渡两居,三亚中环品质两居，车位及空间极其拥挤,当前房屋属于旧多层无电梯房，父母年纪渐高每天爬楼梯极为吃力。,要求有超大面宽南向双阳台（观景家政分离），主卧大飘窗能270度直面自然景观。,无需日常通勤，但要求30分钟内快捷通达凤凰机场或高铁站。,崇尚度假慢生活，清晨沙滩漫步，午后椰林下午茶，酷爱轻户外及后海冲浪。,名下持有一套旧两居，置换回款 65% + 个人理财储蓄补充 + 公积金商业贷,重性价比，不盲信大牌，但要求物业管理有序、绿化修剪及时、人防技防规范。,本地常住人口，四季生活规律，度假频次为常规年假出行。
三_2011_02059,三亚,2011,高净值康养,58,女,39.1,425.1,0.6,531.3,2,0,否,A,network,0.66,0.23,0.83,0.95,0.8,0.69,0,0,0.87,度假,四室两厅,282,13155,高端海景资产收藏家,高知退休康养,市中心私密洋房住宅,无高端私密会所及管家式物业配套，圈层鱼龙混杂，高净值居住体验差。,要求独立电梯入户，主次卧动线分明，配备独立保姆房和私密后院。,无需日常通勤，但要求30分钟内快捷通达凤凰机场或高铁站。,周末常去高端商圈消费，热衷打网球和马术，重度手冲咖啡及黑胶唱片发烧友。,名下已有企业股权套现或分红现金，一次性全款付清，基本不加杠杆,非仁恒、绿城、万科等金牌开发商不买，极度看重高端精装质量与顶级物业的增值口碑。,本地常住人口，四季生活规律，度假频次为常规年假出行。
三_2011_02060,三亚,2011,本地改善,37,男,2.3,16.0,0.35,34.2,3,1,否,B,agent,1,0.53,0.63,0.38,0.27,0.72,0.61,0.75,0.47,自住-改善,一室一厅,67,2784,区级税务局一级主办,三口之家(幼龄段),三亚中环品质两居，车位及空间极其拥挤,小区无地下车库且人车不分流，小孩在楼下玩耍或者推婴儿车极为不安全。,讲究超高得房率（超85%），主卧套房必须配备独立步入式衣帽间与干湿分离双卫。,无需日常通勤，但要求30分钟内快捷通达凤凰机场或高铁站。,崇尚度假慢生活，清晨沙滩漫步，午后椰林下午茶，酷爱轻户外及后海冲浪。,名下持有一套旧两居，置换回款 65% + 个人理财储蓄补充 + 公积金商业贷,重性价比，不盲信大牌，但要求物业管理有序、绿化修剪及时、人防技防规范。,本地常住人口，四季生活规律，度假频次为常规年假出行。
三_2011_02061,三亚,2011,度假投资,35,男,3.3,30.6,0.4,57.3,3,1,否,A,research,0.7,0.55,0.76,0.56,0.53,0.53,0.04,0,0.72,度假,两室两厅,96,4657,上市公司退休联合创始人,三口之家(幼龄段),西湖边高精平层,无高端私密会所及管家式物业配套，圈层鱼龙混杂，高净值居住体验差。,要求有超大面宽南向双阳台（观景家政分离），主卧大飘窗能270度直面自然景观。,无需日常通勤，但要求30分钟内快捷通达凤凰机场或高铁站。,周末常去高端商圈消费，热衷打网球和马术，重度手冲咖啡及黑胶唱片发烧友。,名下已有企业股权套现或分红现金，一次性全款付清，基本不加杠杆,非仁恒、绿城、万科等金牌开发商不买，极度看重高端精装质量与顶级物业的增值口碑。,每年11月至次年3月到此度过漫长冬季，极其依赖周边的康养及适老化服务。
三_2011_02062,三亚,2011,高净值康养,60,女,26.1,345.4,0.6,431.7,3,0,否,A,network,0.84,0.38,0.91,1,0.71,0.64,0.02,0.08,1.0,度假,三室两厅,129,16843,上市公司退休联合创始人,高知退休康养,陆家嘴核心区江景大平层,无高端私密会所及管家式物业配套，圈层鱼龙混杂，高净值居住体验差。,要求独立电梯入户，主次卧动线分明，配备独立保姆房和私密后院。,无需日常通勤，但要求30分钟内快捷通达凤凰机场或高铁站。,周末常去高端商圈消费，热衷打网球和马术，重度手冲咖啡及黑胶唱片发烧友。,名下已有企业股权套现或分红现金，一次性全款付清，基本不加杠杆,非仁恒、绿城、万科等金牌开发商不买，极度看重高端精装质量与顶级物业的增值口碑。,本地常住人口，四季生活规律，度假频次为常规年假出行。
三_2011_02063,三亚,2011,本地改善,41,男,1.3,9.7,0.35,20.7,4,1,否,B,agent,0.53,0.55,0.59,0.46,0.59,0.73,0.55,0.66,0.36,自住-改善,一室一厅,99,1719,区级税务局一级主办,三口之家(学龄段),三亚中环品质两居，车位及空间极其拥挤,小区无地下车库且人车不分流，小孩在楼下玩耍或者推婴儿车极为不安全。,讲究超高得房率（超85%），主卧套房必须配备独立步入式衣帽间与干湿分离双卫。,无需日常通勤，但要求30分钟内快捷通达凤凰机场或高铁站。,崇尚度假慢生活，清晨沙滩漫步，午后椰林下午茶，酷爱轻户外及后海冲浪。,名下持有一套旧两居，置换回款 65% + 个人理财储蓄补充 + 公积金商业贷,重性价比，不盲信大牌，但要求物业管理有序、绿化修剪及时、人防技防规范。,本地常住人口，四季生活规律，度假频次为常规年假出行。
三_2011_02064,三亚,2011,本地改善,45,女,3.7,24.8,0.35,53.1,4,1,是,B,agent,0.6,0.37,0.58,0.45,0.37,0.63,0.54,0.9,0.39,自住-改善,两室一厅,67,6859,三甲医院主治医师,三口之家(学龄段),三亚中环品质两居，车位及空间极其拥挤,小区无地下车库且人车不分流，小孩在楼下玩耍或者推婴儿车极为不安全。,核心要求地块属于第一梯队名校学区，且周边500米内解决幼小衔接教育配套。,无需日常通勤，但要求30分钟内快捷通达凤凰机场或高铁站。,崇尚度假慢生活，清晨沙滩漫步，午后椰林下午茶，酷爱轻户外及后海冲浪。,名下持有一套旧两居，置换回款 65% + 个人理财储蓄补充 + 公积金商业贷,重性价比，不盲信大牌，但要求物业管理有序、绿化修剪及时、人防技防规范。,本地常住人口，四季生活规律，度假频次为常规年假出行。
三_2011_02065,三亚,2011,外地候鸟-华北,73,男,3.9,33.3,0.5,49.9,1,0,是,B,network,0.32,0.52,1,0.7,0.5,0.41,0.05,0,0.79,养老,两室一厅,59,4702,北京三甲医院退休教授,高知退休康养,三亚中环品质两居，车位及空间极其拥挤,当前房屋属于旧多层无电梯房，父母年纪渐高每天爬楼梯极为吃力。,要求独立电梯入户，主次卧动线分明，配备独立保姆房和私密后院。,无需日常通勤，但要求30分钟内快捷通达凤凰机场或高铁站。,崇尚度假慢生活，清晨沙滩漫步，午后椰林下午茶，酷爱轻户外及后海冲浪。,名下持有一套旧两居，置换回款 65% + 个人理财储蓄补充 + 公积金商业贷,非仁恒、绿城、万科等金牌开发商不买，极度看重高端精装质量与顶级物业的增值口碑。,每年11月至次年3月到此度过漫长冬季，极其依赖周边的康养及适老化服务。
三_2011_02066,三亚,2011,本地改善,30,女,3.1,13.8,0.35,29.6,4,1,是,B,agent,0.74,0.55,0.49,0.58,0.39,0.79,0.42,0.7,0.45,自住-改善,一室一厅,50,5166,区级税务局一级主办,三口之家(幼龄段),三亚中环品质两居，车位及空间极其拥挤,小区无地下车库且人车不分流，小孩在楼下玩耍或者推婴儿车极为不安全。,讲究超高得房率（超85%），主卧套房必须配备独立步入式衣帽间与干湿分离双卫。,无需日常通勤，但要求30分钟内快捷通达凤凰机场或高铁站。,崇尚度假慢生活，清晨沙滩漫步，午后椰林下午茶，酷爱轻户外及后海冲浪。,名下持有一套旧两居，置换回款 65% + 个人理财储蓄补充 + 公积金商业贷,重性价比，不盲信大牌，但要求物业管理有序、绿化修剪及时、人防技防规范。,本地常住人口，四季生活规律，度假频次为常规年假出行。
三_2011_02067,三亚,2011,外地候鸟-东北,63,男,2.5,14.5,0.5,21.7,2,0,否,C,network,0.54,0.59,0.97,0.58,0.54,0.55,0,0.06,0.58,养老,两室一厅,52,3659,哈尔滨高校退休处长,高知退休康养,与父母同住，三代人拥挤在旧区小户型老房中,老小区隔音差，邻里滋扰严重，且车位严重匮乏，每晚加班回来抢车位像打仗。,要求有超大面宽南向双阳台（观景家政分离），主卧大飘窗能270度直面自然景观。,无需日常通勤，但要求30分钟内快捷通达凤凰机场或高铁站。,崇尚度假慢生活，清晨沙滩漫步，午后椰林下午茶，酷爱轻户外及后海冲浪。,名下持有一套旧两居，置换回款 65% + 个人理财储蓄补充 + 公积金商业贷,重性价比，不盲信大牌，但要求物业管理有序、绿化修剪及时、人防技防规范。,每年11月至次年3月到此度过漫长冬季，极其依赖周边的康养及适老化服务。
三_2011_02068,三亚,2011,本地改善,43,女,1.7,7.3,0.35,15.7,3,1,是,B,agent,0.5,0.51,0.68,0.42,0.36,0.73,0.65,0.79,0.46,自住-改善,一室一厅,76,1811,智能新能源车企研发骨干,三口之家(学龄段),三亚中环品质两居，车位及空间极其拥挤,小区无地下车库且人车不分流，小孩在楼下玩耍或者推婴儿车极为不安全。,讲究超高得房率（超85%），主卧套房必须配备独立步入式衣帽间与干湿分离双卫。,无需日常通勤，但要求30分钟内快捷通达凤凰机场或高铁站。,崇尚度假慢生活，清晨沙滩漫步，午后椰林下午茶，酷爱轻户外及后海冲浪。,名下持有一套旧两居，置换回款 65% + 个人理财储蓄补充 + 公积金商业贷,重性价比，不盲信大牌，但要求物业管理有序、绿化修剪及时、人防技防规范。,本地常住人口，四季生活规律，度假频次为常规年假出行。
三_2011_02069,三亚,2011,本地改善,30,男,3.1,21.8,0.35,46.7,5,1,是,B,agent,0.7,0.57,0.68,0.58,0.48,0.86,0.59,0.77,0.45,自住-改善,两室两厅,62,4711,国企中层管理,三口之家(幼龄段),三亚中环品质两居，车位及空间极其拥挤,小区无地下车库且人车不分流，小孩在楼下玩耍或者推婴儿车极为不安全。,讲究超高得房率（超85%），主卧套房必须配备独立步入式衣帽间与干湿分离双卫。,无需日常通勤，但要求30分钟内快捷通达凤凰机场或高铁站。,崇尚度假慢生活，清晨沙滩漫步，午后椰林下午茶，酷爱轻户外及后海冲浪。,名下持有一套旧两居，置换回款 65% + 个人理财储蓄补充 + 公积金商业贷,重性价比，不盲信大牌，但要求物业管理有序、绿化修剪及时、人防技防规范。,本地常住人口，四季生活规律，度假频次为常规年假出行。
三_2011_02070,三亚,2011,外地候鸟-东北,65,女,4.6,25.7,0.5,38.5,1,0,否,C,network,0.32,0.45,0.79,0.83,0.41,0.53,0.01,0,0.58,养老,两室两厅,62,5031,哈尔滨高校退休处长,高知退休康养,与父母同住，三代人拥挤在旧区小户型老房中,老小区隔音差，邻里滋扰严重，且车位严重匮乏，每晚加班回来抢车位像打仗。,要求独立电梯入户，主次卧动线分明，配备独立保姆房和私密后院。,无需日常通勤，但要求30分钟内快捷通达凤凰机场或高铁站。,崇尚度假慢生活，清晨沙滩漫步，午后椰林下午茶，酷爱轻户外及后海冲浪。,名下持有一套旧两居，置换回款 65% + 个人理财储蓄补充 + 公积金商业贷,重性价比，不盲信大牌，但要求物业管理有序、绿化修剪及时、人防技防规范。,每年11月至次年3月到此度过漫长冬季，极其依赖周边的康养及适老化服务。
三_2011_02071,三亚,2011,外地候鸟-华北,55,男,3.1,22.8,0.5,34.2,4,0,否,B,network,0.58,0.61,0.95,0.69,0.53,0.44,0.08,0.04,0.56,养老,两室一厅,73,3294,北京三甲医院退休教授,高知退休康养,三亚中环品质两居，车位及空间极其拥挤,老小区隔音差，邻里滋扰严重，且车位严重匮乏，每晚加班回来抢车位像打仗。,要求有超大面宽南向双阳台（观景家政分离），主卧大飘窗能270度直面自然景观。,无需日常通勤，但要求30分钟内快捷通达凤凰机场或高铁站。,崇尚度假慢生活，清晨沙滩漫步，午后椰林下午茶，酷爱轻户外及后海冲浪。,名下持有一套旧两居，置换回款 65% + 个人理财储蓄补充 + 公积金商业贷,重性价比，不盲信大牌，但要求物业管理有序、绿化修剪及时、人防技防规范。,每年11月至次年3月到此度过漫长冬季，极其依赖周边的康养及适老化服务。
三_2011_02072,三亚,2011,外地候鸟-东北,65,女,5.4,45.6,0.5,68.4,1,0,否,C,network,0.25,0.74,1,0.76,0.55,0.42,0.02,0,0.52,养老,一室一厅,63,7855,沈阳大型重工企业退休副厂长,高知退休康养,与父母同住，三代人拥挤在旧区小户型老房中,老小区隔音差，邻里滋扰严重，且车位严重匮乏，每晚加班回来抢车位像打仗。,要求独立电梯入户，主次卧动线分明，配备独立保姆房和私密后院。,无需日常通勤，但要求30分钟内快捷通达凤凰机场或高铁站。,崇尚度假慢生活，清晨沙滩漫步，午后椰林下午茶，酷爱轻户外及后海冲浪。,名下持有一套旧两居，置换回款 65% + 个人理财储蓄补充 + 公积金商业贷,重性价比，不盲信大牌，但要求物业管理有序、绿化修剪及时、人防技防规范。,每年11月至次年3月到此度过漫长冬季，极其依赖周边的康养及适老化服务。
三_2011_02073,三亚,2011,本地改善,43,男,2.7,12.2,0.35,26.2,4,1,是,B,agent,0.79,0.61,0.54,0.37,0.39,0.71,0.53,0.62,0.43,自住-改善,一室一厅,95,2179,三甲医院主治医师,三口之家(学龄段),三亚中环品质两居，车位及空间极其拥挤,小区无地下车库且人车不分流，小孩在楼下玩耍或者推婴儿车极为不安全。,讲究超高得房率（超85%），主卧套房必须配备独立步入式衣帽间与干湿分离双卫。,无需日常通勤，但要求30分钟内快捷通达凤凰机场或高铁站。,崇尚度假慢生活，清晨沙滩漫步，午后椰林下午茶，酷爱轻户外及后海冲浪。,名下持有一套旧两居，置换回款 65% + 个人理财储蓄补充 + 公积金商业贷,重性价比，不盲信大牌，但要求物业管理有序、绿化修剪及时、人防技防规范。,本地常住人口，四季生活规律，度假频次为常规年假出行。
三_2011_02074,三亚,2011,度假投资,53,男,7.9,73.7,0.4,138.2,4,1,否,A,research,0.81,0.27,0.72,0.53,0.51,0.4,0.01,0,0.78,度假,一室一厅,60,15499,高端海景资产收藏家,三口之家(学龄段),西湖边高精平层,无高端私密会所及管家式物业配套，圈层鱼龙混杂，高净值居住体验差。,要求有超大面宽南向双阳台（观景家政分离），主卧大飘窗能270度直面自然景观。,无需日常通勤，但要求30分钟内快捷通达凤凰机场或高铁站。,周末常去高端商圈消费，热衷打网球和马术，重度手冲咖啡及黑胶唱片发烧友。,名下已有企业股权套现或分红现金，一次性全款付清，基本不加杠杆,非仁恒、绿城、万科等金牌开发商不买，极度看重高端精装质量与顶级物业的增值口碑。,每年11月至次年3月到此度过漫长冬季，极其依赖周边的康养及适老化服务。
三_2011_02075,三亚,2011,外地候鸟-华北,55,女,3.5,35.3,0.5,52.9,2,0,否,B,network,0.7,0.44,0.96,0.57,0.56,0.56,0,0,0.5,养老,一室一厅,69,5080,央企总部退休总工,高知退休康养,三亚中环品质两居，车位及空间极其拥挤,老小区隔音差，邻里滋扰严重，且车位严重匮乏，每晚加班回来抢车位像打仗。,要求有超大面宽南向双阳台（观景家政分离），主卧大飘窗能270度直面自然景观。,无需日常通勤，但要求30分钟内快捷通达凤凰机场或高铁站。,崇尚度假慢生活，清晨沙滩漫步，午后椰林下午茶，酷爱轻户外及后海冲浪。,名下持有一套旧两居，置换回款 65% + 个人理财储蓄补充 + 公积金商业贷,重性价比，不盲信大牌，但要求物业管理有序、绿化修剪及时、人防技防规范。,每年11月至次年3月到此度过漫长冬季，极其依赖周边的康养及适老化服务。
三_2011_02076,三亚,2011,本地改善,35,男,3.0,18.4,0.35,39.4,5,1,否,B,agent,0.83,0.49,0.63,0.45,0.31,0.75,0.58,0.64,0.37,自住-改善,两室两厅,72,3507,重点中学高级教师,三口之家(幼龄段),三亚中环品质两居，车位及空间极其拥挤,小区无地下车库且人车不分流，小孩在楼下玩耍或者推婴儿车极为不安全。,讲究超高得房率（超85%），主卧套房必须配备独立步入式衣帽间与干湿分离双卫。,无需日常通勤，但要求30分钟内快捷通达凤凰机场或高铁站。,崇尚度假慢生活，清晨沙滩漫步，午后椰林下午茶，酷爱轻户外及后海冲浪。,名下持有一套旧两居，置换回款 65% + 个人理财储蓄补充 + 公积金商业贷,重性价比，不盲信大牌，但要求物业管理有序、绿化修剪及时、人防技防规范。,本地常住人口，四季生活规律，度假频次为常规年假出行。
三_2011_02077,三亚,2011,本地改善,37,男,1.6,10.9,0.35,23.3,3,1,否,B,agent,0.85,0.54,0.56,0.5,0.27,0.74,0.47,0.69,0.45,自住-改善,两室两厅,76,2104,重点中学高级教师,三口之家(幼龄段),三亚中环品质两居，车位及空间极其拥挤,小区无地下车库且人车不分流，小孩在楼下玩耍或者推婴儿车极为不安全。,讲究超高得房率（超85%），主卧套房必须配备独立步入式衣帽间与干湿分离双卫。,无需日常通勤，但要求30分钟内快捷通达凤凰机场或高铁站。,崇尚度假慢生活，清晨沙滩漫步，午后椰林下午茶，酷爱轻户外及后海冲浪。,名下持有一套旧两居，置换回款 65% + 个人理财储蓄补充 + 公积金商业贷,重性价比，不盲信大牌，但要求物业管理有序、绿化修剪及时、人防技防规范。,本地常住人口，四季生活规律，度假频次为常规年假出行。
三_2011_02078,三亚,2011,外地候鸟-西北,62,男,2.0,18.6,0.5,28.0,2,0,否,C,network,0.25,0.54,0.87,0.74,0.49,0.43,0,0,0.58,养老,两室一厅,50,3116,西安设计院退休总建筑师,高知退休康养,与父母同住，三代人拥挤在旧区小户型老房中,老小区隔音差，邻里滋扰严重，且车位严重匮乏，每晚加班回来抢车位像打仗。,要求独立电梯入户，主次卧动线分明，配备独立保姆房和私密后院。,无需日常通勤，但要求30分钟内快捷通达凤凰机场或高铁站。,崇尚度假慢生活，清晨沙滩漫步，午后椰林下午茶，酷爱轻户外及后海冲浪。,名下持有一套旧两居，置换回款 65% + 个人理财储蓄补充 + 公积金商业贷,重性价比，不盲信大牌，但要求物业管理有序、绿化修剪及时、人防技防规范。,每年11月至次年3月到此度过漫长冬季，极其依赖周边的康养及适老化服务。
三_2011_02079,三亚,2011,外地候鸟-西北,71,女,1.2,12.1,0.5,18.2,2,0,否,C,network,0.53,0.73,0.97,0.68,0.52,0.53,0,0,0.53,养老,两室一厅,59,2497,兰州煤炭物流运输企业主,高知退休康养,与父母同住，三代人拥挤在旧区小户型老房中,老小区隔音差，邻里滋扰严重，且车位严重匮乏，每晚加班回来抢车位像打仗。,要求有超大面宽南向双阳台（观景家政分离），主卧大飘窗能270度直面自然景观。,无需日常通勤，但要求30分钟内快捷通达凤凰机场或高铁站。,崇尚度假慢生活，清晨沙滩漫步，午后椰林下午茶，酷爱轻户外及后海冲浪。,名下持有一套旧两居，置换回款 65% + 个人理财储蓄补充 + 公积金商业贷,重性价比，不盲信大牌，但要求物业管理有序、绿化修剪及时、人防技防规范。,每年11月至次年3月到此度过漫长冬季，极其依赖周边的康养及适老化服务。
三_2011_02080,三亚,2011,外地候鸟-华北,69,男,3.0,29.4,0.5,44.1,2,0,否,B,network,0.58,0.54,0.98,0.71,0.58,0.59,0.18,0,0.56,养老,两室两厅,83,4152,高校资深硕导,高知退休康养,三亚中环品质两居，车位及空间极其拥挤,老小区隔音差，邻里滋扰严重，且车位严重匮乏，每晚加班回来抢车位像打仗。,要求独立电梯入户，主次卧动线分明，配备独立保姆房和私密后院。,无需日常通勤，但要求30分钟内快捷通达凤凰机场或高铁站。,崇尚度假慢生活，清晨沙滩漫步，午后椰林下午茶，酷爱轻户外及后海冲浪。,名下持有一套旧两居，置换回款 65% + 个人理财储蓄补充 + 公积金商业贷,重性价比，不盲信大牌，但要求物业管理有序、绿化修剪及时、人防技防规范。,每年11月至次年3月到此度过漫长冬季，极其依赖周边的康养及适老化服务。
三_2011_02081,三亚,2011,本地改善,32,男,3.7,20.2,0.35,43.2,5,1,是,B,agent,0.86,0.52,0.65,0.51,0.37,0.8,0.49,0.85,0.54,自住-改善,两室两厅,59,5231,三甲医院主治医师,三口之家(幼龄段),三亚中环品质两居，车位及空间极其拥挤,小区无地下车库且人车不分流，小孩在楼下玩耍或者推婴儿车极为不安全。,讲究超高得房率（超85%），主卧套房必须配备独立步入式衣帽间与干湿分离双卫。,无需日常通勤，但要求30分钟内快捷通达凤凰机场或高铁站。,崇尚度假慢生活，清晨沙滩漫步，午后椰林下午茶，酷爱轻户外及后海冲浪。,名下持有一套旧两居，置换回款 65% + 个人理财储蓄补充 + 公积金商业贷,重性价比，不盲信大牌，但要求物业管理有序、绿化修剪及时、人防技防规范。,本地常住人口，四季生活规律，度假频次为常规年假出行。
三_2011_02082,三亚,2011,外地候鸟-东北,60,女,1.7,13.7,0.5,20.6,2,0,否,C,network,0.37,0.67,0.93,0.78,0.54,0.44,0,0,0.45,养老,一室一厅,58,2856,沈阳大型重工企业退休副厂长,高知退休康养,与父母同住，三代人拥挤在旧区小户型老房中,老小区隔音差，邻里滋扰严重，且车位严重匮乏，每晚加班回来抢车位像打仗。,要求独立电梯入户，主次卧动线分明，配备独立保姆房和私密后院。,无需日常通勤，但要求30分钟内快捷通达凤凰机场或高铁站。,崇尚度假慢生活，清晨沙滩漫步，午后椰林下午茶，酷爱轻户外及后海冲浪。,名下持有一套旧两居，置换回款 65% + 个人理财储蓄补充 + 公积金商业贷,重性价比，不盲信大牌，但要求物业管理有序、绿化修剪及时、人防技防规范。,每年11月至次年3月到此度过漫长冬季，极其依赖周边的康养及适老化服务。
三_2011_02083,三亚,2011,度假投资,38,女,6.4,72.8,0.4,136.6,3,1,是,A,research,1,0.34,0.71,0.51,0.49,0.3,0,0,0.77,度假,两室一厅,71,9800,高端海景资产收藏家,三口之家(学龄段),西湖边高精平层,当前房屋属于旧多层无电梯房，父母年纪渐高每天爬楼梯极为吃力。,要求有超大面宽南向双阳台（观景家政分离），主卧大飘窗能270度直面自然景观。,无需日常通勤，但要求30分钟内快捷通达凤凰机场或高铁站。,周末常去高端商圈消费，热衷打网球和马术，重度手冲咖啡及黑胶唱片发烧友。,名下已有企业股权套现或分红现金，一次性全款付清，基本不加杠杆,非仁恒、绿城、万科等金牌开发商不买，极度看重高端精装质量与顶级物业的增值口碑。,每年11月至次年3月到此度过漫长冬季，极其依赖周边的康养及适老化服务。
三_2011_02084,三亚,2011,本地改善,48,男,1.3,7.0,0.35,15.0,3,2,否,B,agent,0.74,0.54,0.72,0.36,0.49,0.81,0.45,0.67,0.31,自住-改善,两室一厅,78,1389,重点中学高级教师,二胎黄金期中大户型,三亚中环品质两居，车位及空间极其拥挤,小区无地下车库且人车不分流，小孩在楼下玩耍或者推婴儿车极为不安全。,要求有超大面宽南向双阳台（观景家政分离），主卧大飘窗能270度直面自然景观。,无需日常通勤，但要求30分钟内快捷通达凤凰机场或高铁站。,崇尚度假慢生活，清晨沙滩漫步，午后椰林下午茶，酷爱轻户外及后海冲浪。,名下持有一套旧两居，置换回款 65% + 个人理财储蓄补充 + 公积金商业贷,重性价比，不盲信大牌，但要求物业管理有序、绿化修剪及时、人防技防规范。,本地常住人口，四季生活规律，度假频次为常规年假出行。
三_2011_02085,三亚,2011,本地改善,44,女,2.7,13.0,0.35,27.8,5,1,否,B,agent,0.73,0.49,0.72,0.51,0.32,0.85,0.61,0.64,0.52,自住-改善,两室两厅,89,2081,智能新能源车企研发骨干,三口之家(学龄段),三亚中环品质两居，车位及空间极其拥挤,小区无地下车库且人车不分流，小孩在楼下玩耍或者推婴儿车极为不安全。,要求有超大面宽南向双阳台（观景家政分离），主卧大飘窗能270度直面自然景观。,无需日常通勤，但要求30分钟内快捷通达凤凰机场或高铁站。,崇尚度假慢生活，清晨沙滩漫步，午后椰林下午茶，酷爱轻户外及后海冲浪。,名下持有一套旧两居，置换回款 65% + 个人理财储蓄补充 + 公积金商业贷,重性价比，不盲信大牌，但要求物业管理有序、绿化修剪及时、人防技防规范。,本地常住人口，四季生活规律，度假频次为常规年假出行。
三_2011_02086,三亚,2011,外地候鸟-东北,60,男,1.7,14.1,0.5,21.1,2,0,否,C,network,0.45,0.64,0.95,0.67,0.41,0.34,0.09,0,0.48,养老,两室两厅,53,2395,沈阳大型重工企业退休副厂长,高知退休康养,与父母同住，三代人拥挤在旧区小户型老房中,老小区隔音差，邻里滋扰严重，且车位严重匮乏，每晚加班回来抢车位像打仗。,要求有超大面宽南向双阳台（观景家政分离），主卧大飘窗能270度直面自然景观。,无需日常通勤，但要求30分钟内快捷通达凤凰机场或高铁站。,崇尚度假慢生活，清晨沙滩漫步，午后椰林下午茶，酷爱轻户外及后海冲浪。,名下持有一套旧两居，置换回款 65% + 个人理财储蓄补充 + 公积金商业贷,重性价比，不盲信大牌，但要求物业管理有序、绿化修剪及时、人防技防规范。,每年11月至次年3月到此度过漫长冬季，极其依赖周边的康养及适老化服务。
三_2011_02087,三亚,2011,外地候鸟-西北,59,男,6.3,52.1,0.5,78.1,2,0,否,C,network,0.27,0.68,0.95,0.68,0.55,0.55,0.08,0,0.57,养老,两室一厅,65,10650,兰州煤炭物流运输企业主,高知退休康养,与父母同住，三代人拥挤在旧区小户型老房中,老小区隔音差，邻里滋扰严重，且车位严重匮乏，每晚加班回来抢车位像打仗。,要求有超大面宽南向双阳台（观景家政分离），主卧大飘窗能270度直面自然景观。,无需日常通勤，但要求30分钟内快捷通达凤凰机场或高铁站。,崇尚度假慢生活，清晨沙滩漫步，午后椰林下午茶，酷爱轻户外及后海冲浪。,名下持有一套旧两居，置换回款 65% + 个人理财储蓄补充 + 公积金商业贷,重性价比，不盲信大牌，但要求物业管理有序、绿化修剪及时、人防技防规范。,每年11月至次年3月到此度过漫长冬季，极其依赖周边的康养及适老化服务。
三_2011_02088,三亚,2011,外地候鸟-东北,69,女,3.6,29.5,0.5,44.2,3,0,否,C,network,0.24,0.56,0.94,0.63,0.44,0.48,0,0.03,0.57,度假,两室两厅,61,5888,沈阳大型重工企业退休副厂长,高知退休康养,与父母同住，三代人拥挤在旧区小户型老房中,老小区隔音差，邻里滋扰严重，且车位严重匮乏，每晚加班回来抢车位像打仗。,要求有超大面宽南向双阳台（观景家政分离），主卧大飘窗能270度直面自然景观。,无需日常通勤，但要求30分钟内快捷通达凤凰机场或高铁站。,崇尚度假慢生活，清晨沙滩漫步，午后椰林下午茶，酷爱轻户外及后海冲浪。,名下持有一套旧两居，置换回款 65% + 个人理财储蓄补充 + 公积金商业贷,重性价比，不盲信大牌，但要求物业管理有序、绿化修剪及时、人防技防规范。,每年11月至次年3月到此度过漫长冬季，极其依赖周边的康养及适老化服务。
三_2011_02089,三亚,2011,度假投资,37,男,13.2,93.3,0.4,174.9,3,1,是,A,research,0.85,0.3,0.94,0.54,0.58,0.42,0,0.08,0.69,度假,三室两厅,116,7943,知名中医药连锁投资人,三口之家(幼龄段),陆家嘴核心区江景大平层,当前房屋属于旧多层无电梯房，父母年纪渐高每天爬楼梯极为吃力。,要求有超大面宽南向双阳台（观景家政分离），主卧大飘窗能270度直面自然景观。,无需日常通勤，但要求30分钟内快捷通达凤凰机场或高铁站。,周末常去高端商圈消费，热衷打网球和马术，重度手冲咖啡及黑胶唱片发烧友。,名下已有企业股权套现或分红现金，一次性全款付清，基本不加杠杆,重性价比，不盲信大牌，但要求物业管理有序、绿化修剪及时、人防技防规范。,每年11月至次年3月到此度过漫长冬季，极其依赖周边的康养及适老化服务。
三_2011_02090,三亚,2011,度假投资,42,女,10.1,72.0,0.4,134.9,3,1,否,A,research,0.82,0.56,0.69,0.69,0.36,0.49,0,0.04,0.79,投资-长持,一室一厅,79,9928,高端海景资产收藏家,三口之家(学龄段),市中心私密洋房住宅,无高端私密会所及管家式物业配套，圈层鱼龙混杂，高净值居住体验差。,要求采光通透，全明户型，带多功能嵌入式收纳墙以最大化空间利用。,无需日常通勤，但要求30分钟内快捷通达凤凰机场或高铁站。,周末常去高端商圈消费，热衷打网球和马术，重度手冲咖啡及黑胶唱片发烧友。,名下已有企业股权套现或分红现金，一次性全款付清，基本不加杠杆,非仁恒、绿城、万科等金牌开发商不买，极度看重高端精装质量与顶级物业的增值口碑。,每年11月至次年3月到此度过漫长冬季，极其依赖周边的康养及适老化服务。
三_2011_02091,三亚,2011,本地改善,50,男,1.7,10.9,0.35,23.3,3,1,否,B,agent,0.89,0.55,0.65,0.48,0.33,0.59,0.46,0.68,0.29,自住-改善,两室一厅,72,1804,区级税务局一级主办,三口之家(学龄段),三亚中环品质两居，车位及空间极其拥挤,小区无地下车库且人车不分流，小孩在楼下玩耍或者推婴儿车极为不安全。,要求采光通透，全明户型，带多功能嵌入式收纳墙以最大化空间利用。,无需日常通勤，但要求30分钟内快捷通达凤凰机场或高铁站。,崇尚度假慢生活，清晨沙滩漫步，午后椰林下午茶，酷爱轻户外及后海冲浪。,名下持有一套旧两居，置换回款 65% + 个人理财储蓄补充 + 公积金商业贷,重性价比，不盲信大牌，但要求物业管理有序、绿化修剪及时、人防技防规范。,本地常住人口，四季生活规律，度假频次为常规年假出行。
三_2011_02092,三亚,2011,本地改善,38,女,2.8,14.7,0.35,31.6,3,0,是,B,agent,0.78,0.56,0.59,0.4,0.45,0.85,0.5,0.71,0.57,自住-改善,两室一厅,79,2627,重点中学高级教师,成熟期核心家庭,三亚中环品质两居，车位及空间极其拥挤,当前房屋属于旧多层无电梯房，父母年纪渐高每天爬楼梯极为吃力。,讲究超高得房率（超85%），主卧套房必须配备独立步入式衣帽间与干湿分离双卫。,无需日常通勤，但要求30分钟内快捷通达凤凰机场或高铁站。,崇尚度假慢生活，清晨沙滩漫步，午后椰林下午茶，酷爱轻户外及后海冲浪。,名下持有一套旧两居，置换回款 65% + 个人理财储蓄补充 + 公积金商业贷,重性价比，不盲信大牌，但要求物业管理有序、绿化修剪及时、人防技防规范。,本地常住人口，四季生活规律，度假频次为常规年假出行。
三_2011_02093,三亚,2011,外地候鸟-华北,70,男,2.2,17.6,0.5,26.4,2,1,否,B,network,0.44,0.6,0.87,0.68,0.52,0.54,0,0,0.63,养老,一室一厅,55,3160,高校资深硕导,三口之家(学龄段),三亚中环品质两居，车位及空间极其拥挤,小区无地下车库且人车不分流，小孩在楼下玩耍或者推婴儿车极为不安全。,要求有超大面宽南向双阳台（观景家政分离），主卧大飘窗能270度直面自然景观。,无需日常通勤，但要求30分钟内快捷通达凤凰机场或高铁站。,崇尚度假慢生活，清晨沙滩漫步，午后椰林下午茶，酷爱轻户外及后海冲浪。,名下持有一套旧两居，置换回款 65% + 个人理财储蓄补充 + 公积金商业贷,重性价比，不盲信大牌，但要求物业管理有序、绿化修剪及时、人防技防规范。,每年11月至次年3月到此度过漫长冬季，极其依赖周边的康养及适老化服务。
三_2011_02094,三亚,2011,本地改善,38,女,2.0,9.8,0.35,21.1,4,1,是,B,agent,0.71,0.44,0.65,0.4,0.37,0.69,0.43,0.78,0.44,自住-改善,一室一厅,70,2446,智能新能源车企研发骨干,三口之家(学龄段),三亚中环品质两居，车位及空间极其拥挤,小区无地下车库且人车不分流，小孩在楼下玩耍或者推婴儿车极为不安全。,核心要求地块属于第一梯队名校学区，且周边500米内解决幼小衔接教育配套。,无需日常通勤，但要求30分钟内快捷通达凤凰机场或高铁站。,崇尚度假慢生活，清晨沙滩漫步，午后椰林下午茶，酷爱轻户外及后海冲浪。,名下持有一套旧两居，置换回款 65% + 个人理财储蓄补充 + 公积金商业贷,重性价比，不盲信大牌，但要求物业管理有序、绿化修剪及时、人防技防规范。,本地常住人口，四季生活规律，度假频次为常规年假出行。
三_2011_02095,三亚,2011,外地候鸟-东北,58,女,5.8,51.8,0.5,77.7,2,1,否,C,network,0.28,0.63,1,0.61,0.48,0.55,0.07,0,0.58,度假,两室两厅,89,7148,哈尔滨高校退休处长,三口之家(学龄段),与父母同住，三代人拥挤在旧区小户型老房中,小区无地下车库且人车不分流，小孩在楼下玩耍或者推婴儿车极为不安全。,要求有超大面宽南向双阳台（观景家政分离），主卧大飘窗能270度直面自然景观。,无需日常通勤，但要求30分钟内快捷通达凤凰机场或高铁站。,崇尚度假慢生活，清晨沙滩漫步，午后椰林下午茶，酷爱轻户外及后海冲浪。,名下持有一套旧两居，置换回款 65% + 个人理财储蓄补充 + 公积金商业贷,重性价比，不盲信大牌，但要求物业管理有序、绿化修剪及时、人防技防规范。,每年11月至次年3月到此度过漫长冬季，极其依赖周边的康养及适老化服务。
三_2011_02096,三亚,2011,外地候鸟-华北,72,女,4.6,44.2,0.5,66.2,2,0,否,B,network,0.57,0.69,0.92,0.63,0.47,0.47,0.02,0.01,0.48,养老,两室两厅,92,6066,央企总部退休总工,高知退休康养,三亚中环品质两居，车位及空间极其拥挤,老小区隔音差，邻里滋扰严重，且车位严重匮乏，每晚加班回来抢车位像打仗。,要求有超大面宽南向双阳台（观景家政分离），主卧大飘窗能270度直面自然景观。,无需日常通勤，但要求30分钟内快捷通达凤凰机场或高铁站。,崇尚度假慢生活，清晨沙滩漫步，午后椰林下午茶，酷爱轻户外及后海冲浪。,名下持有一套旧两居，置换回款 65% + 个人理财储蓄补充 + 公积金商业贷,重性价比，不盲信大牌，但要求物业管理有序、绿化修剪及时、人防技防规范。,每年11月至次年3月到此度过漫长冬季，极其依赖周边的康养及适老化服务。
三_2011_02097,三亚,2011,本地改善,42,男,3.8,19.1,0.35,41.0,4,0,是,B,agent,0.63,0.55,0.59,0.46,0.27,0.66,0.47,0.64,0.46,自住-改善,两室一厅,58,4750,智能新能源车企研发骨干,成熟期核心家庭,三亚中环品质两居，车位及空间极其拥挤,当前房屋属于旧多层无电梯房，父母年纪渐高每天爬楼梯极为吃力。,要求采光通透，全明户型，带多功能嵌入式收纳墙以最大化空间利用。,无需日常通勤，但要求30分钟内快捷通达凤凰机场或高铁站。,崇尚度假慢生活，清晨沙滩漫步，午后椰林下午茶，酷爱轻户外及后海冲浪。,名下持有一套旧两居，置换回款 65% + 个人理财储蓄补充 + 公积金商业贷,重性价比，不盲信大牌，但要求物业管理有序、绿化修剪及时、人防技防规范。,本地常住人口，四季生活规律，度假频次为常规年假出行。
三_2011_02098,三亚,2011,外地候鸟-华北,70,女,4.3,27.0,0.5,40.5,1,0,否,B,network,0.72,0.51,1,0.64,0.7,0.54,0,0.09,0.51,度假,一室一厅,63,5010,北京三甲医院退休教授,高知退休康养,三亚中环品质两居，车位及空间极其拥挤,老小区隔音差，邻里滋扰严重，且车位严重匮乏，每晚加班回来抢车位像打仗。,要求有超大面宽南向双阳台（观景家政分离），主卧大飘窗能270度直面自然景观。,无需日常通勤，但要求30分钟内快捷通达凤凰机场或高铁站。,崇尚度假慢生活，清晨沙滩漫步，午后椰林下午茶，酷爱轻户外及后海冲浪。,名下持有一套旧两居，置换回款 65% + 个人理财储蓄补充 + 公积金商业贷,重性价比，不盲信大牌，但要求物业管理有序、绿化修剪及时、人防技防规范。,每年11月至次年3月到此度过漫长冬季，极其依赖周边的康养及适老化服务。
三_2011_02099,三亚,2011,度假投资,44,女,10.7,114.2,0.4,214.2,3,2,否,A,research,0.92,0.43,0.77,0.73,0.49,0.47,0.04,0.04,0.66,投资-短期,两室两厅,111,11420,知名中医药连锁投资人,二胎黄金期中大户型,西湖边高精平层,无高端私密会所及管家式物业配套，圈层鱼龙混杂，高净值居住体验差。,要求独立电梯入户，主次卧动线分明，配备独立保姆房和私密后院。,无需日常通勤，但要求30分钟内快捷通达凤凰机场或高铁站。,周末常去高端商圈消费，热衷打网球和马术，重度手冲咖啡及黑胶唱片发烧友。,名下已有企业股权套现或分红现金，一次性全款付清，基本不加杠杆,重性价比，不盲信大牌，但要求物业管理有序、绿化修剪及时、人防技防规范。,每年11月至次年3月到此度过漫长冬季，极其依赖周边的康养及适老化服务。
三_2011_02100,三亚,2011,外地候鸟-华北,62,男,4.2,42.3,0.5,63.4,3,0,否,B,network,0.35,0.59,0.96,0.7,0.55,0.46,0,0,0.55,养老,一室一厅,79,6796,央企总部退休总工,高知退休康养,三亚中环品质两居，车位及空间极其拥挤,老小区隔音差，邻里滋扰严重，且车位严重匮乏，每晚加班回来抢车位像打仗。,要求独立电梯入户，主次卧动线分明，配备独立保姆房和私密后院。,无需日常通勤，但要求30分钟内快捷通达凤凰机场或高铁站。,崇尚度假慢生活，清晨沙滩漫步，午后椰林下午茶，酷爱轻户外及后海冲浪。,名下持有一套旧两居，置换回款 65% + 个人理财储蓄补充 + 公积金商业贷,重性价比，不盲信大牌，但要求物业管理有序、绿化修剪及时、人防技防规范。,每年11月至次年3月到此度过漫长冬季，极其依赖周边的康养及适老化服务。
三_2011_02101,三亚,2011,本地改善,44,男,3.0,22.5,0.35,48.1,3,1,是,B,agent,0.97,0.47,0.67,0.55,0.42,0.7,0.56,0.75,0.62,自住-改善,两室两厅,65,5551,重点中学高级教师,三口之家(学龄段),三亚中环品质两居，车位及空间极其拥挤,小区无地下车库且人车不分流，小孩在楼下玩耍或者推婴儿车极为不安全。,讲究超高得房率（超85%），主卧套房必须配备独立步入式衣帽间与干湿分离双卫。,无需日常通勤，但要求30分钟内快捷通达凤凰机场或高铁站。,崇尚度假慢生活，清晨沙滩漫步，午后椰林下午茶，酷爱轻户外及后海冲浪。,名下持有一套旧两居，置换回款 65% + 个人理财储蓄补充 + 公积金商业贷,重性价比，不盲信大牌，但要求物业管理有序、绿化修剪及时、人防技防规范。,本地常住人口，四季生活规律，度假频次为常规年假出行。
三_2011_02102,三亚,2011,本地改善,45,男,2.1,15.5,0.35,33.2,3,1,是,B,agent,0.75,0.67,0.69,0.44,0.39,0.71,0.41,0.74,0.44,自住-改善,两室一厅,50,5964,区级税务局一级主办,三口之家(学龄段),三亚中环品质两居，车位及空间极其拥挤,小区无地下车库且人车不分流，小孩在楼下玩耍或者推婴儿车极为不安全。,讲究超高得房率（超85%），主卧套房必须配备独立步入式衣帽间与干湿分离双卫。,无需日常通勤，但要求30分钟内快捷通达凤凰机场或高铁站。,崇尚度假慢生活，清晨沙滩漫步，午后椰林下午茶，酷爱轻户外及后海冲浪。,名下持有一套旧两居，置换回款 65% + 个人理财储蓄补充 + 公积金商业贷,重性价比，不盲信大牌，但要求物业管理有序、绿化修剪及时、人防技防规范。,本地常住人口，四季生活规律，度假频次为常规年假出行。
三_2011_02103,三亚,2011,本地改善,35,男,4.2,31.3,0.35,67.1,4,1,否,B,agent,0.74,0.58,0.49,0.5,0.32,0.8,0.4,0.88,0.32,自住-改善,一室一厅,66,8153,三甲医院主治医师,三口之家(幼龄段),三亚中环品质两居，车位及空间极其拥挤,小区无地下车库且人车不分流，小孩在楼下玩耍或者推婴儿车极为不安全。,讲究超高得房率（超85%），主卧套房必须配备独立步入式衣帽间与干湿分离双卫。,无需日常通勤，但要求30分钟内快捷通达凤凰机场或高铁站。,崇尚度假慢生活，清晨沙滩漫步，午后椰林下午茶，酷爱轻户外及后海冲浪。,名下持有一套旧两居，置换回款 65% + 个人理财储蓄补充 + 公积金商业贷,重性价比，不盲信大牌，但要求物业管理有序、绿化修剪及时、人防技防规范。,本地常住人口，四季生活规律，度假频次为常规年假出行。
三_2011_02104,三亚,2011,本地改善,40,女,2.8,17.9,0.35,38.4,4,0,否,B,agent,0.77,0.51,0.63,0.48,0.39,0.76,0.62,0.65,0.5,自住-改善,一室一厅,58,4696,区级税务局一级主办,成熟期核心家庭,三亚中环品质两居，车位及空间极其拥挤,老小区隔音差，邻里滋扰严重，且车位严重匮乏，每晚加班回来抢车位像打仗。,讲究超高得房率（超85%），主卧套房必须配备独立步入式衣帽间与干湿分离双卫。,无需日常通勤，但要求30分钟内快捷通达凤凰机场或高铁站。,崇尚度假慢生活，清晨沙滩漫步，午后椰林下午茶，酷爱轻户外及后海冲浪。,名下持有一套旧两居，置换回款 65% + 个人理财储蓄补充 + 公积金商业贷,重性价比，不盲信大牌，但要求物业管理有序、绿化修剪及时、人防技防规范。,本地常住人口，四季生活规律，度假频次为常规年假出行。
三_2011_02105,三亚,2011,外地候鸟-西北,63,男,2.9,20.3,0.5,30.5,1,0,否,C,network,0.39,0.59,1.0,0.64,0.48,0.43,0.05,0.01,0.48,养老,两室两厅,73,3527,兰州煤炭物流运输企业主,高知退休康养,与父母同住，三代人拥挤在旧区小户型老房中,老小区隔音差，邻里滋扰严重，且车位严重匮乏，每晚加班回来抢车位像打仗。,要求有超大面宽南向双阳台（观景家政分离），主卧大飘窗能270度直面自然景观。,无需日常通勤，但要求30分钟内快捷通达凤凰机场或高铁站。,崇尚度假慢生活，清晨沙滩漫步，午后椰林下午茶，酷爱轻户外及后海冲浪。,名下持有一套旧两居，置换回款 65% + 个人理财储蓄补充 + 公积金商业贷,重性价比，不盲信大牌，但要求物业管理有序、绿化修剪及时、人防技防规范。,每年11月至次年3月到此度过漫长冬季，极其依赖周边的康养及适老化服务。
三_2011_02106,三亚,2011,度假投资,38,男,4.3,48.8,0.4,91.6,2,1,是,A,research,0.7,0.37,0.83,0.5,0.58,0.61,0,0,0.67,度假,一室一厅,86,7530,高端海景资产收藏家,三口之家(学龄段),市中心私密洋房住宅,当前房屋属于旧多层无电梯房，父母年纪渐高每天爬楼梯极为吃力。,要求有超大面宽南向双阳台（观景家政分离），主卧大飘窗能270度直面自然景观。,无需日常通勤，但要求30分钟内快捷通达凤凰机场或高铁站。,周末常去高端商圈消费，热衷打网球和马术，重度手冲咖啡及黑胶唱片发烧友。,名下已有企业股权套现或分红现金，一次性全款付清，基本不加杠杆,重性价比，不盲信大牌，但要求物业管理有序、绿化修剪及时、人防技防规范。,每年11月至次年3月到此度过漫长冬季，极其依赖周边的康养及适老化服务。
三_2011_02107,三亚,2011,高净值康养,50,女,13.1,200.3,0.6,250.3,2,0,否,A,network,0.6,0.46,0.85,0.92,0.87,0.61,0,0,0.69,度假,三室两厅,128,12595,上市公司退休联合创始人,成熟期核心家庭,陆家嘴核心区江景大平层,无高端私密会所及管家式物业配套，圈层鱼龙混杂，高净值居住体验差。,要求独立电梯入户，主次卧动线分明，配备独立保姆房和私密后院。,无需日常通勤，但要求30分钟内快捷通达凤凰机场或高铁站。,周末常去高端商圈消费，热衷打网球和马术，重度手冲咖啡及黑胶唱片发烧友。,名下已有企业股权套现或分红现金，一次性全款付清，基本不加杠杆,重性价比，不盲信大牌，但要求物业管理有序、绿化修剪及时、人防技防规范。,本地常住人口，四季生活规律，度假频次为常规年假出行。
三_2011_02108,三亚,2011,本地改善,35,男,3.3,15.4,0.35,32.9,3,1,是,B,agent,0.93,0.51,0.66,0.41,0.42,0.72,0.46,0.81,0.39,自住-改善,两室一厅,96,2563,国企中层管理,三口之家(幼龄段),三亚中环品质两居，车位及空间极其拥挤,小区无地下车库且人车不分流，小孩在楼下玩耍或者推婴儿车极为不安全。,讲究超高得房率（超85%），主卧套房必须配备独立步入式衣帽间与干湿分离双卫。,无需日常通勤，但要求30分钟内快捷通达凤凰机场或高铁站。,崇尚度假慢生活，清晨沙滩漫步，午后椰林下午茶，酷爱轻户外及后海冲浪。,名下持有一套旧两居，置换回款 65% + 个人理财储蓄补充 + 公积金商业贷,重性价比，不盲信大牌，但要求物业管理有序、绿化修剪及时、人防技防规范。,本地常住人口，四季生活规律，度假频次为常规年假出行。
三_2011_02109,三亚,2011,外地候鸟-华北,73,男,4.6,39.2,0.5,58.8,1,0,否,B,network,0.32,0.38,0.91,0.81,0.66,0.63,0.03,0.03,0.63,养老,一室一厅,88,4499,北京三甲医院退休教授,高知退休康养,三亚中环品质两居，车位及空间极其拥挤,老小区隔音差，邻里滋扰严重，且车位严重匮乏，每晚加班回来抢车位像打仗。,要求独立电梯入户，主次卧动线分明，配备独立保姆房和私密后院。,无需日常通勤，但要求30分钟内快捷通达凤凰机场或高铁站。,崇尚度假慢生活，清晨沙滩漫步，午后椰林下午茶，酷爱轻户外及后海冲浪。,名下持有一套旧两居，置换回款 65% + 个人理财储蓄补充 + 公积金商业贷,重性价比，不盲信大牌，但要求物业管理有序、绿化修剪及时、人防技防规范。,每年11月至次年3月到此度过漫长冬季，极其依赖周边的康养及适老化服务。
三_2011_02110,三亚,2011,度假投资,39,男,6.7,52.9,0.4,99.2,3,2,否,A,research,1,0.46,0.85,0.46,0.6,0.26,0.06,0,0.77,度假,两室两厅,100,8052,上市公司退休联合创始人,二胎黄金期中大户型,西湖边高精平层,无高端私密会所及管家式物业配套，圈层鱼龙混杂，高净值居住体验差。,要求有超大面宽南向双阳台（观景家政分离），主卧大飘窗能270度直面自然景观。,无需日常通勤，但要求30分钟内快捷通达凤凰机场或高铁站。,周末常去高端商圈消费，热衷打网球和马术，重度手冲咖啡及黑胶唱片发烧友。,名下已有企业股权套现或分红现金，一次性全款付清，基本不加杠杆,非仁恒、绿城、万科等金牌开发商不买，极度看重高端精装质量与顶级物业的增值口碑。,每年11月至次年3月到此度过漫长冬季，极其依赖周边的康养及适老化服务。
三_2011_02111,三亚,2011,度假投资,39,男,10.7,107.1,0.4,200.9,3,1,是,A,research,0.94,0.42,0.9,0.6,0.69,0.48,0,0.13,0.74,度假,三室两厅,102,16285,知名中医药连锁投资人,三口之家(学龄段),西湖边高精平层,当前房屋属于旧多层无电梯房，父母年纪渐高每天爬楼梯极为吃力。,要求有超大面宽南向双阳台（观景家政分离），主卧大飘窗能270度直面自然景观。,无需日常通勤，但要求30分钟内快捷通达凤凰机场或高铁站。,周末常去高端商圈消费，热衷打网球和马术，重度手冲咖啡及黑胶唱片发烧友。,名下已有企业股权套现或分红现金，一次性全款付清，基本不加杠杆,非仁恒、绿城、万科等金牌开发商不买，极度看重高端精装质量与顶级物业的增值口碑。,每年11月至次年3月到此度过漫长冬季，极其依赖周边的康养及适老化服务。
三_2011_02112,三亚,2011,本地改善,47,男,2.4,14.9,0.35,32.0,5,1,是,B,agent,0.73,0.55,0.47,0.39,0.39,0.75,0.69,0.76,0.46,自住-改善,两室两厅,90,2127,区级税务局一级主办,三口之家(学龄段),三亚中环品质两居，车位及空间极其拥挤,小区无地下车库且人车不分流，小孩在楼下玩耍或者推婴儿车极为不安全。,讲究超高得房率（超85%），主卧套房必须配备独立步入式衣帽间与干湿分离双卫。,无需日常通勤，但要求30分钟内快捷通达凤凰机场或高铁站。,崇尚度假慢生活，清晨沙滩漫步，午后椰林下午茶，酷爱轻户外及后海冲浪。,名下持有一套旧两居，置换回款 65% + 个人理财储蓄补充 + 公积金商业贷,重性价比，不盲信大牌，但要求物业管理有序、绿化修剪及时、人防技防规范。,本地常住人口，四季生活规律，度假频次为常规年假出行。
三_2011_02113,三亚,2011,外地候鸟-西北,68,女,4.9,51.3,0.5,77.0,2,0,否,C,network,0.33,0.56,0.9,0.67,0.58,0.52,0.07,0,0.45,度假,两室两厅,91,5527,西安设计院退休总建筑师,高知退休康养,与父母同住，三代人拥挤在旧区小户型老房中,老小区隔音差，邻里滋扰严重，且车位严重匮乏，每晚加班回来抢车位像打仗。,要求有超大面宽南向双阳台（观景家政分离），主卧大飘窗能270度直面自然景观。,无需日常通勤，但要求30分钟内快捷通达凤凰机场或高铁站。,崇尚度假慢生活，清晨沙滩漫步，午后椰林下午茶，酷爱轻户外及后海冲浪。,名下持有一套旧两居，置换回款 65% + 个人理财储蓄补充 + 公积金商业贷,重性价比，不盲信大牌，但要求物业管理有序、绿化修剪及时、人防技防规范。,每年11月至次年3月到此度过漫长冬季，极其依赖周边的康养及适老化服务。
三_2011_02114,三亚,2011,外地候鸟-华北,75,男,5.9,48.0,0.5,72.0,2,0,否,B,network,0.54,0.69,1,0.89,0.6,0.4,0.05,0,0.5,度假,一室一厅,98,5533,北京三甲医院退休教授,高知退休康养,三亚中环品质两居，车位及空间极其拥挤,老小区隔音差，邻里滋扰严重，且车位严重匮乏，每晚加班回来抢车位像打仗。,要求独立电梯入户，主次卧动线分明，配备独立保姆房和私密后院。,无需日常通勤，但要求30分钟内快捷通达凤凰机场或高铁站。,崇尚度假慢生活，清晨沙滩漫步，午后椰林下午茶，酷爱轻户外及后海冲浪。,名下持有一套旧两居，置换回款 65% + 个人理财储蓄补充 + 公积金商业贷,重性价比，不盲信大牌，但要求物业管理有序、绿化修剪及时、人防技防规范。,每年11月至次年3月到此度过漫长冬季，极其依赖周边的康养及适老化服务。
三_2011_02115,三亚,2011,外地候鸟-华北,74,女,4.6,46.8,0.5,70.1,3,0,否,B,network,0.57,0.54,1,0.53,0.68,0.42,0.03,0.15,0.49,度假,两室一厅,52,11976,央企总部退休总工,高知退休康养,三亚中环品质两居，车位及空间极其拥挤,老小区隔音差，邻里滋扰严重，且车位严重匮乏，每晚加班回来抢车位像打仗。,要求有超大面宽南向双阳台（观景家政分离），主卧大飘窗能270度直面自然景观。,无需日常通勤，但要求30分钟内快捷通达凤凰机场或高铁站。,崇尚度假慢生活，清晨沙滩漫步，午后椰林下午茶，酷爱轻户外及后海冲浪。,名下持有一套旧两居，置换回款 65% + 个人理财储蓄补充 + 公积金商业贷,重性价比，不盲信大牌，但要求物业管理有序、绿化修剪及时、人防技防规范。,每年11月至次年3月到此度过漫长冬季，极其依赖周边的康养及适老化服务。
三_2011_02116,三亚,2011,度假投资,48,男,5.9,63.7,0.4,119.3,2,0,否,A,research,0.89,0.4,0.81,0.56,0.51,0.45,0.03,0.02,0.96,投资-长持,一室一厅,96,8816,上市公司退休联合创始人,成熟期核心家庭,市中心私密洋房住宅,无高端私密会所及管家式物业配套，圈层鱼龙混杂，高净值居住体验差。,要求有超大面宽南向双阳台（观景家政分离），主卧大飘窗能270度直面自然景观。,无需日常通勤，但要求30分钟内快捷通达凤凰机场或高铁站。,周末常去高端商圈消费，热衷打网球和马术，重度手冲咖啡及黑胶唱片发烧友。,名下已有企业股权套现或分红现金，一次性全款付清，基本不加杠杆,非仁恒、绿城、万科等金牌开发商不买，极度看重高端精装质量与顶级物业的增值口碑。,每年11月至次年3月到此度过漫长冬季，极其依赖周边的康养及适老化服务。
三_2011_02117,三亚,2011,本地改善,36,男,2.6,11.1,0.35,23.9,4,1,是,B,agent,0.56,0.61,0.66,0.38,0.3,0.7,0.53,0.83,0.62,自住-改善,两室两厅,59,2250,智能新能源车企研发骨干,三口之家(幼龄段),三亚中环品质两居，车位及空间极其拥挤,小区无地下车库且人车不分流，小孩在楼下玩耍或者推婴儿车极为不安全。,讲究超高得房率（超85%），主卧套房必须配备独立步入式衣帽间与干湿分离双卫。,无需日常通勤，但要求30分钟内快捷通达凤凰机场或高铁站。,崇尚度假慢生活，清晨沙滩漫步，午后椰林下午茶，酷爱轻户外及后海冲浪。,名下持有一套旧两居，置换回款 65% + 个人理财储蓄补充 + 公积金商业贷,重性价比，不盲信大牌，但要求物业管理有序、绿化修剪及时、人防技防规范。,本地常住人口，四季生活规律，度假频次为常规年假出行。
三_2011_02118,三亚,2011,外地候鸟-东北,62,女,2.9,15.2,0.5,22.8,3,0,否,C,network,0.34,0.6,0.78,0.7,0.53,0.59,0.05,0.02,0.55,养老,一室一厅,64,2468,哈尔滨私营物流老板,高知退休康养,与父母同住，三代人拥挤在旧区小户型老房中,老小区隔音差，邻里滋扰严重，且车位严重匮乏，每晚加班回来抢车位像打仗。,要求有超大面宽南向双阳台（观景家政分离），主卧大飘窗能270度直面自然景观。,无需日常通勤，但要求30分钟内快捷通达凤凰机场或高铁站。,崇尚度假慢生活，清晨沙滩漫步，午后椰林下午茶，酷爱轻户外及后海冲浪。,名下持有一套旧两居，置换回款 65% + 个人理财储蓄补充 + 公积金商业贷,重性价比，不盲信大牌，但要求物业管理有序、绿化修剪及时、人防技防规范。,每年11月至次年3月到此度过漫长冬季，极其依赖周边的康养及适老化服务。
三_2011_02119,三亚,2011,本地改善,35,女,2.3,11.2,0.35,24.1,4,1,否,B,agent,0.8,0.35,0.5,0.65,0.33,0.83,0.43,0.78,0.58,自住-改善,一室一厅,65,2703,国企中层管理,三口之家(幼龄段),三亚中环品质两居，车位及空间极其拥挤,小区无地下车库且人车不分流，小孩在楼下玩耍或者推婴儿车极为不安全。,讲究超高得房率（超85%），主卧套房必须配备独立步入式衣帽间与干湿分离双卫。,无需日常通勤，但要求30分钟内快捷通达凤凰机场或高铁站。,崇尚度假慢生活，清晨沙滩漫步，午后椰林下午茶，酷爱轻户外及后海冲浪。,名下持有一套旧两居，置换回款 65% + 个人理财储蓄补充 + 公积金商业贷,重性价比，不盲信大牌，但要求物业管理有序、绿化修剪及时、人防技防规范。,本地常住人口，四季生活规律，度假频次为常规年假出行。
三_2011_02120,三亚,2011,本地改善,45,男,2.1,14.0,0.35,30.1,4,1,是,B,agent,0.84,0.6,0.62,0.43,0.29,0.86,0.56,0.68,0.37,自住-改善,一室一厅,68,3264,智能新能源车企研发骨干,三口之家(学龄段),三亚中环品质两居，车位及空间极其拥挤,小区无地下车库且人车不分流，小孩在楼下玩耍或者推婴儿车极为不安全。,讲究超高得房率（超85%），主卧套房必须配备独立步入式衣帽间与干湿分离双卫。,无需日常通勤，但要求30分钟内快捷通达凤凰机场或高铁站。,崇尚度假慢生活，清晨沙滩漫步，午后椰林下午茶，酷爱轻户外及后海冲浪。,名下持有一套旧两居，置换回款 65% + 个人理财储蓄补充 + 公积金商业贷,重性价比，不盲信大牌，但要求物业管理有序、绿化修剪及时、人防技防规范。,本地常住人口，四季生活规律，度假频次为常规年假出行。
三_2011_02121,三亚,2011,本地改善,33,女,2.7,18.8,0.35,40.2,5,2,是,B,agent,0.84,0.56,0.64,0.41,0.27,0.59,0.42,0.8,0.47,自住-改善,两室两厅,52,6253,区级税务局一级主办,二胎黄金期中大户型,三亚中环品质两居，车位及空间极其拥挤,小区无地下车库且人车不分流，小孩在楼下玩耍或者推婴儿车极为不安全。,核心要求地块属于第一梯队名校学区，且周边500米内解决幼小衔接教育配套。,无需日常通勤，但要求30分钟内快捷通达凤凰机场或高铁站。,崇尚度假慢生活，清晨沙滩漫步，午后椰林下午茶，酷爱轻户外及后海冲浪。,名下持有一套旧两居，置换回款 65% + 个人理财储蓄补充 + 公积金商业贷,重性价比，不盲信大牌，但要求物业管理有序、绿化修剪及时、人防技防规范。,本地常住人口，四季生活规律，度假频次为常规年假出行。
三_2011_02122,三亚,2011,本地改善,41,男,3.5,19.9,0.35,42.7,5,1,否,B,agent,0.86,0.56,0.58,0.54,0.5,0.66,0.53,0.81,0.49,自住-改善,两室两厅,73,3932,国企中层管理,三口之家(学龄段),三亚中环品质两居，车位及空间极其拥挤,小区无地下车库且人车不分流，小孩在楼下玩耍或者推婴儿车极为不安全。,核心要求地块属于第一梯队名校学区，且周边500米内解决幼小衔接教育配套。,无需日常通勤，但要求30分钟内快捷通达凤凰机场或高铁站。,崇尚度假慢生活，清晨沙滩漫步，午后椰林下午茶，酷爱轻户外及后海冲浪。,名下持有一套旧两居，置换回款 65% + 个人理财储蓄补充 + 公积金商业贷,重性价比，不盲信大牌，但要求物业管理有序、绿化修剪及时、人防技防规范。,本地常住人口，四季生活规律，度假频次为常规年假出行。
三_2011_02123,三亚,2011,外地候鸟-华北,55,女,2.7,17.6,0.5,26.3,2,0,否,B,network,0.38,0.52,0.95,0.78,0.62,0.57,0.0,0,0.56,度假,两室一厅,73,3008,高校资深硕导,高知退休康养,三亚中环品质两居，车位及空间极其拥挤,老小区隔音差，邻里滋扰严重，且车位严重匮乏，每晚加班回来抢车位像打仗。,要求独立电梯入户，主次卧动线分明，配备独立保姆房和私密后院。,无需日常通勤，但要求30分钟内快捷通达凤凰机场或高铁站。,崇尚度假慢生活，清晨沙滩漫步，午后椰林下午茶，酷爱轻户外及后海冲浪。,名下持有一套旧两居，置换回款 65% + 个人理财储蓄补充 + 公积金商业贷,重性价比，不盲信大牌，但要求物业管理有序、绿化修剪及时、人防技防规范。,每年11月至次年3月到此度过漫长冬季，极其依赖周边的康养及适老化服务。
三_2011_02124,三亚,2011,度假投资,36,男,11.9,123.3,0.4,231.2,4,1,否,A,research,0.75,0.34,0.78,0.61,0.61,0.4,0.06,0,0.72,投资-短期,三室两厅,149,8626,上市公司退休联合创始人,三口之家(幼龄段),陆家嘴核心区江景大平层,无高端私密会所及管家式物业配套，圈层鱼龙混杂，高净值居住体验差。,要求有超大面宽南向双阳台（观景家政分离），主卧大飘窗能270度直面自然景观。,无需日常通勤，但要求30分钟内快捷通达凤凰机场或高铁站。,周末常去高端商圈消费，热衷打网球和马术，重度手冲咖啡及黑胶唱片发烧友。,名下已有企业股权套现或分红现金，一次性全款付清，基本不加杠杆,非仁恒、绿城、万科等金牌开发商不买，极度看重高端精装质量与顶级物业的增值口碑。,每年11月至次年3月到此度过漫长冬季，极其依赖周边的康养及适老化服务。
三_2011_02125,三亚,2011,外地候鸟-东北,58,男,3.1,18.6,0.5,27.9,2,0,否,C,network,0.65,0.59,1.0,0.72,0.44,0.5,0.08,0,0.57,度假,两室一厅,51,4602,哈尔滨高校退休处长,高知退休康养,与父母同住，三代人拥挤在旧区小户型老房中,老小区隔音差，邻里滋扰严重，且车位严重匮乏，每晚加班回来抢车位像打仗。,要求独立电梯入户，主次卧动线分明，配备独立保姆房和私密后院。,无需日常通勤，但要求30分钟内快捷通达凤凰机场或高铁站。,崇尚度假慢生活，清晨沙滩漫步，午后椰林下午茶，酷爱轻户外及后海冲浪。,名下持有一套旧两居，置换回款 65% + 个人理财储蓄补充 + 公积金商业贷,重性价比，不盲信大牌，但要求物业管理有序、绿化修剪及时、人防技防规范。,每年11月至次年3月到此度过漫长冬季，极其依赖周边的康养及适老化服务。
三_2011_02126,三亚,2011,度假投资,40,男,12.5,96.5,0.4,181.0,3,1,否,A,research,0.99,0.47,0.78,0.49,0.4,0.34,0.08,0,0.77,投资-长持,两室两厅,141,8473,知名中医药连锁投资人,三口之家(学龄段),陆家嘴核心区江景大平层,无高端私密会所及管家式物业配套，圈层鱼龙混杂，高净值居住体验差。,要求有超大面宽南向双阳台（观景家政分离），主卧大飘窗能270度直面自然景观。,无需日常通勤，但要求30分钟内快捷通达凤凰机场或高铁站。,周末常去高端商圈消费，热衷打网球和马术，重度手冲咖啡及黑胶唱片发烧友。,名下已有企业股权套现或分红现金，一次性全款付清，基本不加杠杆,非仁恒、绿城、万科等金牌开发商不买，极度看重高端精装质量与顶级物业的增值口碑。,每年11月至次年3月到此度过漫长冬季，极其依赖周边的康养及适老化服务。
三_2011_02127,三亚,2011,外地候鸟-华北,63,男,3.0,26.2,0.5,39.3,2,0,否,B,network,0.62,0.42,0.9,0.62,0.64,0.62,0,0.15,0.56,度假,一室一厅,65,3028,北京三甲医院退休教授,高知退休康养,三亚中环品质两居，车位及空间极其拥挤,老小区隔音差，邻里滋扰严重，且车位严重匮乏，每晚加班回来抢车位像打仗。,要求有超大面宽南向双阳台（观景家政分离），主卧大飘窗能270度直面自然景观。,无需日常通勤，但要求30分钟内快捷通达凤凰机场或高铁站。,崇尚度假慢生活，清晨沙滩漫步，午后椰林下午茶，酷爱轻户外及后海冲浪。,名下持有一套旧两居，置换回款 65% + 个人理财储蓄补充 + 公积金商业贷,重性价比，不盲信大牌，但要求物业管理有序、绿化修剪及时、人防技防规范。,每年11月至次年3月到此度过漫长冬季，极其依赖周边的康养及适老化服务。
三_2011_02128,三亚,2011,度假投资,41,女,8.7,102.6,0.4,192.4,4,1,否,A,research,0.7,0.46,0.96,0.61,0.62,0.46,0,0,0.82,投资-短期,三室两厅,93,10713,知名中医药连锁投资人,三口之家(学龄段),市中心私密洋房住宅,无高端私密会所及管家式物业配套，圈层鱼龙混杂，高净值居住体验差。,要求有超大面宽南向双阳台（观景家政分离），主卧大飘窗能270度直面自然景观。,无需日常通勤，但要求30分钟内快捷通达凤凰机场或高铁站。,周末常去高端商圈消费，热衷打网球和马术，重度手冲咖啡及黑胶唱片发烧友。,名下已有企业股权套现或分红现金，一次性全款付清，基本不加杠杆,非仁恒、绿城、万科等金牌开发商不买，极度看重高端精装质量与顶级物业的增值口碑。,每年11月至次年3月到此度过漫长冬季，极其依赖周边的康养及适老化服务。
三_2011_02129,三亚,2011,外地候鸟-华北,63,女,4.7,31.5,0.5,47.3,2,2,否,B,network,0.8,0.52,0.91,0.71,0.57,0.52,0,0.03,0.62,度假,两室两厅,89,3636,央企总部退休总工,二胎黄金期中大户型,三亚中环品质两居，车位及空间极其拥挤,小区无地下车库且人车不分流，小孩在楼下玩耍或者推婴儿车极为不安全。,要求独立电梯入户，主次卧动线分明，配备独立保姆房和私密后院。,无需日常通勤，但要求30分钟内快捷通达凤凰机场或高铁站。,崇尚度假慢生活，清晨沙滩漫步，午后椰林下午茶，酷爱轻户外及后海冲浪。,名下持有一套旧两居，置换回款 65% + 个人理财储蓄补充 + 公积金商业贷,重性价比，不盲信大牌，但要求物业管理有序、绿化修剪及时、人防技防规范。,每年11月至次年3月到此度过漫长冬季，极其依赖周边的康养及适老化服务。
三_2011_02130,三亚,2011,外地候鸟-东北,76,女,3.3,16.4,0.5,24.6,2,0,否,C,network,0.11,0.66,0.94,0.75,0.55,0.4,0,0.15,0.5,度假,两室两厅,91,1657,哈尔滨高校退休处长,高知退休康养,与父母同住，三代人拥挤在旧区小户型老房中,老小区隔音差，邻里滋扰严重，且车位严重匮乏，每晚加班回来抢车位像打仗。,要求独立电梯入户，主次卧动线分明，配备独立保姆房和私密后院。,无需日常通勤，但要求30分钟内快捷通达凤凰机场或高铁站。,崇尚度假慢生活，清晨沙滩漫步，午后椰林下午茶，酷爱轻户外及后海冲浪。,名下持有一套旧两居，置换回款 65% + 个人理财储蓄补充 + 公积金商业贷,重性价比，不盲信大牌，但要求物业管理有序、绿化修剪及时、人防技防规范。,每年11月至次年3月到此度过漫长冬季，极其依赖周边的康养及适老化服务。
三_2011_02131,三亚,2011,度假投资,44,男,11.8,107.5,0.4,201.6,2,1,否,A,research,0.7,0.51,0.82,0.68,0.43,0.55,0,0.0,0.78,投资-长持,三室两厅,135,11355,上市公司退休联合创始人,三口之家(学龄段),陆家嘴核心区江景大平层,无高端私密会所及管家式物业配套，圈层鱼龙混杂，高净值居住体验差。,要求有超大面宽南向双阳台（观景家政分离），主卧大飘窗能270度直面自然景观。,无需日常通勤，但要求30分钟内快捷通达凤凰机场或高铁站。,周末常去高端商圈消费，热衷打网球和马术，重度手冲咖啡及黑胶唱片发烧友。,名下已有企业股权套现或分红现金，一次性全款付清，基本不加杠杆,非仁恒、绿城、万科等金牌开发商不买，极度看重高端精装质量与顶级物业的增值口碑。,每年11月至次年3月到此度过漫长冬季，极其依赖周边的康养及适老化服务。
三_2011_02132,三亚,2011,外地候鸟-华北,68,女,3.8,33.9,0.5,50.9,1,0,否,B,network,0.75,0.58,0.8,0.7,0.68,0.51,0,0,0.47,度假,一室一厅,64,4010,北京三甲医院退休教授,高知退休康养,三亚中环品质两居，车位及空间极其拥挤,老小区隔音差，邻里滋扰严重，且车位严重匮乏，每晚加班回来抢车位像打仗。,要求独立电梯入户，主次卧动线分明，配备独立保姆房和私密后院。,无需日常通勤，但要求30分钟内快捷通达凤凰机场或高铁站。,崇尚度假慢生活，清晨沙滩漫步，午后椰林下午茶，酷爱轻户外及后海冲浪。,名下持有一套旧两居，置换回款 65% + 个人理财储蓄补充 + 公积金商业贷,重性价比，不盲信大牌，但要求物业管理有序、绿化修剪及时、人防技防规范。,每年11月至次年3月到此度过漫长冬季，极其依赖周边的康养及适老化服务。
三_2011_02133,三亚,2011,外地候鸟-华北,75,女,5.5,43.3,0.5,65.0,2,1,否,B,network,0.55,0.54,0.99,0.65,0.62,0.49,0.03,0.04,0.59,度假,两室两厅,66,8331,北京三甲医院退休教授,三口之家(学龄段),三亚中环品质两居，车位及空间极其拥挤,小区无地下车库且人车不分流，小孩在楼下玩耍或者推婴儿车极为不安全。,要求有超大面宽南向双阳台（观景家政分离），主卧大飘窗能270度直面自然景观。,无需日常通勤，但要求30分钟内快捷通达凤凰机场或高铁站。,崇尚度假慢生活，清晨沙滩漫步，午后椰林下午茶，酷爱轻户外及后海冲浪。,名下持有一套旧两居，置换回款 65% + 个人理财储蓄补充 + 公积金商业贷,重性价比，不盲信大牌，但要求物业管理有序、绿化修剪及时、人防技防规范。,每年11月至次年3月到此度过漫长冬季，极其依赖周边的康养及适老化服务。
三_2011_02134,三亚,2011,外地候鸟-华北,60,男,2.5,20.7,0.5,31.1,2,0,是,B,network,0.45,0.48,0.8,0.77,0.59,0.44,0.07,0,0.56,度假,两室两厅,89,2867,央企总部退休总工,高知退休康养,三亚中环品质两居，车位及空间极其拥挤,当前房屋属于旧多层无电梯房，父母年纪渐高每天爬楼梯极为吃力。,要求独立电梯入户，主次卧动线分明，配备独立保姆房和私密后院。,无需日常通勤，但要求30分钟内快捷通达凤凰机场或高铁站。,崇尚度假慢生活，清晨沙滩漫步，午后椰林下午茶，酷爱轻户外及后海冲浪。,名下持有一套旧两居，置换回款 65% + 个人理财储蓄补充 + 公积金商业贷,重性价比，不盲信大牌，但要求物业管理有序、绿化修剪及时、人防技防规范。,每年11月至次年3月到此度过漫长冬季，极其依赖周边的康养及适老化服务。
三_2011_02135,三亚,2011,外地候鸟-西北,55,男,1.7,11.3,0.5,16.9,2,1,是,C,network,0.32,0.66,0.92,0.55,0.5,0.52,0.04,0.14,0.39,度假,两室一厅,87,1729,西安设计院退休总建筑师,三口之家(学龄段),与父母同住，三代人拥挤在旧区小户型老房中,小区无地下车库且人车不分流，小孩在楼下玩耍或者推婴儿车极为不安全。,要求有超大面宽南向双阳台（观景家政分离），主卧大飘窗能270度直面自然景观。,无需日常通勤，但要求30分钟内快捷通达凤凰机场或高铁站。,崇尚度假慢生活，清晨沙滩漫步，午后椰林下午茶，酷爱轻户外及后海冲浪。,名下持有一套旧两居，置换回款 65% + 个人理财储蓄补充 + 公积金商业贷,重性价比，不盲信大牌，但要求物业管理有序、绿化修剪及时、人防技防规范。,每年11月至次年3月到此度过漫长冬季，极其依赖周边的康养及适老化服务。
三_2011_02136,三亚,2011,外地候鸟-华北,59,女,5.7,59.5,0.5,89.3,1,0,否,B,network,0.4,0.56,0.93,0.74,0.47,0.53,0,0.05,0.53,度假,两室两厅,89,8846,央企总部退休总工,高知退休康养,三亚中环品质两居，车位及空间极其拥挤,老小区隔音差，邻里滋扰严重，且车位严重匮乏，每晚加班回来抢车位像打仗。,要求独立电梯入户，主次卧动线分明，配备独立保姆房和私密后院。,无需日常通勤，但要求30分钟内快捷通达凤凰机场或高铁站。,崇尚度假慢生活，清晨沙滩漫步，午后椰林下午茶，酷爱轻户外及后海冲浪。,名下持有一套旧两居，置换回款 65% + 个人理财储蓄补充 + 公积金商业贷,重性价比，不盲信大牌，但要求物业管理有序、绿化修剪及时、人防技防规范。,每年11月至次年3月到此度过漫长冬季，极其依赖周边的康养及适老化服务。
三_2011_02137,三亚,2011,外地候鸟-东北,78,男,1.7,9.6,0.5,14.4,1,0,否,C,network,0.57,0.59,0.86,0.64,0.45,0.53,0,0.06,0.49,度假,两室两厅,86,1340,哈尔滨高校退休处长,高知退休康养,与父母同住，三代人拥挤在旧区小户型老房中,老小区隔音差，邻里滋扰严重，且车位严重匮乏，每晚加班回来抢车位像打仗。,要求有超大面宽南向双阳台（观景家政分离），主卧大飘窗能270度直面自然景观。,无需日常通勤，但要求30分钟内快捷通达凤凰机场或高铁站。,崇尚度假慢生活，清晨沙滩漫步，午后椰林下午茶，酷爱轻户外及后海冲浪。,名下持有一套旧两居，置换回款 65% + 个人理财储蓄补充 + 公积金商业贷,重性价比，不盲信大牌，但要求物业管理有序、绿化修剪及时、人防技防规范。,每年11月至次年3月到此度过漫长冬季，极其依赖周边的康养及适老化服务。
三_2011_02138,三亚,2011,外地候鸟-东北,60,女,1.8,12.4,0.5,18.6,2,1,否,C,network,0.22,0.63,0.85,0.58,0.54,0.58,0,0,0.5,养老,两室两厅,66,2398,哈尔滨私营物流老板,三口之家(学龄段),与父母同住，三代人拥挤在旧区小户型老房中,小区无地下车库且人车不分流，小孩在楼下玩耍或者推婴儿车极为不安全。,要求有超大面宽南向双阳台（观景家政分离），主卧大飘窗能270度直面自然景观。,无需日常通勤，但要求30分钟内快捷通达凤凰机场或高铁站。,崇尚度假慢生活，清晨沙滩漫步，午后椰林下午茶，酷爱轻户外及后海冲浪。,名下持有一套旧两居，置换回款 65% + 个人理财储蓄补充 + 公积金商业贷,重性价比，不盲信大牌，但要求物业管理有序、绿化修剪及时、人防技防规范。,每年11月至次年3月到此度过漫长冬季，极其依赖周边的康养及适老化服务。
三_2011_02139,三亚,2011,外地候鸟-华北,66,男,5.2,46.4,0.5,69.6,2,0,是,B,network,0.75,0.52,0.94,0.53,0.54,0.37,0,0.02,0.42,养老,两室一厅,60,7143,高校资深硕导,高知退休康养,三亚中环品质两居，车位及空间极其拥挤,当前房屋属于旧多层无电梯房，父母年纪渐高每天爬楼梯极为吃力。,要求有超大面宽南向双阳台（观景家政分离），主卧大飘窗能270度直面自然景观。,无需日常通勤，但要求30分钟内快捷通达凤凰机场或高铁站。,崇尚度假慢生活，清晨沙滩漫步，午后椰林下午茶，酷爱轻户外及后海冲浪。,名下持有一套旧两居，置换回款 65% + 个人理财储蓄补充 + 公积金商业贷,重性价比，不盲信大牌，但要求物业管理有序、绿化修剪及时、人防技防规范。,每年11月至次年3月到此度过漫长冬季，极其依赖周边的康养及适老化服务。
三_2011_02140,三亚,2011,外地候鸟-东北,60,男,3.6,21.0,0.5,31.5,3,0,否,C,network,0.2,0.65,0.99,0.76,0.5,0.54,0.0,0.02,0.51,度假,两室两厅,58,3708,沈阳大型重工企业退休副厂长,高知退休康养,与父母同住，三代人拥挤在旧区小户型老房中,老小区隔音差，邻里滋扰严重，且车位严重匮乏，每晚加班回来抢车位像打仗。,要求独立电梯入户，主次卧动线分明，配备独立保姆房和私密后院。,无需日常通勤，但要求30分钟内快捷通达凤凰机场或高铁站。,崇尚度假慢生活，清晨沙滩漫步，午后椰林下午茶，酷爱轻户外及后海冲浪。,名下持有一套旧两居，置换回款 65% + 个人理财储蓄补充 + 公积金商业贷,重性价比，不盲信大牌，但要求物业管理有序、绿化修剪及时、人防技防规范。,每年11月至次年3月到此度过漫长冬季，极其依赖周边的康养及适老化服务。
三_2011_02141,三亚,2011,本地改善,37,男,2.7,18.7,0.35,40.1,5,1,否,B,agent,0.82,0.38,0.54,0.44,0.51,0.55,0.56,0.64,0.38,自住-改善,两室两厅,58,3605,重点中学高级教师,三口之家(幼龄段),三亚中环品质两居，车位及空间极其拥挤,小区无地下车库且人车不分流，小孩在楼下玩耍或者推婴儿车极为不安全。,要求采光通透，全明户型，带多功能嵌入式收纳墙以最大化空间利用。,无需日常通勤，但要求30分钟内快捷通达凤凰机场或高铁站。,崇尚度假慢生活，清晨沙滩漫步，午后椰林下午茶，酷爱轻户外及后海冲浪。,名下持有一套旧两居，置换回款 65% + 个人理财储蓄补充 + 公积金商业贷,重性价比，不盲信大牌，但要求物业管理有序、绿化修剪及时、人防技防规范。,本地常住人口，四季生活规律，度假频次为常规年假出行。
三_2011_02142,三亚,2011,外地候鸟-东北,74,女,3.9,22.8,0.5,34.2,1,0,否,C,network,0.54,0.6,0.95,0.72,0.51,0.45,0,0.0,0.64,度假,一室一厅,88,2729,哈尔滨高校退休处长,高知退休康养,与父母同住，三代人拥挤在旧区小户型老房中,老小区隔音差，邻里滋扰严重，且车位严重匮乏，每晚加班回来抢车位像打仗。,要求独立电梯入户，主次卧动线分明，配备独立保姆房和私密后院。,无需日常通勤，但要求30分钟内快捷通达凤凰机场或高铁站。,崇尚度假慢生活，清晨沙滩漫步，午后椰林下午茶，酷爱轻户外及后海冲浪。,名下持有一套旧两居，置换回款 65% + 个人理财储蓄补充 + 公积金商业贷,重性价比，不盲信大牌，但要求物业管理有序、绿化修剪及时、人防技防规范。,每年11月至次年3月到此度过漫长冬季，极其依赖周边的康养及适老化服务。
三_2011_02143,三亚,2011,本地改善,37,女,2.6,12.0,0.35,25.6,4,1,否,B,agent,0.91,0.46,0.6,0.33,0.31,0.72,0.36,0.69,0.45,自住-改善,一室一厅,66,2651,国企中层管理,三口之家(幼龄段),三亚中环品质两居，车位及空间极其拥挤,小区无地下车库且人车不分流，小孩在楼下玩耍或者推婴儿车极为不安全。,讲究超高得房率（超85%），主卧套房必须配备独立步入式衣帽间与干湿分离双卫。,无需日常通勤，但要求30分钟内快捷通达凤凰机场或高铁站。,崇尚度假慢生活，清晨沙滩漫步，午后椰林下午茶，酷爱轻户外及后海冲浪。,名下持有一套旧两居，置换回款 65% + 个人理财储蓄补充 + 公积金商业贷,重性价比，不盲信大牌，但要求物业管理有序、绿化修剪及时、人防技防规范。,本地常住人口，四季生活规律，度假频次为常规年假出行。
三_2011_02144,三亚,2011,外地候鸟-东北,74,女,2.7,21.5,0.5,32.2,3,1,否,C,network,0,0.77,0.94,0.79,0.55,0.53,0.01,0.14,0.54,度假,两室两厅,99,2312,哈尔滨高校退休处长,三口之家(学龄段),与父母同住，三代人拥挤在旧区小户型老房中,小区无地下车库且人车不分流，小孩在楼下玩耍或者推婴儿车极为不安全。,要求独立电梯入户，主次卧动线分明，配备独立保姆房和私密后院。,无需日常通勤，但要求30分钟内快捷通达凤凰机场或高铁站。,崇尚度假慢生活，清晨沙滩漫步，午后椰林下午茶，酷爱轻户外及后海冲浪。,名下持有一套旧两居，置换回款 65% + 个人理财储蓄补充 + 公积金商业贷,重性价比，不盲信大牌，但要求物业管理有序、绿化修剪及时、人防技防规范。,每年11月至次年3月到此度过漫长冬季，极其依赖周边的康养及适老化服务。
三_2011_02145,三亚,2011,本地改善,46,女,2.0,12.4,0.35,26.7,4,1,是,B,agent,0.97,0.65,0.55,0.48,0.41,0.87,0.66,0.66,0.63,自住-改善,两室一厅,61,3515,三甲医院主治医师,三口之家(学龄段),三亚中环品质两居，车位及空间极其拥挤,小区无地下车库且人车不分流，小孩在楼下玩耍或者推婴儿车极为不安全。,讲究超高得房率（超85%），主卧套房必须配备独立步入式衣帽间与干湿分离双卫。,无需日常通勤，但要求30分钟内快捷通达凤凰机场或高铁站。,崇尚度假慢生活，清晨沙滩漫步，午后椰林下午茶，酷爱轻户外及后海冲浪。,名下持有一套旧两居，置换回款 65% + 个人理财储蓄补充 + 公积金商业贷,重性价比，不盲信大牌，但要求物业管理有序、绿化修剪及时、人防技防规范。,本地常住人口，四季生活规律，度假频次为常规年假出行。
三_2011_02146,三亚,2011,度假投资,48,男,2.9,35.1,0.4,65.7,4,1,否,A,research,0.76,0.31,0.94,0.68,0.55,0.4,0,0,0.78,投资-长持,两室一厅,69,7413,知名中医药连锁投资人,三口之家(学龄段),市中心私密洋房住宅,无高端私密会所及管家式物业配套，圈层鱼龙混杂，高净值居住体验差。,要求有超大面宽南向双阳台（观景家政分离），主卧大飘窗能270度直面自然景观。,无需日常通勤，但要求30分钟内快捷通达凤凰机场或高铁站。,周末常去高端商圈消费，热衷打网球和马术，重度手冲咖啡及黑胶唱片发烧友。,名下已有企业股权套现或分红现金，一次性全款付清，基本不加杠杆,非仁恒、绿城、万科等金牌开发商不买，极度看重高端精装质量与顶级物业的增值口碑。,每年11月至次年3月到此度过漫长冬季，极其依赖周边的康养及适老化服务。
三_2011_02147,三亚,2011,度假投资,47,男,6.4,62.3,0.4,116.8,3,0,否,A,research,1.0,0.56,0.79,0.7,0.44,0.37,0,0,0.71,投资-短期,两室一厅,88,6982,知名中医药连锁投资人,成熟期核心家庭,市中心私密洋房住宅,无高端私密会所及管家式物业配套，圈层鱼龙混杂，高净值居住体验差。,要求独立电梯入户，主次卧动线分明，配备独立保姆房和私密后院。,无需日常通勤，但要求30分钟内快捷通达凤凰机场或高铁站。,周末常去高端商圈消费，热衷打网球和马术，重度手冲咖啡及黑胶唱片发烧友。,名下已有企业股权套现或分红现金，一次性全款付清，基本不加杠杆,非仁恒、绿城、万科等金牌开发商不买，极度看重高端精装质量与顶级物业的增值口碑。,每年11月至次年3月到此度过漫长冬季，极其依赖周边的康养及适老化服务。
三_2011_02148,三亚,2011,度假投资,38,男,6.0,68.9,0.4,129.2,5,1,否,A,research,0.65,0.54,0.84,0.6,0.63,0.58,0.13,0,0.7,投资-长持,一室一厅,93,8873,高端海景资产收藏家,三口之家(学龄段),西湖边高精平层,无高端私密会所及管家式物业配套，圈层鱼龙混杂，高净值居住体验差。,要求有超大面宽南向双阳台（观景家政分离），主卧大飘窗能270度直面自然景观。,无需日常通勤，但要求30分钟内快捷通达凤凰机场或高铁站。,周末常去高端商圈消费，热衷打网球和马术，重度手冲咖啡及黑胶唱片发烧友。,名下已有企业股权套现或分红现金，一次性全款付清，基本不加杠杆,非仁恒、绿城、万科等金牌开发商不买，极度看重高端精装质量与顶级物业的增值口碑。,每年11月至次年3月到此度过漫长冬季，极其依赖周边的康养及适老化服务。
三_2011_02149,三亚,2011,本地改善,30,女,4.5,24.1,0.35,51.6,3,1,否,B,agent,0.8,0.62,0.53,0.33,0.4,0.75,0.51,0.75,0.57,自住-改善,两室一厅,62,7246,重点中学高级教师,三口之家(幼龄段),三亚中环品质两居，车位及空间极其拥挤,小区无地下车库且人车不分流，小孩在楼下玩耍或者推婴儿车极为不安全。,讲究超高得房率（超85%），主卧套房必须配备独立步入式衣帽间与干湿分离双卫。,无需日常通勤，但要求30分钟内快捷通达凤凰机场或高铁站。,崇尚度假慢生活，清晨沙滩漫步，午后椰林下午茶，酷爱轻户外及后海冲浪。,名下持有一套旧两居，置换回款 65% + 个人理财储蓄补充 + 公积金商业贷,重性价比，不盲信大牌，但要求物业管理有序、绿化修剪及时、人防技防规范。,本地常住人口，四季生活规律，度假频次为常规年假出行。
三_2011_02150,三亚,2011,本地改善,45,男,2.6,14.2,0.35,30.3,4,1,否,B,agent,0.71,0.59,0.63,0.39,0.36,0.79,0.47,0.75,0.49,自住-改善,两室两厅,100,2621,重点中学高级教师,三口之家(学龄段),三亚中环品质两居，车位及空间极其拥挤,小区无地下车库且人车不分流，小孩在楼下玩耍或者推婴儿车极为不安全。,讲究超高得房率（超85%），主卧套房必须配备独立步入式衣帽间与干湿分离双卫。,无需日常通勤，但要求30分钟内快捷通达凤凰机场或高铁站。,崇尚度假慢生活，清晨沙滩漫步，午后椰林下午茶，酷爱轻户外及后海冲浪。,名下持有一套旧两居，置换回款 65% + 个人理财储蓄补充 + 公积金商业贷,重性价比，不盲信大牌，但要求物业管理有序、绿化修剪及时、人防技防规范。,本地常住人口，四季生活规律，度假频次为常规年假出行。
三_2011_02151,三亚,2011,外地候鸟-华北,66,男,1.8,17.2,0.5,25.8,2,0,否,B,network,0.56,0.68,0.94,0.67,0.57,0.39,0,0.07,0.4,度假,两室一厅,62,3214,高校资深硕导,高知退休康养,三亚中环品质两居，车位及空间极其拥挤,老小区隔音差，邻里滋扰严重，且车位严重匮乏，每晚加班回来抢车位像打仗。,要求有超大面宽南向双阳台（观景家政分离），主卧大飘窗能270度直面自然景观。,无需日常通勤，但要求30分钟内快捷通达凤凰机场或高铁站。,崇尚度假慢生活，清晨沙滩漫步，午后椰林下午茶，酷爱轻户外及后海冲浪。,名下持有一套旧两居，置换回款 65% + 个人理财储蓄补充 + 公积金商业贷,重性价比，不盲信大牌，但要求物业管理有序、绿化修剪及时、人防技防规范。,每年11月至次年3月到此度过漫长冬季，极其依赖周边的康养及适老化服务。
三_2011_02152,三亚,2011,本地改善,33,男,2.5,14.6,0.35,31.4,4,0,是,B,agent,0.79,0.52,0.71,0.44,0.34,0.76,0.58,0.72,0.44,自住-改善,两室一厅,56,4011,三甲医院主治医师,新婚过渡两居,三亚中环品质两居，车位及空间极其拥挤,当前房屋属于旧多层无电梯房，父母年纪渐高每天爬楼梯极为吃力。,要求有超大面宽南向双阳台（观景家政分离），主卧大飘窗能270度直面自然景观。,无需日常通勤，但要求30分钟内快捷通达凤凰机场或高铁站。,崇尚度假慢生活，清晨沙滩漫步，午后椰林下午茶，酷爱轻户外及后海冲浪。,名下持有一套旧两居，置换回款 65% + 个人理财储蓄补充 + 公积金商业贷,重性价比，不盲信大牌，但要求物业管理有序、绿化修剪及时、人防技防规范。,本地常住人口，四季生活规律，度假频次为常规年假出行。
三_2011_02153,三亚,2011,度假投资,52,女,4.1,39.8,0.4,74.6,3,0,否,A,research,0.74,0.51,0.8,0.65,0.7,0.43,0,0,0.69,投资-短期,两室一厅,84,6927,上市公司退休联合创始人,成熟期核心家庭,陆家嘴核心区江景大平层,无高端私密会所及管家式物业配套，圈层鱼龙混杂，高净值居住体验差。,要求有超大面宽南向双阳台（观景家政分离），主卧大飘窗能270度直面自然景观。,无需日常通勤，但要求30分钟内快捷通达凤凰机场或高铁站。,周末常去高端商圈消费，热衷打网球和马术，重度手冲咖啡及黑胶唱片发烧友。,名下已有企业股权套现或分红现金，一次性全款付清，基本不加杠杆,重性价比，不盲信大牌，但要求物业管理有序、绿化修剪及时、人防技防规范。,每年11月至次年3月到此度过漫长冬季，极其依赖周边的康养及适老化服务。
三_2011_02154,三亚,2011,度假投资,35,男,4.5,53.5,0.4,100.3,3,1,是,A,research,0.72,0.35,0.9,0.55,0.44,0.39,0.09,0.04,0.54,投资-长持,两室两厅,62,14449,高端海景资产收藏家,三口之家(幼龄段),陆家嘴核心区江景大平层,当前房屋属于旧多层无电梯房，父母年纪渐高每天爬楼梯极为吃力。,要求有超大面宽南向双阳台（观景家政分离），主卧大飘窗能270度直面自然景观。,无需日常通勤，但要求30分钟内快捷通达凤凰机场或高铁站。,周末常去高端商圈消费，热衷打网球和马术，重度手冲咖啡及黑胶唱片发烧友。,名下已有企业股权套现或分红现金，一次性全款付清，基本不加杠杆,重性价比，不盲信大牌，但要求物业管理有序、绿化修剪及时、人防技防规范。,每年11月至次年3月到此度过漫长冬季，极其依赖周边的康养及适老化服务。
三_2011_02155,三亚,2011,度假投资,55,男,5.0,55.0,0.4,103.1,3,1,否,A,research,0.85,0.5,0.77,0.63,0.7,0.4,0.07,0,0.62,投资-长持,两室一厅,85,10915,上市公司退休联合创始人,三口之家(学龄段),陆家嘴核心区江景大平层,无高端私密会所及管家式物业配套，圈层鱼龙混杂，高净值居住体验差。,要求有超大面宽南向双阳台（观景家政分离），主卧大飘窗能270度直面自然景观。,无需日常通勤，但要求30分钟内快捷通达凤凰机场或高铁站。,周末常去高端商圈消费，热衷打网球和马术，重度手冲咖啡及黑胶唱片发烧友。,名下已有企业股权套现或分红现金，一次性全款付清，基本不加杠杆,重性价比，不盲信大牌，但要求物业管理有序、绿化修剪及时、人防技防规范。,每年11月至次年3月到此度过漫长冬季，极其依赖周边的康养及适老化服务。
三_2011_02156,三亚,2011,本地改善,35,男,3.0,15.8,0.35,33.9,5,1,否,B,agent,0.93,0.61,0.55,0.47,0.41,0.77,0.33,0.66,0.55,自住-改善,两室一厅,63,3796,智能新能源车企研发骨干,三口之家(幼龄段),三亚中环品质两居，车位及空间极其拥挤,小区无地下车库且人车不分流，小孩在楼下玩耍或者推婴儿车极为不安全。,讲究超高得房率（超85%），主卧套房必须配备独立步入式衣帽间与干湿分离双卫。,无需日常通勤，但要求30分钟内快捷通达凤凰机场或高铁站。,崇尚度假慢生活，清晨沙滩漫步，午后椰林下午茶，酷爱轻户外及后海冲浪。,名下持有一套旧两居，置换回款 65% + 个人理财储蓄补充 + 公积金商业贷,重性价比，不盲信大牌，但要求物业管理有序、绿化修剪及时、人防技防规范。,本地常住人口，四季生活规律，度假频次为常规年假出行。
三_2011_02157,三亚,2011,本地改善,34,女,2.3,11.6,0.35,24.9,3,2,否,B,agent,0.73,0.54,0.57,0.39,0.4,0.67,0.59,0.77,0.57,自住-改善,两室两厅,80,2407,国企中层管理,二胎黄金期中大户型,三亚中环品质两居，车位及空间极其拥挤,小区无地下车库且人车不分流，小孩在楼下玩耍或者推婴儿车极为不安全。,核心要求地块属于第一梯队名校学区，且周边500米内解决幼小衔接教育配套。,无需日常通勤，但要求30分钟内快捷通达凤凰机场或高铁站。,崇尚度假慢生活，清晨沙滩漫步，午后椰林下午茶，酷爱轻户外及后海冲浪。,名下持有一套旧两居，置换回款 65% + 个人理财储蓄补充 + 公积金商业贷,重性价比，不盲信大牌，但要求物业管理有序、绿化修剪及时、人防技防规范。,本地常住人口，四季生活规律，度假频次为常规年假出行。
三_2011_02158,三亚,2011,度假投资,48,女,9.2,97.3,0.4,182.4,2,1,否,A,research,0.85,0.4,0.82,0.48,0.61,0.38,0,0,0.9,度假,两室两厅,135,11134,上市公司退休联合创始人,三口之家(学龄段),市中心私密洋房住宅,无高端私密会所及管家式物业配套，圈层鱼龙混杂，高净值居住体验差。,要求有超大面宽南向双阳台（观景家政分离），主卧大飘窗能270度直面自然景观。,无需日常通勤，但要求30分钟内快捷通达凤凰机场或高铁站。,周末常去高端商圈消费，热衷打网球和马术，重度手冲咖啡及黑胶唱片发烧友。,名下已有企业股权套现或分红现金，一次性全款付清，基本不加杠杆,非仁恒、绿城、万科等金牌开发商不买，极度看重高端精装质量与顶级物业的增值口碑。,每年11月至次年3月到此度过漫长冬季，极其依赖周边的康养及适老化服务。
三_2011_02159,三亚,2011,本地改善,50,女,2.0,11.4,0.35,24.4,4,1,否,B,agent,0.56,0.56,0.56,0.34,0.36,0.72,0.52,0.79,0.57,自住-改善,一室一厅,94,1375,区级税务局一级主办,三口之家(学龄段),三亚中环品质两居，车位及空间极其拥挤,小区无地下车库且人车不分流，小孩在楼下玩耍或者推婴儿车极为不安全。,讲究超高得房率（超85%），主卧套房必须配备独立步入式衣帽间与干湿分离双卫。,无需日常通勤，但要求30分钟内快捷通达凤凰机场或高铁站。,崇尚度假慢生活，清晨沙滩漫步，午后椰林下午茶，酷爱轻户外及后海冲浪。,名下持有一套旧两居，置换回款 65% + 个人理财储蓄补充 + 公积金商业贷,重性价比，不盲信大牌，但要求物业管理有序、绿化修剪及时、人防技防规范。,本地常住人口，四季生活规律，度假频次为常规年假出行。
三_2011_02160,三亚,2011,度假投资,45,女,5.5,57.0,0.4,106.9,2,1,否,A,research,1,0.4,0.79,0.55,0.53,0.49,0.01,0,0.69,度假,两室两厅,79,6815,知名中医药连锁投资人,三口之家(学龄段),市中心私密洋房住宅,无高端私密会所及管家式物业配套，圈层鱼龙混杂，高净值居住体验差。,要求有超大面宽南向双阳台（观景家政分离），主卧大飘窗能270度直面自然景观。,无需日常通勤，但要求30分钟内快捷通达凤凰机场或高铁站。,周末常去高端商圈消费，热衷打网球和马术，重度手冲咖啡及黑胶唱片发烧友。,名下已有企业股权套现或分红现金，一次性全款付清，基本不加杠杆,重性价比，不盲信大牌，但要求物业管理有序、绿化修剪及时、人防技防规范。,每年11月至次年3月到此度过漫长冬季，极其依赖周边的康养及适老化服务。
三_2011_02161,三亚,2011,本地改善,33,女,2.4,18.1,0.35,38.9,5,2,否,B,agent,0.73,0.7,0.43,0.39,0.24,0.85,0.6,0.67,0.48,自住-改善,一室一厅,50,4926,智能新能源车企研发骨干,二胎黄金期中大户型,三亚中环品质两居，车位及空间极其拥挤,小区无地下车库且人车不分流，小孩在楼下玩耍或者推婴儿车极为不安全。,讲究超高得房率（超85%），主卧套房必须配备独立步入式衣帽间与干湿分离双卫。,无需日常通勤，但要求30分钟内快捷通达凤凰机场或高铁站。,崇尚度假慢生活，清晨沙滩漫步，午后椰林下午茶，酷爱轻户外及后海冲浪。,名下持有一套旧两居，置换回款 65% + 个人理财储蓄补充 + 公积金商业贷,重性价比，不盲信大牌，但要求物业管理有序、绿化修剪及时、人防技防规范。,本地常住人口，四季生活规律，度假频次为常规年假出行。
三_2011_02162,三亚,2011,本地改善,33,男,2.5,18.5,0.35,39.7,6,2,是,B,agent,0.75,0.56,0.62,0.52,0.36,0.72,0.54,0.71,0.57,自住-改善,两室两厅,99,3556,区级税务局一级主办,二胎黄金期中大户型,三亚中环品质两居，车位及空间极其拥挤,小区无地下车库且人车不分流，小孩在楼下玩耍或者推婴儿车极为不安全。,讲究超高得房率（超85%），主卧套房必须配备独立步入式衣帽间与干湿分离双卫。,无需日常通勤，但要求30分钟内快捷通达凤凰机场或高铁站。,崇尚度假慢生活，清晨沙滩漫步，午后椰林下午茶，酷爱轻户外及后海冲浪。,名下持有一套旧两居，置换回款 65% + 个人理财储蓄补充 + 公积金商业贷,重性价比，不盲信大牌，但要求物业管理有序、绿化修剪及时、人防技防规范。,本地常住人口，四季生活规律，度假频次为常规年假出行。
三_2011_02163,三亚,2011,度假投资,52,男,6.7,55.6,0.4,104.2,3,1,否,A,research,0.8,0.25,0.78,0.52,0.63,0.49,0.09,0.01,0.83,投资-短期,两室两厅,89,9625,上市公司退休联合创始人,三口之家(学龄段),市中心私密洋房住宅,无高端私密会所及管家式物业配套，圈层鱼龙混杂，高净值居住体验差。,要求有超大面宽南向双阳台（观景家政分离），主卧大飘窗能270度直面自然景观。,无需日常通勤，但要求30分钟内快捷通达凤凰机场或高铁站。,周末常去高端商圈消费，热衷打网球和马术，重度手冲咖啡及黑胶唱片发烧友。,名下已有企业股权套现或分红现金，一次性全款付清，基本不加杠杆,非仁恒、绿城、万科等金牌开发商不买，极度看重高端精装质量与顶级物业的增值口碑。,每年11月至次年3月到此度过漫长冬季，极其依赖周边的康养及适老化服务。
三_2011_02164,三亚,2011,外地候鸟-东北,65,女,3.5,26.4,0.5,39.7,1,1,是,C,network,0.26,0.61,0.9,0.66,0.48,0.5,0.08,0,0.45,养老,两室一厅,80,3100,哈尔滨私营物流老板,三口之家(学龄段),与父母同住，三代人拥挤在旧区小户型老房中,小区无地下车库且人车不分流，小孩在楼下玩耍或者推婴儿车极为不安全。,要求有超大面宽南向双阳台（观景家政分离），主卧大飘窗能270度直面自然景观。,无需日常通勤，但要求30分钟内快捷通达凤凰机场或高铁站。,崇尚度假慢生活，清晨沙滩漫步，午后椰林下午茶，酷爱轻户外及后海冲浪。,名下持有一套旧两居，置换回款 65% + 个人理财储蓄补充 + 公积金商业贷,重性价比，不盲信大牌，但要求物业管理有序、绿化修剪及时、人防技防规范。,每年11月至次年3月到此度过漫长冬季，极其依赖周边的康养及适老化服务。
三_2011_02165,三亚,2011,本地改善,39,女,2.3,15.9,0.35,34.0,5,1,否,B,agent,0.87,0.33,0.7,0.41,0.51,0.67,0.59,0.78,0.43,自住-改善,两室两厅,65,3381,重点中学高级教师,三口之家(学龄段),三亚中环品质两居，车位及空间极其拥挤,小区无地下车库且人车不分流，小孩在楼下玩耍或者推婴儿车极为不安全。,要求有超大面宽南向双阳台（观景家政分离），主卧大飘窗能270度直面自然景观。,无需日常通勤，但要求30分钟内快捷通达凤凰机场或高铁站。,崇尚度假慢生活，清晨沙滩漫步，午后椰林下午茶，酷爱轻户外及后海冲浪。,名下持有一套旧两居，置换回款 65% + 个人理财储蓄补充 + 公积金商业贷,重性价比，不盲信大牌，但要求物业管理有序、绿化修剪及时、人防技防规范。,本地常住人口，四季生活规律，度假频次为常规年假出行。
三_2011_02166,三亚,2011,本地改善,49,男,2.9,14.3,0.35,30.7,4,2,否,B,agent,0.44,0.57,0.48,0.35,0.31,0.85,0.6,0.75,0.47,自住-改善,一室一厅,67,3938,三甲医院主治医师,二胎黄金期中大户型,三亚中环品质两居，车位及空间极其拥挤,小区无地下车库且人车不分流，小孩在楼下玩耍或者推婴儿车极为不安全。,讲究超高得房率（超85%），主卧套房必须配备独立步入式衣帽间与干湿分离双卫。,无需日常通勤，但要求30分钟内快捷通达凤凰机场或高铁站。,崇尚度假慢生活，清晨沙滩漫步，午后椰林下午茶，酷爱轻户外及后海冲浪。,名下持有一套旧两居，置换回款 65% + 个人理财储蓄补充 + 公积金商业贷,重性价比，不盲信大牌，但要求物业管理有序、绿化修剪及时、人防技防规范。,本地常住人口，四季生活规律，度假频次为常规年假出行。
三_2011_02167,三亚,2011,本地改善,49,女,2.3,11.9,0.35,25.5,3,1,是,B,agent,0.77,0.6,0.58,0.44,0.4,0.74,0.5,0.58,0.49,自住-改善,两室两厅,64,3121,国企中层管理,三口之家(学龄段),三亚中环品质两居，车位及空间极其拥挤,小区无地下车库且人车不分流，小孩在楼下玩耍或者推婴儿车极为不安全。,讲究超高得房率（超85%），主卧套房必须配备独立步入式衣帽间与干湿分离双卫。,无需日常通勤，但要求30分钟内快捷通达凤凰机场或高铁站。,崇尚度假慢生活，清晨沙滩漫步，午后椰林下午茶，酷爱轻户外及后海冲浪。,名下持有一套旧两居，置换回款 65% + 个人理财储蓄补充 + 公积金商业贷,重性价比，不盲信大牌，但要求物业管理有序、绿化修剪及时、人防技防规范。,本地常住人口，四季生活规律，度假频次为常规年假出行。
三_2011_02168,三亚,2011,本地改善,36,男,3.3,17.4,0.35,37.2,6,0,是,B,agent,0.53,0.61,0.62,0.33,0.43,0.77,0.58,0.82,0.42,自住-改善,两室一厅,86,2707,智能新能源车企研发骨干,成熟期核心家庭,三亚中环品质两居，车位及空间极其拥挤,当前房屋属于旧多层无电梯房，父母年纪渐高每天爬楼梯极为吃力。,讲究超高得房率（超85%），主卧套房必须配备独立步入式衣帽间与干湿分离双卫。,无需日常通勤，但要求30分钟内快捷通达凤凰机场或高铁站。,崇尚度假慢生活，清晨沙滩漫步，午后椰林下午茶，酷爱轻户外及后海冲浪。,名下持有一套旧两居，置换回款 65% + 个人理财储蓄补充 + 公积金商业贷,重性价比，不盲信大牌，但要求物业管理有序、绿化修剪及时、人防技防规范。,本地常住人口，四季生活规律，度假频次为常规年假出行。
三_2011_02169,三亚,2011,本地改善,43,女,2.4,14.2,0.35,30.4,4,1,是,B,agent,0.63,0.66,0.48,0.51,0.15,1,0.38,0.73,0.49,自住-改善,两室一厅,82,3041,智能新能源车企研发骨干,三口之家(学龄段),三亚中环品质两居，车位及空间极其拥挤,小区无地下车库且人车不分流，小孩在楼下玩耍或者推婴儿车极为不安全。,讲究超高得房率（超85%），主卧套房必须配备独立步入式衣帽间与干湿分离双卫。,无需日常通勤，但要求30分钟内快捷通达凤凰机场或高铁站。,崇尚度假慢生活，清晨沙滩漫步，午后椰林下午茶，酷爱轻户外及后海冲浪。,名下持有一套旧两居，置换回款 65% + 个人理财储蓄补充 + 公积金商业贷,重性价比，不盲信大牌，但要求物业管理有序、绿化修剪及时、人防技防规范。,本地常住人口，四季生活规律，度假频次为常规年假出行。
三_2011_02170,三亚,2011,本地改善,44,男,3.4,25.8,0.35,55.2,4,0,否,B,agent,0.65,0.51,0.61,0.34,0.39,0.88,0.44,0.73,0.54,自住-改善,一室一厅,57,7608,智能新能源车企研发骨干,成熟期核心家庭,三亚中环品质两居，车位及空间极其拥挤,老小区隔音差，邻里滋扰严重，且车位严重匮乏，每晚加班回来抢车位像打仗。,讲究超高得房率（超85%），主卧套房必须配备独立步入式衣帽间与干湿分离双卫。,无需日常通勤，但要求30分钟内快捷通达凤凰机场或高铁站。,崇尚度假慢生活，清晨沙滩漫步，午后椰林下午茶，酷爱轻户外及后海冲浪。,名下持有一套旧两居，置换回款 65% + 个人理财储蓄补充 + 公积金商业贷,重性价比，不盲信大牌，但要求物业管理有序、绿化修剪及时、人防技防规范。,本地常住人口，四季生活规律，度假频次为常规年假出行。
三_2011_02171,三亚,2011,外地候鸟-华北,74,女,6.0,50.1,0.5,75.2,2,0,否,B,network,0.26,0.47,0.97,0.71,0.63,0.45,0.23,0,0.54,养老,两室一厅,68,9234,高校资深硕导,高知退休康养,三亚中环品质两居，车位及空间极其拥挤,老小区隔音差，邻里滋扰严重，且车位严重匮乏，每晚加班回来抢车位像打仗。,要求独立电梯入户，主次卧动线分明，配备独立保姆房和私密后院。,无需日常通勤，但要求30分钟内快捷通达凤凰机场或高铁站。,崇尚度假慢生活，清晨沙滩漫步，午后椰林下午茶，酷爱轻户外及后海冲浪。,名下持有一套旧两居，置换回款 65% + 个人理财储蓄补充 + 公积金商业贷,重性价比，不盲信大牌，但要求物业管理有序、绿化修剪及时、人防技防规范。,每年11月至次年3月到此度过漫长冬季，极其依赖周边的康养及适老化服务。
三_2011_02172,三亚,2011,本地改善,31,男,2.3,17.0,0.35,36.5,4,1,否,B,agent,0.69,0.51,0.48,0.29,0.47,0.75,0.48,0.75,0.44,自住-改善,一室一厅,51,3648,区级税务局一级主办,三口之家(幼龄段),三亚中环品质两居，车位及空间极其拥挤,小区无地下车库且人车不分流，小孩在楼下玩耍或者推婴儿车极为不安全。,讲究超高得房率（超85%），主卧套房必须配备独立步入式衣帽间与干湿分离双卫。,无需日常通勤，但要求30分钟内快捷通达凤凰机场或高铁站。,崇尚度假慢生活，清晨沙滩漫步，午后椰林下午茶，酷爱轻户外及后海冲浪。,名下持有一套旧两居，置换回款 65% + 个人理财储蓄补充 + 公积金商业贷,重性价比，不盲信大牌，但要求物业管理有序、绿化修剪及时、人防技防规范。,本地常住人口，四季生活规律，度假频次为常规年假出行。
三_2011_02173,三亚,2011,度假投资,44,女,5.7,54.8,0.4,102.7,3,2,否,A,research,0.91,0.41,0.95,0.67,0.73,0.48,0.02,0.08,0.74,度假,一室一厅,85,10197,上市公司退休联合创始人,二胎黄金期中大户型,西湖边高精平层,无高端私密会所及管家式物业配套，圈层鱼龙混杂，高净值居住体验差。,要求有超大面宽南向双阳台（观景家政分离），主卧大飘窗能270度直面自然景观。,无需日常通勤，但要求30分钟内快捷通达凤凰机场或高铁站。,周末常去高端商圈消费，热衷打网球和马术，重度手冲咖啡及黑胶唱片发烧友。,名下已有企业股权套现或分红现金，一次性全款付清，基本不加杠杆,非仁恒、绿城、万科等金牌开发商不买，极度看重高端精装质量与顶级物业的增值口碑。,每年11月至次年3月到此度过漫长冬季，极其依赖周边的康养及适老化服务。
三_2011_02174,三亚,2011,度假投资,53,女,5.2,44.0,0.4,82.5,4,1,是,A,research,1,0.49,0.75,0.64,0.69,0.56,0.07,0,0.88,投资-长持,两室两厅,63,11517,高端海景资产收藏家,三口之家(学龄段),市中心私密洋房住宅,当前房屋属于旧多层无电梯房，父母年纪渐高每天爬楼梯极为吃力。,要求有超大面宽南向双阳台（观景家政分离），主卧大飘窗能270度直面自然景观。,无需日常通勤，但要求30分钟内快捷通达凤凰机场或高铁站。,周末常去高端商圈消费，热衷打网球和马术，重度手冲咖啡及黑胶唱片发烧友。,名下已有企业股权套现或分红现金，一次性全款付清，基本不加杠杆,非仁恒、绿城、万科等金牌开发商不买，极度看重高端精装质量与顶级物业的增值口碑。,每年11月至次年3月到此度过漫长冬季，极其依赖周边的康养及适老化服务。
三_2011_02175,三亚,2011,外地候鸟-华北,67,女,4.2,28.0,0.5,42.1,1,1,否,B,network,0.1,0.49,0.99,0.66,0.6,0.52,0,0,0.5,度假,两室一厅,56,6201,北京三甲医院退休教授,三口之家(学龄段),三亚中环品质两居，车位及空间极其拥挤,小区无地下车库且人车不分流，小孩在楼下玩耍或者推婴儿车极为不安全。,要求有超大面宽南向双阳台（观景家政分离），主卧大飘窗能270度直面自然景观。,无需日常通勤，但要求30分钟内快捷通达凤凰机场或高铁站。,崇尚度假慢生活，清晨沙滩漫步，午后椰林下午茶，酷爱轻户外及后海冲浪。,名下持有一套旧两居，置换回款 65% + 个人理财储蓄补充 + 公积金商业贷,重性价比，不盲信大牌，但要求物业管理有序、绿化修剪及时、人防技防规范。,每年11月至次年3月到此度过漫长冬季，极其依赖周边的康养及适老化服务。
三_2011_02176,三亚,2011,外地候鸟-东北,75,男,2.3,19.0,0.5,28.5,1,0,是,C,network,0.54,0.52,0.99,0.71,0.33,0.57,0.08,0,0.61,度假,两室两厅,61,2874,哈尔滨私营物流老板,高知退休康养,与父母同住，三代人拥挤在旧区小户型老房中,当前房屋属于旧多层无电梯房，父母年纪渐高每天爬楼梯极为吃力。,要求独立电梯入户，主次卧动线分明，配备独立保姆房和私密后院。,无需日常通勤，但要求30分钟内快捷通达凤凰机场或高铁站。,崇尚度假慢生活，清晨沙滩漫步，午后椰林下午茶，酷爱轻户外及后海冲浪。,名下持有一套旧两居，置换回款 65% + 个人理财储蓄补充 + 公积金商业贷,重性价比，不盲信大牌，但要求物业管理有序、绿化修剪及时、人防技防规范。,每年11月至次年3月到此度过漫长冬季，极其依赖周边的康养及适老化服务。
三_2011_02177,三亚,2011,外地候鸟-华北,68,男,5.8,40.5,0.5,60.7,2,1,否,B,network,0.33,0.61,0.92,0.71,0.44,0.42,0,0,0.59,养老,两室两厅,57,7177,央企总部退休总工,三口之家(学龄段),三亚中环品质两居，车位及空间极其拥挤,小区无地下车库且人车不分流，小孩在楼下玩耍或者推婴儿车极为不安全。,要求独立电梯入户，主次卧动线分明，配备独立保姆房和私密后院。,无需日常通勤，但要求30分钟内快捷通达凤凰机场或高铁站。,崇尚度假慢生活，清晨沙滩漫步，午后椰林下午茶，酷爱轻户外及后海冲浪。,名下持有一套旧两居，置换回款 65% + 个人理财储蓄补充 + 公积金商业贷,重性价比，不盲信大牌，但要求物业管理有序、绿化修剪及时、人防技防规范。,每年11月至次年3月到此度过漫长冬季，极其依赖周边的康养及适老化服务。
三_2011_02178,三亚,2011,本地改善,33,女,2.3,10.3,0.35,22.2,4,0,是,B,agent,0.81,0.61,0.5,0.37,0.39,0.65,0.49,0.75,0.49,自住-改善,两室两厅,57,3402,重点中学高级教师,新婚过渡两居,三亚中环品质两居，车位及空间极其拥挤,当前房屋属于旧多层无电梯房，父母年纪渐高每天爬楼梯极为吃力。,核心要求地块属于第一梯队名校学区，且周边500米内解决幼小衔接教育配套。,无需日常通勤，但要求30分钟内快捷通达凤凰机场或高铁站。,崇尚度假慢生活，清晨沙滩漫步，午后椰林下午茶，酷爱轻户外及后海冲浪。,名下持有一套旧两居，置换回款 65% + 个人理财储蓄补充 + 公积金商业贷,重性价比，不盲信大牌，但要求物业管理有序、绿化修剪及时、人防技防规范。,本地常住人口，四季生活规律，度假频次为常规年假出行。
三_2011_02179,三亚,2011,度假投资,39,女,11.8,108.3,0.4,203.2,4,1,否,A,research,1,0.48,0.85,0.54,0.48,0.46,0,0,0.76,投资-长持,三室两厅,140,9708,高端海景资产收藏家,三口之家(学龄段),西湖边高精平层,无高端私密会所及管家式物业配套，圈层鱼龙混杂，高净值居住体验差。,要求有超大面宽南向双阳台（观景家政分离），主卧大飘窗能270度直面自然景观。,无需日常通勤，但要求30分钟内快捷通达凤凰机场或高铁站。,周末常去高端商圈消费，热衷打网球和马术，重度手冲咖啡及黑胶唱片发烧友。,名下已有企业股权套现或分红现金，一次性全款付清，基本不加杠杆,非仁恒、绿城、万科等金牌开发商不买，极度看重高端精装质量与顶级物业的增值口碑。,每年11月至次年3月到此度过漫长冬季，极其依赖周边的康养及适老化服务。
三_2011_02180,三亚,2011,本地改善,40,男,3.0,13.1,0.35,28.1,3,0,否,B,agent,0.86,0.55,0.69,0.42,0.34,0.82,0.62,0.74,0.37,自住-改善,两室两厅,92,2290,国企中层管理,成熟期核心家庭,三亚中环品质两居，车位及空间极其拥挤,老小区隔音差，邻里滋扰严重，且车位严重匮乏，每晚加班回来抢车位像打仗。,讲究超高得房率（超85%），主卧套房必须配备独立步入式衣帽间与干湿分离双卫。,无需日常通勤，但要求30分钟内快捷通达凤凰机场或高铁站。,崇尚度假慢生活，清晨沙滩漫步，午后椰林下午茶，酷爱轻户外及后海冲浪。,名下持有一套旧两居，置换回款 65% + 个人理财储蓄补充 + 公积金商业贷,重性价比，不盲信大牌，但要求物业管理有序、绿化修剪及时、人防技防规范。,本地常住人口，四季生活规律，度假频次为常规年假出行。
三_2011_02181,三亚,2011,本地改善,37,女,2.8,12.6,0.35,27.1,5,1,否,B,agent,0.78,0.69,0.78,0.43,0.41,0.72,0.5,0.77,0.4,自住-改善,两室一厅,71,2023,区级税务局一级主办,三口之家(幼龄段),三亚中环品质两居，车位及空间极其拥挤,小区无地下车库且人车不分流，小孩在楼下玩耍或者推婴儿车极为不安全。,要求有超大面宽南向双阳台（观景家政分离），主卧大飘窗能270度直面自然景观。,无需日常通勤，但要求30分钟内快捷通达凤凰机场或高铁站。,崇尚度假慢生活，清晨沙滩漫步，午后椰林下午茶，酷爱轻户外及后海冲浪。,名下持有一套旧两居，置换回款 65% + 个人理财储蓄补充 + 公积金商业贷,重性价比，不盲信大牌，但要求物业管理有序、绿化修剪及时、人防技防规范。,本地常住人口，四季生活规律，度假频次为常规年假出行。
三_2011_02182,三亚,2011,外地候鸟-华北,75,女,4.5,43.8,0.5,65.7,2,1,否,B,network,0.52,0.67,1,0.75,0.66,0.53,0.01,0,0.53,养老,两室两厅,63,5347,北京三甲医院退休教授,三口之家(学龄段),三亚中环品质两居，车位及空间极其拥挤,小区无地下车库且人车不分流，小孩在楼下玩耍或者推婴儿车极为不安全。,要求独立电梯入户，主次卧动线分明，配备独立保姆房和私密后院。,无需日常通勤，但要求30分钟内快捷通达凤凰机场或高铁站。,崇尚度假慢生活，清晨沙滩漫步，午后椰林下午茶，酷爱轻户外及后海冲浪。,名下持有一套旧两居，置换回款 65% + 个人理财储蓄补充 + 公积金商业贷,重性价比，不盲信大牌，但要求物业管理有序、绿化修剪及时、人防技防规范。,每年11月至次年3月到此度过漫长冬季，极其依赖周边的康养及适老化服务。
三_2011_02183,三亚,2011,本地改善,36,女,2.6,19.4,0.35,41.6,4,1,是,B,agent,0.81,0.62,0.53,0.36,0.28,0.59,0.49,0.68,0.3,自住-改善,两室一厅,72,4352,智能新能源车企研发骨干,三口之家(幼龄段),三亚中环品质两居，车位及空间极其拥挤,小区无地下车库且人车不分流，小孩在楼下玩耍或者推婴儿车极为不安全。,要求采光通透，全明户型，带多功能嵌入式收纳墙以最大化空间利用。,无需日常通勤，但要求30分钟内快捷通达凤凰机场或高铁站。,崇尚度假慢生活，清晨沙滩漫步，午后椰林下午茶，酷爱轻户外及后海冲浪。,名下持有一套旧两居，置换回款 65% + 个人理财储蓄补充 + 公积金商业贷,重性价比，不盲信大牌，但要求物业管理有序、绿化修剪及时、人防技防规范。,本地常住人口，四季生活规律，度假频次为常规年假出行。
三_2011_02184,三亚,2011,外地候鸟-华北,69,女,2.9,21.2,0.5,31.7,1,0,是,B,network,0.5,0.54,0.82,0.71,0.47,0.5,0,0.14,0.63,养老,一室一厅,67,2779,北京三甲医院退休教授,高知退休康养,三亚中环品质两居，车位及空间极其拥挤,当前房屋属于旧多层无电梯房，父母年纪渐高每天爬楼梯极为吃力。,要求独立电梯入户，主次卧动线分明，配备独立保姆房和私密后院。,无需日常通勤，但要求30分钟内快捷通达凤凰机场或高铁站。,崇尚度假慢生活，清晨沙滩漫步，午后椰林下午茶，酷爱轻户外及后海冲浪。,名下持有一套旧两居，置换回款 65% + 个人理财储蓄补充 + 公积金商业贷,重性价比，不盲信大牌，但要求物业管理有序、绿化修剪及时、人防技防规范。,每年11月至次年3月到此度过漫长冬季，极其依赖周边的康养及适老化服务。
三_2011_02185,三亚,2011,度假投资,40,男,7.6,57.8,0.4,108.4,3,2,否,A,research,0.65,0.38,0.79,0.59,0.56,0.54,0.03,0,0.62,投资-长持,一室一厅,94,8043,高端海景资产收藏家,二胎黄金期中大户型,市中心私密洋房住宅,无高端私密会所及管家式物业配套，圈层鱼龙混杂，高净值居住体验差。,要求有超大面宽南向双阳台（观景家政分离），主卧大飘窗能270度直面自然景观。,无需日常通勤，但要求30分钟内快捷通达凤凰机场或高铁站。,周末常去高端商圈消费，热衷打网球和马术，重度手冲咖啡及黑胶唱片发烧友。,名下已有企业股权套现或分红现金，一次性全款付清，基本不加杠杆,重性价比，不盲信大牌，但要求物业管理有序、绿化修剪及时、人防技防规范。,每年11月至次年3月到此度过漫长冬季，极其依赖周边的康养及适老化服务。
三_2011_02186,三亚,2011,本地改善,49,男,3.1,21.5,0.35,46.1,4,1,否,B,agent,0.52,0.52,0.54,0.42,0.51,0.72,0.47,0.72,0.49,自住-改善,一室一厅,96,3411,三甲医院主治医师,三口之家(学龄段),三亚中环品质两居，车位及空间极其拥挤,小区无地下车库且人车不分流，小孩在楼下玩耍或者推婴儿车极为不安全。,讲究超高得房率（超85%），主卧套房必须配备独立步入式衣帽间与干湿分离双卫。,无需日常通勤，但要求30分钟内快捷通达凤凰机场或高铁站。,崇尚度假慢生活，清晨沙滩漫步，午后椰林下午茶，酷爱轻户外及后海冲浪。,名下持有一套旧两居，置换回款 65% + 个人理财储蓄补充 + 公积金商业贷,重性价比，不盲信大牌，但要求物业管理有序、绿化修剪及时、人防技防规范。,本地常住人口，四季生活规律，度假频次为常规年假出行。
三_2011_02187,三亚,2011,本地改善,36,女,2.2,15.9,0.35,34.2,3,1,否,B,agent,0.46,0.49,0.67,0.42,0.51,0.68,0.57,0.58,0.47,自住-改善,两室一厅,75,4024,重点中学高级教师,三口之家(幼龄段),三亚中环品质两居，车位及空间极其拥挤,小区无地下车库且人车不分流，小孩在楼下玩耍或者推婴儿车极为不安全。,要求采光通透，全明户型，带多功能嵌入式收纳墙以最大化空间利用。,无需日常通勤，但要求30分钟内快捷通达凤凰机场或高铁站。,崇尚度假慢生活，清晨沙滩漫步，午后椰林下午茶，酷爱轻户外及后海冲浪。,名下持有一套旧两居，置换回款 65% + 个人理财储蓄补充 + 公积金商业贷,重性价比，不盲信大牌，但要求物业管理有序、绿化修剪及时、人防技防规范。,本地常住人口，四季生活规律，度假频次为常规年假出行。
三_2011_02188,三亚,2011,外地候鸟-华北,72,男,5.6,35.7,0.5,53.6,1,0,否,B,network,0.43,0.63,0.86,0.63,0.8,0.62,0.11,0.05,0.43,养老,两室一厅,99,3437,央企总部退休总工,高知退休康养,三亚中环品质两居，车位及空间极其拥挤,老小区隔音差，邻里滋扰严重，且车位严重匮乏，每晚加班回来抢车位像打仗。,要求有超大面宽南向双阳台（观景家政分离），主卧大飘窗能270度直面自然景观。,无需日常通勤，但要求30分钟内快捷通达凤凰机场或高铁站。,崇尚度假慢生活，清晨沙滩漫步，午后椰林下午茶，酷爱轻户外及后海冲浪。,名下持有一套旧两居，置换回款 65% + 个人理财储蓄补充 + 公积金商业贷,重性价比，不盲信大牌，但要求物业管理有序、绿化修剪及时、人防技防规范。,每年11月至次年3月到此度过漫长冬季，极其依赖周边的康养及适老化服务。
三_2011_02189,三亚,2011,本地改善,33,男,1.6,12.4,0.35,26.6,5,0,是,B,agent,0.76,0.53,0.67,0.4,0.44,0.73,0.61,0.6,0.53,自住-改善,两室一厅,72,3301,三甲医院主治医师,新婚过渡两居,三亚中环品质两居，车位及空间极其拥挤,当前房屋属于旧多层无电梯房，父母年纪渐高每天爬楼梯极为吃力。,讲究超高得房率（超85%），主卧套房必须配备独立步入式衣帽间与干湿分离双卫。,无需日常通勤，但要求30分钟内快捷通达凤凰机场或高铁站。,崇尚度假慢生活，清晨沙滩漫步，午后椰林下午茶，酷爱轻户外及后海冲浪。,名下持有一套旧两居，置换回款 65% + 个人理财储蓄补充 + 公积金商业贷,重性价比，不盲信大牌，但要求物业管理有序、绿化修剪及时、人防技防规范。,本地常住人口，四季生活规律，度假频次为常规年假出行。
三_2011_02190,三亚,2011,外地候鸟-华北,67,女,3.9,26.6,0.5,39.9,3,0,否,B,network,0.5,0.53,0.81,0.65,0.74,0.44,0,0,0.53,度假,两室两厅,53,5163,北京三甲医院退休教授,高知退休康养,三亚中环品质两居，车位及空间极其拥挤,老小区隔音差，邻里滋扰严重，且车位严重匮乏，每晚加班回来抢车位像打仗。,要求有超大面宽南向双阳台（观景家政分离），主卧大飘窗能270度直面自然景观。,无需日常通勤，但要求30分钟内快捷通达凤凰机场或高铁站。,崇尚度假慢生活，清晨沙滩漫步，午后椰林下午茶，酷爱轻户外及后海冲浪。,名下持有一套旧两居，置换回款 65% + 个人理财储蓄补充 + 公积金商业贷,重性价比，不盲信大牌，但要求物业管理有序、绿化修剪及时、人防技防规范。,每年11月至次年3月到此度过漫长冬季，极其依赖周边的康养及适老化服务。
三_2011_02191,三亚,2011,本地改善,46,女,2.2,10.8,0.35,23.1,5,1,否,B,agent,0.77,0.26,0.56,0.57,0.46,0.76,0.48,0.77,0.58,自住-改善,一室一厅,52,3071,重点中学高级教师,三口之家(学龄段),三亚中环品质两居，车位及空间极其拥挤,小区无地下车库且人车不分流，小孩在楼下玩耍或者推婴儿车极为不安全。,讲究超高得房率（超85%），主卧套房必须配备独立步入式衣帽间与干湿分离双卫。,无需日常通勤，但要求30分钟内快捷通达凤凰机场或高铁站。,崇尚度假慢生活，清晨沙滩漫步，午后椰林下午茶，酷爱轻户外及后海冲浪。,名下持有一套旧两居，置换回款 65% + 个人理财储蓄补充 + 公积金商业贷,重性价比，不盲信大牌，但要求物业管理有序、绿化修剪及时、人防技防规范。,本地常住人口，四季生活规律，度假频次为常规年假出行。
三_2011_02192,三亚,2011,外地候鸟-华北,55,女,4.1,29.4,0.5,44.1,1,0,否,B,network,0.33,0.55,1,0.64,0.59,0.46,0,0,0.51,度假,一室一厅,62,4040,央企总部退休总工,高知退休康养,三亚中环品质两居，车位及空间极其拥挤,老小区隔音差，邻里滋扰严重，且车位严重匮乏，每晚加班回来抢车位像打仗。,要求有超大面宽南向双阳台（观景家政分离），主卧大飘窗能270度直面自然景观。,无需日常通勤，但要求30分钟内快捷通达凤凰机场或高铁站。,崇尚度假慢生活，清晨沙滩漫步，午后椰林下午茶，酷爱轻户外及后海冲浪。,名下持有一套旧两居，置换回款 65% + 个人理财储蓄补充 + 公积金商业贷,重性价比，不盲信大牌，但要求物业管理有序、绿化修剪及时、人防技防规范。,每年11月至次年3月到此度过漫长冬季，极其依赖周边的康养及适老化服务。
三_2011_02193,三亚,2011,外地候鸟-西北,64,女,3.9,27.2,0.5,40.8,2,0,否,C,network,0.42,0.76,0.84,0.61,0.66,0.47,0.11,0.08,0.6,养老,一室一厅,57,5997,兰州煤炭物流运输企业主,高知退休康养,与父母同住，三代人拥挤在旧区小户型老房中,老小区隔音差，邻里滋扰严重，且车位严重匮乏，每晚加班回来抢车位像打仗。,要求有超大面宽南向双阳台（观景家政分离），主卧大飘窗能270度直面自然景观。,无需日常通勤，但要求30分钟内快捷通达凤凰机场或高铁站。,崇尚度假慢生活，清晨沙滩漫步，午后椰林下午茶，酷爱轻户外及后海冲浪。,名下持有一套旧两居，置换回款 65% + 个人理财储蓄补充 + 公积金商业贷,重性价比，不盲信大牌，但要求物业管理有序、绿化修剪及时、人防技防规范。,每年11月至次年3月到此度过漫长冬季，极其依赖周边的康养及适老化服务。
三_2011_02194,三亚,2011,本地改善,34,女,3.6,24.3,0.35,52.0,4,0,否,B,agent,0.79,0.59,0.62,0.42,0.38,0.83,0.48,0.65,0.6,自住-改善,两室两厅,68,4400,国企中层管理,新婚过渡两居,三亚中环品质两居，车位及空间极其拥挤,老小区隔音差，邻里滋扰严重，且车位严重匮乏，每晚加班回来抢车位像打仗。,讲究超高得房率（超85%），主卧套房必须配备独立步入式衣帽间与干湿分离双卫。,无需日常通勤，但要求30分钟内快捷通达凤凰机场或高铁站。,崇尚度假慢生活，清晨沙滩漫步，午后椰林下午茶，酷爱轻户外及后海冲浪。,名下持有一套旧两居，置换回款 65% + 个人理财储蓄补充 + 公积金商业贷,重性价比，不盲信大牌，但要求物业管理有序、绿化修剪及时、人防技防规范。,本地常住人口，四季生活规律，度假频次为常规年假出行。
三_2011_02195,三亚,2011,本地改善,47,女,2.9,21.2,0.35,45.4,5,1,否,B,agent,0.65,0.6,0.54,0.53,0.44,0.74,0.52,0.63,0.52,自住-改善,两室一厅,57,4617,重点中学高级教师,三口之家(学龄段),三亚中环品质两居，车位及空间极其拥挤,小区无地下车库且人车不分流，小孩在楼下玩耍或者推婴儿车极为不安全。,讲究超高得房率（超85%），主卧套房必须配备独立步入式衣帽间与干湿分离双卫。,无需日常通勤，但要求30分钟内快捷通达凤凰机场或高铁站。,崇尚度假慢生活，清晨沙滩漫步，午后椰林下午茶，酷爱轻户外及后海冲浪。,名下持有一套旧两居，置换回款 65% + 个人理财储蓄补充 + 公积金商业贷,重性价比，不盲信大牌，但要求物业管理有序、绿化修剪及时、人防技防规范。,本地常住人口，四季生活规律，度假频次为常规年假出行。
三_2011_02196,三亚,2011,外地候鸟-东北,63,女,1.6,7.8,0.5,11.7,3,0,否,C,network,0.57,0.64,0.92,0.61,0.41,0.52,0.04,0.1,0.39,养老,一室一厅,70,1408,哈尔滨高校退休处长,高知退休康养,与父母同住，三代人拥挤在旧区小户型老房中,老小区隔音差，邻里滋扰严重，且车位严重匮乏，每晚加班回来抢车位像打仗。,要求有超大面宽南向双阳台（观景家政分离），主卧大飘窗能270度直面自然景观。,无需日常通勤，但要求30分钟内快捷通达凤凰机场或高铁站。,崇尚度假慢生活，清晨沙滩漫步，午后椰林下午茶，酷爱轻户外及后海冲浪。,名下持有一套旧两居，置换回款 65% + 个人理财储蓄补充 + 公积金商业贷,重性价比，不盲信大牌，但要求物业管理有序、绿化修剪及时、人防技防规范。,每年11月至次年3月到此度过漫长冬季，极其依赖周边的康养及适老化服务。
三_2011_02197,三亚,2011,本地改善,49,男,2.7,18.7,0.35,40.1,5,1,是,B,agent,0.93,0.67,0.56,0.53,0.49,0.79,0.49,0.7,0.56,自住-改善,两室两厅,91,2952,重点中学高级教师,三口之家(学龄段),三亚中环品质两居，车位及空间极其拥挤,小区无地下车库且人车不分流，小孩在楼下玩耍或者推婴儿车极为不安全。,讲究超高得房率（超85%），主卧套房必须配备独立步入式衣帽间与干湿分离双卫。,无需日常通勤，但要求30分钟内快捷通达凤凰机场或高铁站。,崇尚度假慢生活，清晨沙滩漫步，午后椰林下午茶，酷爱轻户外及后海冲浪。,名下持有一套旧两居，置换回款 65% + 个人理财储蓄补充 + 公积金商业贷,重性价比，不盲信大牌，但要求物业管理有序、绿化修剪及时、人防技防规范。,本地常住人口，四季生活规律，度假频次为常规年假出行。
三_2011_02198,三亚,2011,度假投资,40,女,5.5,48.1,0.4,90.2,3,1,否,A,research,0.77,0.37,0.76,0.59,0.41,0.44,0.0,0,0.7,投资-短期,两室一厅,53,13080,上市公司退休联合创始人,三口之家(学龄段),陆家嘴核心区江景大平层,无高端私密会所及管家式物业配套，圈层鱼龙混杂，高净值居住体验差。,要求有超大面宽南向双阳台（观景家政分离），主卧大飘窗能270度直面自然景观。,无需日常通勤，但要求30分钟内快捷通达凤凰机场或高铁站。,周末常去高端商圈消费，热衷打网球和马术，重度手冲咖啡及黑胶唱片发烧友。,名下已有企业股权套现或分红现金，一次性全款付清，基本不加杠杆,非仁恒、绿城、万科等金牌开发商不买，极度看重高端精装质量与顶级物业的增值口碑。,每年11月至次年3月到此度过漫长冬季，极其依赖周边的康养及适老化服务。
三_2011_02199,三亚,2011,度假投资,37,女,6.2,52.4,0.4,98.3,5,1,否,A,research,1,0.35,0.94,0.47,0.63,0.44,0.08,0.04,0.61,度假,一室一厅,69,7529,上市公司退休联合创始人,三口之家(幼龄段),西湖边高精平层,无高端私密会所及管家式物业配套，圈层鱼龙混杂，高净值居住体验差。,要求有超大面宽南向双阳台（观景家政分离），主卧大飘窗能270度直面自然景观。,无需日常通勤，但要求30分钟内快捷通达凤凰机场或高铁站。,周末常去高端商圈消费，热衷打网球和马术，重度手冲咖啡及黑胶唱片发烧友。,名下已有企业股权套现或分红现金，一次性全款付清，基本不加杠杆,重性价比，不盲信大牌，但要求物业管理有序、绿化修剪及时、人防技防规范。,每年11月至次年3月到此度过漫长冬季，极其依赖周边的康养及适老化服务。
三_2011_02200,三亚,2011,本地改善,45,女,1.2,7.0,0.35,14.9,4,1,否,B,agent,0.92,0.5,0.55,0.46,0.45,0.68,0.52,0.69,0.4,自住-改善,一室一厅,60,1834,智能新能源车企研发骨干,三口之家(学龄段),三亚中环品质两居，车位及空间极其拥挤,小区无地下车库且人车不分流，小孩在楼下玩耍或者推婴儿车极为不安全。,要求采光通透，全明户型，带多功能嵌入式收纳墙以最大化空间利用。,无需日常通勤，但要求30分钟内快捷通达凤凰机场或高铁站。,崇尚度假慢生活，清晨沙滩漫步，午后椰林下午茶，酷爱轻户外及后海冲浪。,名下持有一套旧两居，置换回款 65% + 个人理财储蓄补充 + 公积金商业贷,重性价比，不盲信大牌，但要求物业管理有序、绿化修剪及时、人防技防规范。,本地常住人口，四季生活规律，度假频次为常规年假出行。
三_2011_02201,三亚,2011,外地候鸟-西北,68,女,3.7,21.9,0.5,32.9,2,1,否,C,network,0.45,0.64,0.94,0.63,0.62,0.65,0.09,0.11,0.65,养老,一室一厅,73,3838,兰州煤炭物流运输企业主,三口之家(学龄段),与父母同住，三代人拥挤在旧区小户型老房中,小区无地下车库且人车不分流，小孩在楼下玩耍或者推婴儿车极为不安全。,要求有超大面宽南向双阳台（观景家政分离），主卧大飘窗能270度直面自然景观。,无需日常通勤，但要求30分钟内快捷通达凤凰机场或高铁站。,崇尚度假慢生活，清晨沙滩漫步，午后椰林下午茶，酷爱轻户外及后海冲浪。,名下持有一套旧两居，置换回款 65% + 个人理财储蓄补充 + 公积金商业贷,重性价比，不盲信大牌，但要求物业管理有序、绿化修剪及时、人防技防规范。,每年11月至次年3月到此度过漫长冬季，极其依赖周边的康养及适老化服务。
三_2011_02202,三亚,2011,本地改善,42,男,1.9,9.8,0.35,21.0,4,1,是,B,agent,0.68,0.53,0.55,0.53,0.43,0.8,0.48,0.78,0.47,自住-改善,一室一厅,63,2664,三甲医院主治医师,三口之家(学龄段),三亚中环品质两居，车位及空间极其拥挤,小区无地下车库且人车不分流，小孩在楼下玩耍或者推婴儿车极为不安全。,讲究超高得房率（超85%），主卧套房必须配备独立步入式衣帽间与干湿分离双卫。,无需日常通勤，但要求30分钟内快捷通达凤凰机场或高铁站。,崇尚度假慢生活，清晨沙滩漫步，午后椰林下午茶，酷爱轻户外及后海冲浪。,名下持有一套旧两居，置换回款 65% + 个人理财储蓄补充 + 公积金商业贷,重性价比，不盲信大牌，但要求物业管理有序、绿化修剪及时、人防技防规范。,本地常住人口，四季生活规律，度假频次为常规年假出行。
三_2011_02203,三亚,2011,外地候鸟-东北,65,女,3.3,19.2,0.5,28.8,2,1,否,C,network,0.44,0.56,0.97,0.73,0.54,0.53,0.04,0,0.53,养老,两室一厅,66,2266,哈尔滨私营物流老板,三口之家(学龄段),与父母同住，三代人拥挤在旧区小户型老房中,小区无地下车库且人车不分流，小孩在楼下玩耍或者推婴儿车极为不安全。,要求独立电梯入户，主次卧动线分明，配备独立保姆房和私密后院。,无需日常通勤，但要求30分钟内快捷通达凤凰机场或高铁站。,崇尚度假慢生活，清晨沙滩漫步，午后椰林下午茶，酷爱轻户外及后海冲浪。,名下持有一套旧两居，置换回款 65% + 个人理财储蓄补充 + 公积金商业贷,重性价比，不盲信大牌，但要求物业管理有序、绿化修剪及时、人防技防规范。,每年11月至次年3月到此度过漫长冬季，极其依赖周边的康养及适老化服务。
三_2011_02204,三亚,2011,本地改善,40,女,5.1,26.1,0.35,56.0,5,1,否,B,agent,0.95,0.56,0.46,0.53,0.39,0.67,0.49,0.78,0.42,自住-改善,两室一厅,56,6558,智能新能源车企研发骨干,三口之家(学龄段),三亚中环品质两居，车位及空间极其拥挤,小区无地下车库且人车不分流，小孩在楼下玩耍或者推婴儿车极为不安全。,核心要求地块属于第一梯队名校学区，且周边500米内解决幼小衔接教育配套。,无需日常通勤，但要求30分钟内快捷通达凤凰机场或高铁站。,崇尚度假慢生活，清晨沙滩漫步，午后椰林下午茶，酷爱轻户外及后海冲浪。,名下持有一套旧两居，置换回款 65% + 个人理财储蓄补充 + 公积金商业贷,重性价比，不盲信大牌，但要求物业管理有序、绿化修剪及时、人防技防规范。,本地常住人口，四季生活规律，度假频次为常规年假出行。
三_2011_02205,三亚,2011,本地改善,32,女,1.7,10.9,0.35,23.4,4,2,是,B,agent,0.71,0.61,0.54,0.56,0.18,0.81,0.38,0.65,0.36,自住-改善,一室一厅,73,2044,区级税务局一级主办,二胎黄金期中大户型,三亚中环品质两居，车位及空间极其拥挤,小区无地下车库且人车不分流，小孩在楼下玩耍或者推婴儿车极为不安全。,讲究超高得房率（超85%），主卧套房必须配备独立步入式衣帽间与干湿分离双卫。,无需日常通勤，但要求30分钟内快捷通达凤凰机场或高铁站。,崇尚度假慢生活，清晨沙滩漫步，午后椰林下午茶，酷爱轻户外及后海冲浪。,名下持有一套旧两居，置换回款 65% + 个人理财储蓄补充 + 公积金商业贷,重性价比，不盲信大牌，但要求物业管理有序、绿化修剪及时、人防技防规范。,本地常住人口，四季生活规律，度假频次为常规年假出行。
三_2011_02206,三亚,2011,外地候鸟-华北,70,男,2.8,23.5,0.5,35.3,1,0,否,B,network,0.79,0.55,0.93,0.73,0.63,0.52,0.16,0.09,0.56,养老,一室一厅,82,2591,央企总部退休总工,高知退休康养,三亚中环品质两居，车位及空间极其拥挤,老小区隔音差，邻里滋扰严重，且车位严重匮乏，每晚加班回来抢车位像打仗。,要求独立电梯入户，主次卧动线分明，配备独立保姆房和私密后院。,无需日常通勤，但要求30分钟内快捷通达凤凰机场或高铁站。,崇尚度假慢生活，清晨沙滩漫步，午后椰林下午茶，酷爱轻户外及后海冲浪。,名下持有一套旧两居，置换回款 65% + 个人理财储蓄补充 + 公积金商业贷,重性价比，不盲信大牌，但要求物业管理有序、绿化修剪及时、人防技防规范。,每年11月至次年3月到此度过漫长冬季，极其依赖周边的康养及适老化服务。
三_2011_02207,三亚,2011,度假投资,40,男,6.5,53.7,0.4,100.7,2,0,否,A,research,1.0,0.32,0.81,0.65,0.61,0.39,0.07,0,0.72,投资-长持,两室一厅,82,7388,高端海景资产收藏家,成熟期核心家庭,市中心私密洋房住宅,无高端私密会所及管家式物业配套，圈层鱼龙混杂，高净值居住体验差。,要求有超大面宽南向双阳台（观景家政分离），主卧大飘窗能270度直面自然景观。,无需日常通勤，但要求30分钟内快捷通达凤凰机场或高铁站。,周末常去高端商圈消费，热衷打网球和马术，重度手冲咖啡及黑胶唱片发烧友。,名下已有企业股权套现或分红现金，一次性全款付清，基本不加杠杆,非仁恒、绿城、万科等金牌开发商不买，极度看重高端精装质量与顶级物业的增值口碑。,每年11月至次年3月到此度过漫长冬季，极其依赖周边的康养及适老化服务。
三_2011_02208,三亚,2011,外地候鸟-东北,63,女,4.6,35.6,0.5,53.5,2,0,否,C,network,0.42,0.62,0.95,0.75,0.37,0.52,0.13,0.24,0.61,度假,两室一厅,91,3544,哈尔滨高校退休处长,高知退休康养,与父母同住，三代人拥挤在旧区小户型老房中,老小区隔音差，邻里滋扰严重，且车位严重匮乏，每晚加班回来抢车位像打仗。,要求独立电梯入户，主次卧动线分明，配备独立保姆房和私密后院。,无需日常通勤，但要求30分钟内快捷通达凤凰机场或高铁站。,崇尚度假慢生活，清晨沙滩漫步，午后椰林下午茶，酷爱轻户外及后海冲浪。,名下持有一套旧两居，置换回款 65% + 个人理财储蓄补充 + 公积金商业贷,重性价比，不盲信大牌，但要求物业管理有序、绿化修剪及时、人防技防规范。,每年11月至次年3月到此度过漫长冬季，极其依赖周边的康养及适老化服务。
三_2011_02209,三亚,2011,本地改善,49,女,2.6,11.9,0.35,25.4,3,1,是,B,agent,0.81,0.62,0.63,0.53,0.34,0.64,0.52,0.56,0.36,自住-改善,两室一厅,74,2977,重点中学高级教师,三口之家(学龄段),三亚中环品质两居，车位及空间极其拥挤,小区无地下车库且人车不分流，小孩在楼下玩耍或者推婴儿车极为不安全。,要求采光通透，全明户型，带多功能嵌入式收纳墙以最大化空间利用。,无需日常通勤，但要求30分钟内快捷通达凤凰机场或高铁站。,崇尚度假慢生活，清晨沙滩漫步，午后椰林下午茶，酷爱轻户外及后海冲浪。,名下持有一套旧两居，置换回款 65% + 个人理财储蓄补充 + 公积金商业贷,重性价比，不盲信大牌，但要求物业管理有序、绿化修剪及时、人防技防规范。,本地常住人口，四季生活规律，度假频次为常规年假出行。
三_2011_02210,三亚,2011,高净值康养,56,女,6.0,63.4,0.6,79.2,1,1,否,A,network,0.78,0.35,1,1,0.83,0.53,0,0,0.98,度假,一室一厅,63,6572,上市公司退休联合创始人,三口之家(学龄段),西湖边高精平层,无高端私密会所及管家式物业配套，圈层鱼龙混杂，高净值居住体验差。,要求独立电梯入户，主次卧动线分明，配备独立保姆房和私密后院。,无需日常通勤，但要求30分钟内快捷通达凤凰机场或高铁站。,周末常去高端商圈消费，热衷打网球和马术，重度手冲咖啡及黑胶唱片发烧友。,名下已有企业股权套现或分红现金，一次性全款付清，基本不加杠杆,非仁恒、绿城、万科等金牌开发商不买，极度看重高端精装质量与顶级物业的增值口碑。,本地常住人口，四季生活规律，度假频次为常规年假出行。
三_2011_02211,三亚,2011,外地候鸟-西北,72,女,3.3,22.6,0.5,33.9,2,0,否,C,network,0.33,0.54,0.92,0.67,0.62,0.48,0,0.08,0.51,养老,两室两厅,94,2765,兰州煤炭物流运输企业主,高知退休康养,与父母同住，三代人拥挤在旧区小户型老房中,老小区隔音差，邻里滋扰严重，且车位严重匮乏，每晚加班回来抢车位像打仗。,要求有超大面宽南向双阳台（观景家政分离），主卧大飘窗能270度直面自然景观。,无需日常通勤，但要求30分钟内快捷通达凤凰机场或高铁站。,崇尚度假慢生活，清晨沙滩漫步，午后椰林下午茶，酷爱轻户外及后海冲浪。,名下持有一套旧两居，置换回款 65% + 个人理财储蓄补充 + 公积金商业贷,重性价比，不盲信大牌，但要求物业管理有序、绿化修剪及时、人防技防规范。,每年11月至次年3月到此度过漫长冬季，极其依赖周边的康养及适老化服务。
三_2011_02212,三亚,2011,度假投资,43,女,11.6,89.5,0.4,167.8,4,0,否,A,research,0.92,0.32,0.93,0.63,0.54,0.43,0.02,0,0.77,度假,两室两厅,91,12904,高端海景资产收藏家,成熟期核心家庭,市中心私密洋房住宅,无高端私密会所及管家式物业配套，圈层鱼龙混杂，高净值居住体验差。,要求有超大面宽南向双阳台（观景家政分离），主卧大飘窗能270度直面自然景观。,无需日常通勤，但要求30分钟内快捷通达凤凰机场或高铁站。,周末常去高端商圈消费，热衷打网球和马术，重度手冲咖啡及黑胶唱片发烧友。,名下已有企业股权套现或分红现金，一次性全款付清，基本不加杠杆,非仁恒、绿城、万科等金牌开发商不买，极度看重高端精装质量与顶级物业的增值口碑。,每年11月至次年3月到此度过漫长冬季，极其依赖周边的康养及适老化服务。
三_2011_02213,三亚,2011,外地候鸟-华北,71,女,2.2,16.8,0.5,25.1,1,0,否,B,network,0.56,0.57,1.0,0.68,0.52,0.64,0,0,0.57,养老,两室两厅,90,2310,央企总部退休总工,高知退休康养,三亚中环品质两居，车位及空间极其拥挤,老小区隔音差，邻里滋扰严重，且车位严重匮乏，每晚加班回来抢车位像打仗。,要求有超大面宽南向双阳台（观景家政分离），主卧大飘窗能270度直面自然景观。,无需日常通勤，但要求30分钟内快捷通达凤凰机场或高铁站。,崇尚度假慢生活，清晨沙滩漫步，午后椰林下午茶，酷爱轻户外及后海冲浪。,名下持有一套旧两居，置换回款 65% + 个人理财储蓄补充 + 公积金商业贷,重性价比，不盲信大牌，但要求物业管理有序、绿化修剪及时、人防技防规范。,每年11月至次年3月到此度过漫长冬季，极其依赖周边的康养及适老化服务。
三_2011_02214,三亚,2011,本地改善,48,女,2.7,19.1,0.35,40.8,5,1,否,B,agent,0.65,0.51,0.58,0.46,0.44,0.76,0.61,0.75,0.42,自住-改善,一室一厅,50,5315,重点中学高级教师,三口之家(学龄段),三亚中环品质两居，车位及空间极其拥挤,小区无地下车库且人车不分流，小孩在楼下玩耍或者推婴儿车极为不安全。,讲究超高得房率（超85%），主卧套房必须配备独立步入式衣帽间与干湿分离双卫。,无需日常通勤，但要求30分钟内快捷通达凤凰机场或高铁站。,崇尚度假慢生活，清晨沙滩漫步，午后椰林下午茶，酷爱轻户外及后海冲浪。,名下持有一套旧两居，置换回款 65% + 个人理财储蓄补充 + 公积金商业贷,重性价比，不盲信大牌，但要求物业管理有序、绿化修剪及时、人防技防规范。,本地常住人口，四季生活规律，度假频次为常规年假出行。
三_2011_02215,三亚,2011,外地候鸟-华北,62,女,3.1,20.0,0.5,30.0,1,0,否,B,network,0.38,0.68,1,0.67,0.54,0.52,0.02,0,0.5,养老,两室一厅,78,2170,央企总部退休总工,高知退休康养,三亚中环品质两居，车位及空间极其拥挤,老小区隔音差，邻里滋扰严重，且车位严重匮乏，每晚加班回来抢车位像打仗。,要求有超大面宽南向双阳台（观景家政分离），主卧大飘窗能270度直面自然景观。,无需日常通勤，但要求30分钟内快捷通达凤凰机场或高铁站。,崇尚度假慢生活，清晨沙滩漫步，午后椰林下午茶，酷爱轻户外及后海冲浪。,名下持有一套旧两居，置换回款 65% + 个人理财储蓄补充 + 公积金商业贷,重性价比，不盲信大牌，但要求物业管理有序、绿化修剪及时、人防技防规范。,每年11月至次年3月到此度过漫长冬季，极其依赖周边的康养及适老化服务。
三_2011_02216,三亚,2011,外地候鸟-华北,62,男,6.4,37.7,0.5,56.5,2,0,否,B,network,0.4,0.42,0.95,0.74,0.48,0.59,0.1,0,0.58,养老,两室一厅,65,7618,央企总部退休总工,高知退休康养,三亚中环品质两居，车位及空间极其拥挤,老小区隔音差，邻里滋扰严重，且车位严重匮乏，每晚加班回来抢车位像打仗。,要求独立电梯入户，主次卧动线分明，配备独立保姆房和私密后院。,无需日常通勤，但要求30分钟内快捷通达凤凰机场或高铁站。,崇尚度假慢生活，清晨沙滩漫步，午后椰林下午茶，酷爱轻户外及后海冲浪。,名下持有一套旧两居，置换回款 65% + 个人理财储蓄补充 + 公积金商业贷,重性价比，不盲信大牌，但要求物业管理有序、绿化修剪及时、人防技防规范。,每年11月至次年3月到此度过漫长冬季，极其依赖周边的康养及适老化服务。
三_2011_02217,三亚,2011,外地候鸟-华北,69,女,2.1,16.9,0.5,25.3,1,0,否,B,network,0.4,0.39,1,0.73,0.64,0.39,0,0,0.51,度假,两室一厅,71,2446,高校资深硕导,高知退休康养,三亚中环品质两居，车位及空间极其拥挤,老小区隔音差，邻里滋扰严重，且车位严重匮乏，每晚加班回来抢车位像打仗。,要求独立电梯入户，主次卧动线分明，配备独立保姆房和私密后院。,无需日常通勤，但要求30分钟内快捷通达凤凰机场或高铁站。,崇尚度假慢生活，清晨沙滩漫步，午后椰林下午茶，酷爱轻户外及后海冲浪。,名下持有一套旧两居，置换回款 65% + 个人理财储蓄补充 + 公积金商业贷,重性价比，不盲信大牌，但要求物业管理有序、绿化修剪及时、人防技防规范。,每年11月至次年3月到此度过漫长冬季，极其依赖周边的康养及适老化服务。
三_2011_02218,三亚,2011,外地候鸟-东北,72,男,4.8,32.0,0.5,48.0,2,0,否,C,network,0.39,0.69,1.0,0.6,0.54,0.44,0.19,0,0.49,度假,两室两厅,52,6910,沈阳大型重工企业退休副厂长,高知退休康养,与父母同住，三代人拥挤在旧区小户型老房中,老小区隔音差，邻里滋扰严重，且车位严重匮乏，每晚加班回来抢车位像打仗。,要求有超大面宽南向双阳台（观景家政分离），主卧大飘窗能270度直面自然景观。,无需日常通勤，但要求30分钟内快捷通达凤凰机场或高铁站。,崇尚度假慢生活，清晨沙滩漫步，午后椰林下午茶，酷爱轻户外及后海冲浪。,名下持有一套旧两居，置换回款 65% + 个人理财储蓄补充 + 公积金商业贷,重性价比，不盲信大牌，但要求物业管理有序、绿化修剪及时、人防技防规范。,每年11月至次年3月到此度过漫长冬季，极其依赖周边的康养及适老化服务。
三_2011_02219,三亚,2011,度假投资,54,男,9.0,79.3,0.4,148.7,2,0,否,A,research,0.82,0.38,0.94,0.51,0.48,0.35,0.05,0.1,0.85,度假,两室两厅,60,19270,高端海景资产收藏家,成熟期核心家庭,西湖边高精平层,无高端私密会所及管家式物业配套，圈层鱼龙混杂，高净值居住体验差。,要求有超大面宽南向双阳台（观景家政分离），主卧大飘窗能270度直面自然景观。,无需日常通勤，但要求30分钟内快捷通达凤凰机场或高铁站。,周末常去高端商圈消费，热衷打网球和马术，重度手冲咖啡及黑胶唱片发烧友。,名下已有企业股权套现或分红现金，一次性全款付清，基本不加杠杆,非仁恒、绿城、万科等金牌开发商不买，极度看重高端精装质量与顶级物业的增值口碑。,每年11月至次年3月到此度过漫长冬季，极其依赖周边的康养及适老化服务。
三_2011_02220,三亚,2011,本地改善,47,女,3.8,17.7,0.35,37.9,4,1,否,B,agent,0.75,0.48,0.55,0.56,0.46,0.88,0.41,0.68,0.42,自住-改善,两室一厅,96,2537,智能新能源车企研发骨干,三口之家(学龄段),三亚中环品质两居，车位及空间极其拥挤,小区无地下车库且人车不分流，小孩在楼下玩耍或者推婴儿车极为不安全。,讲究超高得房率（超85%），主卧套房必须配备独立步入式衣帽间与干湿分离双卫。,无需日常通勤，但要求30分钟内快捷通达凤凰机场或高铁站。,崇尚度假慢生活，清晨沙滩漫步，午后椰林下午茶，酷爱轻户外及后海冲浪。,名下持有一套旧两居，置换回款 65% + 个人理财储蓄补充 + 公积金商业贷,重性价比，不盲信大牌，但要求物业管理有序、绿化修剪及时、人防技防规范。,本地常住人口，四季生活规律，度假频次为常规年假出行。
三_2011_02221,三亚,2011,外地候鸟-华北,57,女,1.8,12.4,0.5,18.6,1,0,否,B,network,0.44,0.44,0.86,0.69,0.54,0.57,0,0,0.55,养老,两室两厅,80,1707,央企总部退休总工,高知退休康养,三亚中环品质两居，车位及空间极其拥挤,老小区隔音差，邻里滋扰严重，且车位严重匮乏，每晚加班回来抢车位像打仗。,要求有超大面宽南向双阳台（观景家政分离），主卧大飘窗能270度直面自然景观。,无需日常通勤，但要求30分钟内快捷通达凤凰机场或高铁站。,崇尚度假慢生活，清晨沙滩漫步，午后椰林下午茶，酷爱轻户外及后海冲浪。,名下持有一套旧两居，置换回款 65% + 个人理财储蓄补充 + 公积金商业贷,重性价比，不盲信大牌，但要求物业管理有序、绿化修剪及时、人防技防规范。,每年11月至次年3月到此度过漫长冬季，极其依赖周边的康养及适老化服务。
三_2011_02222,三亚,2011,本地改善,47,男,2.6,11.1,0.35,23.8,5,2,是,B,agent,0.79,0.53,0.5,0.61,0.38,0.76,0.52,0.79,0.49,自住-改善,两室一厅,68,2834,三甲医院主治医师,二胎黄金期中大户型,三亚中环品质两居，车位及空间极其拥挤,小区无地下车库且人车不分流，小孩在楼下玩耍或者推婴儿车极为不安全。,讲究超高得房率（超85%），主卧套房必须配备独立步入式衣帽间与干湿分离双卫。,无需日常通勤，但要求30分钟内快捷通达凤凰机场或高铁站。,崇尚度假慢生活，清晨沙滩漫步，午后椰林下午茶，酷爱轻户外及后海冲浪。,名下持有一套旧两居，置换回款 65% + 个人理财储蓄补充 + 公积金商业贷,重性价比，不盲信大牌，但要求物业管理有序、绿化修剪及时、人防技防规范。,本地常住人口，四季生活规律，度假频次为常规年假出行。
三_2011_02223,三亚,2011,本地改善,39,男,2.2,12.8,0.35,27.4,4,1,否,B,agent,0.36,0.5,0.68,0.45,0.42,0.77,0.43,0.72,0.56,自住-改善,一室一厅,78,2488,区级税务局一级主办,三口之家(学龄段),三亚中环品质两居，车位及空间极其拥挤,小区无地下车库且人车不分流，小孩在楼下玩耍或者推婴儿车极为不安全。,讲究超高得房率（超85%），主卧套房必须配备独立步入式衣帽间与干湿分离双卫。,无需日常通勤，但要求30分钟内快捷通达凤凰机场或高铁站。,崇尚度假慢生活，清晨沙滩漫步，午后椰林下午茶，酷爱轻户外及后海冲浪。,名下持有一套旧两居，置换回款 65% + 个人理财储蓄补充 + 公积金商业贷,重性价比，不盲信大牌，但要求物业管理有序、绿化修剪及时、人防技防规范。,本地常住人口，四季生活规律，度假频次为常规年假出行。
三_2011_02224,三亚,2011,度假投资,55,女,14.3,142.4,0.4,267.0,2,1,否,A,research,1,0.31,0.83,0.53,0.53,0.38,0.15,0.2,0.94,投资-长持,两室两厅,130,16038,上市公司退休联合创始人,三口之家(学龄段),西湖边高精平层,无高端私密会所及管家式物业配套，圈层鱼龙混杂，高净值居住体验差。,要求有超大面宽南向双阳台（观景家政分离），主卧大飘窗能270度直面自然景观。,无需日常通勤，但要求30分钟内快捷通达凤凰机场或高铁站。,周末常去高端商圈消费，热衷打网球和马术，重度手冲咖啡及黑胶唱片发烧友。,名下已有企业股权套现或分红现金，一次性全款付清，基本不加杠杆,非仁恒、绿城、万科等金牌开发商不买，极度看重高端精装质量与顶级物业的增值口碑。,每年11月至次年3月到此度过漫长冬季，极其依赖周边的康养及适老化服务。
三_2011_02225,三亚,2011,本地改善,41,女,1.6,10.1,0.35,21.7,3,1,是,B,agent,0.86,0.6,0.53,0.38,0.26,0.69,0.56,0.72,0.49,自住-改善,两室两厅,81,1515,三甲医院主治医师,三口之家(学龄段),三亚中环品质两居，车位及空间极其拥挤,小区无地下车库且人车不分流，小孩在楼下玩耍或者推婴儿车极为不安全。,核心要求地块属于第一梯队名校学区，且周边500米内解决幼小衔接教育配套。,无需日常通勤，但要求30分钟内快捷通达凤凰机场或高铁站。,崇尚度假慢生活，清晨沙滩漫步，午后椰林下午茶，酷爱轻户外及后海冲浪。,名下持有一套旧两居，置换回款 65% + 个人理财储蓄补充 + 公积金商业贷,重性价比，不盲信大牌，但要求物业管理有序、绿化修剪及时、人防技防规范。,本地常住人口，四季生活规律，度假频次为常规年假出行。
三_2011_02226,三亚,2011,本地改善,37,女,3.2,19.2,0.35,41.2,3,1,是,B,agent,0.88,0.55,0.66,0.58,0.38,0.81,0.5,0.7,0.45,自住-改善,两室两厅,89,2980,国企中层管理,三口之家(幼龄段),三亚中环品质两居，车位及空间极其拥挤,小区无地下车库且人车不分流，小孩在楼下玩耍或者推婴儿车极为不安全。,讲究超高得房率（超85%），主卧套房必须配备独立步入式衣帽间与干湿分离双卫。,无需日常通勤，但要求30分钟内快捷通达凤凰机场或高铁站。,崇尚度假慢生活，清晨沙滩漫步，午后椰林下午茶，酷爱轻户外及后海冲浪。,名下持有一套旧两居，置换回款 65% + 个人理财储蓄补充 + 公积金商业贷,重性价比，不盲信大牌，但要求物业管理有序、绿化修剪及时、人防技防规范。,本地常住人口，四季生活规律，度假频次为常规年假出行。
三_2011_02227,三亚,2011,本地改善,46,男,3.0,20.5,0.35,44.0,4,2,是,B,agent,0.9,0.59,0.66,0.42,0.44,0.76,0.4,0.69,0.49,自住-改善,一室一厅,54,5904,重点中学高级教师,二胎黄金期中大户型,三亚中环品质两居，车位及空间极其拥挤,小区无地下车库且人车不分流，小孩在楼下玩耍或者推婴儿车极为不安全。,讲究超高得房率（超85%），主卧套房必须配备独立步入式衣帽间与干湿分离双卫。,无需日常通勤，但要求30分钟内快捷通达凤凰机场或高铁站。,崇尚度假慢生活，清晨沙滩漫步，午后椰林下午茶，酷爱轻户外及后海冲浪。,名下持有一套旧两居，置换回款 65% + 个人理财储蓄补充 + 公积金商业贷,重性价比，不盲信大牌，但要求物业管理有序、绿化修剪及时、人防技防规范。,本地常住人口，四季生活规律，度假频次为常规年假出行。
三_2011_02228,三亚,2011,外地候鸟-东北,65,男,1.4,12.1,0.5,18.1,2,0,否,C,network,0.32,0.53,1,0.83,0.44,0.47,0.06,0.23,0.5,养老,两室两厅,78,1167,哈尔滨私营物流老板,高知退休康养,与父母同住，三代人拥挤在旧区小户型老房中,老小区隔音差，邻里滋扰严重，且车位严重匮乏，每晚加班回来抢车位像打仗。,要求独立电梯入户，主次卧动线分明，配备独立保姆房和私密后院。,无需日常通勤，但要求30分钟内快捷通达凤凰机场或高铁站。,崇尚度假慢生活，清晨沙滩漫步，午后椰林下午茶，酷爱轻户外及后海冲浪。,名下持有一套旧两居，置换回款 65% + 个人理财储蓄补充 + 公积金商业贷,重性价比，不盲信大牌，但要求物业管理有序、绿化修剪及时、人防技防规范。,每年11月至次年3月到此度过漫长冬季，极其依赖周边的康养及适老化服务。
三_2011_02229,三亚,2011,本地改善,33,女,1.2,7.0,0.35,15.0,3,2,否,B,agent,0.8,0.46,0.56,0.4,0.24,0.78,0.45,0.76,0.56,自住-改善,一室一厅,77,1361,智能新能源车企研发骨干,二胎黄金期中大户型,三亚中环品质两居，车位及空间极其拥挤,小区无地下车库且人车不分流，小孩在楼下玩耍或者推婴儿车极为不安全。,讲究超高得房率（超85%），主卧套房必须配备独立步入式衣帽间与干湿分离双卫。,无需日常通勤，但要求30分钟内快捷通达凤凰机场或高铁站。,崇尚度假慢生活，清晨沙滩漫步，午后椰林下午茶，酷爱轻户外及后海冲浪。,名下持有一套旧两居，置换回款 65% + 个人理财储蓄补充 + 公积金商业贷,重性价比，不盲信大牌，但要求物业管理有序、绿化修剪及时、人防技防规范。,本地常住人口，四季生活规律，度假频次为常规年假出行。
三_2011_02230,三亚,2011,本地改善,49,女,3.9,27.7,0.35,59.5,4,0,否,B,agent,0.68,0.65,0.71,0.32,0.33,0.63,0.39,0.68,0.34,自住-改善,两室一厅,78,6770,三甲医院主治医师,成熟期核心家庭,三亚中环品质两居，车位及空间极其拥挤,老小区隔音差，邻里滋扰严重，且车位严重匮乏，每晚加班回来抢车位像打仗。,要求有超大面宽南向双阳台（观景家政分离），主卧大飘窗能270度直面自然景观。,无需日常通勤，但要求30分钟内快捷通达凤凰机场或高铁站。,崇尚度假慢生活，清晨沙滩漫步，午后椰林下午茶，酷爱轻户外及后海冲浪。,名下持有一套旧两居，置换回款 65% + 个人理财储蓄补充 + 公积金商业贷,重性价比，不盲信大牌，但要求物业管理有序、绿化修剪及时、人防技防规范。,本地常住人口，四季生活规律，度假频次为常规年假出行。
三_2011_02231,三亚,2011,度假投资,48,女,11.1,113.7,0.4,213.2,4,1,否,A,research,0.85,0.36,0.88,0.7,0.55,0.41,0,0.07,0.73,投资-短期,三室一厅,133,14409,上市公司退休联合创始人,三口之家(学龄段),市中心私密洋房住宅,无高端私密会所及管家式物业配套，圈层鱼龙混杂，高净值居住体验差。,要求有超大面宽南向双阳台（观景家政分离），主卧大飘窗能270度直面自然景观。,无需日常通勤，但要求30分钟内快捷通达凤凰机场或高铁站。,周末常去高端商圈消费，热衷打网球和马术，重度手冲咖啡及黑胶唱片发烧友。,名下已有企业股权套现或分红现金，一次性全款付清，基本不加杠杆,非仁恒、绿城、万科等金牌开发商不买，极度看重高端精装质量与顶级物业的增值口碑。,每年11月至次年3月到此度过漫长冬季，极其依赖周边的康养及适老化服务。
三_2011_02232,三亚,2011,本地改善,50,女,1.9,14.6,0.35,31.3,3,2,是,B,agent,0.72,0.57,0.62,0.45,0.34,0.82,0.66,0.78,0.52,自住-改善,两室两厅,93,1995,区级税务局一级主办,二胎黄金期中大户型,三亚中环品质两居，车位及空间极其拥挤,小区无地下车库且人车不分流，小孩在楼下玩耍或者推婴儿车极为不安全。,讲究超高得房率（超85%），主卧套房必须配备独立步入式衣帽间与干湿分离双卫。,无需日常通勤，但要求30分钟内快捷通达凤凰机场或高铁站。,崇尚度假慢生活，清晨沙滩漫步，午后椰林下午茶，酷爱轻户外及后海冲浪。,名下持有一套旧两居，置换回款 65% + 个人理财储蓄补充 + 公积金商业贷,重性价比，不盲信大牌，但要求物业管理有序、绿化修剪及时、人防技防规范。,本地常住人口，四季生活规律，度假频次为常规年假出行。
三_2011_02233,三亚,2011,本地改善,37,男,1.2,5.8,0.35,12.5,3,1,否,B,agent,0.87,0.61,0.54,0.46,0.37,0.54,0.44,0.68,0.37,自住-改善,两室两厅,90,694,智能新能源车企研发骨干,三口之家(幼龄段),三亚中环品质两居，车位及空间极其拥挤,小区无地下车库且人车不分流，小孩在楼下玩耍或者推婴儿车极为不安全。,要求采光通透，全明户型，带多功能嵌入式收纳墙以最大化空间利用。,无需日常通勤，但要求30分钟内快捷通达凤凰机场或高铁站。,崇尚度假慢生活，清晨沙滩漫步，午后椰林下午茶，酷爱轻户外及后海冲浪。,名下持有一套旧两居，置换回款 65% + 个人理财储蓄补充 + 公积金商业贷,重性价比，不盲信大牌，但要求物业管理有序、绿化修剪及时、人防技防规范。,本地常住人口，四季生活规律，度假频次为常规年假出行。
三_2011_02234,三亚,2011,本地改善,42,男,2.4,15.0,0.35,32.2,4,1,否,B,agent,0.79,0.56,0.63,0.39,0.45,0.72,0.48,0.62,0.45,自住-改善,一室一厅,59,3073,三甲医院主治医师,三口之家(学龄段),三亚中环品质两居，车位及空间极其拥挤,小区无地下车库且人车不分流，小孩在楼下玩耍或者推婴儿车极为不安全。,讲究超高得房率（超85%），主卧套房必须配备独立步入式衣帽间与干湿分离双卫。,无需日常通勤，但要求30分钟内快捷通达凤凰机场或高铁站。,崇尚度假慢生活，清晨沙滩漫步，午后椰林下午茶，酷爱轻户外及后海冲浪。,名下持有一套旧两居，置换回款 65% + 个人理财储蓄补充 + 公积金商业贷,重性价比，不盲信大牌，但要求物业管理有序、绿化修剪及时、人防技防规范。,本地常住人口，四季生活规律，度假频次为常规年假出行。
三_2011_02235,三亚,2011,外地候鸟-华北,55,女,3.5,33.3,0.5,50.0,1,0,否,B,network,0.3,0.47,0.96,0.68,0.74,0.51,0,0,0.39,度假,两室两厅,74,3551,北京三甲医院退休教授,高知退休康养,三亚中环品质两居，车位及空间极其拥挤,老小区隔音差，邻里滋扰严重，且车位严重匮乏，每晚加班回来抢车位像打仗。,要求有超大面宽南向双阳台（观景家政分离），主卧大飘窗能270度直面自然景观。,无需日常通勤，但要求30分钟内快捷通达凤凰机场或高铁站。,崇尚度假慢生活，清晨沙滩漫步，午后椰林下午茶，酷爱轻户外及后海冲浪。,名下持有一套旧两居，置换回款 65% + 个人理财储蓄补充 + 公积金商业贷,重性价比，不盲信大牌，但要求物业管理有序、绿化修剪及时、人防技防规范。,每年11月至次年3月到此度过漫长冬季，极其依赖周边的康养及适老化服务。
三_2011_02236,三亚,2011,度假投资,36,男,8.4,69.1,0.4,129.5,2,1,是,A,research,0.96,0.4,0.85,0.61,0.45,0.32,0,0.03,0.68,度假,两室两厅,56,18407,高端海景资产收藏家,三口之家(幼龄段),西湖边高精平层,当前房屋属于旧多层无电梯房，父母年纪渐高每天爬楼梯极为吃力。,要求有超大面宽南向双阳台（观景家政分离），主卧大飘窗能270度直面自然景观。,无需日常通勤，但要求30分钟内快捷通达凤凰机场或高铁站。,周末常去高端商圈消费，热衷打网球和马术，重度手冲咖啡及黑胶唱片发烧友。,名下已有企业股权套现或分红现金，一次性全款付清，基本不加杠杆,重性价比，不盲信大牌，但要求物业管理有序、绿化修剪及时、人防技防规范。,每年11月至次年3月到此度过漫长冬季，极其依赖周边的康养及适老化服务。
三_2011_02237,三亚,2011,本地改善,50,男,2.0,9.0,0.35,19.2,5,1,否,B,agent,0.7,0.51,0.46,0.64,0.39,0.77,0.64,0.76,0.24,自住-改善,一室一厅,73,2178,三甲医院主治医师,三口之家(学龄段),三亚中环品质两居，车位及空间极其拥挤,小区无地下车库且人车不分流，小孩在楼下玩耍或者推婴儿车极为不安全。,讲究超高得房率（超85%），主卧套房必须配备独立步入式衣帽间与干湿分离双卫。,无需日常通勤，但要求30分钟内快捷通达凤凰机场或高铁站。,崇尚度假慢生活，清晨沙滩漫步，午后椰林下午茶，酷爱轻户外及后海冲浪。,名下持有一套旧两居，置换回款 65% + 个人理财储蓄补充 + 公积金商业贷,重性价比，不盲信大牌，但要求物业管理有序、绿化修剪及时、人防技防规范。,本地常住人口，四季生活规律，度假频次为常规年假出行。
三_2011_02238,三亚,2011,度假投资,52,女,9.9,77.5,0.4,145.4,3,0,否,A,research,1.0,0.45,0.71,0.71,0.64,0.37,0,0.18,0.69,投资-长持,一室一厅,53,17009,上市公司退休联合创始人,成熟期核心家庭,西湖边高精平层,无高端私密会所及管家式物业配套，圈层鱼龙混杂，高净值居住体验差。,要求独立电梯入户，主次卧动线分明，配备独立保姆房和私密后院。,无需日常通勤，但要求30分钟内快捷通达凤凰机场或高铁站。,周末常去高端商圈消费，热衷打网球和马术，重度手冲咖啡及黑胶唱片发烧友。,名下已有企业股权套现或分红现金，一次性全款付清，基本不加杠杆,重性价比，不盲信大牌，但要求物业管理有序、绿化修剪及时、人防技防规范。,每年11月至次年3月到此度过漫长冬季，极其依赖周边的康养及适老化服务。
三_2011_02239,三亚,2011,外地候鸟-东北,66,男,1.6,8.0,0.5,11.9,1,0,否,C,network,0.18,0.53,1,0.71,0.47,0.51,0.08,0,0.39,养老,两室两厅,81,971,哈尔滨私营物流老板,高知退休康养,与父母同住，三代人拥挤在旧区小户型老房中,老小区隔音差，邻里滋扰严重，且车位严重匮乏，每晚加班回来抢车位像打仗。,要求独立电梯入户，主次卧动线分明，配备独立保姆房和私密后院。,无需日常通勤，但要求30分钟内快捷通达凤凰机场或高铁站。,崇尚度假慢生活，清晨沙滩漫步，午后椰林下午茶，酷爱轻户外及后海冲浪。,名下持有一套旧两居，置换回款 65% + 个人理财储蓄补充 + 公积金商业贷,重性价比，不盲信大牌，但要求物业管理有序、绿化修剪及时、人防技防规范。,每年11月至次年3月到此度过漫长冬季，极其依赖周边的康养及适老化服务。
三_2011_02240,三亚,2011,度假投资,41,女,11.7,112.3,0.4,210.5,2,1,是,A,research,0.93,0.35,0.93,0.68,0.49,0.52,0,0.03,0.76,投资-短期,两室两厅,100,12042,上市公司退休联合创始人,三口之家(学龄段),陆家嘴核心区江景大平层,当前房屋属于旧多层无电梯房，父母年纪渐高每天爬楼梯极为吃力。,要求有超大面宽南向双阳台（观景家政分离），主卧大飘窗能270度直面自然景观。,无需日常通勤，但要求30分钟内快捷通达凤凰机场或高铁站。,周末常去高端商圈消费，热衷打网球和马术，重度手冲咖啡及黑胶唱片发烧友。,名下已有企业股权套现或分红现金，一次性全款付清，基本不加杠杆,非仁恒、绿城、万科等金牌开发商不买，极度看重高端精装质量与顶级物业的增值口碑。,每年11月至次年3月到此度过漫长冬季，极其依赖周边的康养及适老化服务。
三_2011_02241,三亚,2011,外地候鸟-西北,71,女,5.2,51.8,0.5,77.8,2,0,否,C,network,0.32,0.68,0.95,0.55,0.57,0.51,0,0,0.55,养老,两室一厅,98,5384,兰州煤炭物流运输企业主,高知退休康养,与父母同住，三代人拥挤在旧区小户型老房中,老小区隔音差，邻里滋扰严重，且车位严重匮乏，每晚加班回来抢车位像打仗。,要求有超大面宽南向双阳台（观景家政分离），主卧大飘窗能270度直面自然景观。,无需日常通勤，但要求30分钟内快捷通达凤凰机场或高铁站。,崇尚度假慢生活，清晨沙滩漫步，午后椰林下午茶，酷爱轻户外及后海冲浪。,名下持有一套旧两居，置换回款 65% + 个人理财储蓄补充 + 公积金商业贷,重性价比，不盲信大牌，但要求物业管理有序、绿化修剪及时、人防技防规范。,每年11月至次年3月到此度过漫长冬季，极其依赖周边的康养及适老化服务。
三_2011_02242,三亚,2011,本地改善,50,男,3.0,14.2,0.35,30.4,4,2,否,B,agent,0.78,0.54,0.54,0.42,0.55,0.76,0.57,0.7,0.55,自住-改善,两室两厅,82,2335,智能新能源车企研发骨干,二胎黄金期中大户型,三亚中环品质两居，车位及空间极其拥挤,小区无地下车库且人车不分流，小孩在楼下玩耍或者推婴儿车极为不安全。,讲究超高得房率（超85%），主卧套房必须配备独立步入式衣帽间与干湿分离双卫。,无需日常通勤，但要求30分钟内快捷通达凤凰机场或高铁站。,崇尚度假慢生活，清晨沙滩漫步，午后椰林下午茶，酷爱轻户外及后海冲浪。,名下持有一套旧两居，置换回款 65% + 个人理财储蓄补充 + 公积金商业贷,重性价比，不盲信大牌，但要求物业管理有序、绿化修剪及时、人防技防规范。,本地常住人口，四季生活规律，度假频次为常规年假出行。
三_2011_02243,三亚,2011,度假投资,47,男,5.0,40.2,0.4,75.3,2,0,是,A,research,0.95,0.42,0.93,0.57,0.46,0.37,0.08,0.05,0.74,投资-长持,一室一厅,61,7216,上市公司退休联合创始人,成熟期核心家庭,陆家嘴核心区江景大平层,当前房屋属于旧多层无电梯房，父母年纪渐高每天爬楼梯极为吃力。,要求有超大面宽南向双阳台（观景家政分离），主卧大飘窗能270度直面自然景观。,无需日常通勤，但要求30分钟内快捷通达凤凰机场或高铁站。,周末常去高端商圈消费，热衷打网球和马术，重度手冲咖啡及黑胶唱片发烧友。,名下已有企业股权套现或分红现金，一次性全款付清，基本不加杠杆,非仁恒、绿城、万科等金牌开发商不买，极度看重高端精装质量与顶级物业的增值口碑。,每年11月至次年3月到此度过漫长冬季，极其依赖周边的康养及适老化服务。
三_2011_02244,三亚,2011,本地改善,42,女,1.4,9.7,0.35,20.7,4,1,否,B,agent,0.65,0.58,0.6,0.38,0.2,0.91,0.59,0.76,0.6,自住-改善,一室一厅,67,2035,重点中学高级教师,三口之家(学龄段),三亚中环品质两居，车位及空间极其拥挤,小区无地下车库且人车不分流，小孩在楼下玩耍或者推婴儿车极为不安全。,讲究超高得房率（超85%），主卧套房必须配备独立步入式衣帽间与干湿分离双卫。,无需日常通勤，但要求30分钟内快捷通达凤凰机场或高铁站。,崇尚度假慢生活，清晨沙滩漫步，午后椰林下午茶，酷爱轻户外及后海冲浪。,名下持有一套旧两居，置换回款 65% + 个人理财储蓄补充 + 公积金商业贷,重性价比，不盲信大牌，但要求物业管理有序、绿化修剪及时、人防技防规范。,本地常住人口，四季生活规律，度假频次为常规年假出行。
三_2011_02245,三亚,2011,度假投资,48,男,7.8,89.5,0.4,167.8,3,0,是,A,research,0.93,0.44,0.89,0.68,0.64,0.57,0,0.04,0.73,度假,三室一厅,133,6878,知名中医药连锁投资人,成熟期核心家庭,市中心私密洋房住宅,当前房屋属于旧多层无电梯房，父母年纪渐高每天爬楼梯极为吃力。,要求有超大面宽南向双阳台（观景家政分离），主卧大飘窗能270度直面自然景观。,无需日常通勤，但要求30分钟内快捷通达凤凰机场或高铁站。,周末常去高端商圈消费，热衷打网球和马术，重度手冲咖啡及黑胶唱片发烧友。,名下已有企业股权套现或分红现金，一次性全款付清，基本不加杠杆,非仁恒、绿城、万科等金牌开发商不买，极度看重高端精装质量与顶级物业的增值口碑。,每年11月至次年3月到此度过漫长冬季，极其依赖周边的康养及适老化服务。
三_2011_02246,三亚,2011,本地改善,31,女,3.9,27.7,0.35,59.4,4,1,是,B,agent,0.62,0.54,0.53,0.38,0.49,0.74,0.54,0.68,0.49,自住-改善,两室一厅,78,6606,重点中学高级教师,三口之家(幼龄段),三亚中环品质两居，车位及空间极其拥挤,小区无地下车库且人车不分流，小孩在楼下玩耍或者推婴儿车极为不安全。,讲究超高得房率（超85%），主卧套房必须配备独立步入式衣帽间与干湿分离双卫。,无需日常通勤，但要求30分钟内快捷通达凤凰机场或高铁站。,崇尚度假慢生活，清晨沙滩漫步，午后椰林下午茶，酷爱轻户外及后海冲浪。,名下持有一套旧两居，置换回款 65% + 个人理财储蓄补充 + 公积金商业贷,重性价比，不盲信大牌，但要求物业管理有序、绿化修剪及时、人防技防规范。,本地常住人口，四季生活规律，度假频次为常规年假出行。
三_2011_02247,三亚,2011,高净值康养,59,女,33.4,430.7,0.6,538.4,3,0,否,A,network,0.76,0.32,0.89,0.99,0.79,0.52,0,0,0.9,度假,别墅,318,11231,知名中医药连锁投资人,高知退休康养,西湖边高精平层,无高端私密会所及管家式物业配套，圈层鱼龙混杂，高净值居住体验差。,要求独立电梯入户，主次卧动线分明，配备独立保姆房和私密后院。,无需日常通勤，但要求30分钟内快捷通达凤凰机场或高铁站。,周末常去高端商圈消费，热衷打网球和马术，重度手冲咖啡及黑胶唱片发烧友。,名下已有企业股权套现或分红现金，一次性全款付清，基本不加杠杆,非仁恒、绿城、万科等金牌开发商不买，极度看重高端精装质量与顶级物业的增值口碑。,本地常住人口，四季生活规律，度假频次为常规年假出行。
三_2011_02248,三亚,2011,本地改善,49,女,3.0,14.2,0.35,30.5,5,2,是,B,agent,0.53,0.66,0.69,0.53,0.42,0.76,0.45,0.68,0.5,自住-改善,两室两厅,88,2080,三甲医院主治医师,二胎黄金期中大户型,三亚中环品质两居，车位及空间极其拥挤,小区无地下车库且人车不分流，小孩在楼下玩耍或者推婴儿车极为不安全。,讲究超高得房率（超85%），主卧套房必须配备独立步入式衣帽间与干湿分离双卫。,无需日常通勤，但要求30分钟内快捷通达凤凰机场或高铁站。,崇尚度假慢生活，清晨沙滩漫步，午后椰林下午茶，酷爱轻户外及后海冲浪。,名下持有一套旧两居，置换回款 65% + 个人理财储蓄补充 + 公积金商业贷,重性价比，不盲信大牌，但要求物业管理有序、绿化修剪及时、人防技防规范。,本地常住人口，四季生活规律，度假频次为常规年假出行。
三_2011_02249,三亚,2011,本地改善,44,男,3.8,24.5,0.35,52.5,4,1,否,B,agent,0.72,0.57,0.62,0.49,0.4,0.76,0.39,0.77,0.49,自住-改善,两室一厅,98,4734,国企中层管理,三口之家(学龄段),三亚中环品质两居，车位及空间极其拥挤,小区无地下车库且人车不分流，小孩在楼下玩耍或者推婴儿车极为不安全。,讲究超高得房率（超85%），主卧套房必须配备独立步入式衣帽间与干湿分离双卫。,无需日常通勤，但要求30分钟内快捷通达凤凰机场或高铁站。,崇尚度假慢生活，清晨沙滩漫步，午后椰林下午茶，酷爱轻户外及后海冲浪。,名下持有一套旧两居，置换回款 65% + 个人理财储蓄补充 + 公积金商业贷,重性价比，不盲信大牌，但要求物业管理有序、绿化修剪及时、人防技防规范。,本地常住人口，四季生活规律，度假频次为常规年假出行。
三_2011_02250,三亚,2011,外地候鸟-东北,61,男,5.3,34.4,0.5,51.6,2,1,否,C,network,0.42,0.51,0.98,0.7,0.52,0.6,0.03,0.01,0.46,养老,两室两厅,75,5002,哈尔滨私营物流老板,三口之家(学龄段),与父母同住，三代人拥挤在旧区小户型老房中,小区无地下车库且人车不分流，小孩在楼下玩耍或者推婴儿车极为不安全。,要求有超大面宽南向双阳台（观景家政分离），主卧大飘窗能270度直面自然景观。,无需日常通勤，但要求30分钟内快捷通达凤凰机场或高铁站。,崇尚度假慢生活，清晨沙滩漫步，午后椰林下午茶，酷爱轻户外及后海冲浪。,名下持有一套旧两居，置换回款 65% + 个人理财储蓄补充 + 公积金商业贷,重性价比，不盲信大牌，但要求物业管理有序、绿化修剪及时、人防技防规范。,每年11月至次年3月到此度过漫长冬季，极其依赖周边的康养及适老化服务。
三_2011_02251,三亚,2011,本地改善,30,女,2.7,14.7,0.35,31.5,4,2,是,B,agent,0.95,0.65,0.52,0.41,0.31,0.9,0.61,0.58,0.32,自住-改善,两室两厅,54,4191,区级税务局一级主办,二胎黄金期中大户型,三亚中环品质两居，车位及空间极其拥挤,小区无地下车库且人车不分流，小孩在楼下玩耍或者推婴儿车极为不安全。,讲究超高得房率（超85%），主卧套房必须配备独立步入式衣帽间与干湿分离双卫。,无需日常通勤，但要求30分钟内快捷通达凤凰机场或高铁站。,崇尚度假慢生活，清晨沙滩漫步，午后椰林下午茶，酷爱轻户外及后海冲浪。,名下持有一套旧两居，置换回款 65% + 个人理财储蓄补充 + 公积金商业贷,重性价比，不盲信大牌，但要求物业管理有序、绿化修剪及时、人防技防规范。,本地常住人口，四季生活规律，度假频次为常规年假出行。
三_2011_02252,三亚,2011,本地改善,47,男,1.5,8.5,0.35,18.2,5,1,否,B,agent,0.75,0.44,0.46,0.57,0.3,0.79,0.61,0.76,0.33,自住-改善,两室两厅,93,1553,区级税务局一级主办,三口之家(学龄段),三亚中环品质两居，车位及空间极其拥挤,小区无地下车库且人车不分流，小孩在楼下玩耍或者推婴儿车极为不安全。,讲究超高得房率（超85%），主卧套房必须配备独立步入式衣帽间与干湿分离双卫。,无需日常通勤，但要求30分钟内快捷通达凤凰机场或高铁站。,崇尚度假慢生活，清晨沙滩漫步，午后椰林下午茶，酷爱轻户外及后海冲浪。,名下持有一套旧两居，置换回款 65% + 个人理财储蓄补充 + 公积金商业贷,重性价比，不盲信大牌，但要求物业管理有序、绿化修剪及时、人防技防规范。,本地常住人口，四季生活规律，度假频次为常规年假出行。
三_2011_02253,三亚,2011,本地改善,47,女,2.7,15.5,0.35,33.3,4,1,否,B,agent,0.68,0.48,0.58,0.41,0.43,0.73,0.64,0.65,0.56,自住-改善,两室一厅,67,4015,三甲医院主治医师,三口之家(学龄段),三亚中环品质两居，车位及空间极其拥挤,小区无地下车库且人车不分流，小孩在楼下玩耍或者推婴儿车极为不安全。,讲究超高得房率（超85%），主卧套房必须配备独立步入式衣帽间与干湿分离双卫。,无需日常通勤，但要求30分钟内快捷通达凤凰机场或高铁站。,崇尚度假慢生活，清晨沙滩漫步，午后椰林下午茶，酷爱轻户外及后海冲浪。,名下持有一套旧两居，置换回款 65% + 个人理财储蓄补充 + 公积金商业贷,重性价比，不盲信大牌，但要求物业管理有序、绿化修剪及时、人防技防规范。,本地常住人口，四季生活规律，度假频次为常规年假出行。
三_2011_02254,三亚,2011,本地改善,46,女,3.7,27.9,0.35,59.8,3,1,是,B,agent,0.63,0.49,0.62,0.43,0.39,0.7,0.49,0.56,0.59,自住-改善,一室一厅,76,6447,三甲医院主治医师,三口之家(学龄段),三亚中环品质两居，车位及空间极其拥挤,小区无地下车库且人车不分流，小孩在楼下玩耍或者推婴儿车极为不安全。,要求采光通透，全明户型，带多功能嵌入式收纳墙以最大化空间利用。,无需日常通勤，但要求30分钟内快捷通达凤凰机场或高铁站。,崇尚度假慢生活，清晨沙滩漫步，午后椰林下午茶，酷爱轻户外及后海冲浪。,名下持有一套旧两居，置换回款 65% + 个人理财储蓄补充 + 公积金商业贷,重性价比，不盲信大牌，但要求物业管理有序、绿化修剪及时、人防技防规范。,本地常住人口，四季生活规律，度假频次为常规年假出行。
三_2011_02255,三亚,2011,本地改善,39,男,1.4,8.9,0.35,19.0,5,1,是,B,agent,0.71,0.55,0.64,0.5,0.54,0.74,0.51,0.66,0.32,自住-改善,一室一厅,80,1924,智能新能源车企研发骨干,三口之家(学龄段),三亚中环品质两居，车位及空间极其拥挤,小区无地下车库且人车不分流，小孩在楼下玩耍或者推婴儿车极为不安全。,讲究超高得房率（超85%），主卧套房必须配备独立步入式衣帽间与干湿分离双卫。,无需日常通勤，但要求30分钟内快捷通达凤凰机场或高铁站。,崇尚度假慢生活，清晨沙滩漫步，午后椰林下午茶，酷爱轻户外及后海冲浪。,名下持有一套旧两居，置换回款 65% + 个人理财储蓄补充 + 公积金商业贷,重性价比，不盲信大牌，但要求物业管理有序、绿化修剪及时、人防技防规范。,本地常住人口，四季生活规律，度假频次为常规年假出行。
三_2011_02256,三亚,2011,外地候鸟-华北,57,男,1.8,15.4,0.5,23.1,2,0,否,B,network,0.48,0.49,1,0.78,0.69,0.46,0.02,0,0.52,养老,两室两厅,82,2308,央企总部退休总工,高知退休康养,三亚中环品质两居，车位及空间极其拥挤,老小区隔音差，邻里滋扰严重，且车位严重匮乏，每晚加班回来抢车位像打仗。,要求独立电梯入户，主次卧动线分明，配备独立保姆房和私密后院。,无需日常通勤，但要求30分钟内快捷通达凤凰机场或高铁站。,崇尚度假慢生活，清晨沙滩漫步，午后椰林下午茶，酷爱轻户外及后海冲浪。,名下持有一套旧两居，置换回款 65% + 个人理财储蓄补充 + 公积金商业贷,重性价比，不盲信大牌，但要求物业管理有序、绿化修剪及时、人防技防规范。,每年11月至次年3月到此度过漫长冬季，极其依赖周边的康养及适老化服务。
三_2011_02257,三亚,2011,本地改善,44,女,1.8,13.6,0.35,29.1,3,1,是,B,agent,0.84,0.55,0.5,0.41,0.34,0.71,0.48,0.72,0.39,自住-改善,一室一厅,93,1709,智能新能源车企研发骨干,三口之家(学龄段),三亚中环品质两居，车位及空间极其拥挤,小区无地下车库且人车不分流，小孩在楼下玩耍或者推婴儿车极为不安全。,讲究超高得房率（超85%），主卧套房必须配备独立步入式衣帽间与干湿分离双卫。,无需日常通勤，但要求30分钟内快捷通达凤凰机场或高铁站。,崇尚度假慢生活，清晨沙滩漫步，午后椰林下午茶，酷爱轻户外及后海冲浪。,名下持有一套旧两居，置换回款 65% + 个人理财储蓄补充 + 公积金商业贷,重性价比，不盲信大牌，但要求物业管理有序、绿化修剪及时、人防技防规范。,本地常住人口，四季生活规律，度假频次为常规年假出行。
三_2011_02258,三亚,2011,外地候鸟-东北,58,男,4.5,28.9,0.5,43.4,2,0,否,C,network,0.18,0.57,0.9,0.75,0.53,0.35,0,0,0.45,养老,两室一厅,57,4830,哈尔滨私营物流老板,高知退休康养,与父母同住，三代人拥挤在旧区小户型老房中,老小区隔音差，邻里滋扰严重，且车位严重匮乏，每晚加班回来抢车位像打仗。,要求独立电梯入户，主次卧动线分明，配备独立保姆房和私密后院。,无需日常通勤，但要求30分钟内快捷通达凤凰机场或高铁站。,崇尚度假慢生活，清晨沙滩漫步，午后椰林下午茶，酷爱轻户外及后海冲浪。,名下持有一套旧两居，置换回款 65% + 个人理财储蓄补充 + 公积金商业贷,重性价比，不盲信大牌，但要求物业管理有序、绿化修剪及时、人防技防规范。,每年11月至次年3月到此度过漫长冬季，极其依赖周边的康养及适老化服务。
三_2011_02259,三亚,2011,外地候鸟-华北,58,女,2.7,26.2,0.5,39.3,2,0,否,B,network,0.25,0.67,1,0.68,0.56,0.38,0.16,0.06,0.52,养老,两室两厅,85,4060,高校资深硕导,高知退休康养,三亚中环品质两居，车位及空间极其拥挤,老小区隔音差，邻里滋扰严重，且车位严重匮乏，每晚加班回来抢车位像打仗。,要求有超大面宽南向双阳台（观景家政分离），主卧大飘窗能270度直面自然景观。,无需日常通勤，但要求30分钟内快捷通达凤凰机场或高铁站。,崇尚度假慢生活，清晨沙滩漫步，午后椰林下午茶，酷爱轻户外及后海冲浪。,名下持有一套旧两居，置换回款 65% + 个人理财储蓄补充 + 公积金商业贷,重性价比，不盲信大牌，但要求物业管理有序、绿化修剪及时、人防技防规范。,每年11月至次年3月到此度过漫长冬季，极其依赖周边的康养及适老化服务。
三_2011_02260,三亚,2011,外地候鸟-西北,71,男,4.8,41.6,0.5,62.4,2,0,否,C,network,0.18,0.63,0.89,0.79,0.49,0.54,0,0,0.47,养老,两室一厅,70,5889,西安设计院退休总建筑师,高知退休康养,与父母同住，三代人拥挤在旧区小户型老房中,老小区隔音差，邻里滋扰严重，且车位严重匮乏，每晚加班回来抢车位像打仗。,要求独立电梯入户，主次卧动线分明，配备独立保姆房和私密后院。,无需日常通勤，但要求30分钟内快捷通达凤凰机场或高铁站。,崇尚度假慢生活，清晨沙滩漫步，午后椰林下午茶，酷爱轻户外及后海冲浪。,名下持有一套旧两居，置换回款 65% + 个人理财储蓄补充 + 公积金商业贷,重性价比，不盲信大牌，但要求物业管理有序、绿化修剪及时、人防技防规范。,每年11月至次年3月到此度过漫长冬季，极其依赖周边的康养及适老化服务。
三_2011_02261,三亚,2011,外地候鸟-华北,62,女,6.4,44.5,0.5,66.7,2,0,否,B,network,0.69,0.53,1,0.67,0.68,0.5,0.13,0.12,0.5,度假,一室一厅,83,4199,高校资深硕导,高知退休康养,三亚中环品质两居，车位及空间极其拥挤,老小区隔音差，邻里滋扰严重，且车位严重匮乏，每晚加班回来抢车位像打仗。,要求有超大面宽南向双阳台（观景家政分离），主卧大飘窗能270度直面自然景观。,无需日常通勤，但要求30分钟内快捷通达凤凰机场或高铁站。,崇尚度假慢生活，清晨沙滩漫步，午后椰林下午茶，酷爱轻户外及后海冲浪。,名下持有一套旧两居，置换回款 65% + 个人理财储蓄补充 + 公积金商业贷,重性价比，不盲信大牌，但要求物业管理有序、绿化修剪及时、人防技防规范。,每年11月至次年3月到此度过漫长冬季，极其依赖周边的康养及适老化服务。
三_2011_02262,三亚,2011,本地改善,39,女,2.9,19.2,0.35,41.1,4,1,否,B,agent,0.81,0.57,0.71,0.42,0.51,0.69,0.63,0.68,0.39,自住-改善,两室两厅,81,4551,国企中层管理,三口之家(学龄段),三亚中环品质两居，车位及空间极其拥挤,小区无地下车库且人车不分流，小孩在楼下玩耍或者推婴儿车极为不安全。,要求有超大面宽南向双阳台（观景家政分离），主卧大飘窗能270度直面自然景观。,无需日常通勤，但要求30分钟内快捷通达凤凰机场或高铁站。,崇尚度假慢生活，清晨沙滩漫步，午后椰林下午茶，酷爱轻户外及后海冲浪。,名下持有一套旧两居，置换回款 65% + 个人理财储蓄补充 + 公积金商业贷,重性价比，不盲信大牌，但要求物业管理有序、绿化修剪及时、人防技防规范。,本地常住人口，四季生活规律，度假频次为常规年假出行。
三_2011_02263,三亚,2011,本地改善,39,男,3.4,22.6,0.35,48.4,4,0,是,B,agent,0.7,0.52,0.45,0.54,0.46,0.88,0.4,0.57,0.53,自住-改善,一室一厅,76,4850,区级税务局一级主办,成熟期核心家庭,三亚中环品质两居，车位及空间极其拥挤,当前房屋属于旧多层无电梯房，父母年纪渐高每天爬楼梯极为吃力。,讲究超高得房率（超85%），主卧套房必须配备独立步入式衣帽间与干湿分离双卫。,无需日常通勤，但要求30分钟内快捷通达凤凰机场或高铁站。,崇尚度假慢生活，清晨沙滩漫步，午后椰林下午茶，酷爱轻户外及后海冲浪。,名下持有一套旧两居，置换回款 65% + 个人理财储蓄补充 + 公积金商业贷,重性价比，不盲信大牌，但要求物业管理有序、绿化修剪及时、人防技防规范。,本地常住人口，四季生活规律，度假频次为常规年假出行。
三_2011_02264,三亚,2011,外地候鸟-西北,73,女,2.4,20.7,0.5,31.0,2,0,否,C,network,0.36,0.49,0.92,0.77,0.5,0.55,0,0.08,0.57,养老,两室一厅,68,4068,兰州煤炭物流运输企业主,高知退休康养,与父母同住，三代人拥挤在旧区小户型老房中,老小区隔音差，邻里滋扰严重，且车位严重匮乏，每晚加班回来抢车位像打仗。,要求独立电梯入户，主次卧动线分明，配备独立保姆房和私密后院。,无需日常通勤，但要求30分钟内快捷通达凤凰机场或高铁站。,崇尚度假慢生活，清晨沙滩漫步，午后椰林下午茶，酷爱轻户外及后海冲浪。,名下持有一套旧两居，置换回款 65% + 个人理财储蓄补充 + 公积金商业贷,重性价比，不盲信大牌，但要求物业管理有序、绿化修剪及时、人防技防规范。,每年11月至次年3月到此度过漫长冬季，极其依赖周边的康养及适老化服务。
三_2011_02265,三亚,2011,高净值康养,62,男,28.9,383.4,0.6,479.2,1,1,否,A,network,0.56,0.34,1,0.96,0.97,0.72,0,0,0.85,养老,三室两厅,172,20299,知名中医药连锁投资人,三口之家(学龄段),陆家嘴核心区江景大平层,无高端私密会所及管家式物业配套，圈层鱼龙混杂，高净值居住体验差。,要求独立电梯入户，主次卧动线分明，配备独立保姆房和私密后院。,无需日常通勤，但要求30分钟内快捷通达凤凰机场或高铁站。,周末常去高端商圈消费，热衷打网球和马术，重度手冲咖啡及黑胶唱片发烧友。,名下已有企业股权套现或分红现金，一次性全款付清，基本不加杠杆,非仁恒、绿城、万科等金牌开发商不买，极度看重高端精装质量与顶级物业的增值口碑。,本地常住人口，四季生活规律，度假频次为常规年假出行。
三_2011_02266,三亚,2011,本地改善,30,男,1.7,12.3,0.35,26.4,3,2,否,B,agent,0.61,0.49,0.54,0.43,0.48,0.69,0.45,0.68,0.39,自住-改善,两室一厅,93,1461,国企中层管理,二胎黄金期中大户型,三亚中环品质两居，车位及空间极其拥挤,小区无地下车库且人车不分流，小孩在楼下玩耍或者推婴儿车极为不安全。,要求采光通透，全明户型，带多功能嵌入式收纳墙以最大化空间利用。,无需日常通勤，但要求30分钟内快捷通达凤凰机场或高铁站。,崇尚度假慢生活，清晨沙滩漫步，午后椰林下午茶，酷爱轻户外及后海冲浪。,名下持有一套旧两居，置换回款 65% + 个人理财储蓄补充 + 公积金商业贷,重性价比，不盲信大牌，但要求物业管理有序、绿化修剪及时、人防技防规范。,本地常住人口，四季生活规律，度假频次为常规年假出行。
三_2011_02267,三亚,2011,外地候鸟-华北,75,男,2.9,20.8,0.5,31.2,1,0,否,B,network,0.4,0.43,0.94,0.72,0.59,0.42,0.05,0,0.63,度假,一室一厅,100,1912,北京三甲医院退休教授,高知退休康养,三亚中环品质两居，车位及空间极其拥挤,老小区隔音差，邻里滋扰严重，且车位严重匮乏，每晚加班回来抢车位像打仗。,要求独立电梯入户，主次卧动线分明，配备独立保姆房和私密后院。,无需日常通勤，但要求30分钟内快捷通达凤凰机场或高铁站。,崇尚度假慢生活，清晨沙滩漫步，午后椰林下午茶，酷爱轻户外及后海冲浪。,名下持有一套旧两居，置换回款 65% + 个人理财储蓄补充 + 公积金商业贷,重性价比，不盲信大牌，但要求物业管理有序、绿化修剪及时、人防技防规范。,每年11月至次年3月到此度过漫长冬季，极其依赖周边的康养及适老化服务。
三_2011_02268,三亚,2011,外地候鸟-西北,70,女,3.1,22.9,0.5,34.4,1,0,否,C,network,0.74,0.79,0.98,0.64,0.51,0.54,0,0,0.57,养老,两室两厅,51,4428,西安设计院退休总建筑师,高知退休康养,与父母同住，三代人拥挤在旧区小户型老房中,老小区隔音差，邻里滋扰严重，且车位严重匮乏，每晚加班回来抢车位像打仗。,要求有超大面宽南向双阳台（观景家政分离），主卧大飘窗能270度直面自然景观。,无需日常通勤，但要求30分钟内快捷通达凤凰机场或高铁站。,崇尚度假慢生活，清晨沙滩漫步，午后椰林下午茶，酷爱轻户外及后海冲浪。,名下持有一套旧两居，置换回款 65% + 个人理财储蓄补充 + 公积金商业贷,重性价比，不盲信大牌，但要求物业管理有序、绿化修剪及时、人防技防规范。,每年11月至次年3月到此度过漫长冬季，极其依赖周边的康养及适老化服务。
三_2011_02269,三亚,2011,外地候鸟-西北,61,男,1.2,9.5,0.5,14.2,1,0,否,C,network,0.47,0.7,0.84,0.78,0.48,0.43,0,0,0.5,养老,一室一厅,81,1457,西安设计院退休总建筑师,高知退休康养,与父母同住，三代人拥挤在旧区小户型老房中,老小区隔音差，邻里滋扰严重，且车位严重匮乏，每晚加班回来抢车位像打仗。,要求独立电梯入户，主次卧动线分明，配备独立保姆房和私密后院。,无需日常通勤，但要求30分钟内快捷通达凤凰机场或高铁站。,崇尚度假慢生活，清晨沙滩漫步，午后椰林下午茶，酷爱轻户外及后海冲浪。,名下持有一套旧两居，置换回款 65% + 个人理财储蓄补充 + 公积金商业贷,重性价比，不盲信大牌，但要求物业管理有序、绿化修剪及时、人防技防规范。,每年11月至次年3月到此度过漫长冬季，极其依赖周边的康养及适老化服务。
三_2011_02270,三亚,2011,度假投资,39,男,5.6,52.3,0.4,98.0,4,1,否,A,research,0.73,0.39,0.81,0.61,0.57,0.45,0,0,0.73,投资-长持,两室两厅,88,7404,高端海景资产收藏家,三口之家(学龄段),陆家嘴核心区江景大平层,无高端私密会所及管家式物业配套，圈层鱼龙混杂，高净值居住体验差。,要求有超大面宽南向双阳台（观景家政分离），主卧大飘窗能270度直面自然景观。,无需日常通勤，但要求30分钟内快捷通达凤凰机场或高铁站。,周末常去高端商圈消费，热衷打网球和马术，重度手冲咖啡及黑胶唱片发烧友。,名下已有企业股权套现或分红现金，一次性全款付清，基本不加杠杆,非仁恒、绿城、万科等金牌开发商不买，极度看重高端精装质量与顶级物业的增值口碑。,每年11月至次年3月到此度过漫长冬季，极其依赖周边的康养及适老化服务。
三_2011_02271,三亚,2011,度假投资,53,男,7.2,64.0,0.4,120.0,3,0,否,A,research,0.8,0.32,0.75,0.58,0.68,0.57,0,0,0.73,度假,两室一厅,63,13617,上市公司退休联合创始人,成熟期核心家庭,市中心私密洋房住宅,无高端私密会所及管家式物业配套，圈层鱼龙混杂，高净值居住体验差。,要求有超大面宽南向双阳台（观景家政分离），主卧大飘窗能270度直面自然景观。,无需日常通勤，但要求30分钟内快捷通达凤凰机场或高铁站。,周末常去高端商圈消费，热衷打网球和马术，重度手冲咖啡及黑胶唱片发烧友。,名下已有企业股权套现或分红现金，一次性全款付清，基本不加杠杆,非仁恒、绿城、万科等金牌开发商不买，极度看重高端精装质量与顶级物业的增值口碑。,每年11月至次年3月到此度过漫长冬季，极其依赖周边的康养及适老化服务。
三_2011_02272,三亚,2011,外地候鸟-华北,70,女,3.9,25.9,0.5,38.8,1,0,否,B,network,0.44,0.52,1,0.73,0.51,0.57,0,0,0.62,度假,一室一厅,57,5761,北京三甲医院退休教授,高知退休康养,三亚中环品质两居，车位及空间极其拥挤,老小区隔音差，邻里滋扰严重，且车位严重匮乏，每晚加班回来抢车位像打仗。,要求独立电梯入户，主次卧动线分明，配备独立保姆房和私密后院。,无需日常通勤，但要求30分钟内快捷通达凤凰机场或高铁站。,崇尚度假慢生活，清晨沙滩漫步，午后椰林下午茶，酷爱轻户外及后海冲浪。,名下持有一套旧两居，置换回款 65% + 个人理财储蓄补充 + 公积金商业贷,重性价比，不盲信大牌，但要求物业管理有序、绿化修剪及时、人防技防规范。,每年11月至次年3月到此度过漫长冬季，极其依赖周边的康养及适老化服务。
三_2011_02273,三亚,2011,本地改善,43,女,2.0,13.3,0.35,28.4,4,2,是,B,agent,1,0.46,0.62,0.35,0.27,0.75,0.54,0.64,0.44,自住-改善,两室两厅,53,3344,三甲医院主治医师,二胎黄金期中大户型,三亚中环品质两居，车位及空间极其拥挤,小区无地下车库且人车不分流，小孩在楼下玩耍或者推婴儿车极为不安全。,讲究超高得房率（超85%），主卧套房必须配备独立步入式衣帽间与干湿分离双卫。,无需日常通勤，但要求30分钟内快捷通达凤凰机场或高铁站。,崇尚度假慢生活，清晨沙滩漫步，午后椰林下午茶，酷爱轻户外及后海冲浪。,名下持有一套旧两居，置换回款 65% + 个人理财储蓄补充 + 公积金商业贷,重性价比，不盲信大牌，但要求物业管理有序、绿化修剪及时、人防技防规范。,本地常住人口，四季生活规律，度假频次为常规年假出行。
三_2011_02274,三亚,2011,外地候鸟-华北,66,女,2.7,27.2,0.5,40.8,1,0,否,B,network,0.56,0.75,0.86,0.68,0.6,0.46,0.0,0.02,0.53,养老,一室一厅,69,3762,央企总部退休总工,高知退休康养,三亚中环品质两居，车位及空间极其拥挤,老小区隔音差，邻里滋扰严重，且车位严重匮乏，每晚加班回来抢车位像打仗。,要求有超大面宽南向双阳台（观景家政分离），主卧大飘窗能270度直面自然景观。,无需日常通勤，但要求30分钟内快捷通达凤凰机场或高铁站。,崇尚度假慢生活，清晨沙滩漫步，午后椰林下午茶，酷爱轻户外及后海冲浪。,名下持有一套旧两居，置换回款 65% + 个人理财储蓄补充 + 公积金商业贷,重性价比，不盲信大牌，但要求物业管理有序、绿化修剪及时、人防技防规范。,每年11月至次年3月到此度过漫长冬季，极其依赖周边的康养及适老化服务。
三_2011_02275,三亚,2011,外地候鸟-华北,72,女,3.0,21.9,0.5,32.9,4,0,否,B,network,0.57,0.46,0.93,0.69,0.44,0.5,0.02,0.02,0.59,养老,一室一厅,66,2527,央企总部退休总工,高知退休康养,三亚中环品质两居，车位及空间极其拥挤,老小区隔音差，邻里滋扰严重，且车位严重匮乏，每晚加班回来抢车位像打仗。,要求有超大面宽南向双阳台（观景家政分离），主卧大飘窗能270度直面自然景观。,无需日常通勤，但要求30分钟内快捷通达凤凰机场或高铁站。,崇尚度假慢生活，清晨沙滩漫步，午后椰林下午茶，酷爱轻户外及后海冲浪。,名下持有一套旧两居，置换回款 65% + 个人理财储蓄补充 + 公积金商业贷,重性价比，不盲信大牌，但要求物业管理有序、绿化修剪及时、人防技防规范。,每年11月至次年3月到此度过漫长冬季，极其依赖周边的康养及适老化服务。
三_2011_02276,三亚,2011,外地候鸟-华北,57,男,3.1,32.4,0.5,48.6,2,1,否,B,network,0.51,0.5,0.98,0.64,0.6,0.35,0,0,0.5,度假,两室两厅,66,5799,央企总部退休总工,三口之家(学龄段),三亚中环品质两居，车位及空间极其拥挤,小区无地下车库且人车不分流，小孩在楼下玩耍或者推婴儿车极为不安全。,要求有超大面宽南向双阳台（观景家政分离），主卧大飘窗能270度直面自然景观。,无需日常通勤，但要求30分钟内快捷通达凤凰机场或高铁站。,崇尚度假慢生活，清晨沙滩漫步，午后椰林下午茶，酷爱轻户外及后海冲浪。,名下持有一套旧两居，置换回款 65% + 个人理财储蓄补充 + 公积金商业贷,重性价比，不盲信大牌，但要求物业管理有序、绿化修剪及时、人防技防规范。,每年11月至次年3月到此度过漫长冬季，极其依赖周边的康养及适老化服务。
三_2011_02277,三亚,2011,度假投资,40,女,5.5,42.8,0.4,80.3,3,1,否,A,research,0.84,0.38,0.86,0.6,0.67,0.5,0,0.05,0.7,度假,两室两厅,62,6591,高端海景资产收藏家,三口之家(学龄段),市中心私密洋房住宅,无高端私密会所及管家式物业配套，圈层鱼龙混杂，高净值居住体验差。,要求有超大面宽南向双阳台（观景家政分离），主卧大飘窗能270度直面自然景观。,无需日常通勤，但要求30分钟内快捷通达凤凰机场或高铁站。,周末常去高端商圈消费，热衷打网球和马术，重度手冲咖啡及黑胶唱片发烧友。,名下已有企业股权套现或分红现金，一次性全款付清，基本不加杠杆,非仁恒、绿城、万科等金牌开发商不买，极度看重高端精装质量与顶级物业的增值口碑。,每年11月至次年3月到此度过漫长冬季，极其依赖周边的康养及适老化服务。
三_2011_02278,三亚,2011,度假投资,46,女,8.1,67.6,0.4,126.8,3,2,否,A,research,0.7,0.53,0.92,0.69,0.5,0.41,0.08,0,0.78,投资-长持,一室一厅,80,13914,高端海景资产收藏家,二胎黄金期中大户型,陆家嘴核心区江景大平层,无高端私密会所及管家式物业配套，圈层鱼龙混杂，高净值居住体验差。,要求有超大面宽南向双阳台（观景家政分离），主卧大飘窗能270度直面自然景观。,无需日常通勤，但要求30分钟内快捷通达凤凰机场或高铁站。,周末常去高端商圈消费，热衷打网球和马术，重度手冲咖啡及黑胶唱片发烧友。,名下已有企业股权套现或分红现金，一次性全款付清，基本不加杠杆,非仁恒、绿城、万科等金牌开发商不买，极度看重高端精装质量与顶级物业的增值口碑。,每年11月至次年3月到此度过漫长冬季，极其依赖周边的康养及适老化服务。
三_2011_02279,三亚,2011,本地改善,41,男,2.6,19.5,0.35,41.7,5,1,是,B,agent,0.57,0.57,0.56,0.43,0.44,0.81,0.47,0.69,0.55,自住-改善,两室一厅,100,2736,区级税务局一级主办,三口之家(学龄段),三亚中环品质两居，车位及空间极其拥挤,小区无地下车库且人车不分流，小孩在楼下玩耍或者推婴儿车极为不安全。,讲究超高得房率（超85%），主卧套房必须配备独立步入式衣帽间与干湿分离双卫。,无需日常通勤，但要求30分钟内快捷通达凤凰机场或高铁站。,崇尚度假慢生活，清晨沙滩漫步，午后椰林下午茶，酷爱轻户外及后海冲浪。,名下持有一套旧两居，置换回款 65% + 个人理财储蓄补充 + 公积金商业贷,重性价比，不盲信大牌，但要求物业管理有序、绿化修剪及时、人防技防规范。,本地常住人口，四季生活规律，度假频次为常规年假出行。
三_2011_02280,三亚,2011,本地改善,36,男,1.8,8.2,0.35,17.6,3,1,是,B,agent,0.59,0.53,0.63,0.49,0.49,0.75,0.59,0.8,0.55,自住-改善,两室一厅,95,1314,智能新能源车企研发骨干,三口之家(幼龄段),三亚中环品质两居，车位及空间极其拥挤,小区无地下车库且人车不分流，小孩在楼下玩耍或者推婴儿车极为不安全。,讲究超高得房率（超85%），主卧套房必须配备独立步入式衣帽间与干湿分离双卫。,无需日常通勤，但要求30分钟内快捷通达凤凰机场或高铁站。,崇尚度假慢生活，清晨沙滩漫步，午后椰林下午茶，酷爱轻户外及后海冲浪。,名下持有一套旧两居，置换回款 65% + 个人理财储蓄补充 + 公积金商业贷,重性价比，不盲信大牌，但要求物业管理有序、绿化修剪及时、人防技防规范。,本地常住人口，四季生活规律，度假频次为常规年假出行。
三_2011_02281,三亚,2011,本地改善,35,男,3.5,17.1,0.35,36.7,5,2,是,B,agent,0.84,0.6,0.68,0.45,0.36,0.88,0.56,0.64,0.4,自住-改善,一室一厅,100,1949,三甲医院主治医师,二胎黄金期中大户型,三亚中环品质两居，车位及空间极其拥挤,小区无地下车库且人车不分流，小孩在楼下玩耍或者推婴儿车极为不安全。,讲究超高得房率（超85%），主卧套房必须配备独立步入式衣帽间与干湿分离双卫。,无需日常通勤，但要求30分钟内快捷通达凤凰机场或高铁站。,崇尚度假慢生活，清晨沙滩漫步，午后椰林下午茶，酷爱轻户外及后海冲浪。,名下持有一套旧两居，置换回款 65% + 个人理财储蓄补充 + 公积金商业贷,重性价比，不盲信大牌，但要求物业管理有序、绿化修剪及时、人防技防规范。,本地常住人口，四季生活规律，度假频次为常规年假出行。
三_2011_02282,三亚,2011,本地改善,32,女,3.8,23.0,0.35,49.4,4,1,否,B,agent,0.67,0.49,0.57,0.5,0.33,0.68,0.39,0.81,0.42,自住-改善,一室一厅,74,5624,智能新能源车企研发骨干,三口之家(幼龄段),三亚中环品质两居，车位及空间极其拥挤,小区无地下车库且人车不分流，小孩在楼下玩耍或者推婴儿车极为不安全。,核心要求地块属于第一梯队名校学区，且周边500米内解决幼小衔接教育配套。,无需日常通勤，但要求30分钟内快捷通达凤凰机场或高铁站。,崇尚度假慢生活，清晨沙滩漫步，午后椰林下午茶，酷爱轻户外及后海冲浪。,名下持有一套旧两居，置换回款 65% + 个人理财储蓄补充 + 公积金商业贷,重性价比，不盲信大牌，但要求物业管理有序、绿化修剪及时、人防技防规范。,本地常住人口，四季生活规律，度假频次为常规年假出行。
三_2011_02283,三亚,2011,本地改善,33,男,1.9,8.0,0.35,17.2,4,1,是,B,agent,0.67,0.49,0.52,0.3,0.34,0.72,0.52,0.75,0.48,自住-改善,一室一厅,51,2550,智能新能源车企研发骨干,三口之家(幼龄段),三亚中环品质两居，车位及空间极其拥挤,小区无地下车库且人车不分流，小孩在楼下玩耍或者推婴儿车极为不安全。,讲究超高得房率（超85%），主卧套房必须配备独立步入式衣帽间与干湿分离双卫。,无需日常通勤，但要求30分钟内快捷通达凤凰机场或高铁站。,崇尚度假慢生活，清晨沙滩漫步，午后椰林下午茶，酷爱轻户外及后海冲浪。,名下持有一套旧两居，置换回款 65% + 个人理财储蓄补充 + 公积金商业贷,重性价比，不盲信大牌，但要求物业管理有序、绿化修剪及时、人防技防规范。,本地常住人口，四季生活规律，度假频次为常规年假出行。
三_2011_02284,三亚,2011,外地候鸟-西北,71,女,4.7,41.3,0.5,62.0,1,0,否,C,network,0.44,0.56,0.92,0.66,0.56,0.5,0.06,0,0.53,养老,一室一厅,60,7475,兰州煤炭物流运输企业主,高知退休康养,与父母同住，三代人拥挤在旧区小户型老房中,老小区隔音差，邻里滋扰严重，且车位严重匮乏，每晚加班回来抢车位像打仗。,要求有超大面宽南向双阳台（观景家政分离），主卧大飘窗能270度直面自然景观。,无需日常通勤，但要求30分钟内快捷通达凤凰机场或高铁站。,崇尚度假慢生活，清晨沙滩漫步，午后椰林下午茶，酷爱轻户外及后海冲浪。,名下持有一套旧两居，置换回款 65% + 个人理财储蓄补充 + 公积金商业贷,重性价比，不盲信大牌，但要求物业管理有序、绿化修剪及时、人防技防规范。,每年11月至次年3月到此度过漫长冬季，极其依赖周边的康养及适老化服务。
三_2011_02285,三亚,2011,本地改善,32,男,3.0,13.8,0.35,29.5,3,2,否,B,agent,0.64,0.61,0.52,0.49,0.56,0.89,0.48,0.75,0.37,自住-改善,两室两厅,50,4860,三甲医院主治医师,二胎黄金期中大户型,三亚中环品质两居，车位及空间极其拥挤,小区无地下车库且人车不分流，小孩在楼下玩耍或者推婴儿车极为不安全。,讲究超高得房率（超85%），主卧套房必须配备独立步入式衣帽间与干湿分离双卫。,无需日常通勤，但要求30分钟内快捷通达凤凰机场或高铁站。,崇尚度假慢生活，清晨沙滩漫步，午后椰林下午茶，酷爱轻户外及后海冲浪。,名下持有一套旧两居，置换回款 65% + 个人理财储蓄补充 + 公积金商业贷,重性价比，不盲信大牌，但要求物业管理有序、绿化修剪及时、人防技防规范。,本地常住人口，四季生活规律，度假频次为常规年假出行。
三_2011_02286,三亚,2011,度假投资,41,女,11.6,106.6,0.4,199.8,3,1,否,A,research,0.74,0.38,0.85,0.54,0.71,0.36,0,0.06,0.81,投资-长持,两室两厅,101,14679,上市公司退休联合创始人,三口之家(学龄段),陆家嘴核心区江景大平层,无高端私密会所及管家式物业配套，圈层鱼龙混杂，高净值居住体验差。,要求有超大面宽南向双阳台（观景家政分离），主卧大飘窗能270度直面自然景观。,无需日常通勤，但要求30分钟内快捷通达凤凰机场或高铁站。,周末常去高端商圈消费，热衷打网球和马术，重度手冲咖啡及黑胶唱片发烧友。,名下已有企业股权套现或分红现金，一次性全款付清，基本不加杠杆,非仁恒、绿城、万科等金牌开发商不买，极度看重高端精装质量与顶级物业的增值口碑。,每年11月至次年3月到此度过漫长冬季，极其依赖周边的康养及适老化服务。
三_2011_02287,三亚,2011,外地候鸟-西北,69,男,4.3,33.0,0.5,49.4,2,1,否,C,network,0.14,0.46,1,0.69,0.47,0.5,0.09,0.01,0.41,养老,两室两厅,74,5732,西安设计院退休总建筑师,三口之家(学龄段),与父母同住，三代人拥挤在旧区小户型老房中,小区无地下车库且人车不分流，小孩在楼下玩耍或者推婴儿车极为不安全。,要求有超大面宽南向双阳台（观景家政分离），主卧大飘窗能270度直面自然景观。,无需日常通勤，但要求30分钟内快捷通达凤凰机场或高铁站。,崇尚度假慢生活，清晨沙滩漫步，午后椰林下午茶，酷爱轻户外及后海冲浪。,名下持有一套旧两居，置换回款 65% + 个人理财储蓄补充 + 公积金商业贷,重性价比，不盲信大牌，但要求物业管理有序、绿化修剪及时、人防技防规范。,每年11月至次年3月到此度过漫长冬季，极其依赖周边的康养及适老化服务。
三_2011_02288,三亚,2011,外地候鸟-华北,55,女,5.5,32.2,0.5,48.3,3,1,否,B,network,0.4,0.75,0.98,0.77,0.65,0.35,0.07,0.06,0.56,养老,两室两厅,91,3849,北京三甲医院退休教授,三口之家(学龄段),三亚中环品质两居，车位及空间极其拥挤,小区无地下车库且人车不分流，小孩在楼下玩耍或者推婴儿车极为不安全。,要求独立电梯入户，主次卧动线分明，配备独立保姆房和私密后院。,无需日常通勤，但要求30分钟内快捷通达凤凰机场或高铁站。,崇尚度假慢生活，清晨沙滩漫步，午后椰林下午茶，酷爱轻户外及后海冲浪。,名下持有一套旧两居，置换回款 65% + 个人理财储蓄补充 + 公积金商业贷,重性价比，不盲信大牌，但要求物业管理有序、绿化修剪及时、人防技防规范。,每年11月至次年3月到此度过漫长冬季，极其依赖周边的康养及适老化服务。
三_2011_02289,三亚,2011,外地候鸟-东北,73,女,3.3,29.3,0.5,43.9,2,0,否,C,network,0.32,0.49,1.0,0.62,0.41,0.41,0,0,0.49,度假,两室两厅,72,4849,沈阳大型重工企业退休副厂长,高知退休康养,与父母同住，三代人拥挤在旧区小户型老房中,老小区隔音差，邻里滋扰严重，且车位严重匮乏，每晚加班回来抢车位像打仗。,要求有超大面宽南向双阳台（观景家政分离），主卧大飘窗能270度直面自然景观。,无需日常通勤，但要求30分钟内快捷通达凤凰机场或高铁站。,崇尚度假慢生活，清晨沙滩漫步，午后椰林下午茶，酷爱轻户外及后海冲浪。,名下持有一套旧两居，置换回款 65% + 个人理财储蓄补充 + 公积金商业贷,重性价比，不盲信大牌，但要求物业管理有序、绿化修剪及时、人防技防规范。,每年11月至次年3月到此度过漫长冬季，极其依赖周边的康养及适老化服务。
三_2011_02290,三亚,2011,外地候鸟-华北,72,男,5.1,48.0,0.5,71.9,3,0,否,B,network,0.32,0.44,0.86,0.6,0.61,0.43,0,0,0.6,养老,两室一厅,91,6550,北京三甲医院退休教授,高知退休康养,三亚中环品质两居，车位及空间极其拥挤,老小区隔音差，邻里滋扰严重，且车位严重匮乏，每晚加班回来抢车位像打仗。,要求有超大面宽南向双阳台（观景家政分离），主卧大飘窗能270度直面自然景观。,无需日常通勤，但要求30分钟内快捷通达凤凰机场或高铁站。,崇尚度假慢生活，清晨沙滩漫步，午后椰林下午茶，酷爱轻户外及后海冲浪。,名下持有一套旧两居，置换回款 65% + 个人理财储蓄补充 + 公积金商业贷,重性价比，不盲信大牌，但要求物业管理有序、绿化修剪及时、人防技防规范。,每年11月至次年3月到此度过漫长冬季，极其依赖周边的康养及适老化服务。
三_2011_02291,三亚,2011,外地候鸟-华北,55,男,5.9,53.7,0.5,80.5,3,0,否,B,network,0.14,0.58,1,0.6,0.48,0.49,0,0,0.6,养老,两室一厅,83,6180,北京三甲医院退休教授,高知退休康养,三亚中环品质两居，车位及空间极其拥挤,老小区隔音差，邻里滋扰严重，且车位严重匮乏，每晚加班回来抢车位像打仗。,要求有超大面宽南向双阳台（观景家政分离），主卧大飘窗能270度直面自然景观。,无需日常通勤，但要求30分钟内快捷通达凤凰机场或高铁站。,崇尚度假慢生活，清晨沙滩漫步，午后椰林下午茶，酷爱轻户外及后海冲浪。,名下持有一套旧两居，置换回款 65% + 个人理财储蓄补充 + 公积金商业贷,重性价比，不盲信大牌，但要求物业管理有序、绿化修剪及时、人防技防规范。,每年11月至次年3月到此度过漫长冬季，极其依赖周边的康养及适老化服务。
三_2011_02292,三亚,2011,度假投资,54,女,3.9,31.1,0.4,58.3,3,1,否,A,research,0.93,0.57,0.9,0.54,0.58,0.34,0,0.11,0.87,度假,两室两厅,97,5112,高端海景资产收藏家,三口之家(学龄段),西湖边高精平层,无高端私密会所及管家式物业配套，圈层鱼龙混杂，高净值居住体验差。,要求有超大面宽南向双阳台（观景家政分离），主卧大飘窗能270度直面自然景观。,无需日常通勤，但要求30分钟内快捷通达凤凰机场或高铁站。,周末常去高端商圈消费，热衷打网球和马术，重度手冲咖啡及黑胶唱片发烧友。,名下已有企业股权套现或分红现金，一次性全款付清，基本不加杠杆,非仁恒、绿城、万科等金牌开发商不买，极度看重高端精装质量与顶级物业的增值口碑。,每年11月至次年3月到此度过漫长冬季，极其依赖周边的康养及适老化服务。
三_2011_02293,三亚,2011,外地候鸟-华北,59,女,4.6,42.3,0.5,63.4,2,0,否,B,network,0.4,0.51,0.88,0.77,0.5,0.61,0,0.04,0.65,养老,一室一厅,74,4932,央企总部退休总工,高知退休康养,三亚中环品质两居，车位及空间极其拥挤,老小区隔音差，邻里滋扰严重，且车位严重匮乏，每晚加班回来抢车位像打仗。,要求独立电梯入户，主次卧动线分明，配备独立保姆房和私密后院。,无需日常通勤，但要求30分钟内快捷通达凤凰机场或高铁站。,崇尚度假慢生活，清晨沙滩漫步，午后椰林下午茶，酷爱轻户外及后海冲浪。,名下持有一套旧两居，置换回款 65% + 个人理财储蓄补充 + 公积金商业贷,重性价比，不盲信大牌，但要求物业管理有序、绿化修剪及时、人防技防规范。,每年11月至次年3月到此度过漫长冬季，极其依赖周边的康养及适老化服务。
三_2011_02294,三亚,2011,本地改善,31,女,3.5,19.6,0.35,42.1,4,1,否,B,agent,0.7,0.55,0.47,0.5,0.49,0.8,0.53,0.75,0.43,自住-改善,一室一厅,55,6412,智能新能源车企研发骨干,三口之家(幼龄段),三亚中环品质两居，车位及空间极其拥挤,小区无地下车库且人车不分流，小孩在楼下玩耍或者推婴儿车极为不安全。,讲究超高得房率（超85%），主卧套房必须配备独立步入式衣帽间与干湿分离双卫。,无需日常通勤，但要求30分钟内快捷通达凤凰机场或高铁站。,崇尚度假慢生活，清晨沙滩漫步，午后椰林下午茶，酷爱轻户外及后海冲浪。,名下持有一套旧两居，置换回款 65% + 个人理财储蓄补充 + 公积金商业贷,重性价比，不盲信大牌，但要求物业管理有序、绿化修剪及时、人防技防规范。,本地常住人口，四季生活规律，度假频次为常规年假出行。
三_2011_02295,三亚,2011,高净值康养,68,男,28.0,342.0,0.6,427.5,3,1,否,A,network,0.69,0.27,1,0.85,0.85,0.56,0.02,0,0.88,养老,四室两厅,134,25438,高端海景资产收藏家,三口之家(学龄段),西湖边高精平层,无高端私密会所及管家式物业配套，圈层鱼龙混杂，高净值居住体验差。,要求独立电梯入户，主次卧动线分明，配备独立保姆房和私密后院。,无需日常通勤，但要求30分钟内快捷通达凤凰机场或高铁站。,周末常去高端商圈消费，热衷打网球和马术，重度手冲咖啡及黑胶唱片发烧友。,名下已有企业股权套现或分红现金，一次性全款付清，基本不加杠杆,非仁恒、绿城、万科等金牌开发商不买，极度看重高端精装质量与顶级物业的增值口碑。,本地常住人口，四季生活规律，度假频次为常规年假出行。
三_2011_02296,三亚,2011,本地改善,39,男,2.1,15.4,0.35,32.9,3,2,是,B,agent,1,0.61,0.68,0.34,0.4,0.84,0.5,0.65,0.6,自住-改善,两室一厅,85,3018,三甲医院主治医师,二胎黄金期中大户型,三亚中环品质两居，车位及空间极其拥挤,小区无地下车库且人车不分流，小孩在楼下玩耍或者推婴儿车极为不安全。,讲究超高得房率（超85%），主卧套房必须配备独立步入式衣帽间与干湿分离双卫。,无需日常通勤，但要求30分钟内快捷通达凤凰机场或高铁站。,崇尚度假慢生活，清晨沙滩漫步，午后椰林下午茶，酷爱轻户外及后海冲浪。,名下持有一套旧两居，置换回款 65% + 个人理财储蓄补充 + 公积金商业贷,重性价比，不盲信大牌，但要求物业管理有序、绿化修剪及时、人防技防规范。,本地常住人口，四季生活规律，度假频次为常规年假出行。
三_2011_02297,三亚,2011,外地候鸟-西北,69,男,3.4,23.3,0.5,35.0,3,0,否,C,network,0.22,0.65,0.85,0.72,0.52,0.48,0.01,0,0.54,养老,一室一厅,88,2429,西安设计院退休总建筑师,高知退休康养,与父母同住，三代人拥挤在旧区小户型老房中,老小区隔音差，邻里滋扰严重，且车位严重匮乏，每晚加班回来抢车位像打仗。,要求独立电梯入户，主次卧动线分明，配备独立保姆房和私密后院。,无需日常通勤，但要求30分钟内快捷通达凤凰机场或高铁站。,崇尚度假慢生活，清晨沙滩漫步，午后椰林下午茶，酷爱轻户外及后海冲浪。,名下持有一套旧两居，置换回款 65% + 个人理财储蓄补充 + 公积金商业贷,重性价比，不盲信大牌，但要求物业管理有序、绿化修剪及时、人防技防规范。,每年11月至次年3月到此度过漫长冬季，极其依赖周边的康养及适老化服务。
三_2011_02298,三亚,2011,外地候鸟-东北,66,女,3.3,25.0,0.5,37.6,2,0,否,C,network,0.32,0.66,1,0.66,0.46,0.53,0,0,0.47,度假,两室两厅,60,5235,哈尔滨私营物流老板,高知退休康养,与父母同住，三代人拥挤在旧区小户型老房中,老小区隔音差，邻里滋扰严重，且车位严重匮乏，每晚加班回来抢车位像打仗。,要求有超大面宽南向双阳台（观景家政分离），主卧大飘窗能270度直面自然景观。,无需日常通勤，但要求30分钟内快捷通达凤凰机场或高铁站。,崇尚度假慢生活，清晨沙滩漫步，午后椰林下午茶，酷爱轻户外及后海冲浪。,名下持有一套旧两居，置换回款 65% + 个人理财储蓄补充 + 公积金商业贷,重性价比，不盲信大牌，但要求物业管理有序、绿化修剪及时、人防技防规范。,每年11月至次年3月到此度过漫长冬季，极其依赖周边的康养及适老化服务。
三_2011_02299,三亚,2011,度假投资,36,男,8.1,69.7,0.4,130.8,3,1,否,A,research,0.69,0.35,0.92,0.55,0.54,0.48,0,0.0,0.71,投资-长持,一室一厅,64,13876,知名中医药连锁投资人,三口之家(幼龄段),陆家嘴核心区江景大平层,无高端私密会所及管家式物业配套，圈层鱼龙混杂，高净值居住体验差。,要求有超大面宽南向双阳台（观景家政分离），主卧大飘窗能270度直面自然景观。,无需日常通勤，但要求30分钟内快捷通达凤凰机场或高铁站。,周末常去高端商圈消费，热衷打网球和马术，重度手冲咖啡及黑胶唱片发烧友。,名下已有企业股权套现或分红现金，一次性全款付清，基本不加杠杆,非仁恒、绿城、万科等金牌开发商不买，极度看重高端精装质量与顶级物业的增值口碑。,每年11月至次年3月到此度过漫长冬季，极其依赖周边的康养及适老化服务。
三_2011_02300,三亚,2011,度假投资,47,女,6.3,58.5,0.4,109.8,3,2,否,A,research,0.95,0.39,0.72,0.61,0.6,0.43,0.01,0,0.76,投资-短期,一室一厅,82,6759,高端海景资产收藏家,二胎黄金期中大户型,西湖边高精平层,无高端私密会所及管家式物业配套，圈层鱼龙混杂，高净值居住体验差。,要求有超大面宽南向双阳台（观景家政分离），主卧大飘窗能270度直面自然景观。,无需日常通勤，但要求30分钟内快捷通达凤凰机场或高铁站。,周末常去高端商圈消费，热衷打网球和马术，重度手冲咖啡及黑胶唱片发烧友。,名下已有企业股权套现或分红现金，一次性全款付清，基本不加杠杆,非仁恒、绿城、万科等金牌开发商不买，极度看重高端精装质量与顶级物业的增值口碑。,每年11月至次年3月到此度过漫长冬季，极其依赖周边的康养及适老化服务。
三_2011_02301,三亚,2011,本地改善,39,男,2.1,11.3,0.35,24.3,4,1,是,B,agent,0.63,0.51,0.69,0.39,0.41,0.75,0.47,0.83,0.49,自住-改善,一室一厅,59,2119,重点中学高级教师,三口之家(学龄段),三亚中环品质两居，车位及空间极其拥挤,小区无地下车库且人车不分流，小孩在楼下玩耍或者推婴儿车极为不安全。,讲究超高得房率（超85%），主卧套房必须配备独立步入式衣帽间与干湿分离双卫。,无需日常通勤，但要求30分钟内快捷通达凤凰机场或高铁站。,崇尚度假慢生活，清晨沙滩漫步，午后椰林下午茶，酷爱轻户外及后海冲浪。,名下持有一套旧两居，置换回款 65% + 个人理财储蓄补充 + 公积金商业贷,重性价比，不盲信大牌，但要求物业管理有序、绿化修剪及时、人防技防规范。,本地常住人口，四季生活规律，度假频次为常规年假出行。
三_2011_02302,三亚,2011,本地改善,50,男,1.9,14.2,0.35,30.5,4,1,是,B,agent,0.62,0.58,0.46,0.5,0.19,0.79,0.53,0.75,0.49,自住-改善,两室两厅,69,2493,国企中层管理,三口之家(学龄段),三亚中环品质两居，车位及空间极其拥挤,小区无地下车库且人车不分流，小孩在楼下玩耍或者推婴儿车极为不安全。,讲究超高得房率（超85%），主卧套房必须配备独立步入式衣帽间与干湿分离双卫。,无需日常通勤，但要求30分钟内快捷通达凤凰机场或高铁站。,崇尚度假慢生活，清晨沙滩漫步，午后椰林下午茶，酷爱轻户外及后海冲浪。,名下持有一套旧两居，置换回款 65% + 个人理财储蓄补充 + 公积金商业贷,重性价比，不盲信大牌，但要求物业管理有序、绿化修剪及时、人防技防规范。,本地常住人口，四季生活规律，度假频次为常规年假出行。
三_2011_02303,三亚,2011,外地候鸟-华北,74,女,3.7,33.3,0.5,50.0,1,0,否,B,network,0.6,0.58,1,0.72,0.64,0.46,0.04,0.02,0.49,度假,两室一厅,54,5992,央企总部退休总工,高知退休康养,三亚中环品质两居，车位及空间极其拥挤,老小区隔音差，邻里滋扰严重，且车位严重匮乏，每晚加班回来抢车位像打仗。,要求独立电梯入户，主次卧动线分明，配备独立保姆房和私密后院。,无需日常通勤，但要求30分钟内快捷通达凤凰机场或高铁站。,崇尚度假慢生活，清晨沙滩漫步，午后椰林下午茶，酷爱轻户外及后海冲浪。,名下持有一套旧两居，置换回款 65% + 个人理财储蓄补充 + 公积金商业贷,重性价比，不盲信大牌，但要求物业管理有序、绿化修剪及时、人防技防规范。,每年11月至次年3月到此度过漫长冬季，极其依赖周边的康养及适老化服务。
三_2011_02304,三亚,2011,本地改善,43,男,1.9,12.8,0.35,27.5,4,1,是,B,agent,0.36,0.43,0.55,0.39,0.46,0.88,0.57,0.74,0.5,自住-改善,两室两厅,88,1869,智能新能源车企研发骨干,三口之家(学龄段),三亚中环品质两居，车位及空间极其拥挤,小区无地下车库且人车不分流，小孩在楼下玩耍或者推婴儿车极为不安全。,讲究超高得房率（超85%），主卧套房必须配备独立步入式衣帽间与干湿分离双卫。,无需日常通勤，但要求30分钟内快捷通达凤凰机场或高铁站。,崇尚度假慢生活，清晨沙滩漫步，午后椰林下午茶，酷爱轻户外及后海冲浪。,名下持有一套旧两居，置换回款 65% + 个人理财储蓄补充 + 公积金商业贷,重性价比，不盲信大牌，但要求物业管理有序、绿化修剪及时、人防技防规范。,本地常住人口，四季生活规律，度假频次为常规年假出行。
三_2011_02305,三亚,2011,高净值康养,60,女,27.1,381.0,0.6,476.3,1,0,否,A,network,0.52,0.31,1.0,0.95,0.92,0.57,0.04,0,0.99,度假,四室两厅,188,14050,知名中医药连锁投资人,高知退休康养,市中心私密洋房住宅,无高端私密会所及管家式物业配套，圈层鱼龙混杂，高净值居住体验差。,要求独立电梯入户，主次卧动线分明，配备独立保姆房和私密后院。,无需日常通勤，但要求30分钟内快捷通达凤凰机场或高铁站。,周末常去高端商圈消费，热衷打网球和马术，重度手冲咖啡及黑胶唱片发烧友。,名下已有企业股权套现或分红现金，一次性全款付清，基本不加杠杆,非仁恒、绿城、万科等金牌开发商不买，极度看重高端精装质量与顶级物业的增值口碑。,本地常住人口，四季生活规律，度假频次为常规年假出行。
三_2011_02306,三亚,2011,外地候鸟-东北,58,女,4.7,34.0,0.5,51.0,2,0,否,C,network,0.11,0.56,0.83,0.82,0.59,0.52,0.06,0.08,0.46,度假,两室两厅,66,4272,哈尔滨高校退休处长,高知退休康养,与父母同住，三代人拥挤在旧区小户型老房中,老小区隔音差，邻里滋扰严重，且车位严重匮乏，每晚加班回来抢车位像打仗。,要求独立电梯入户，主次卧动线分明，配备独立保姆房和私密后院。,无需日常通勤，但要求30分钟内快捷通达凤凰机场或高铁站。,崇尚度假慢生活，清晨沙滩漫步，午后椰林下午茶，酷爱轻户外及后海冲浪。,名下持有一套旧两居，置换回款 65% + 个人理财储蓄补充 + 公积金商业贷,重性价比，不盲信大牌，但要求物业管理有序、绿化修剪及时、人防技防规范。,每年11月至次年3月到此度过漫长冬季，极其依赖周边的康养及适老化服务。
三_2011_02307,三亚,2011,本地改善,41,女,3.3,17.3,0.35,37.1,4,1,否,B,agent,0.9,0.53,0.62,0.33,0.38,0.74,0.52,0.82,0.27,自住-改善,一室一厅,78,2530,国企中层管理,三口之家(学龄段),三亚中环品质两居，车位及空间极其拥挤,小区无地下车库且人车不分流，小孩在楼下玩耍或者推婴儿车极为不安全。,讲究超高得房率（超85%），主卧套房必须配备独立步入式衣帽间与干湿分离双卫。,无需日常通勤，但要求30分钟内快捷通达凤凰机场或高铁站。,崇尚度假慢生活，清晨沙滩漫步，午后椰林下午茶，酷爱轻户外及后海冲浪。,名下持有一套旧两居，置换回款 65% + 个人理财储蓄补充 + 公积金商业贷,重性价比，不盲信大牌，但要求物业管理有序、绿化修剪及时、人防技防规范。,本地常住人口，四季生活规律，度假频次为常规年假出行。
三_2011_02308,三亚,2011,外地候鸟-东北,67,男,3.2,26.8,0.5,40.2,1,0,否,C,network,0.27,0.6,1,0.69,0.56,0.37,0.02,0,0.63,养老,一室一厅,69,3998,哈尔滨高校退休处长,高知退休康养,与父母同住，三代人拥挤在旧区小户型老房中,老小区隔音差，邻里滋扰严重，且车位严重匮乏，每晚加班回来抢车位像打仗。,要求有超大面宽南向双阳台（观景家政分离），主卧大飘窗能270度直面自然景观。,无需日常通勤，但要求30分钟内快捷通达凤凰机场或高铁站。,崇尚度假慢生活，清晨沙滩漫步，午后椰林下午茶，酷爱轻户外及后海冲浪。,名下持有一套旧两居，置换回款 65% + 个人理财储蓄补充 + 公积金商业贷,重性价比，不盲信大牌，但要求物业管理有序、绿化修剪及时、人防技防规范。,每年11月至次年3月到此度过漫长冬季，极其依赖周边的康养及适老化服务。
三_2011_02309,三亚,2011,本地改善,40,男,2.2,10.8,0.35,23.1,4,1,否,B,agent,1,0.61,0.63,0.4,0.54,0.71,0.58,0.66,0.33,自住-改善,两室两厅,92,1667,智能新能源车企研发骨干,三口之家(学龄段),三亚中环品质两居，车位及空间极其拥挤,小区无地下车库且人车不分流，小孩在楼下玩耍或者推婴儿车极为不安全。,讲究超高得房率（超85%），主卧套房必须配备独立步入式衣帽间与干湿分离双卫。,无需日常通勤，但要求30分钟内快捷通达凤凰机场或高铁站。,崇尚度假慢生活，清晨沙滩漫步，午后椰林下午茶，酷爱轻户外及后海冲浪。,名下持有一套旧两居，置换回款 65% + 个人理财储蓄补充 + 公积金商业贷,重性价比，不盲信大牌，但要求物业管理有序、绿化修剪及时、人防技防规范。,本地常住人口，四季生活规律，度假频次为常规年假出行。
三_2011_02310,三亚,2011,本地改善,31,男,3.1,16.9,0.35,36.2,4,2,是,B,agent,0.6,0.46,0.45,0.58,0.27,0.64,0.55,0.73,0.45,自住-改善,一室一厅,61,4929,智能新能源车企研发骨干,二胎黄金期中大户型,三亚中环品质两居，车位及空间极其拥挤,小区无地下车库且人车不分流，小孩在楼下玩耍或者推婴儿车极为不安全。,核心要求地块属于第一梯队名校学区，且周边500米内解决幼小衔接教育配套。,无需日常通勤，但要求30分钟内快捷通达凤凰机场或高铁站。,崇尚度假慢生活，清晨沙滩漫步，午后椰林下午茶，酷爱轻户外及后海冲浪。,名下持有一套旧两居，置换回款 65% + 个人理财储蓄补充 + 公积金商业贷,重性价比，不盲信大牌，但要求物业管理有序、绿化修剪及时、人防技防规范。,本地常住人口，四季生活规律，度假频次为常规年假出行。
三_2011_02311,三亚,2011,外地候鸟-西北,55,女,4.9,32.6,0.5,48.8,2,1,否,C,network,0.28,0.57,1,0.65,0.57,0.41,0,0,0.48,度假,两室一厅,95,4291,兰州煤炭物流运输企业主,三口之家(学龄段),与父母同住，三代人拥挤在旧区小户型老房中,小区无地下车库且人车不分流，小孩在楼下玩耍或者推婴儿车极为不安全。,要求有超大面宽南向双阳台（观景家政分离），主卧大飘窗能270度直面自然景观。,无需日常通勤，但要求30分钟内快捷通达凤凰机场或高铁站。,崇尚度假慢生活，清晨沙滩漫步，午后椰林下午茶，酷爱轻户外及后海冲浪。,名下持有一套旧两居，置换回款 65% + 个人理财储蓄补充 + 公积金商业贷,重性价比，不盲信大牌，但要求物业管理有序、绿化修剪及时、人防技防规范。,每年11月至次年3月到此度过漫长冬季，极其依赖周边的康养及适老化服务。
三_2011_02312,三亚,2011,本地改善,49,女,4.3,22.9,0.35,49.1,4,1,是,B,agent,0.96,0.5,0.63,0.46,0.48,0.81,0.57,0.91,0.5,自住-改善,两室两厅,96,3111,重点中学高级教师,三口之家(学龄段),三亚中环品质两居，车位及空间极其拥挤,小区无地下车库且人车不分流，小孩在楼下玩耍或者推婴儿车极为不安全。,讲究超高得房率（超85%），主卧套房必须配备独立步入式衣帽间与干湿分离双卫。,无需日常通勤，但要求30分钟内快捷通达凤凰机场或高铁站。,崇尚度假慢生活，清晨沙滩漫步，午后椰林下午茶，酷爱轻户外及后海冲浪。,名下持有一套旧两居，置换回款 65% + 个人理财储蓄补充 + 公积金商业贷,重性价比，不盲信大牌，但要求物业管理有序、绿化修剪及时、人防技防规范。,本地常住人口，四季生活规律，度假频次为常规年假出行。
三_2011_02313,三亚,2011,本地改善,37,女,1.3,6.4,0.35,13.7,4,0,是,B,agent,1,0.51,0.31,0.49,0.47,0.74,0.51,0.68,0.4,自住-改善,两室一厅,75,1641,区级税务局一级主办,成熟期核心家庭,三亚中环品质两居，车位及空间极其拥挤,当前房屋属于旧多层无电梯房，父母年纪渐高每天爬楼梯极为吃力。,讲究超高得房率（超85%），主卧套房必须配备独立步入式衣帽间与干湿分离双卫。,无需日常通勤，但要求30分钟内快捷通达凤凰机场或高铁站。,崇尚度假慢生活，清晨沙滩漫步，午后椰林下午茶，酷爱轻户外及后海冲浪。,名下持有一套旧两居，置换回款 65% + 个人理财储蓄补充 + 公积金商业贷,重性价比，不盲信大牌，但要求物业管理有序、绿化修剪及时、人防技防规范。,本地常住人口，四季生活规律，度假频次为常规年假出行。
三_2011_02314,三亚,2011,外地候鸟-华北,65,女,6.5,53.8,0.5,80.7,2,0,否,B,network,0.31,0.44,0.98,0.75,0.68,0.56,0,0.03,0.6,养老,两室一厅,92,6879,央企总部退休总工,高知退休康养,三亚中环品质两居，车位及空间极其拥挤,老小区隔音差，邻里滋扰严重，且车位严重匮乏，每晚加班回来抢车位像打仗。,要求独立电梯入户，主次卧动线分明，配备独立保姆房和私密后院。,无需日常通勤，但要求30分钟内快捷通达凤凰机场或高铁站。,崇尚度假慢生活，清晨沙滩漫步，午后椰林下午茶，酷爱轻户外及后海冲浪。,名下持有一套旧两居，置换回款 65% + 个人理财储蓄补充 + 公积金商业贷,重性价比，不盲信大牌，但要求物业管理有序、绿化修剪及时、人防技防规范。,每年11月至次年3月到此度过漫长冬季，极其依赖周边的康养及适老化服务。
三_2011_02315,三亚,2011,度假投资,40,男,8.4,73.2,0.4,137.3,3,0,否,A,research,0.98,0.46,0.88,0.67,0.59,0.63,0.02,0.08,0.75,度假,两室一厅,63,15555,知名中医药连锁投资人,成熟期核心家庭,市中心私密洋房住宅,无高端私密会所及管家式物业配套，圈层鱼龙混杂，高净值居住体验差。,要求有超大面宽南向双阳台（观景家政分离），主卧大飘窗能270度直面自然景观。,无需日常通勤，但要求30分钟内快捷通达凤凰机场或高铁站。,周末常去高端商圈消费，热衷打网球和马术，重度手冲咖啡及黑胶唱片发烧友。,名下已有企业股权套现或分红现金，一次性全款付清，基本不加杠杆,非仁恒、绿城、万科等金牌开发商不买，极度看重高端精装质量与顶级物业的增值口碑。,每年11月至次年3月到此度过漫长冬季，极其依赖周边的康养及适老化服务。
三_2011_02316,三亚,2011,外地候鸟-东北,59,男,1.2,9.8,0.5,14.8,3,0,否,C,network,0.45,0.62,0.89,0.58,0.45,0.47,0,0.06,0.39,养老,一室一厅,75,1068,沈阳大型重工企业退休副厂长,高知退休康养,与父母同住，三代人拥挤在旧区小户型老房中,老小区隔音差，邻里滋扰严重，且车位严重匮乏，每晚加班回来抢车位像打仗。,要求有超大面宽南向双阳台（观景家政分离），主卧大飘窗能270度直面自然景观。,无需日常通勤，但要求30分钟内快捷通达凤凰机场或高铁站。,崇尚度假慢生活，清晨沙滩漫步，午后椰林下午茶，酷爱轻户外及后海冲浪。,名下持有一套旧两居，置换回款 65% + 个人理财储蓄补充 + 公积金商业贷,重性价比，不盲信大牌，但要求物业管理有序、绿化修剪及时、人防技防规范。,每年11月至次年3月到此度过漫长冬季，极其依赖周边的康养及适老化服务。
三_2011_02317,三亚,2011,外地候鸟-西北,64,女,5.2,30.6,0.5,45.9,2,1,否,C,network,0.22,0.6,0.77,0.6,0.34,0.59,0.01,0.04,0.45,度假,两室一厅,87,4593,兰州煤炭物流运输企业主,三口之家(学龄段),与父母同住，三代人拥挤在旧区小户型老房中,小区无地下车库且人车不分流，小孩在楼下玩耍或者推婴儿车极为不安全。,要求有超大面宽南向双阳台（观景家政分离），主卧大飘窗能270度直面自然景观。,无需日常通勤，但要求30分钟内快捷通达凤凰机场或高铁站。,崇尚度假慢生活，清晨沙滩漫步，午后椰林下午茶，酷爱轻户外及后海冲浪。,名下持有一套旧两居，置换回款 65% + 个人理财储蓄补充 + 公积金商业贷,重性价比，不盲信大牌，但要求物业管理有序、绿化修剪及时、人防技防规范。,每年11月至次年3月到此度过漫长冬季，极其依赖周边的康养及适老化服务。
三_2011_02318,三亚,2011,度假投资,42,男,6.1,47.5,0.4,89.1,2,0,否,A,research,1,0.33,0.81,0.71,0.38,0.31,0,0.0,0.7,投资-长持,两室一厅,98,5918,上市公司退休联合创始人,成熟期核心家庭,陆家嘴核心区江景大平层,无高端私密会所及管家式物业配套，圈层鱼龙混杂，高净值居住体验差。,要求独立电梯入户，主次卧动线分明，配备独立保姆房和私密后院。,无需日常通勤，但要求30分钟内快捷通达凤凰机场或高铁站。,周末常去高端商圈消费，热衷打网球和马术，重度手冲咖啡及黑胶唱片发烧友。,名下已有企业股权套现或分红现金，一次性全款付清，基本不加杠杆,非仁恒、绿城、万科等金牌开发商不买，极度看重高端精装质量与顶级物业的增值口碑。,每年11月至次年3月到此度过漫长冬季，极其依赖周边的康养及适老化服务。
三_2011_02319,三亚,2011,外地候鸟-西北,58,女,3.6,29.4,0.5,44.1,2,0,否,C,network,0.04,0.71,0.92,0.74,0.55,0.53,0.01,0,0.47,养老,一室一厅,81,4627,兰州煤炭物流运输企业主,高知退休康养,与父母同住，三代人拥挤在旧区小户型老房中,老小区隔音差，邻里滋扰严重，且车位严重匮乏，每晚加班回来抢车位像打仗。,要求独立电梯入户，主次卧动线分明，配备独立保姆房和私密后院。,无需日常通勤，但要求30分钟内快捷通达凤凰机场或高铁站。,崇尚度假慢生活，清晨沙滩漫步，午后椰林下午茶，酷爱轻户外及后海冲浪。,名下持有一套旧两居，置换回款 65% + 个人理财储蓄补充 + 公积金商业贷,重性价比，不盲信大牌，但要求物业管理有序、绿化修剪及时、人防技防规范。,每年11月至次年3月到此度过漫长冬季，极其依赖周边的康养及适老化服务。
三_2011_02320,三亚,2011,本地改善,50,男,1.8,12.8,0.35,27.4,4,1,是,B,agent,0.67,0.56,0.48,0.5,0.54,0.63,0.41,0.48,0.35,自住-改善,一室一厅,61,2997,国企中层管理,三口之家(学龄段),三亚中环品质两居，车位及空间极其拥挤,小区无地下车库且人车不分流，小孩在楼下玩耍或者推婴儿车极为不安全。,要求采光通透，全明户型，带多功能嵌入式收纳墙以最大化空间利用。,无需日常通勤，但要求30分钟内快捷通达凤凰机场或高铁站。,崇尚度假慢生活，清晨沙滩漫步，午后椰林下午茶，酷爱轻户外及后海冲浪。,名下持有一套旧两居，置换回款 65% + 个人理财储蓄补充 + 公积金商业贷,重性价比，不盲信大牌，但要求物业管理有序、绿化修剪及时、人防技防规范。,本地常住人口，四季生活规律，度假频次为常规年假出行。
三_2011_02321,三亚,2011,外地候鸟-华北,65,女,6.0,50.2,0.5,75.4,2,0,否,B,network,0.46,0.53,0.96,0.65,0.62,0.47,0.0,0,0.61,度假,一室一厅,61,6445,北京三甲医院退休教授,高知退休康养,三亚中环品质两居，车位及空间极其拥挤,老小区隔音差，邻里滋扰严重，且车位严重匮乏，每晚加班回来抢车位像打仗。,要求有超大面宽南向双阳台（观景家政分离），主卧大飘窗能270度直面自然景观。,无需日常通勤，但要求30分钟内快捷通达凤凰机场或高铁站。,崇尚度假慢生活，清晨沙滩漫步，午后椰林下午茶，酷爱轻户外及后海冲浪。,名下持有一套旧两居，置换回款 65% + 个人理财储蓄补充 + 公积金商业贷,重性价比，不盲信大牌，但要求物业管理有序、绿化修剪及时、人防技防规范。,每年11月至次年3月到此度过漫长冬季，极其依赖周边的康养及适老化服务。
三_2011_02322,三亚,2011,本地改善,43,女,1.4,8.1,0.35,17.4,5,1,否,B,agent,0.88,0.56,0.6,0.49,0.42,0.71,0.47,0.59,0.47,自住-改善,一室一厅,50,2150,智能新能源车企研发骨干,三口之家(学龄段),三亚中环品质两居，车位及空间极其拥挤,小区无地下车库且人车不分流，小孩在楼下玩耍或者推婴儿车极为不安全。,讲究超高得房率（超85%），主卧套房必须配备独立步入式衣帽间与干湿分离双卫。,无需日常通勤，但要求30分钟内快捷通达凤凰机场或高铁站。,崇尚度假慢生活，清晨沙滩漫步，午后椰林下午茶，酷爱轻户外及后海冲浪。,名下持有一套旧两居，置换回款 65% + 个人理财储蓄补充 + 公积金商业贷,重性价比，不盲信大牌，但要求物业管理有序、绿化修剪及时、人防技防规范。,本地常住人口，四季生活规律，度假频次为常规年假出行。
三_2011_02323,三亚,2011,外地候鸟-华北,71,女,3.0,27.4,0.5,41.1,2,0,否,B,network,0.61,0.57,1,0.73,0.65,0.56,0.02,0,0.47,养老,一室一厅,74,3062,高校资深硕导,高知退休康养,三亚中环品质两居，车位及空间极其拥挤,老小区隔音差，邻里滋扰严重，且车位严重匮乏，每晚加班回来抢车位像打仗。,要求独立电梯入户，主次卧动线分明，配备独立保姆房和私密后院。,无需日常通勤，但要求30分钟内快捷通达凤凰机场或高铁站。,崇尚度假慢生活，清晨沙滩漫步，午后椰林下午茶，酷爱轻户外及后海冲浪。,名下持有一套旧两居，置换回款 65% + 个人理财储蓄补充 + 公积金商业贷,重性价比，不盲信大牌，但要求物业管理有序、绿化修剪及时、人防技防规范。,每年11月至次年3月到此度过漫长冬季，极其依赖周边的康养及适老化服务。
三_2011_02324,三亚,2011,本地改善,41,男,3.6,27.5,0.35,59.0,4,1,否,B,agent,0.88,0.43,0.65,0.47,0.36,0.73,0.47,0.74,0.47,自住-改善,一室一厅,52,7917,智能新能源车企研发骨干,三口之家(学龄段),三亚中环品质两居，车位及空间极其拥挤,小区无地下车库且人车不分流，小孩在楼下玩耍或者推婴儿车极为不安全。,讲究超高得房率（超85%），主卧套房必须配备独立步入式衣帽间与干湿分离双卫。,无需日常通勤，但要求30分钟内快捷通达凤凰机场或高铁站。,崇尚度假慢生活，清晨沙滩漫步，午后椰林下午茶，酷爱轻户外及后海冲浪。,名下持有一套旧两居，置换回款 65% + 个人理财储蓄补充 + 公积金商业贷,重性价比，不盲信大牌，但要求物业管理有序、绿化修剪及时、人防技防规范。,本地常住人口，四季生活规律，度假频次为常规年假出行。
三_2011_02325,三亚,2011,度假投资,36,男,9.2,77.6,0.4,145.4,3,1,否,A,research,0.52,0.43,0.95,0.65,0.56,0.59,0.02,0,0.87,投资-长持,两室两厅,97,8609,高端海景资产收藏家,三口之家(幼龄段),西湖边高精平层,无高端私密会所及管家式物业配套，圈层鱼龙混杂，高净值居住体验差。,要求有超大面宽南向双阳台（观景家政分离），主卧大飘窗能270度直面自然景观。,无需日常通勤，但要求30分钟内快捷通达凤凰机场或高铁站。,周末常去高端商圈消费，热衷打网球和马术，重度手冲咖啡及黑胶唱片发烧友。,名下已有企业股权套现或分红现金，一次性全款付清，基本不加杠杆,非仁恒、绿城、万科等金牌开发商不买，极度看重高端精装质量与顶级物业的增值口碑。,每年11月至次年3月到此度过漫长冬季，极其依赖周边的康养及适老化服务。
三_2011_02326,三亚,2011,外地候鸟-东北,68,男,3.5,20.9,0.5,31.4,3,0,否,C,network,0.1,0.54,0.92,0.7,0.45,0.58,0.17,0.11,0.39,养老,一室一厅,64,3812,哈尔滨私营物流老板,高知退休康养,与父母同住，三代人拥挤在旧区小户型老房中,老小区隔音差，邻里滋扰严重，且车位严重匮乏，每晚加班回来抢车位像打仗。,要求有超大面宽南向双阳台（观景家政分离），主卧大飘窗能270度直面自然景观。,无需日常通勤，但要求30分钟内快捷通达凤凰机场或高铁站。,崇尚度假慢生活，清晨沙滩漫步，午后椰林下午茶，酷爱轻户外及后海冲浪。,名下持有一套旧两居，置换回款 65% + 个人理财储蓄补充 + 公积金商业贷,重性价比，不盲信大牌，但要求物业管理有序、绿化修剪及时、人防技防规范。,每年11月至次年3月到此度过漫长冬季，极其依赖周边的康养及适老化服务。
三_2011_02327,三亚,2011,本地改善,39,女,2.2,13.1,0.35,28.0,4,0,否,B,agent,0.66,0.51,0.52,0.36,0.46,0.71,0.62,0.62,0.35,自住-改善,一室一厅,65,3358,智能新能源车企研发骨干,成熟期核心家庭,三亚中环品质两居，车位及空间极其拥挤,老小区隔音差，邻里滋扰严重，且车位严重匮乏，每晚加班回来抢车位像打仗。,讲究超高得房率（超85%），主卧套房必须配备独立步入式衣帽间与干湿分离双卫。,无需日常通勤，但要求30分钟内快捷通达凤凰机场或高铁站。,崇尚度假慢生活，清晨沙滩漫步，午后椰林下午茶，酷爱轻户外及后海冲浪。,名下持有一套旧两居，置换回款 65% + 个人理财储蓄补充 + 公积金商业贷,重性价比，不盲信大牌，但要求物业管理有序、绿化修剪及时、人防技防规范。,本地常住人口，四季生活规律，度假频次为常规年假出行。
三_2011_02328,三亚,2011,外地候鸟-东北,73,女,3.2,19.5,0.5,29.3,2,0,是,C,network,0.49,0.56,0.93,0.76,0.57,0.46,0.0,0,0.42,养老,一室一厅,81,2092,沈阳大型重工企业退休副厂长,高知退休康养,与父母同住，三代人拥挤在旧区小户型老房中,当前房屋属于旧多层无电梯房，父母年纪渐高每天爬楼梯极为吃力。,要求独立电梯入户，主次卧动线分明，配备独立保姆房和私密后院。,无需日常通勤，但要求30分钟内快捷通达凤凰机场或高铁站。,崇尚度假慢生活，清晨沙滩漫步，午后椰林下午茶，酷爱轻户外及后海冲浪。,名下持有一套旧两居，置换回款 65% + 个人理财储蓄补充 + 公积金商业贷,重性价比，不盲信大牌，但要求物业管理有序、绿化修剪及时、人防技防规范。,每年11月至次年3月到此度过漫长冬季，极其依赖周边的康养及适老化服务。
三_2011_02329,三亚,2011,本地改善,49,女,2.2,10.7,0.35,23.0,5,1,否,B,agent,0.77,0.52,0.7,0.42,0.54,0.59,0.56,0.61,0.52,自住-改善,两室两厅,86,2104,三甲医院主治医师,三口之家(学龄段),三亚中环品质两居，车位及空间极其拥挤,小区无地下车库且人车不分流，小孩在楼下玩耍或者推婴儿车极为不安全。,要求采光通透，全明户型，带多功能嵌入式收纳墙以最大化空间利用。,无需日常通勤，但要求30分钟内快捷通达凤凰机场或高铁站。,崇尚度假慢生活，清晨沙滩漫步，午后椰林下午茶，酷爱轻户外及后海冲浪。,名下持有一套旧两居，置换回款 65% + 个人理财储蓄补充 + 公积金商业贷,重性价比，不盲信大牌，但要求物业管理有序、绿化修剪及时、人防技防规范。,本地常住人口，四季生活规律，度假频次为常规年假出行。
三_2011_02330,三亚,2011,外地候鸟-华北,68,女,4.8,44.0,0.5,66.0,2,0,否,B,network,0.51,0.63,0.9,0.72,0.57,0.49,0,0.03,0.73,养老,两室一厅,76,7278,北京三甲医院退休教授,高知退休康养,三亚中环品质两居，车位及空间极其拥挤,老小区隔音差，邻里滋扰严重，且车位严重匮乏，每晚加班回来抢车位像打仗。,要求独立电梯入户，主次卧动线分明，配备独立保姆房和私密后院。,无需日常通勤，但要求30分钟内快捷通达凤凰机场或高铁站。,崇尚度假慢生活，清晨沙滩漫步，午后椰林下午茶，酷爱轻户外及后海冲浪。,名下持有一套旧两居，置换回款 65% + 个人理财储蓄补充 + 公积金商业贷,非仁恒、绿城、万科等金牌开发商不买，极度看重高端精装质量与顶级物业的增值口碑。,每年11月至次年3月到此度过漫长冬季，极其依赖周边的康养及适老化服务。
三_2011_02331,三亚,2011,度假投资,44,女,3.6,26.9,0.4,50.4,4,0,否,A,research,0.94,0.4,0.69,0.63,0.54,0.42,0.03,0.03,0.84,投资-短期,一室一厅,64,4425,上市公司退休联合创始人,成熟期核心家庭,西湖边高精平层,无高端私密会所及管家式物业配套，圈层鱼龙混杂，高净值居住体验差。,要求采光通透，全明户型，带多功能嵌入式收纳墙以最大化空间利用。,无需日常通勤，但要求30分钟内快捷通达凤凰机场或高铁站。,周末常去高端商圈消费，热衷打网球和马术，重度手冲咖啡及黑胶唱片发烧友。,名下已有企业股权套现或分红现金，一次性全款付清，基本不加杠杆,非仁恒、绿城、万科等金牌开发商不买，极度看重高端精装质量与顶级物业的增值口碑。,每年11月至次年3月到此度过漫长冬季，极其依赖周边的康养及适老化服务。
三_2011_02332,三亚,2011,外地候鸟-东北,69,男,2.9,18.5,0.5,27.8,2,0,否,C,network,0.26,0.72,0.79,0.58,0.43,0.54,0.03,0,0.45,养老,一室一厅,84,2188,哈尔滨高校退休处长,高知退休康养,与父母同住，三代人拥挤在旧区小户型老房中,老小区隔音差，邻里滋扰严重，且车位严重匮乏，每晚加班回来抢车位像打仗。,要求有超大面宽南向双阳台（观景家政分离），主卧大飘窗能270度直面自然景观。,无需日常通勤，但要求30分钟内快捷通达凤凰机场或高铁站。,崇尚度假慢生活，清晨沙滩漫步，午后椰林下午茶，酷爱轻户外及后海冲浪。,名下持有一套旧两居，置换回款 65% + 个人理财储蓄补充 + 公积金商业贷,重性价比，不盲信大牌，但要求物业管理有序、绿化修剪及时、人防技防规范。,每年11月至次年3月到此度过漫长冬季，极其依赖周边的康养及适老化服务。
三_2011_02333,三亚,2011,外地候鸟-西北,67,女,7.1,61.4,0.5,92.1,1,0,是,C,network,0.31,0.63,0.93,0.61,0.6,0.47,0.02,0,0.37,度假,一室一厅,52,9072,兰州煤炭物流运输企业主,高知退休康养,与父母同住，三代人拥挤在旧区小户型老房中,当前房屋属于旧多层无电梯房，父母年纪渐高每天爬楼梯极为吃力。,要求有超大面宽南向双阳台（观景家政分离），主卧大飘窗能270度直面自然景观。,无需日常通勤，但要求30分钟内快捷通达凤凰机场或高铁站。,崇尚度假慢生活，清晨沙滩漫步，午后椰林下午茶，酷爱轻户外及后海冲浪。,名下持有一套旧两居，置换回款 65% + 个人理财储蓄补充 + 公积金商业贷,重性价比，不盲信大牌，但要求物业管理有序、绿化修剪及时、人防技防规范。,每年11月至次年3月到此度过漫长冬季，极其依赖周边的康养及适老化服务。
三_2011_02334,三亚,2011,外地候鸟-华北,68,男,3.9,33.0,0.5,49.5,1,0,是,B,network,0.43,0.49,1,0.73,0.63,0.48,0.01,0,0.68,养老,一室一厅,57,6122,高校资深硕导,高知退休康养,三亚中环品质两居，车位及空间极其拥挤,当前房屋属于旧多层无电梯房，父母年纪渐高每天爬楼梯极为吃力。,要求独立电梯入户，主次卧动线分明，配备独立保姆房和私密后院。,无需日常通勤，但要求30分钟内快捷通达凤凰机场或高铁站。,崇尚度假慢生活，清晨沙滩漫步，午后椰林下午茶，酷爱轻户外及后海冲浪。,名下持有一套旧两居，置换回款 65% + 个人理财储蓄补充 + 公积金商业贷,重性价比，不盲信大牌，但要求物业管理有序、绿化修剪及时、人防技防规范。,每年11月至次年3月到此度过漫长冬季，极其依赖周边的康养及适老化服务。
三_2011_02335,三亚,2011,本地改善,40,男,2.8,18.0,0.35,38.5,5,1,否,B,agent,0.58,0.58,0.51,0.44,0.54,0.76,0.48,0.64,0.46,自住-改善,两室一厅,90,2253,国企中层管理,三口之家(学龄段),三亚中环品质两居，车位及空间极其拥挤,小区无地下车库且人车不分流，小孩在楼下玩耍或者推婴儿车极为不安全。,讲究超高得房率（超85%），主卧套房必须配备独立步入式衣帽间与干湿分离双卫。,无需日常通勤，但要求30分钟内快捷通达凤凰机场或高铁站。,崇尚度假慢生活，清晨沙滩漫步，午后椰林下午茶，酷爱轻户外及后海冲浪。,名下持有一套旧两居，置换回款 65% + 个人理财储蓄补充 + 公积金商业贷,重性价比，不盲信大牌，但要求物业管理有序、绿化修剪及时、人防技防规范。,本地常住人口，四季生活规律，度假频次为常规年假出行。
三_2011_02336,三亚,2011,外地候鸟-华北,63,男,5.1,51.1,0.5,76.6,2,0,否,B,network,0.58,0.69,0.8,0.69,0.51,0.41,0.07,0.01,0.67,养老,两室两厅,62,8035,北京三甲医院退休教授,高知退休康养,三亚中环品质两居，车位及空间极其拥挤,老小区隔音差，邻里滋扰严重，且车位严重匮乏，每晚加班回来抢车位像打仗。,要求有超大面宽南向双阳台（观景家政分离），主卧大飘窗能270度直面自然景观。,无需日常通勤，但要求30分钟内快捷通达凤凰机场或高铁站。,崇尚度假慢生活，清晨沙滩漫步，午后椰林下午茶，酷爱轻户外及后海冲浪。,名下持有一套旧两居，置换回款 65% + 个人理财储蓄补充 + 公积金商业贷,重性价比，不盲信大牌，但要求物业管理有序、绿化修剪及时、人防技防规范。,每年11月至次年3月到此度过漫长冬季，极其依赖周边的康养及适老化服务。
三_2011_02337,三亚,2011,本地改善,37,女,2.8,20.1,0.35,43.1,3,0,否,B,agent,0.8,0.61,0.49,0.46,0.38,0.54,0.4,0.73,0.46,自住-改善,一室一厅,89,4237,国企中层管理,成熟期核心家庭,三亚中环品质两居，车位及空间极其拥挤,老小区隔音差，邻里滋扰严重，且车位严重匮乏，每晚加班回来抢车位像打仗。,核心要求地块属于第一梯队名校学区，且周边500米内解决幼小衔接教育配套。,无需日常通勤，但要求30分钟内快捷通达凤凰机场或高铁站。,崇尚度假慢生活，清晨沙滩漫步，午后椰林下午茶，酷爱轻户外及后海冲浪。,名下持有一套旧两居，置换回款 65% + 个人理财储蓄补充 + 公积金商业贷,重性价比，不盲信大牌，但要求物业管理有序、绿化修剪及时、人防技防规范。,本地常住人口，四季生活规律，度假频次为常规年假出行。
三_2011_02338,三亚,2011,外地候鸟-东北,70,女,4.7,35.3,0.5,53.0,3,0,否,C,network,0.47,0.55,1,0.65,0.54,0.37,0,0.05,0.68,度假,两室一厅,62,6843,哈尔滨高校退休处长,高知退休康养,与父母同住，三代人拥挤在旧区小户型老房中,老小区隔音差，邻里滋扰严重，且车位严重匮乏，每晚加班回来抢车位像打仗。,要求有超大面宽南向双阳台（观景家政分离），主卧大飘窗能270度直面自然景观。,无需日常通勤，但要求30分钟内快捷通达凤凰机场或高铁站。,崇尚度假慢生活，清晨沙滩漫步，午后椰林下午茶，酷爱轻户外及后海冲浪。,名下持有一套旧两居，置换回款 65% + 个人理财储蓄补充 + 公积金商业贷,重性价比，不盲信大牌，但要求物业管理有序、绿化修剪及时、人防技防规范。,每年11月至次年3月到此度过漫长冬季，极其依赖周边的康养及适老化服务。
三_2011_02339,三亚,2011,本地改善,44,女,2.1,12.9,0.35,27.6,5,1,是,B,agent,0.81,0.56,0.54,0.43,0.45,0.61,0.49,0.77,0.47,自住-改善,一室一厅,69,2055,智能新能源车企研发骨干,三口之家(学龄段),三亚中环品质两居，车位及空间极其拥挤,小区无地下车库且人车不分流，小孩在楼下玩耍或者推婴儿车极为不安全。,核心要求地块属于第一梯队名校学区，且周边500米内解决幼小衔接教育配套。,无需日常通勤，但要求30分钟内快捷通达凤凰机场或高铁站。,崇尚度假慢生活，清晨沙滩漫步，午后椰林下午茶，酷爱轻户外及后海冲浪。,名下持有一套旧两居，置换回款 65% + 个人理财储蓄补充 + 公积金商业贷,重性价比，不盲信大牌，但要求物业管理有序、绿化修剪及时、人防技防规范。,本地常住人口，四季生活规律，度假频次为常规年假出行。
三_2011_02340,三亚,2011,本地改善,34,男,2.9,22.6,0.35,48.5,4,1,否,B,agent,0.71,0.51,0.65,0.32,0.39,0.75,0.55,0.77,0.57,自住-改善,一室一厅,78,5177,重点中学高级教师,三口之家(幼龄段),三亚中环品质两居，车位及空间极其拥挤,小区无地下车库且人车不分流，小孩在楼下玩耍或者推婴儿车极为不安全。,讲究超高得房率（超85%），主卧套房必须配备独立步入式衣帽间与干湿分离双卫。,无需日常通勤，但要求30分钟内快捷通达凤凰机场或高铁站。,崇尚度假慢生活，清晨沙滩漫步，午后椰林下午茶，酷爱轻户外及后海冲浪。,名下持有一套旧两居，置换回款 65% + 个人理财储蓄补充 + 公积金商业贷,重性价比，不盲信大牌，但要求物业管理有序、绿化修剪及时、人防技防规范。,本地常住人口，四季生活规律，度假频次为常规年假出行。
三_2011_02341,三亚,2011,本地改善,47,男,2.4,18.4,0.35,39.5,5,1,是,B,agent,0.69,0.63,0.47,0.52,0.36,0.91,0.41,0.7,0.31,自住-改善,两室两厅,91,2306,区级税务局一级主办,三口之家(学龄段),三亚中环品质两居，车位及空间极其拥挤,小区无地下车库且人车不分流，小孩在楼下玩耍或者推婴儿车极为不安全。,讲究超高得房率（超85%），主卧套房必须配备独立步入式衣帽间与干湿分离双卫。,无需日常通勤，但要求30分钟内快捷通达凤凰机场或高铁站。,崇尚度假慢生活，清晨沙滩漫步，午后椰林下午茶，酷爱轻户外及后海冲浪。,名下持有一套旧两居，置换回款 65% + 个人理财储蓄补充 + 公积金商业贷,重性价比，不盲信大牌，但要求物业管理有序、绿化修剪及时、人防技防规范。,本地常住人口，四季生活规律，度假频次为常规年假出行。
三_2011_02342,三亚,2011,外地候鸟-华北,60,男,4.8,45.2,0.5,67.7,3,0,否,B,network,0.43,0.45,0.96,0.64,0.58,0.47,0.15,0.02,0.49,养老,两室一厅,75,7523,央企总部退休总工,高知退休康养,三亚中环品质两居，车位及空间极其拥挤,老小区隔音差，邻里滋扰严重，且车位严重匮乏，每晚加班回来抢车位像打仗。,要求有超大面宽南向双阳台（观景家政分离），主卧大飘窗能270度直面自然景观。,无需日常通勤，但要求30分钟内快捷通达凤凰机场或高铁站。,崇尚度假慢生活，清晨沙滩漫步，午后椰林下午茶，酷爱轻户外及后海冲浪。,名下持有一套旧两居，置换回款 65% + 个人理财储蓄补充 + 公积金商业贷,重性价比，不盲信大牌，但要求物业管理有序、绿化修剪及时、人防技防规范。,每年11月至次年3月到此度过漫长冬季，极其依赖周边的康养及适老化服务。
三_2011_02343,三亚,2011,外地候鸟-华北,56,男,3.3,23.3,0.5,35.0,3,0,否,B,network,0.78,0.65,0.97,0.76,0.74,0.42,0,0,0.49,养老,一室一厅,53,5147,央企总部退休总工,高知退休康养,三亚中环品质两居，车位及空间极其拥挤,老小区隔音差，邻里滋扰严重，且车位严重匮乏，每晚加班回来抢车位像打仗。,要求独立电梯入户，主次卧动线分明，配备独立保姆房和私密后院。,无需日常通勤，但要求30分钟内快捷通达凤凰机场或高铁站。,崇尚度假慢生活，清晨沙滩漫步，午后椰林下午茶，酷爱轻户外及后海冲浪。,名下持有一套旧两居，置换回款 65% + 个人理财储蓄补充 + 公积金商业贷,重性价比，不盲信大牌，但要求物业管理有序、绿化修剪及时、人防技防规范。,每年11月至次年3月到此度过漫长冬季，极其依赖周边的康养及适老化服务。
三_2011_02344,三亚,2011,度假投资,41,女,5.7,69.2,0.4,129.8,2,1,否,A,research,0.88,0.34,0.77,0.61,0.64,0.45,0,0,0.71,投资-短期,两室两厅,53,15081,知名中医药连锁投资人,三口之家(学龄段),西湖边高精平层,无高端私密会所及管家式物业配套，圈层鱼龙混杂，高净值居住体验差。,要求有超大面宽南向双阳台（观景家政分离），主卧大飘窗能270度直面自然景观。,无需日常通勤，但要求30分钟内快捷通达凤凰机场或高铁站。,周末常去高端商圈消费，热衷打网球和马术，重度手冲咖啡及黑胶唱片发烧友。,名下已有企业股权套现或分红现金，一次性全款付清，基本不加杠杆,非仁恒、绿城、万科等金牌开发商不买，极度看重高端精装质量与顶级物业的增值口碑。,每年11月至次年3月到此度过漫长冬季，极其依赖周边的康养及适老化服务。
三_2011_02345,三亚,2011,外地候鸟-华北,68,男,1.9,16.3,0.5,24.5,1,0,否,B,network,0.5,0.72,0.94,0.72,0.66,0.51,0,0.01,0.53,度假,两室两厅,82,2361,北京三甲医院退休教授,高知退休康养,三亚中环品质两居，车位及空间极其拥挤,老小区隔音差，邻里滋扰严重，且车位严重匮乏，每晚加班回来抢车位像打仗。,要求独立电梯入户，主次卧动线分明，配备独立保姆房和私密后院。,无需日常通勤，但要求30分钟内快捷通达凤凰机场或高铁站。,崇尚度假慢生活，清晨沙滩漫步，午后椰林下午茶，酷爱轻户外及后海冲浪。,名下持有一套旧两居，置换回款 65% + 个人理财储蓄补充 + 公积金商业贷,重性价比，不盲信大牌，但要求物业管理有序、绿化修剪及时、人防技防规范。,每年11月至次年3月到此度过漫长冬季，极其依赖周边的康养及适老化服务。
三_2011_02346,三亚,2011,本地改善,39,男,2.5,11.5,0.35,24.6,4,0,否,B,agent,0.77,0.5,0.57,0.38,0.31,0.77,0.5,0.65,0.51,自住-改善,两室两厅,84,2393,智能新能源车企研发骨干,成熟期核心家庭,三亚中环品质两居，车位及空间极其拥挤,老小区隔音差，邻里滋扰严重，且车位严重匮乏，每晚加班回来抢车位像打仗。,讲究超高得房率（超85%），主卧套房必须配备独立步入式衣帽间与干湿分离双卫。,无需日常通勤，但要求30分钟内快捷通达凤凰机场或高铁站。,崇尚度假慢生活，清晨沙滩漫步，午后椰林下午茶，酷爱轻户外及后海冲浪。,名下持有一套旧两居，置换回款 65% + 个人理财储蓄补充 + 公积金商业贷,重性价比，不盲信大牌，但要求物业管理有序、绿化修剪及时、人防技防规范。,本地常住人口，四季生活规律，度假频次为常规年假出行。
三_2011_02347,三亚,2011,度假投资,51,女,12.5,149.9,0.4,281.1,3,0,否,A,research,0.7,0.23,0.83,0.73,0.45,0.44,0.04,0,0.77,投资-长持,三室一厅,98,20353,上市公司退休联合创始人,成熟期核心家庭,陆家嘴核心区江景大平层,无高端私密会所及管家式物业配套，圈层鱼龙混杂，高净值居住体验差。,要求独立电梯入户，主次卧动线分明，配备独立保姆房和私密后院。,无需日常通勤，但要求30分钟内快捷通达凤凰机场或高铁站。,周末常去高端商圈消费，热衷打网球和马术，重度手冲咖啡及黑胶唱片发烧友。,名下已有企业股权套现或分红现金，一次性全款付清，基本不加杠杆,非仁恒、绿城、万科等金牌开发商不买，极度看重高端精装质量与顶级物业的增值口碑。,每年11月至次年3月到此度过漫长冬季，极其依赖周边的康养及适老化服务。
三_2011_02348,三亚,2011,度假投资,43,女,2.7,20.7,0.4,38.8,3,1,否,A,research,0.82,0.36,0.75,0.59,0.54,0.47,0.13,0.09,0.66,投资-长持,两室一厅,76,3318,高端海景资产收藏家,三口之家(学龄段),市中心私密洋房住宅,无高端私密会所及管家式物业配套，圈层鱼龙混杂，高净值居住体验差。,要求有超大面宽南向双阳台（观景家政分离），主卧大飘窗能270度直面自然景观。,无需日常通勤，但要求30分钟内快捷通达凤凰机场或高铁站。,周末常去高端商圈消费，热衷打网球和马术，重度手冲咖啡及黑胶唱片发烧友。,名下已有企业股权套现或分红现金，一次性全款付清，基本不加杠杆,重性价比，不盲信大牌，但要求物业管理有序、绿化修剪及时、人防技防规范。,每年11月至次年3月到此度过漫长冬季，极其依赖周边的康养及适老化服务。
三_2011_02349,三亚,2011,本地改善,31,男,3.4,19.8,0.35,42.4,4,0,否,B,agent,0.77,0.51,0.42,0.52,0.32,0.76,0.42,0.74,0.43,自住-改善,两室一厅,52,4485,区级税务局一级主办,新婚过渡两居,三亚中环品质两居，车位及空间极其拥挤,老小区隔音差，邻里滋扰严重，且车位严重匮乏，每晚加班回来抢车位像打仗。,讲究超高得房率（超85%），主卧套房必须配备独立步入式衣帽间与干湿分离双卫。,无需日常通勤，但要求30分钟内快捷通达凤凰机场或高铁站。,崇尚度假慢生活，清晨沙滩漫步，午后椰林下午茶，酷爱轻户外及后海冲浪。,名下持有一套旧两居，置换回款 65% + 个人理财储蓄补充 + 公积金商业贷,重性价比，不盲信大牌，但要求物业管理有序、绿化修剪及时、人防技防规范。,本地常住人口，四季生活规律，度假频次为常规年假出行。
三_2011_02350,三亚,2011,外地候鸟-华北,70,男,5.0,37.8,0.5,56.8,2,0,否,B,network,0.45,0.57,0.86,0.8,0.59,0.53,0.01,0,0.69,养老,两室一厅,70,6593,央企总部退休总工,高知退休康养,三亚中环品质两居，车位及空间极其拥挤,老小区隔音差，邻里滋扰严重，且车位严重匮乏，每晚加班回来抢车位像打仗。,要求独立电梯入户，主次卧动线分明，配备独立保姆房和私密后院。,无需日常通勤，但要求30分钟内快捷通达凤凰机场或高铁站。,崇尚度假慢生活，清晨沙滩漫步，午后椰林下午茶，酷爱轻户外及后海冲浪。,名下持有一套旧两居，置换回款 65% + 个人理财储蓄补充 + 公积金商业贷,重性价比，不盲信大牌，但要求物业管理有序、绿化修剪及时、人防技防规范。,每年11月至次年3月到此度过漫长冬季，极其依赖周边的康养及适老化服务。
三_2011_02351,三亚,2011,度假投资,43,男,4.0,32.8,0.4,61.6,3,1,否,A,research,0.81,0.44,0.81,0.65,0.49,0.35,0,0.05,0.67,投资-长持,两室两厅,92,4918,高端海景资产收藏家,三口之家(学龄段),西湖边高精平层,无高端私密会所及管家式物业配套，圈层鱼龙混杂，高净值居住体验差。,要求有超大面宽南向双阳台（观景家政分离），主卧大飘窗能270度直面自然景观。,无需日常通勤，但要求30分钟内快捷通达凤凰机场或高铁站。,周末常去高端商圈消费，热衷打网球和马术，重度手冲咖啡及黑胶唱片发烧友。,名下已有企业股权套现或分红现金，一次性全款付清，基本不加杠杆,重性价比，不盲信大牌，但要求物业管理有序、绿化修剪及时、人防技防规范。,每年11月至次年3月到此度过漫长冬季，极其依赖周边的康养及适老化服务。
三_2011_02352,三亚,2011,本地改善,34,女,3.8,17.1,0.35,36.7,3,1,是,B,agent,0.89,0.46,0.69,0.4,0.35,0.77,0.5,0.79,0.5,自住-改善,一室一厅,97,3281,国企中层管理,三口之家(幼龄段),三亚中环品质两居，车位及空间极其拥挤,小区无地下车库且人车不分流，小孩在楼下玩耍或者推婴儿车极为不安全。,讲究超高得房率（超85%），主卧套房必须配备独立步入式衣帽间与干湿分离双卫。,无需日常通勤，但要求30分钟内快捷通达凤凰机场或高铁站。,崇尚度假慢生活，清晨沙滩漫步，午后椰林下午茶，酷爱轻户外及后海冲浪。,名下持有一套旧两居，置换回款 65% + 个人理财储蓄补充 + 公积金商业贷,重性价比，不盲信大牌，但要求物业管理有序、绿化修剪及时、人防技防规范。,本地常住人口，四季生活规律，度假频次为常规年假出行。
三_2011_02353,三亚,2011,外地候鸟-西北,61,女,1.6,9.9,0.5,14.8,2,0,否,C,network,0.32,0.49,0.86,0.64,0.67,0.58,0,0.02,0.47,养老,两室两厅,85,949,西安设计院退休总建筑师,高知退休康养,与父母同住，三代人拥挤在旧区小户型老房中,老小区隔音差，邻里滋扰严重，且车位严重匮乏，每晚加班回来抢车位像打仗。,要求有超大面宽南向双阳台（观景家政分离），主卧大飘窗能270度直面自然景观。,无需日常通勤，但要求30分钟内快捷通达凤凰机场或高铁站。,崇尚度假慢生活，清晨沙滩漫步，午后椰林下午茶，酷爱轻户外及后海冲浪。,名下持有一套旧两居，置换回款 65% + 个人理财储蓄补充 + 公积金商业贷,重性价比，不盲信大牌，但要求物业管理有序、绿化修剪及时、人防技防规范。,每年11月至次年3月到此度过漫长冬季，极其依赖周边的康养及适老化服务。
三_2011_02354,三亚,2011,度假投资,36,女,7.4,93.9,0.4,176.1,2,1,否,A,research,0.82,0.32,0.88,0.64,0.46,0.48,0.01,0,0.75,度假,三室一厅,115,8929,知名中医药连锁投资人,三口之家(幼龄段),西湖边高精平层,无高端私密会所及管家式物业配套，圈层鱼龙混杂，高净值居住体验差。,要求有超大面宽南向双阳台（观景家政分离），主卧大飘窗能270度直面自然景观。,无需日常通勤，但要求30分钟内快捷通达凤凰机场或高铁站。,周末常去高端商圈消费，热衷打网球和马术，重度手冲咖啡及黑胶唱片发烧友。,名下已有企业股权套现或分红现金，一次性全款付清，基本不加杠杆,非仁恒、绿城、万科等金牌开发商不买，极度看重高端精装质量与顶级物业的增值口碑。,每年11月至次年3月到此度过漫长冬季，极其依赖周边的康养及适老化服务。
三_2011_02355,三亚,2011,本地改善,50,男,2.2,12.7,0.35,27.1,4,1,是,B,agent,0.61,0.53,0.53,0.53,0.35,0.74,0.32,0.77,0.63,自住-改善,两室两厅,81,2591,国企中层管理,三口之家(学龄段),三亚中环品质两居，车位及空间极其拥挤,小区无地下车库且人车不分流，小孩在楼下玩耍或者推婴儿车极为不安全。,讲究超高得房率（超85%），主卧套房必须配备独立步入式衣帽间与干湿分离双卫。,无需日常通勤，但要求30分钟内快捷通达凤凰机场或高铁站。,崇尚度假慢生活，清晨沙滩漫步，午后椰林下午茶，酷爱轻户外及后海冲浪。,名下持有一套旧两居，置换回款 65% + 个人理财储蓄补充 + 公积金商业贷,重性价比，不盲信大牌，但要求物业管理有序、绿化修剪及时、人防技防规范。,本地常住人口，四季生活规律，度假频次为常规年假出行。
三_2011_02356,三亚,2011,度假投资,47,女,3.3,23.8,0.4,44.6,3,1,否,A,research,0.89,0.51,0.87,0.7,0.44,0.45,0,0.01,0.97,投资-长持,两室两厅,77,4324,知名中医药连锁投资人,三口之家(学龄段),西湖边高精平层,无高端私密会所及管家式物业配套，圈层鱼龙混杂，高净值居住体验差。,要求独立电梯入户，主次卧动线分明，配备独立保姆房和私密后院。,无需日常通勤，但要求30分钟内快捷通达凤凰机场或高铁站。,周末常去高端商圈消费，热衷打网球和马术，重度手冲咖啡及黑胶唱片发烧友。,名下已有企业股权套现或分红现金，一次性全款付清，基本不加杠杆,非仁恒、绿城、万科等金牌开发商不买，极度看重高端精装质量与顶级物业的增值口碑。,每年11月至次年3月到此度过漫长冬季，极其依赖周边的康养及适老化服务。
三_2011_02357,三亚,2011,本地改善,30,男,2.1,9.8,0.35,21.1,5,1,是,B,agent,0.6,0.54,0.73,0.35,0.32,0.7,0.38,0.81,0.44,自住-改善,两室一厅,62,2351,区级税务局一级主办,三口之家(幼龄段),三亚中环品质两居，车位及空间极其拥挤,小区无地下车库且人车不分流，小孩在楼下玩耍或者推婴儿车极为不安全。,要求有超大面宽南向双阳台（观景家政分离），主卧大飘窗能270度直面自然景观。,无需日常通勤，但要求30分钟内快捷通达凤凰机场或高铁站。,崇尚度假慢生活，清晨沙滩漫步，午后椰林下午茶，酷爱轻户外及后海冲浪。,名下持有一套旧两居，置换回款 65% + 个人理财储蓄补充 + 公积金商业贷,重性价比，不盲信大牌，但要求物业管理有序、绿化修剪及时、人防技防规范。,本地常住人口，四季生活规律，度假频次为常规年假出行。
三_2011_02358,三亚,2011,外地候鸟-华北,75,女,3.8,23.3,0.5,35.0,2,0,否,B,network,0.5,0.62,0.9,0.7,0.58,0.39,0,0.04,0.67,养老,两室两厅,65,4831,央企总部退休总工,高知退休康养,三亚中环品质两居，车位及空间极其拥挤,老小区隔音差，邻里滋扰严重，且车位严重匮乏，每晚加班回来抢车位像打仗。,要求独立电梯入户，主次卧动线分明，配备独立保姆房和私密后院。,无需日常通勤，但要求30分钟内快捷通达凤凰机场或高铁站。,崇尚度假慢生活，清晨沙滩漫步，午后椰林下午茶，酷爱轻户外及后海冲浪。,名下持有一套旧两居，置换回款 65% + 个人理财储蓄补充 + 公积金商业贷,重性价比，不盲信大牌，但要求物业管理有序、绿化修剪及时、人防技防规范。,每年11月至次年3月到此度过漫长冬季，极其依赖周边的康养及适老化服务。
三_2011_02359,三亚,2011,外地候鸟-西北,74,男,2.0,18.4,0.5,27.6,2,0,否,C,network,0.16,0.64,0.91,0.76,0.41,0.43,0.08,0,0.51,度假,两室一厅,51,2740,兰州煤炭物流运输企业主,高知退休康养,与父母同住，三代人拥挤在旧区小户型老房中,老小区隔音差，邻里滋扰严重，且车位严重匮乏，每晚加班回来抢车位像打仗。,要求独立电梯入户，主次卧动线分明，配备独立保姆房和私密后院。,无需日常通勤，但要求30分钟内快捷通达凤凰机场或高铁站。,崇尚度假慢生活，清晨沙滩漫步，午后椰林下午茶，酷爱轻户外及后海冲浪。,名下持有一套旧两居，置换回款 65% + 个人理财储蓄补充 + 公积金商业贷,重性价比，不盲信大牌，但要求物业管理有序、绿化修剪及时、人防技防规范。,每年11月至次年3月到此度过漫长冬季，极其依赖周边的康养及适老化服务。
三_2011_02360,三亚,2011,本地改善,50,男,3.1,14.9,0.35,32.0,3,2,否,B,agent,1,0.65,0.49,0.59,0.48,0.67,0.62,0.66,0.31,自住-改善,两室两厅,86,3090,国企中层管理,二胎黄金期中大户型,三亚中环品质两居，车位及空间极其拥挤,小区无地下车库且人车不分流，小孩在楼下玩耍或者推婴儿车极为不安全。,要求采光通透，全明户型，带多功能嵌入式收纳墙以最大化空间利用。,无需日常通勤，但要求30分钟内快捷通达凤凰机场或高铁站。,崇尚度假慢生活，清晨沙滩漫步，午后椰林下午茶，酷爱轻户外及后海冲浪。,名下持有一套旧两居，置换回款 65% + 个人理财储蓄补充 + 公积金商业贷,重性价比，不盲信大牌，但要求物业管理有序、绿化修剪及时、人防技防规范。,本地常住人口，四季生活规律，度假频次为常规年假出行。
三_2011_02361,三亚,2011,外地候鸟-华北,75,女,7.8,70.0,0.5,105.0,2,0,否,B,network,0.53,0.55,1,0.55,0.71,0.47,0.05,0,0.35,养老,两室两厅,51,10923,央企总部退休总工,高知退休康养,三亚中环品质两居，车位及空间极其拥挤,老小区隔音差，邻里滋扰严重，且车位严重匮乏，每晚加班回来抢车位像打仗。,要求有超大面宽南向双阳台（观景家政分离），主卧大飘窗能270度直面自然景观。,无需日常通勤，但要求30分钟内快捷通达凤凰机场或高铁站。,崇尚度假慢生活，清晨沙滩漫步，午后椰林下午茶，酷爱轻户外及后海冲浪。,名下持有一套旧两居，置换回款 65% + 个人理财储蓄补充 + 公积金商业贷,重性价比，不盲信大牌，但要求物业管理有序、绿化修剪及时、人防技防规范。,每年11月至次年3月到此度过漫长冬季，极其依赖周边的康养及适老化服务。
三_2011_02362,三亚,2011,度假投资,43,男,6.8,87.2,0.4,163.5,3,0,否,A,research,0.89,0.4,0.78,0.67,0.53,0.43,0.03,0,0.85,投资-短期,三室两厅,91,14900,高端海景资产收藏家,成熟期核心家庭,市中心私密洋房住宅,无高端私密会所及管家式物业配套，圈层鱼龙混杂，高净值居住体验差。,要求有超大面宽南向双阳台（观景家政分离），主卧大飘窗能270度直面自然景观。,无需日常通勤，但要求30分钟内快捷通达凤凰机场或高铁站。,周末常去高端商圈消费，热衷打网球和马术，重度手冲咖啡及黑胶唱片发烧友。,名下已有企业股权套现或分红现金，一次性全款付清，基本不加杠杆,非仁恒、绿城、万科等金牌开发商不买，极度看重高端精装质量与顶级物业的增值口碑。,每年11月至次年3月到此度过漫长冬季，极其依赖周边的康养及适老化服务。
三_2011_02363,三亚,2011,外地候鸟-西北,57,女,5.2,48.2,0.5,72.3,3,0,是,C,network,0.26,0.61,0.77,0.57,0.51,0.45,0.0,0.14,0.53,养老,两室一厅,91,5699,西安设计院退休总建筑师,高知退休康养,与父母同住，三代人拥挤在旧区小户型老房中,当前房屋属于旧多层无电梯房，父母年纪渐高每天爬楼梯极为吃力。,要求有超大面宽南向双阳台（观景家政分离），主卧大飘窗能270度直面自然景观。,无需日常通勤，但要求30分钟内快捷通达凤凰机场或高铁站。,崇尚度假慢生活，清晨沙滩漫步，午后椰林下午茶，酷爱轻户外及后海冲浪。,名下持有一套旧两居，置换回款 65% + 个人理财储蓄补充 + 公积金商业贷,重性价比，不盲信大牌，但要求物业管理有序、绿化修剪及时、人防技防规范。,每年11月至次年3月到此度过漫长冬季，极其依赖周边的康养及适老化服务。
三_2011_02364,三亚,2011,外地候鸟-西北,62,男,5.4,40.0,0.5,60.0,3,0,否,C,network,0.38,0.62,1,0.68,0.53,0.56,0,0,0.48,度假,一室一厅,71,7545,兰州煤炭物流运输企业主,高知退休康养,与父母同住，三代人拥挤在旧区小户型老房中,老小区隔音差，邻里滋扰严重，且车位严重匮乏，每晚加班回来抢车位像打仗。,要求有超大面宽南向双阳台（观景家政分离），主卧大飘窗能270度直面自然景观。,无需日常通勤，但要求30分钟内快捷通达凤凰机场或高铁站。,崇尚度假慢生活，清晨沙滩漫步，午后椰林下午茶，酷爱轻户外及后海冲浪。,名下持有一套旧两居，置换回款 65% + 个人理财储蓄补充 + 公积金商业贷,重性价比，不盲信大牌，但要求物业管理有序、绿化修剪及时、人防技防规范。,每年11月至次年3月到此度过漫长冬季，极其依赖周边的康养及适老化服务。
三_2011_02365,三亚,2011,度假投资,37,女,4.8,54.6,0.4,102.4,4,0,是,A,research,0.8,0.41,1,0.63,0.55,0.51,0.04,0.04,0.78,投资-短期,两室两厅,63,12887,知名中医药连锁投资人,成熟期核心家庭,市中心私密洋房住宅,当前房屋属于旧多层无电梯房，父母年纪渐高每天爬楼梯极为吃力。,要求有超大面宽南向双阳台（观景家政分离），主卧大飘窗能270度直面自然景观。,无需日常通勤，但要求30分钟内快捷通达凤凰机场或高铁站。,周末常去高端商圈消费，热衷打网球和马术，重度手冲咖啡及黑胶唱片发烧友。,名下已有企业股权套现或分红现金，一次性全款付清，基本不加杠杆,非仁恒、绿城、万科等金牌开发商不买，极度看重高端精装质量与顶级物业的增值口碑。,每年11月至次年3月到此度过漫长冬季，极其依赖周边的康养及适老化服务。
三_2011_02366,三亚,2011,外地候鸟-东北,62,女,1.7,12.1,0.5,18.2,2,0,否,C,network,0.59,0.58,1,0.76,0.59,0.63,0.12,0,0.59,度假,两室一厅,96,1653,沈阳大型重工企业退休副厂长,高知退休康养,与父母同住，三代人拥挤在旧区小户型老房中,老小区隔音差，邻里滋扰严重，且车位严重匮乏，每晚加班回来抢车位像打仗。,要求独立电梯入户，主次卧动线分明，配备独立保姆房和私密后院。,无需日常通勤，但要求30分钟内快捷通达凤凰机场或高铁站。,崇尚度假慢生活，清晨沙滩漫步，午后椰林下午茶，酷爱轻户外及后海冲浪。,名下持有一套旧两居，置换回款 65% + 个人理财储蓄补充 + 公积金商业贷,重性价比，不盲信大牌，但要求物业管理有序、绿化修剪及时、人防技防规范。,每年11月至次年3月到此度过漫长冬季，极其依赖周边的康养及适老化服务。
三_2011_02367,三亚,2011,高净值康养,59,女,23.5,230.7,0.6,288.4,3,1,否,A,network,0.72,0.15,0.96,1,0.76,0.59,0.07,0,0.99,度假,两室两厅,136,17570,知名中医药连锁投资人,三口之家(学龄段),市中心私密洋房住宅,无高端私密会所及管家式物业配套，圈层鱼龙混杂，高净值居住体验差。,要求独立电梯入户，主次卧动线分明，配备独立保姆房和私密后院。,无需日常通勤，但要求30分钟内快捷通达凤凰机场或高铁站。,周末常去高端商圈消费，热衷打网球和马术，重度手冲咖啡及黑胶唱片发烧友。,名下已有企业股权套现或分红现金，一次性全款付清，基本不加杠杆,非仁恒、绿城、万科等金牌开发商不买，极度看重高端精装质量与顶级物业的增值口碑。,本地常住人口，四季生活规律，度假频次为常规年假出行。
三_2011_02368,三亚,2011,外地候鸟-华北,58,女,1.9,18.3,0.5,27.5,3,0,否,B,network,0.83,0.59,1,0.75,0.67,0.6,0,0.02,0.52,养老,一室一厅,85,2581,高校资深硕导,高知退休康养,三亚中环品质两居，车位及空间极其拥挤,老小区隔音差，邻里滋扰严重，且车位严重匮乏，每晚加班回来抢车位像打仗。,要求独立电梯入户，主次卧动线分明，配备独立保姆房和私密后院。,无需日常通勤，但要求30分钟内快捷通达凤凰机场或高铁站。,崇尚度假慢生活，清晨沙滩漫步，午后椰林下午茶，酷爱轻户外及后海冲浪。,名下持有一套旧两居，置换回款 65% + 个人理财储蓄补充 + 公积金商业贷,重性价比，不盲信大牌，但要求物业管理有序、绿化修剪及时、人防技防规范。,每年11月至次年3月到此度过漫长冬季，极其依赖周边的康养及适老化服务。
三_2011_02369,三亚,2011,本地改善,32,女,2.9,15.5,0.35,33.3,5,1,否,B,agent,0.76,0.66,0.41,0.43,0.42,0.79,0.56,0.7,0.62,自住-改善,两室一厅,92,3117,重点中学高级教师,三口之家(幼龄段),三亚中环品质两居，车位及空间极其拥挤,小区无地下车库且人车不分流，小孩在楼下玩耍或者推婴儿车极为不安全。,讲究超高得房率（超85%），主卧套房必须配备独立步入式衣帽间与干湿分离双卫。,无需日常通勤，但要求30分钟内快捷通达凤凰机场或高铁站。,崇尚度假慢生活，清晨沙滩漫步，午后椰林下午茶，酷爱轻户外及后海冲浪。,名下持有一套旧两居，置换回款 65% + 个人理财储蓄补充 + 公积金商业贷,重性价比，不盲信大牌，但要求物业管理有序、绿化修剪及时、人防技防规范。,本地常住人口，四季生活规律，度假频次为常规年假出行。
三_2011_02370,三亚,2011,本地改善,44,男,2.4,15.4,0.35,33.0,5,0,是,B,agent,0.64,0.53,0.61,0.36,0.4,0.9,0.5,0.65,0.53,自住-改善,一室一厅,67,3412,智能新能源车企研发骨干,成熟期核心家庭,三亚中环品质两居，车位及空间极其拥挤,当前房屋属于旧多层无电梯房，父母年纪渐高每天爬楼梯极为吃力。,讲究超高得房率（超85%），主卧套房必须配备独立步入式衣帽间与干湿分离双卫。,无需日常通勤，但要求30分钟内快捷通达凤凰机场或高铁站。,崇尚度假慢生活，清晨沙滩漫步，午后椰林下午茶，酷爱轻户外及后海冲浪。,名下持有一套旧两居，置换回款 65% + 个人理财储蓄补充 + 公积金商业贷,重性价比，不盲信大牌，但要求物业管理有序、绿化修剪及时、人防技防规范。,本地常住人口，四季生活规律，度假频次为常规年假出行。
三_2011_02371,三亚,2011,外地候鸟-华北,73,男,5.2,40.6,0.5,60.9,2,0,否,B,network,0.35,0.66,0.94,0.84,0.41,0.63,0,0,0.6,度假,两室两厅,96,5427,高校资深硕导,高知退休康养,三亚中环品质两居，车位及空间极其拥挤,老小区隔音差，邻里滋扰严重，且车位严重匮乏，每晚加班回来抢车位像打仗。,要求独立电梯入户，主次卧动线分明，配备独立保姆房和私密后院。,无需日常通勤，但要求30分钟内快捷通达凤凰机场或高铁站。,崇尚度假慢生活，清晨沙滩漫步，午后椰林下午茶，酷爱轻户外及后海冲浪。,名下持有一套旧两居，置换回款 65% + 个人理财储蓄补充 + 公积金商业贷,重性价比，不盲信大牌，但要求物业管理有序、绿化修剪及时、人防技防规范。,每年11月至次年3月到此度过漫长冬季，极其依赖周边的康养及适老化服务。
三_2011_02372,三亚,2011,本地改善,38,女,2.5,17.1,0.35,36.7,3,1,是,B,agent,0.73,0.73,0.74,0.36,0.39,0.8,0.57,0.74,0.62,自住-改善,两室两厅,96,2044,区级税务局一级主办,三口之家(学龄段),三亚中环品质两居，车位及空间极其拥挤,小区无地下车库且人车不分流，小孩在楼下玩耍或者推婴儿车极为不安全。,要求有超大面宽南向双阳台（观景家政分离），主卧大飘窗能270度直面自然景观。,无需日常通勤，但要求30分钟内快捷通达凤凰机场或高铁站。,崇尚度假慢生活，清晨沙滩漫步，午后椰林下午茶，酷爱轻户外及后海冲浪。,名下持有一套旧两居，置换回款 65% + 个人理财储蓄补充 + 公积金商业贷,重性价比，不盲信大牌，但要求物业管理有序、绿化修剪及时、人防技防规范。,本地常住人口，四季生活规律，度假频次为常规年假出行。
三_2011_02373,三亚,2011,本地改善,41,男,3.3,25.1,0.35,53.7,4,2,否,B,agent,0.79,0.5,0.66,0.32,0.23,0.71,0.49,0.65,0.24,自住-改善,一室一厅,87,3544,区级税务局一级主办,二胎黄金期中大户型,三亚中环品质两居，车位及空间极其拥挤,小区无地下车库且人车不分流，小孩在楼下玩耍或者推婴儿车极为不安全。,讲究超高得房率（超85%），主卧套房必须配备独立步入式衣帽间与干湿分离双卫。,无需日常通勤，但要求30分钟内快捷通达凤凰机场或高铁站。,崇尚度假慢生活，清晨沙滩漫步，午后椰林下午茶，酷爱轻户外及后海冲浪。,名下持有一套旧两居，置换回款 65% + 个人理财储蓄补充 + 公积金商业贷,重性价比，不盲信大牌，但要求物业管理有序、绿化修剪及时、人防技防规范。,本地常住人口，四季生活规律，度假频次为常规年假出行。
三_2011_02374,三亚,2011,外地候鸟-华北,56,男,2.0,12.7,0.5,19.0,2,0,否,B,network,0.44,0.48,0.94,0.72,0.58,0.4,0.05,0,0.47,度假,两室两厅,73,1568,央企总部退休总工,高知退休康养,三亚中环品质两居，车位及空间极其拥挤,老小区隔音差，邻里滋扰严重，且车位严重匮乏，每晚加班回来抢车位像打仗。,要求独立电梯入户，主次卧动线分明，配备独立保姆房和私密后院。,无需日常通勤，但要求30分钟内快捷通达凤凰机场或高铁站。,崇尚度假慢生活，清晨沙滩漫步，午后椰林下午茶，酷爱轻户外及后海冲浪。,名下持有一套旧两居，置换回款 65% + 个人理财储蓄补充 + 公积金商业贷,重性价比，不盲信大牌，但要求物业管理有序、绿化修剪及时、人防技防规范。,每年11月至次年3月到此度过漫长冬季，极其依赖周边的康养及适老化服务。
三_2011_02375,三亚,2011,外地候鸟-华北,75,男,4.0,40.6,0.5,60.8,3,0,否,B,network,0.73,0.55,0.85,0.7,0.49,0.59,0,0.07,0.48,养老,两室一厅,58,9416,央企总部退休总工,高知退休康养,三亚中环品质两居，车位及空间极其拥挤,老小区隔音差，邻里滋扰严重，且车位严重匮乏，每晚加班回来抢车位像打仗。,要求有超大面宽南向双阳台（观景家政分离），主卧大飘窗能270度直面自然景观。,无需日常通勤，但要求30分钟内快捷通达凤凰机场或高铁站。,崇尚度假慢生活，清晨沙滩漫步，午后椰林下午茶，酷爱轻户外及后海冲浪。,名下持有一套旧两居，置换回款 65% + 个人理财储蓄补充 + 公积金商业贷,重性价比，不盲信大牌，但要求物业管理有序、绿化修剪及时、人防技防规范。,每年11月至次年3月到此度过漫长冬季，极其依赖周边的康养及适老化服务。
三_2011_02376,三亚,2011,度假投资,46,女,8.9,72.4,0.4,135.7,3,1,是,A,research,1,0.47,0.74,0.58,0.45,0.43,0.12,0.16,0.6,投资-短期,两室两厅,57,12705,知名中医药连锁投资人,三口之家(学龄段),西湖边高精平层,当前房屋属于旧多层无电梯房，父母年纪渐高每天爬楼梯极为吃力。,要求有超大面宽南向双阳台（观景家政分离），主卧大飘窗能270度直面自然景观。,无需日常通勤，但要求30分钟内快捷通达凤凰机场或高铁站。,周末常去高端商圈消费，热衷打网球和马术，重度手冲咖啡及黑胶唱片发烧友。,名下已有企业股权套现或分红现金，一次性全款付清，基本不加杠杆,重性价比，不盲信大牌，但要求物业管理有序、绿化修剪及时、人防技防规范。,每年11月至次年3月到此度过漫长冬季，极其依赖周边的康养及适老化服务。
三_2011_02377,三亚,2011,本地改善,36,女,2.8,15.5,0.35,33.2,4,1,否,B,agent,0.75,0.52,0.49,0.36,0.23,0.75,0.57,0.62,0.48,自住-改善,一室一厅,96,2951,智能新能源车企研发骨干,三口之家(幼龄段),三亚中环品质两居，车位及空间极其拥挤,小区无地下车库且人车不分流，小孩在楼下玩耍或者推婴儿车极为不安全。,讲究超高得房率（超85%），主卧套房必须配备独立步入式衣帽间与干湿分离双卫。,无需日常通勤，但要求30分钟内快捷通达凤凰机场或高铁站。,崇尚度假慢生活，清晨沙滩漫步，午后椰林下午茶，酷爱轻户外及后海冲浪。,名下持有一套旧两居，置换回款 65% + 个人理财储蓄补充 + 公积金商业贷,重性价比，不盲信大牌，但要求物业管理有序、绿化修剪及时、人防技防规范。,本地常住人口，四季生活规律，度假频次为常规年假出行。
三_2011_02378,三亚,2011,本地改善,40,男,1.8,12.4,0.35,26.5,4,1,是,B,agent,1.0,0.52,0.57,0.46,0.49,0.74,0.61,0.69,0.43,自住-改善,一室一厅,50,4004,区级税务局一级主办,三口之家(学龄段),三亚中环品质两居，车位及空间极其拥挤,小区无地下车库且人车不分流，小孩在楼下玩耍或者推婴儿车极为不安全。,讲究超高得房率（超85%），主卧套房必须配备独立步入式衣帽间与干湿分离双卫。,无需日常通勤，但要求30分钟内快捷通达凤凰机场或高铁站。,崇尚度假慢生活，清晨沙滩漫步，午后椰林下午茶，酷爱轻户外及后海冲浪。,名下持有一套旧两居，置换回款 65% + 个人理财储蓄补充 + 公积金商业贷,重性价比，不盲信大牌，但要求物业管理有序、绿化修剪及时、人防技防规范。,本地常住人口，四季生活规律，度假频次为常规年假出行。
三_2011_02379,三亚,2011,本地改善,47,女,2.9,22.9,0.35,49.0,3,2,是,B,agent,0.91,0.66,0.64,0.47,0.41,0.71,0.5,0.61,0.52,自住-改善,两室一厅,97,3673,国企中层管理,二胎黄金期中大户型,三亚中环品质两居，车位及空间极其拥挤,小区无地下车库且人车不分流，小孩在楼下玩耍或者推婴儿车极为不安全。,讲究超高得房率（超85%），主卧套房必须配备独立步入式衣帽间与干湿分离双卫。,无需日常通勤，但要求30分钟内快捷通达凤凰机场或高铁站。,崇尚度假慢生活，清晨沙滩漫步，午后椰林下午茶，酷爱轻户外及后海冲浪。,名下持有一套旧两居，置换回款 65% + 个人理财储蓄补充 + 公积金商业贷,重性价比，不盲信大牌，但要求物业管理有序、绿化修剪及时、人防技防规范。,本地常住人口，四季生活规律，度假频次为常规年假出行。
三_2011_02380,三亚,2011,度假投资,52,女,8.4,96.6,0.4,181.2,3,1,否,A,research,0.78,0.44,0.83,0.53,0.59,0.5,0.05,0.04,0.8,投资-短期,两室两厅,129,8176,高端海景资产收藏家,三口之家(学龄段),陆家嘴核心区江景大平层,无高端私密会所及管家式物业配套，圈层鱼龙混杂，高净值居住体验差。,要求有超大面宽南向双阳台（观景家政分离），主卧大飘窗能270度直面自然景观。,无需日常通勤，但要求30分钟内快捷通达凤凰机场或高铁站。,周末常去高端商圈消费，热衷打网球和马术，重度手冲咖啡及黑胶唱片发烧友。,名下已有企业股权套现或分红现金，一次性全款付清，基本不加杠杆,非仁恒、绿城、万科等金牌开发商不买，极度看重高端精装质量与顶级物业的增值口碑。,每年11月至次年3月到此度过漫长冬季，极其依赖周边的康养及适老化服务。
三_2011_02381,三亚,2011,本地改善,46,男,2.2,11.1,0.35,23.8,5,1,否,B,agent,0.66,0.51,0.6,0.39,0.44,0.66,0.59,0.63,0.44,自住-改善,一室一厅,56,3205,三甲医院主治医师,三口之家(学龄段),三亚中环品质两居，车位及空间极其拥挤,小区无地下车库且人车不分流，小孩在楼下玩耍或者推婴儿车极为不安全。,要求采光通透，全明户型，带多功能嵌入式收纳墙以最大化空间利用。,无需日常通勤，但要求30分钟内快捷通达凤凰机场或高铁站。,崇尚度假慢生活，清晨沙滩漫步，午后椰林下午茶，酷爱轻户外及后海冲浪。,名下持有一套旧两居，置换回款 65% + 个人理财储蓄补充 + 公积金商业贷,重性价比，不盲信大牌，但要求物业管理有序、绿化修剪及时、人防技防规范。,本地常住人口，四季生活规律，度假频次为常规年假出行。
三_2011_02382,三亚,2011,外地候鸟-东北,63,女,2.0,12.5,0.5,18.8,3,0,否,C,network,0.35,0.67,0.91,0.73,0.5,0.52,0,0.09,0.68,度假,一室一厅,89,1510,哈尔滨高校退休处长,高知退休康养,与父母同住，三代人拥挤在旧区小户型老房中,老小区隔音差，邻里滋扰严重，且车位严重匮乏，每晚加班回来抢车位像打仗。,要求独立电梯入户，主次卧动线分明，配备独立保姆房和私密后院。,无需日常通勤，但要求30分钟内快捷通达凤凰机场或高铁站。,崇尚度假慢生活，清晨沙滩漫步，午后椰林下午茶，酷爱轻户外及后海冲浪。,名下持有一套旧两居，置换回款 65% + 个人理财储蓄补充 + 公积金商业贷,重性价比，不盲信大牌，但要求物业管理有序、绿化修剪及时、人防技防规范。,每年11月至次年3月到此度过漫长冬季，极其依赖周边的康养及适老化服务。
三_2011_02383,三亚,2011,外地候鸟-华北,63,男,5.0,52.3,0.5,78.5,2,0,否,B,network,0.74,0.61,0.86,0.57,0.69,0.45,0,0,0.36,养老,两室两厅,74,7733,北京三甲医院退休教授,高知退休康养,三亚中环品质两居，车位及空间极其拥挤,老小区隔音差，邻里滋扰严重，且车位严重匮乏，每晚加班回来抢车位像打仗。,要求有超大面宽南向双阳台（观景家政分离），主卧大飘窗能270度直面自然景观。,无需日常通勤，但要求30分钟内快捷通达凤凰机场或高铁站。,崇尚度假慢生活，清晨沙滩漫步，午后椰林下午茶，酷爱轻户外及后海冲浪。,名下持有一套旧两居，置换回款 65% + 个人理财储蓄补充 + 公积金商业贷,重性价比，不盲信大牌，但要求物业管理有序、绿化修剪及时、人防技防规范。,每年11月至次年3月到此度过漫长冬季，极其依赖周边的康养及适老化服务。
三_2011_02384,三亚,2011,外地候鸟-东北,66,男,1.9,12.7,0.5,19.0,2,1,否,C,network,0.57,0.49,1.0,0.7,0.52,0.52,0.01,0.06,0.38,度假,两室一厅,80,1563,哈尔滨高校退休处长,三口之家(学龄段),与父母同住，三代人拥挤在旧区小户型老房中,小区无地下车库且人车不分流，小孩在楼下玩耍或者推婴儿车极为不安全。,要求有超大面宽南向双阳台（观景家政分离），主卧大飘窗能270度直面自然景观。,无需日常通勤，但要求30分钟内快捷通达凤凰机场或高铁站。,崇尚度假慢生活，清晨沙滩漫步，午后椰林下午茶，酷爱轻户外及后海冲浪。,名下持有一套旧两居，置换回款 65% + 个人理财储蓄补充 + 公积金商业贷,重性价比，不盲信大牌，但要求物业管理有序、绿化修剪及时、人防技防规范。,每年11月至次年3月到此度过漫长冬季，极其依赖周边的康养及适老化服务。
三_2011_02385,三亚,2011,外地候鸟-华北,65,女,1.9,16.1,0.5,24.2,1,0,否,B,network,0.33,0.46,0.94,0.72,0.63,0.52,0.02,0,0.62,养老,两室两厅,74,2550,央企总部退休总工,高知退休康养,三亚中环品质两居，车位及空间极其拥挤,老小区隔音差，邻里滋扰严重，且车位严重匮乏，每晚加班回来抢车位像打仗。,要求独立电梯入户，主次卧动线分明，配备独立保姆房和私密后院。,无需日常通勤，但要求30分钟内快捷通达凤凰机场或高铁站。,崇尚度假慢生活，清晨沙滩漫步，午后椰林下午茶，酷爱轻户外及后海冲浪。,名下持有一套旧两居，置换回款 65% + 个人理财储蓄补充 + 公积金商业贷,重性价比，不盲信大牌，但要求物业管理有序、绿化修剪及时、人防技防规范。,每年11月至次年3月到此度过漫长冬季，极其依赖周边的康养及适老化服务。
三_2011_02386,三亚,2011,度假投资,46,男,14.9,136.5,0.4,255.9,3,1,否,A,research,0.86,0.36,0.81,0.71,0.64,0.5,0,0,0.76,投资-短期,两室两厅,94,21863,知名中医药连锁投资人,三口之家(学龄段),市中心私密洋房住宅,无高端私密会所及管家式物业配套，圈层鱼龙混杂，高净值居住体验差。,要求独立电梯入户，主次卧动线分明，配备独立保姆房和私密后院。,无需日常通勤，但要求30分钟内快捷通达凤凰机场或高铁站。,周末常去高端商圈消费，热衷打网球和马术，重度手冲咖啡及黑胶唱片发烧友。,名下已有企业股权套现或分红现金，一次性全款付清，基本不加杠杆,非仁恒、绿城、万科等金牌开发商不买，极度看重高端精装质量与顶级物业的增值口碑。,每年11月至次年3月到此度过漫长冬季，极其依赖周边的康养及适老化服务。
三_2011_02387,三亚,2011,本地改善,30,男,2.6,18.9,0.35,40.5,5,1,否,B,agent,0.54,0.58,0.51,0.41,0.22,0.83,0.57,0.7,0.62,自住-改善,两室一厅,96,3217,智能新能源车企研发骨干,三口之家(幼龄段),三亚中环品质两居，车位及空间极其拥挤,小区无地下车库且人车不分流，小孩在楼下玩耍或者推婴儿车极为不安全。,讲究超高得房率（超85%），主卧套房必须配备独立步入式衣帽间与干湿分离双卫。,无需日常通勤，但要求30分钟内快捷通达凤凰机场或高铁站。,崇尚度假慢生活，清晨沙滩漫步，午后椰林下午茶，酷爱轻户外及后海冲浪。,名下持有一套旧两居，置换回款 65% + 个人理财储蓄补充 + 公积金商业贷,重性价比，不盲信大牌，但要求物业管理有序、绿化修剪及时、人防技防规范。,本地常住人口，四季生活规律，度假频次为常规年假出行。
三_2011_02388,三亚,2011,本地改善,46,男,3.3,19.4,0.35,41.6,4,1,是,B,agent,0.97,0.54,0.6,0.46,0.41,0.83,0.49,0.77,0.52,自住-改善,两室一厅,62,5451,国企中层管理,三口之家(学龄段),三亚中环品质两居，车位及空间极其拥挤,小区无地下车库且人车不分流，小孩在楼下玩耍或者推婴儿车极为不安全。,讲究超高得房率（超85%），主卧套房必须配备独立步入式衣帽间与干湿分离双卫。,无需日常通勤，但要求30分钟内快捷通达凤凰机场或高铁站。,崇尚度假慢生活，清晨沙滩漫步，午后椰林下午茶，酷爱轻户外及后海冲浪。,名下持有一套旧两居，置换回款 65% + 个人理财储蓄补充 + 公积金商业贷,重性价比，不盲信大牌，但要求物业管理有序、绿化修剪及时、人防技防规范。,本地常住人口，四季生活规律，度假频次为常规年假出行。
三_2011_02389,三亚,2011,度假投资,47,男,7.9,56.5,0.4,105.8,4,1,否,A,research,1,0.32,0.85,0.56,0.62,0.34,0,0.04,0.73,投资-长持,一室一厅,92,7849,上市公司退休联合创始人,三口之家(学龄段),西湖边高精平层,无高端私密会所及管家式物业配套，圈层鱼龙混杂，高净值居住体验差。,要求有超大面宽南向双阳台（观景家政分离），主卧大飘窗能270度直面自然景观。,无需日常通勤，但要求30分钟内快捷通达凤凰机场或高铁站。,周末常去高端商圈消费，热衷打网球和马术，重度手冲咖啡及黑胶唱片发烧友。,名下已有企业股权套现或分红现金，一次性全款付清，基本不加杠杆,非仁恒、绿城、万科等金牌开发商不买，极度看重高端精装质量与顶级物业的增值口碑。,每年11月至次年3月到此度过漫长冬季，极其依赖周边的康养及适老化服务。
三_2011_02390,三亚,2011,外地候鸟-西北,63,男,3.4,22.2,0.5,33.2,1,0,否,C,network,0.37,0.48,0.84,0.63,0.47,0.36,0.09,0.09,0.41,养老,两室两厅,97,2121,西安设计院退休总建筑师,高知退休康养,与父母同住，三代人拥挤在旧区小户型老房中,老小区隔音差，邻里滋扰严重，且车位严重匮乏，每晚加班回来抢车位像打仗。,要求有超大面宽南向双阳台（观景家政分离），主卧大飘窗能270度直面自然景观。,无需日常通勤，但要求30分钟内快捷通达凤凰机场或高铁站。,崇尚度假慢生活，清晨沙滩漫步，午后椰林下午茶，酷爱轻户外及后海冲浪。,名下持有一套旧两居，置换回款 65% + 个人理财储蓄补充 + 公积金商业贷,重性价比，不盲信大牌，但要求物业管理有序、绿化修剪及时、人防技防规范。,每年11月至次年3月到此度过漫长冬季，极其依赖周边的康养及适老化服务。
三_2011_02391,三亚,2011,外地候鸟-东北,60,女,3.9,24.8,0.5,37.2,2,0,否,C,network,0,0.58,0.9,0.66,0.54,0.48,0,0,0.55,养老,一室一厅,67,4577,哈尔滨高校退休处长,高知退休康养,与父母同住，三代人拥挤在旧区小户型老房中,老小区隔音差，邻里滋扰严重，且车位严重匮乏，每晚加班回来抢车位像打仗。,要求有超大面宽南向双阳台（观景家政分离），主卧大飘窗能270度直面自然景观。,无需日常通勤，但要求30分钟内快捷通达凤凰机场或高铁站。,崇尚度假慢生活，清晨沙滩漫步，午后椰林下午茶，酷爱轻户外及后海冲浪。,名下持有一套旧两居，置换回款 65% + 个人理财储蓄补充 + 公积金商业贷,重性价比，不盲信大牌，但要求物业管理有序、绿化修剪及时、人防技防规范。,每年11月至次年3月到此度过漫长冬季，极其依赖周边的康养及适老化服务。
三_2011_02392,三亚,2011,本地改善,43,男,1.9,12.0,0.35,25.7,5,1,否,B,agent,0.68,0.66,0.59,0.62,0.38,0.68,0.43,0.77,0.51,自住-改善,两室两厅,82,2707,国企中层管理,三口之家(学龄段),三亚中环品质两居，车位及空间极其拥挤,小区无地下车库且人车不分流，小孩在楼下玩耍或者推婴儿车极为不安全。,核心要求地块属于第一梯队名校学区，且周边500米内解决幼小衔接教育配套。,无需日常通勤，但要求30分钟内快捷通达凤凰机场或高铁站。,崇尚度假慢生活，清晨沙滩漫步，午后椰林下午茶，酷爱轻户外及后海冲浪。,名下持有一套旧两居，置换回款 65% + 个人理财储蓄补充 + 公积金商业贷,重性价比，不盲信大牌，但要求物业管理有序、绿化修剪及时、人防技防规范。,本地常住人口，四季生活规律，度假频次为常规年假出行。
三_2011_02393,三亚,2011,度假投资,41,男,9.0,94.8,0.4,177.8,4,0,是,A,research,0.81,0.43,0.93,0.72,0.58,0.57,0,0.05,0.65,投资-短期,两室两厅,95,15778,知名中医药连锁投资人,成熟期核心家庭,西湖边高精平层,当前房屋属于旧多层无电梯房，父母年纪渐高每天爬楼梯极为吃力。,要求独立电梯入户，主次卧动线分明，配备独立保姆房和私密后院。,无需日常通勤，但要求30分钟内快捷通达凤凰机场或高铁站。,周末常去高端商圈消费，热衷打网球和马术，重度手冲咖啡及黑胶唱片发烧友。,名下已有企业股权套现或分红现金，一次性全款付清，基本不加杠杆,重性价比，不盲信大牌，但要求物业管理有序、绿化修剪及时、人防技防规范。,每年11月至次年3月到此度过漫长冬季，极其依赖周边的康养及适老化服务。
三_2011_02394,三亚,2011,高净值康养,51,男,17.5,215.7,0.6,269.7,1,0,是,A,network,0.81,0.24,0.8,0.9,0.78,0.69,0.06,0,0.87,度假,三室两厅,138,17006,知名中医药连锁投资人,成熟期核心家庭,陆家嘴核心区江景大平层,当前房屋属于旧多层无电梯房，父母年纪渐高每天爬楼梯极为吃力。,要求独立电梯入户，主次卧动线分明，配备独立保姆房和私密后院。,无需日常通勤，但要求30分钟内快捷通达凤凰机场或高铁站。,周末常去高端商圈消费，热衷打网球和马术，重度手冲咖啡及黑胶唱片发烧友。,名下已有企业股权套现或分红现金，一次性全款付清，基本不加杠杆,非仁恒、绿城、万科等金牌开发商不买，极度看重高端精装质量与顶级物业的增值口碑。,本地常住人口，四季生活规律，度假频次为常规年假出行。
三_2011_02395,三亚,2011,本地改善,35,女,1.2,5.8,0.35,12.5,5,2,否,B,agent,0.54,0.59,0.7,0.41,0.25,0.72,0.47,0.75,0.41,自住-改善,两室两厅,56,1371,三甲医院主治医师,二胎黄金期中大户型,三亚中环品质两居，车位及空间极其拥挤,小区无地下车库且人车不分流，小孩在楼下玩耍或者推婴儿车极为不安全。,讲究超高得房率（超85%），主卧套房必须配备独立步入式衣帽间与干湿分离双卫。,无需日常通勤，但要求30分钟内快捷通达凤凰机场或高铁站。,崇尚度假慢生活，清晨沙滩漫步，午后椰林下午茶，酷爱轻户外及后海冲浪。,名下持有一套旧两居，置换回款 65% + 个人理财储蓄补充 + 公积金商业贷,重性价比，不盲信大牌，但要求物业管理有序、绿化修剪及时、人防技防规范。,本地常住人口，四季生活规律，度假频次为常规年假出行。
三_2011_02396,三亚,2011,本地改善,35,男,2.9,18.4,0.35,39.4,3,2,是,B,agent,0.75,0.53,0.65,0.37,0.34,0.78,0.46,0.67,0.38,自住-改善,两室两厅,89,3034,三甲医院主治医师,二胎黄金期中大户型,三亚中环品质两居，车位及空间极其拥挤,小区无地下车库且人车不分流，小孩在楼下玩耍或者推婴儿车极为不安全。,讲究超高得房率（超85%），主卧套房必须配备独立步入式衣帽间与干湿分离双卫。,无需日常通勤，但要求30分钟内快捷通达凤凰机场或高铁站。,崇尚度假慢生活，清晨沙滩漫步，午后椰林下午茶，酷爱轻户外及后海冲浪。,名下持有一套旧两居，置换回款 65% + 个人理财储蓄补充 + 公积金商业贷,重性价比，不盲信大牌，但要求物业管理有序、绿化修剪及时、人防技防规范。,本地常住人口，四季生活规律，度假频次为常规年假出行。
三_2011_02397,三亚,2011,本地改善,32,女,2.5,16.5,0.35,35.4,4,1,是,B,agent,0.76,0.57,0.67,0.59,0.46,0.79,0.52,0.69,0.51,自住-改善,两室两厅,100,1773,国企中层管理,三口之家(幼龄段),三亚中环品质两居，车位及空间极其拥挤,小区无地下车库且人车不分流，小孩在楼下玩耍或者推婴儿车极为不安全。,讲究超高得房率（超85%），主卧套房必须配备独立步入式衣帽间与干湿分离双卫。,无需日常通勤，但要求30分钟内快捷通达凤凰机场或高铁站。,崇尚度假慢生活，清晨沙滩漫步，午后椰林下午茶，酷爱轻户外及后海冲浪。,名下持有一套旧两居，置换回款 65% + 个人理财储蓄补充 + 公积金商业贷,重性价比，不盲信大牌，但要求物业管理有序、绿化修剪及时、人防技防规范。,本地常住人口，四季生活规律，度假频次为常规年假出行。
三_2011_02398,三亚,2011,度假投资,39,女,7.0,53.1,0.4,99.6,4,1,是,A,research,0.72,0.13,0.8,0.64,0.53,0.61,0,0.0,0.81,投资-长持,两室两厅,81,7767,上市公司退休联合创始人,三口之家(学龄段),市中心私密洋房住宅,当前房屋属于旧多层无电梯房，父母年纪渐高每天爬楼梯极为吃力。,要求有超大面宽南向双阳台（观景家政分离），主卧大飘窗能270度直面自然景观。,无需日常通勤，但要求30分钟内快捷通达凤凰机场或高铁站。,周末常去高端商圈消费，热衷打网球和马术，重度手冲咖啡及黑胶唱片发烧友。,名下已有企业股权套现或分红现金，一次性全款付清，基本不加杠杆,非仁恒、绿城、万科等金牌开发商不买，极度看重高端精装质量与顶级物业的增值口碑。,每年11月至次年3月到此度过漫长冬季，极其依赖周边的康养及适老化服务。
三_2011_02399,三亚,2011,度假投资,49,男,6.7,65.5,0.4,122.8,2,0,是,A,research,1,0.47,0.7,0.68,0.49,0.48,0.05,0.05,0.72,度假,两室两厅,96,6514,知名中医药连锁投资人,成熟期核心家庭,市中心私密洋房住宅,当前房屋属于旧多层无电梯房，父母年纪渐高每天爬楼梯极为吃力。,要求采光通透，全明户型，带多功能嵌入式收纳墙以最大化空间利用。,无需日常通勤，但要求30分钟内快捷通达凤凰机场或高铁站。,周末常去高端商圈消费，热衷打网球和马术，重度手冲咖啡及黑胶唱片发烧友。,名下已有企业股权套现或分红现金，一次性全款付清，基本不加杠杆,非仁恒、绿城、万科等金牌开发商不买，极度看重高端精装质量与顶级物业的增值口碑。,每年11月至次年3月到此度过漫长冬季，极其依赖周边的康养及适老化服务。
三_2011_02400,三亚,2011,外地候鸟-东北,68,女,2.4,14.3,0.5,21.5,2,0,否,C,network,0.33,0.8,0.93,0.74,0.47,0.43,0.05,0.11,0.44,养老,两室一厅,58,2848,沈阳大型重工企业退休副厂长,高知退休康养,与父母同住，三代人拥挤在旧区小户型老房中,老小区隔音差，邻里滋扰严重，且车位严重匮乏，每晚加班回来抢车位像打仗。,要求独立电梯入户，主次卧动线分明，配备独立保姆房和私密后院。,无需日常通勤，但要求30分钟内快捷通达凤凰机场或高铁站。,崇尚度假慢生活，清晨沙滩漫步，午后椰林下午茶，酷爱轻户外及后海冲浪。,名下持有一套旧两居，置换回款 65% + 个人理财储蓄补充 + 公积金商业贷,重性价比，不盲信大牌，但要求物业管理有序、绿化修剪及时、人防技防规范。,每年11月至次年3月到此度过漫长冬季，极其依赖周边的康养及适老化服务。
三_2011_02401,三亚,2011,本地改善,45,女,2.4,17.1,0.35,36.7,4,1,是,B,agent,0.77,0.62,0.7,0.39,0.31,0.64,0.37,0.78,0.43,自住-改善,两室一厅,56,3421,三甲医院主治医师,三口之家(学龄段),三亚中环品质两居，车位及空间极其拥挤,小区无地下车库且人车不分流，小孩在楼下玩耍或者推婴儿车极为不安全。,核心要求地块属于第一梯队名校学区，且周边500米内解决幼小衔接教育配套。,无需日常通勤，但要求30分钟内快捷通达凤凰机场或高铁站。,崇尚度假慢生活，清晨沙滩漫步，午后椰林下午茶，酷爱轻户外及后海冲浪。,名下持有一套旧两居，置换回款 65% + 个人理财储蓄补充 + 公积金商业贷,重性价比，不盲信大牌，但要求物业管理有序、绿化修剪及时、人防技防规范。,本地常住人口，四季生活规律，度假频次为常规年假出行。
三_2011_02402,三亚,2011,本地改善,38,女,1.8,10.3,0.35,22.1,5,0,否,B,agent,0.99,0.31,0.65,0.6,0.36,0.61,0.4,0.74,0.52,自住-改善,两室两厅,84,1811,国企中层管理,成熟期核心家庭,三亚中环品质两居，车位及空间极其拥挤,老小区隔音差，邻里滋扰严重，且车位严重匮乏，每晚加班回来抢车位像打仗。,核心要求地块属于第一梯队名校学区，且周边500米内解决幼小衔接教育配套。,无需日常通勤，但要求30分钟内快捷通达凤凰机场或高铁站。,崇尚度假慢生活，清晨沙滩漫步，午后椰林下午茶，酷爱轻户外及后海冲浪。,名下持有一套旧两居，置换回款 65% + 个人理财储蓄补充 + 公积金商业贷,重性价比，不盲信大牌，但要求物业管理有序、绿化修剪及时、人防技防规范。,本地常住人口，四季生活规律，度假频次为常规年假出行。
三_2011_02403,三亚,2011,本地改善,44,男,1.8,8.4,0.35,17.9,5,1,否,B,agent,0.8,0.43,0.64,0.43,0.31,0.73,0.33,0.76,0.34,自住-改善,两室一厅,51,2354,重点中学高级教师,三口之家(学龄段),三亚中环品质两居，车位及空间极其拥挤,小区无地下车库且人车不分流，小孩在楼下玩耍或者推婴儿车极为不安全。,讲究超高得房率（超85%），主卧套房必须配备独立步入式衣帽间与干湿分离双卫。,无需日常通勤，但要求30分钟内快捷通达凤凰机场或高铁站。,崇尚度假慢生活，清晨沙滩漫步，午后椰林下午茶，酷爱轻户外及后海冲浪。,名下持有一套旧两居，置换回款 65% + 个人理财储蓄补充 + 公积金商业贷,重性价比，不盲信大牌，但要求物业管理有序、绿化修剪及时、人防技防规范。,本地常住人口，四季生活规律，度假频次为常规年假出行。
三_2011_02404,三亚,2011,度假投资,55,女,4.6,53.9,0.4,101.1,2,2,否,A,research,1,0.43,0.94,0.67,0.51,0.51,0,0.1,0.68,度假,两室两厅,66,10003,高端海景资产收藏家,二胎黄金期中大户型,市中心私密洋房住宅,无高端私密会所及管家式物业配套，圈层鱼龙混杂，高净值居住体验差。,要求有超大面宽南向双阳台（观景家政分离），主卧大飘窗能270度直面自然景观。,无需日常通勤，但要求30分钟内快捷通达凤凰机场或高铁站。,周末常去高端商圈消费，热衷打网球和马术，重度手冲咖啡及黑胶唱片发烧友。,名下已有企业股权套现或分红现金，一次性全款付清，基本不加杠杆,重性价比，不盲信大牌，但要求物业管理有序、绿化修剪及时、人防技防规范。,每年11月至次年3月到此度过漫长冬季，极其依赖周边的康养及适老化服务。
三_2011_02405,三亚,2011,外地候鸟-华北,64,女,2.6,25.4,0.5,38.1,2,0,否,B,network,0.54,0.6,0.89,0.65,0.66,0.58,0,0,0.62,养老,两室一厅,83,3951,北京三甲医院退休教授,高知退休康养,三亚中环品质两居，车位及空间极其拥挤,老小区隔音差，邻里滋扰严重，且车位严重匮乏，每晚加班回来抢车位像打仗。,要求有超大面宽南向双阳台（观景家政分离），主卧大飘窗能270度直面自然景观。,无需日常通勤，但要求30分钟内快捷通达凤凰机场或高铁站。,崇尚度假慢生活，清晨沙滩漫步，午后椰林下午茶，酷爱轻户外及后海冲浪。,名下持有一套旧两居，置换回款 65% + 个人理财储蓄补充 + 公积金商业贷,重性价比，不盲信大牌，但要求物业管理有序、绿化修剪及时、人防技防规范。,每年11月至次年3月到此度过漫长冬季，极其依赖周边的康养及适老化服务。
三_2011_02406,三亚,2011,度假投资,37,女,8.0,69.6,0.4,130.5,3,2,否,A,research,0.77,0.39,0.92,0.33,0.4,0.56,0.1,0.0,0.85,投资-短期,两室一厅,68,14096,上市公司退休联合创始人,二胎黄金期中大户型,市中心私密洋房住宅,无高端私密会所及管家式物业配套，圈层鱼龙混杂，高净值居住体验差。,要求有超大面宽南向双阳台（观景家政分离），主卧大飘窗能270度直面自然景观。,无需日常通勤，但要求30分钟内快捷通达凤凰机场或高铁站。,周末常去高端商圈消费，热衷打网球和马术，重度手冲咖啡及黑胶唱片发烧友。,名下已有企业股权套现或分红现金，一次性全款付清，基本不加杠杆,非仁恒、绿城、万科等金牌开发商不买，极度看重高端精装质量与顶级物业的增值口碑。,每年11月至次年3月到此度过漫长冬季，极其依赖周边的康养及适老化服务。
三_2011_02407,三亚,2011,外地候鸟-华北,59,男,2.6,19.2,0.5,28.8,2,0,否,B,network,0.34,0.73,0.76,0.71,0.66,0.31,0,0.01,0.63,养老,一室一厅,98,2480,北京三甲医院退休教授,高知退休康养,三亚中环品质两居，车位及空间极其拥挤,老小区隔音差，邻里滋扰严重，且车位严重匮乏，每晚加班回来抢车位像打仗。,要求独立电梯入户，主次卧动线分明，配备独立保姆房和私密后院。,无需日常通勤，但要求30分钟内快捷通达凤凰机场或高铁站。,崇尚度假慢生活，清晨沙滩漫步，午后椰林下午茶，酷爱轻户外及后海冲浪。,名下持有一套旧两居，置换回款 65% + 个人理财储蓄补充 + 公积金商业贷,重性价比，不盲信大牌，但要求物业管理有序、绿化修剪及时、人防技防规范。,每年11月至次年3月到此度过漫长冬季，极其依赖周边的康养及适老化服务。
三_2011_02408,三亚,2011,本地改善,30,男,1.4,6.8,0.35,14.7,3,2,是,B,agent,0.34,0.56,0.52,0.53,0.34,0.65,0.59,0.77,0.43,自住-改善,两室两厅,97,1128,三甲医院主治医师,二胎黄金期中大户型,三亚中环品质两居，车位及空间极其拥挤,小区无地下车库且人车不分流，小孩在楼下玩耍或者推婴儿车极为不安全。,核心要求地块属于第一梯队名校学区，且周边500米内解决幼小衔接教育配套。,无需日常通勤，但要求30分钟内快捷通达凤凰机场或高铁站。,崇尚度假慢生活，清晨沙滩漫步，午后椰林下午茶，酷爱轻户外及后海冲浪。,名下持有一套旧两居，置换回款 65% + 个人理财储蓄补充 + 公积金商业贷,重性价比，不盲信大牌，但要求物业管理有序、绿化修剪及时、人防技防规范。,本地常住人口，四季生活规律，度假频次为常规年假出行。
三_2011_02409,三亚,2011,度假投资,48,男,14.3,161.7,0.4,303.2,3,0,否,A,research,0.95,0.41,0.9,0.61,0.59,0.4,0.05,0.03,0.8,度假,三室两厅,128,13856,知名中医药连锁投资人,成熟期核心家庭,市中心私密洋房住宅,无高端私密会所及管家式物业配套，圈层鱼龙混杂，高净值居住体验差。,要求有超大面宽南向双阳台（观景家政分离），主卧大飘窗能270度直面自然景观。,无需日常通勤，但要求30分钟内快捷通达凤凰机场或高铁站。,周末常去高端商圈消费，热衷打网球和马术，重度手冲咖啡及黑胶唱片发烧友。,名下已有企业股权套现或分红现金，一次性全款付清，基本不加杠杆,非仁恒、绿城、万科等金牌开发商不买，极度看重高端精装质量与顶级物业的增值口碑。,每年11月至次年3月到此度过漫长冬季，极其依赖周边的康养及适老化服务。
三_2011_02410,三亚,2011,度假投资,55,男,5.6,72.3,0.4,135.6,3,2,否,A,research,0.67,0.38,0.86,0.65,0.46,0.41,0,0.07,0.69,投资-长持,两室两厅,94,7524,高端海景资产收藏家,二胎黄金期中大户型,西湖边高精平层,无高端私密会所及管家式物业配套，圈层鱼龙混杂，高净值居住体验差。,要求有超大面宽南向双阳台（观景家政分离），主卧大飘窗能270度直面自然景观。,无需日常通勤，但要求30分钟内快捷通达凤凰机场或高铁站。,周末常去高端商圈消费，热衷打网球和马术，重度手冲咖啡及黑胶唱片发烧友。,名下已有企业股权套现或分红现金，一次性全款付清，基本不加杠杆,重性价比，不盲信大牌，但要求物业管理有序、绿化修剪及时、人防技防规范。,每年11月至次年3月到此度过漫长冬季，极其依赖周边的康养及适老化服务。
三_2011_02411,三亚,2011,外地候鸟-西北,68,男,4.2,40.1,0.5,60.1,2,0,否,C,network,0.36,0.59,0.93,0.67,0.51,0.47,0,0,0.53,养老,一室一厅,59,8555,兰州煤炭物流运输企业主,高知退休康养,与父母同住，三代人拥挤在旧区小户型老房中,老小区隔音差，邻里滋扰严重，且车位严重匮乏，每晚加班回来抢车位像打仗。,要求有超大面宽南向双阳台（观景家政分离），主卧大飘窗能270度直面自然景观。,无需日常通勤，但要求30分钟内快捷通达凤凰机场或高铁站。,崇尚度假慢生活，清晨沙滩漫步，午后椰林下午茶，酷爱轻户外及后海冲浪。,名下持有一套旧两居，置换回款 65% + 个人理财储蓄补充 + 公积金商业贷,重性价比，不盲信大牌，但要求物业管理有序、绿化修剪及时、人防技防规范。,每年11月至次年3月到此度过漫长冬季，极其依赖周边的康养及适老化服务。
三_2011_02412,三亚,2011,本地改善,37,男,2.8,11.8,0.35,25.3,4,2,是,B,agent,0.89,0.7,0.46,0.46,0.4,0.79,0.65,0.49,0.4,自住-改善,一室一厅,92,2356,三甲医院主治医师,二胎黄金期中大户型,三亚中环品质两居，车位及空间极其拥挤,小区无地下车库且人车不分流，小孩在楼下玩耍或者推婴儿车极为不安全。,讲究超高得房率（超85%），主卧套房必须配备独立步入式衣帽间与干湿分离双卫。,无需日常通勤，但要求30分钟内快捷通达凤凰机场或高铁站。,崇尚度假慢生活，清晨沙滩漫步，午后椰林下午茶，酷爱轻户外及后海冲浪。,名下持有一套旧两居，置换回款 65% + 个人理财储蓄补充 + 公积金商业贷,重性价比，不盲信大牌，但要求物业管理有序、绿化修剪及时、人防技防规范。,本地常住人口，四季生活规律，度假频次为常规年假出行。
三_2011_02413,三亚,2011,度假投资,35,男,3.8,41.7,0.4,78.2,2,0,否,A,research,0.75,0.21,0.99,0.59,0.52,0.52,0,0.09,0.79,投资-短期,一室一厅,52,8470,上市公司退休联合创始人,新婚过渡两居,西湖边高精平层,无高端私密会所及管家式物业配套，圈层鱼龙混杂，高净值居住体验差。,要求有超大面宽南向双阳台（观景家政分离），主卧大飘窗能270度直面自然景观。,无需日常通勤，但要求30分钟内快捷通达凤凰机场或高铁站。,周末常去高端商圈消费，热衷打网球和马术，重度手冲咖啡及黑胶唱片发烧友。,名下已有企业股权套现或分红现金，一次性全款付清，基本不加杠杆,非仁恒、绿城、万科等金牌开发商不买，极度看重高端精装质量与顶级物业的增值口碑。,每年11月至次年3月到此度过漫长冬季，极其依赖周边的康养及适老化服务。
三_2011_02414,三亚,2011,本地改善,44,女,2.0,14.7,0.35,31.4,3,1,否,B,agent,0.6,0.55,0.63,0.56,0.46,0.86,0.46,0.75,0.42,自住-改善,一室一厅,96,2855,智能新能源车企研发骨干,三口之家(学龄段),三亚中环品质两居，车位及空间极其拥挤,小区无地下车库且人车不分流，小孩在楼下玩耍或者推婴儿车极为不安全。,讲究超高得房率（超85%），主卧套房必须配备独立步入式衣帽间与干湿分离双卫。,无需日常通勤，但要求30分钟内快捷通达凤凰机场或高铁站。,崇尚度假慢生活，清晨沙滩漫步，午后椰林下午茶，酷爱轻户外及后海冲浪。,名下持有一套旧两居，置换回款 65% + 个人理财储蓄补充 + 公积金商业贷,重性价比，不盲信大牌，但要求物业管理有序、绿化修剪及时、人防技防规范。,本地常住人口，四季生活规律，度假频次为常规年假出行。
三_2011_02415,三亚,2011,外地候鸟-华北,69,女,5.9,44.2,0.5,66.3,1,0,否,B,network,0.29,0.55,0.91,0.8,0.67,0.49,0.12,0,0.53,度假,两室两厅,86,6873,央企总部退休总工,高知退休康养,三亚中环品质两居，车位及空间极其拥挤,老小区隔音差，邻里滋扰严重，且车位严重匮乏，每晚加班回来抢车位像打仗。,要求独立电梯入户，主次卧动线分明，配备独立保姆房和私密后院。,无需日常通勤，但要求30分钟内快捷通达凤凰机场或高铁站。,崇尚度假慢生活，清晨沙滩漫步，午后椰林下午茶，酷爱轻户外及后海冲浪。,名下持有一套旧两居，置换回款 65% + 个人理财储蓄补充 + 公积金商业贷,重性价比，不盲信大牌，但要求物业管理有序、绿化修剪及时、人防技防规范。,每年11月至次年3月到此度过漫长冬季，极其依赖周边的康养及适老化服务。
三_2011_02416,三亚,2011,度假投资,36,女,12.1,128.1,0.4,240.1,3,1,否,A,research,0.5,0.44,0.89,0.61,0.57,0.47,0.05,0.09,0.73,投资-长持,三室一厅,144,13205,高端海景资产收藏家,三口之家(幼龄段),陆家嘴核心区江景大平层,无高端私密会所及管家式物业配套，圈层鱼龙混杂，高净值居住体验差。,要求有超大面宽南向双阳台（观景家政分离），主卧大飘窗能270度直面自然景观。,无需日常通勤，但要求30分钟内快捷通达凤凰机场或高铁站。,周末常去高端商圈消费，热衷打网球和马术，重度手冲咖啡及黑胶唱片发烧友。,名下已有企业股权套现或分红现金，一次性全款付清，基本不加杠杆,非仁恒、绿城、万科等金牌开发商不买，极度看重高端精装质量与顶级物业的增值口碑。,每年11月至次年3月到此度过漫长冬季，极其依赖周边的康养及适老化服务。
三_2011_02417,三亚,2011,外地候鸟-华北,59,女,4.4,34.8,0.5,52.1,2,0,否,B,network,0.64,0.7,0.96,0.55,0.77,0.51,0.04,0,0.57,养老,一室一厅,77,6031,高校资深硕导,高知退休康养,三亚中环品质两居，车位及空间极其拥挤,老小区隔音差，邻里滋扰严重，且车位严重匮乏，每晚加班回来抢车位像打仗。,要求有超大面宽南向双阳台（观景家政分离），主卧大飘窗能270度直面自然景观。,无需日常通勤，但要求30分钟内快捷通达凤凰机场或高铁站。,崇尚度假慢生活，清晨沙滩漫步，午后椰林下午茶，酷爱轻户外及后海冲浪。,名下持有一套旧两居，置换回款 65% + 个人理财储蓄补充 + 公积金商业贷,重性价比，不盲信大牌，但要求物业管理有序、绿化修剪及时、人防技防规范。,每年11月至次年3月到此度过漫长冬季，极其依赖周边的康养及适老化服务。
三_2011_02418,三亚,2011,度假投资,35,男,8.2,92.5,0.4,173.5,3,0,否,A,research,0.91,0.39,0.93,0.59,0.71,0.57,0,0,0.8,投资-短期,三室两厅,131,8377,知名中医药连锁投资人,新婚过渡两居,市中心私密洋房住宅,无高端私密会所及管家式物业配套，圈层鱼龙混杂，高净值居住体验差。,要求有超大面宽南向双阳台（观景家政分离），主卧大飘窗能270度直面自然景观。,无需日常通勤，但要求30分钟内快捷通达凤凰机场或高铁站。,周末常去高端商圈消费，热衷打网球和马术，重度手冲咖啡及黑胶唱片发烧友。,名下已有企业股权套现或分红现金，一次性全款付清，基本不加杠杆,非仁恒、绿城、万科等金牌开发商不买，极度看重高端精装质量与顶级物业的增值口碑。,每年11月至次年3月到此度过漫长冬季，极其依赖周边的康养及适老化服务。
三_2011_02419,三亚,2011,外地候鸟-华北,74,男,1.5,10.0,0.5,15.0,2,1,否,B,network,0.68,0.63,0.87,0.66,0.62,0.52,0,0.0,0.54,养老,两室两厅,98,859,高校资深硕导,三口之家(学龄段),三亚中环品质两居，车位及空间极其拥挤,小区无地下车库且人车不分流，小孩在楼下玩耍或者推婴儿车极为不安全。,要求有超大面宽南向双阳台（观景家政分离），主卧大飘窗能270度直面自然景观。,无需日常通勤，但要求30分钟内快捷通达凤凰机场或高铁站。,崇尚度假慢生活，清晨沙滩漫步，午后椰林下午茶，酷爱轻户外及后海冲浪。,名下持有一套旧两居，置换回款 65% + 个人理财储蓄补充 + 公积金商业贷,重性价比，不盲信大牌，但要求物业管理有序、绿化修剪及时、人防技防规范。,每年11月至次年3月到此度过漫长冬季，极其依赖周边的康养及适老化服务。
三_2011_02420,三亚,2011,本地改善,49,男,2.5,11.4,0.35,24.4,4,0,是,B,agent,0.85,0.49,0.63,0.51,0.47,0.77,0.45,0.79,0.47,自住-改善,两室两厅,89,2064,国企中层管理,成熟期核心家庭,三亚中环品质两居，车位及空间极其拥挤,当前房屋属于旧多层无电梯房，父母年纪渐高每天爬楼梯极为吃力。,讲究超高得房率（超85%），主卧套房必须配备独立步入式衣帽间与干湿分离双卫。,无需日常通勤，但要求30分钟内快捷通达凤凰机场或高铁站。,崇尚度假慢生活，清晨沙滩漫步，午后椰林下午茶，酷爱轻户外及后海冲浪。,名下持有一套旧两居，置换回款 65% + 个人理财储蓄补充 + 公积金商业贷,重性价比，不盲信大牌，但要求物业管理有序、绿化修剪及时、人防技防规范。,本地常住人口，四季生活规律，度假频次为常规年假出行。
三_2011_02421,三亚,2011,度假投资,54,男,10.2,97.5,0.4,182.8,4,0,否,A,research,0.55,0.31,0.88,0.61,0.74,0.49,0,0.02,0.64,投资-长持,三室两厅,122,10006,高端海景资产收藏家,成熟期核心家庭,陆家嘴核心区江景大平层,无高端私密会所及管家式物业配套，圈层鱼龙混杂，高净值居住体验差。,要求有超大面宽南向双阳台（观景家政分离），主卧大飘窗能270度直面自然景观。,无需日常通勤，但要求30分钟内快捷通达凤凰机场或高铁站。,周末常去高端商圈消费，热衷打网球和马术，重度手冲咖啡及黑胶唱片发烧友。,名下已有企业股权套现或分红现金，一次性全款付清，基本不加杠杆,重性价比，不盲信大牌，但要求物业管理有序、绿化修剪及时、人防技防规范。,每年11月至次年3月到此度过漫长冬季，极其依赖周边的康养及适老化服务。
三_2011_02422,三亚,2011,外地候鸟-西北,62,男,3.4,25.1,0.5,37.7,2,0,否,C,network,0.43,0.54,1,0.54,0.5,0.54,0.05,0,0.46,养老,两室一厅,84,3165,西安设计院退休总建筑师,高知退休康养,与父母同住，三代人拥挤在旧区小户型老房中,老小区隔音差，邻里滋扰严重，且车位严重匮乏，每晚加班回来抢车位像打仗。,要求有超大面宽南向双阳台（观景家政分离），主卧大飘窗能270度直面自然景观。,无需日常通勤，但要求30分钟内快捷通达凤凰机场或高铁站。,崇尚度假慢生活，清晨沙滩漫步，午后椰林下午茶，酷爱轻户外及后海冲浪。,名下持有一套旧两居，置换回款 65% + 个人理财储蓄补充 + 公积金商业贷,重性价比，不盲信大牌，但要求物业管理有序、绿化修剪及时、人防技防规范。,每年11月至次年3月到此度过漫长冬季，极其依赖周边的康养及适老化服务。
三_2011_02423,三亚,2011,度假投资,55,女,7.3,52.0,0.4,97.5,3,1,否,A,research,0.87,0.37,0.93,0.49,0.49,0.48,0.04,0.04,0.84,投资-长持,两室一厅,81,9676,上市公司退休联合创始人,三口之家(学龄段),西湖边高精平层,无高端私密会所及管家式物业配套，圈层鱼龙混杂，高净值居住体验差。,要求有超大面宽南向双阳台（观景家政分离），主卧大飘窗能270度直面自然景观。,无需日常通勤，但要求30分钟内快捷通达凤凰机场或高铁站。,周末常去高端商圈消费，热衷打网球和马术，重度手冲咖啡及黑胶唱片发烧友。,名下已有企业股权套现或分红现金，一次性全款付清，基本不加杠杆,非仁恒、绿城、万科等金牌开发商不买，极度看重高端精装质量与顶级物业的增值口碑。,每年11月至次年3月到此度过漫长冬季，极其依赖周边的康养及适老化服务。
三_2011_02424,三亚,2011,外地候鸟-华北,56,男,4.2,32.9,0.5,49.3,2,0,否,B,network,0.52,0.44,0.91,0.7,0.76,0.54,0.01,0.04,0.47,养老,一室一厅,62,4173,高校资深硕导,高知退休康养,三亚中环品质两居，车位及空间极其拥挤,老小区隔音差，邻里滋扰严重，且车位严重匮乏，每晚加班回来抢车位像打仗。,要求有超大面宽南向双阳台（观景家政分离），主卧大飘窗能270度直面自然景观。,无需日常通勤，但要求30分钟内快捷通达凤凰机场或高铁站。,崇尚度假慢生活，清晨沙滩漫步，午后椰林下午茶，酷爱轻户外及后海冲浪。,名下持有一套旧两居，置换回款 65% + 个人理财储蓄补充 + 公积金商业贷,重性价比，不盲信大牌，但要求物业管理有序、绿化修剪及时、人防技防规范。,每年11月至次年3月到此度过漫长冬季，极其依赖周边的康养及适老化服务。
三_2011_02425,三亚,2011,外地候鸟-东北,60,男,3.0,20.2,0.5,30.3,2,0,否,C,network,0.29,0.64,0.91,0.69,0.53,0.53,0.01,0,0.59,度假,两室一厅,90,2461,哈尔滨私营物流老板,高知退休康养,与父母同住，三代人拥挤在旧区小户型老房中,老小区隔音差，邻里滋扰严重，且车位严重匮乏，每晚加班回来抢车位像打仗。,要求有超大面宽南向双阳台（观景家政分离），主卧大飘窗能270度直面自然景观。,无需日常通勤，但要求30分钟内快捷通达凤凰机场或高铁站。,崇尚度假慢生活，清晨沙滩漫步，午后椰林下午茶，酷爱轻户外及后海冲浪。,名下持有一套旧两居，置换回款 65% + 个人理财储蓄补充 + 公积金商业贷,重性价比，不盲信大牌，但要求物业管理有序、绿化修剪及时、人防技防规范。,每年11月至次年3月到此度过漫长冬季，极其依赖周边的康养及适老化服务。
三_2011_02426,三亚,2011,外地候鸟-华北,56,女,5.8,55.3,0.5,83.0,2,0,否,B,network,0.65,0.61,0.93,0.71,0.53,0.58,0.1,0,0.55,养老,两室一厅,82,6084,北京三甲医院退休教授,高知退休康养,三亚中环品质两居，车位及空间极其拥挤,老小区隔音差，邻里滋扰严重，且车位严重匮乏，每晚加班回来抢车位像打仗。,要求独立电梯入户，主次卧动线分明，配备独立保姆房和私密后院。,无需日常通勤，但要求30分钟内快捷通达凤凰机场或高铁站。,崇尚度假慢生活，清晨沙滩漫步，午后椰林下午茶，酷爱轻户外及后海冲浪。,名下持有一套旧两居，置换回款 65% + 个人理财储蓄补充 + 公积金商业贷,重性价比，不盲信大牌，但要求物业管理有序、绿化修剪及时、人防技防规范。,每年11月至次年3月到此度过漫长冬季，极其依赖周边的康养及适老化服务。
三_2011_02427,三亚,2011,外地候鸟-西北,66,女,2.9,26.0,0.5,39.0,1,0,否,C,network,0.02,0.77,0.91,0.82,0.6,0.59,0,0,0.34,养老,两室一厅,91,2314,兰州煤炭物流运输企业主,高知退休康养,与父母同住，三代人拥挤在旧区小户型老房中,老小区隔音差，邻里滋扰严重，且车位严重匮乏，每晚加班回来抢车位像打仗。,要求独立电梯入户，主次卧动线分明，配备独立保姆房和私密后院。,无需日常通勤，但要求30分钟内快捷通达凤凰机场或高铁站。,崇尚度假慢生活，清晨沙滩漫步，午后椰林下午茶，酷爱轻户外及后海冲浪。,名下持有一套旧两居，置换回款 65% + 个人理财储蓄补充 + 公积金商业贷,重性价比，不盲信大牌，但要求物业管理有序、绿化修剪及时、人防技防规范。,每年11月至次年3月到此度过漫长冬季，极其依赖周边的康养及适老化服务。
三_2011_02428,三亚,2011,本地改善,38,女,2.2,16.1,0.35,34.5,4,1,是,B,agent,0.85,0.4,0.63,0.41,0.34,0.8,0.49,0.67,0.4,自住-改善,两室两厅,55,3832,三甲医院主治医师,三口之家(学龄段),三亚中环品质两居，车位及空间极其拥挤,小区无地下车库且人车不分流，小孩在楼下玩耍或者推婴儿车极为不安全。,讲究超高得房率（超85%），主卧套房必须配备独立步入式衣帽间与干湿分离双卫。,无需日常通勤，但要求30分钟内快捷通达凤凰机场或高铁站。,崇尚度假慢生活，清晨沙滩漫步，午后椰林下午茶，酷爱轻户外及后海冲浪。,名下持有一套旧两居，置换回款 65% + 个人理财储蓄补充 + 公积金商业贷,重性价比，不盲信大牌，但要求物业管理有序、绿化修剪及时、人防技防规范。,本地常住人口，四季生活规律，度假频次为常规年假出行。
三_2011_02429,三亚,2011,外地候鸟-东北,78,男,2.8,14.2,0.5,21.3,3,0,否,C,network,0.36,0.57,0.85,0.67,0.51,0.46,0.08,0,0.32,养老,两室两厅,99,1615,哈尔滨高校退休处长,高知退休康养,与父母同住，三代人拥挤在旧区小户型老房中,老小区隔音差，邻里滋扰严重，且车位严重匮乏，每晚加班回来抢车位像打仗。,要求有超大面宽南向双阳台（观景家政分离），主卧大飘窗能270度直面自然景观。,无需日常通勤，但要求30分钟内快捷通达凤凰机场或高铁站。,崇尚度假慢生活，清晨沙滩漫步，午后椰林下午茶，酷爱轻户外及后海冲浪。,名下持有一套旧两居，置换回款 65% + 个人理财储蓄补充 + 公积金商业贷,重性价比，不盲信大牌，但要求物业管理有序、绿化修剪及时、人防技防规范。,每年11月至次年3月到此度过漫长冬季，极其依赖周边的康养及适老化服务。
三_2011_02430,三亚,2011,度假投资,36,男,6.6,85.5,0.4,160.2,3,0,是,A,research,1,0.38,0.98,0.6,0.47,0.48,0,0.02,0.92,投资-短期,三室一厅,110,11976,知名中医药连锁投资人,成熟期核心家庭,西湖边高精平层,当前房屋属于旧多层无电梯房，父母年纪渐高每天爬楼梯极为吃力。,要求有超大面宽南向双阳台（观景家政分离），主卧大飘窗能270度直面自然景观。,无需日常通勤，但要求30分钟内快捷通达凤凰机场或高铁站。,周末常去高端商圈消费，热衷打网球和马术，重度手冲咖啡及黑胶唱片发烧友。,名下已有企业股权套现或分红现金，一次性全款付清，基本不加杠杆,非仁恒、绿城、万科等金牌开发商不买，极度看重高端精装质量与顶级物业的增值口碑。,每年11月至次年3月到此度过漫长冬季，极其依赖周边的康养及适老化服务。
三_2011_02431,三亚,2011,度假投资,44,男,5.8,47.5,0.4,89.1,3,0,是,A,research,0.67,0.38,0.88,0.76,0.6,0.41,0.09,0,0.63,度假,一室一厅,56,12206,高端海景资产收藏家,成熟期核心家庭,西湖边高精平层,当前房屋属于旧多层无电梯房，父母年纪渐高每天爬楼梯极为吃力。,要求独立电梯入户，主次卧动线分明，配备独立保姆房和私密后院。,无需日常通勤，但要求30分钟内快捷通达凤凰机场或高铁站。,周末常去高端商圈消费，热衷打网球和马术，重度手冲咖啡及黑胶唱片发烧友。,名下已有企业股权套现或分红现金，一次性全款付清，基本不加杠杆,重性价比，不盲信大牌，但要求物业管理有序、绿化修剪及时、人防技防规范。,每年11月至次年3月到此度过漫长冬季，极其依赖周边的康养及适老化服务。
三_2011_02432,三亚,2011,高净值康养,66,男,15.4,140.0,0.6,175.0,2,1,是,A,network,0.72,0.26,0.92,0.98,0.85,0.75,0,0.01,0.99,度假,两室两厅,124,8812,高端海景资产收藏家,三口之家(学龄段),陆家嘴核心区江景大平层,当前房屋属于旧多层无电梯房，父母年纪渐高每天爬楼梯极为吃力。,要求独立电梯入户，主次卧动线分明，配备独立保姆房和私密后院。,无需日常通勤，但要求30分钟内快捷通达凤凰机场或高铁站。,周末常去高端商圈消费，热衷打网球和马术，重度手冲咖啡及黑胶唱片发烧友。,名下已有企业股权套现或分红现金，一次性全款付清，基本不加杠杆,非仁恒、绿城、万科等金牌开发商不买，极度看重高端精装质量与顶级物业的增值口碑。,本地常住人口，四季生活规律，度假频次为常规年假出行。
三_2011_02433,三亚,2011,本地改善,42,女,2.0,15.6,0.35,33.5,4,1,否,B,agent,0.47,0.5,0.66,0.5,0.42,0.72,0.52,0.73,0.38,自住-改善,两室一厅,85,3380,国企中层管理,三口之家(学龄段),三亚中环品质两居，车位及空间极其拥挤,小区无地下车库且人车不分流，小孩在楼下玩耍或者推婴儿车极为不安全。,讲究超高得房率（超85%），主卧套房必须配备独立步入式衣帽间与干湿分离双卫。,无需日常通勤，但要求30分钟内快捷通达凤凰机场或高铁站。,崇尚度假慢生活，清晨沙滩漫步，午后椰林下午茶，酷爱轻户外及后海冲浪。,名下持有一套旧两居，置换回款 65% + 个人理财储蓄补充 + 公积金商业贷,重性价比，不盲信大牌，但要求物业管理有序、绿化修剪及时、人防技防规范。,本地常住人口，四季生活规律，度假频次为常规年假出行。
三_2011_02434,三亚,2011,本地改善,31,男,1.9,14.7,0.35,31.4,4,1,是,B,agent,0.72,0.5,0.64,0.43,0.46,0.75,0.53,0.66,0.4,自住-改善,一室一厅,89,2327,智能新能源车企研发骨干,三口之家(幼龄段),三亚中环品质两居，车位及空间极其拥挤,小区无地下车库且人车不分流，小孩在楼下玩耍或者推婴儿车极为不安全。,讲究超高得房率（超85%），主卧套房必须配备独立步入式衣帽间与干湿分离双卫。,无需日常通勤，但要求30分钟内快捷通达凤凰机场或高铁站。,崇尚度假慢生活，清晨沙滩漫步，午后椰林下午茶，酷爱轻户外及后海冲浪。,名下持有一套旧两居，置换回款 65% + 个人理财储蓄补充 + 公积金商业贷,重性价比，不盲信大牌，但要求物业管理有序、绿化修剪及时、人防技防规范。,本地常住人口，四季生活规律，度假频次为常规年假出行。
三_2011_02435,三亚,2011,本地改善,34,男,2.2,12.7,0.35,27.2,5,2,否,B,agent,0.58,0.61,0.59,0.45,0.5,0.6,0.58,0.68,0.44,自住-改善,一室一厅,85,1604,智能新能源车企研发骨干,二胎黄金期中大户型,三亚中环品质两居，车位及空间极其拥挤,小区无地下车库且人车不分流，小孩在楼下玩耍或者推婴儿车极为不安全。,要求采光通透，全明户型，带多功能嵌入式收纳墙以最大化空间利用。,无需日常通勤，但要求30分钟内快捷通达凤凰机场或高铁站。,崇尚度假慢生活，清晨沙滩漫步，午后椰林下午茶，酷爱轻户外及后海冲浪。,名下持有一套旧两居，置换回款 65% + 个人理财储蓄补充 + 公积金商业贷,重性价比，不盲信大牌，但要求物业管理有序、绿化修剪及时、人防技防规范。,本地常住人口，四季生活规律，度假频次为常规年假出行。
三_2011_02436,三亚,2011,本地改善,31,女,2.0,14.9,0.35,31.9,4,1,否,B,agent,0.94,0.61,0.71,0.44,0.59,0.62,0.63,0.74,0.3,自住-改善,两室两厅,63,2904,智能新能源车企研发骨干,三口之家(幼龄段),三亚中环品质两居，车位及空间极其拥挤,小区无地下车库且人车不分流，小孩在楼下玩耍或者推婴儿车极为不安全。,要求有超大面宽南向双阳台（观景家政分离），主卧大飘窗能270度直面自然景观。,无需日常通勤，但要求30分钟内快捷通达凤凰机场或高铁站。,崇尚度假慢生活，清晨沙滩漫步，午后椰林下午茶，酷爱轻户外及后海冲浪。,名下持有一套旧两居，置换回款 65% + 个人理财储蓄补充 + 公积金商业贷,重性价比，不盲信大牌，但要求物业管理有序、绿化修剪及时、人防技防规范。,本地常住人口，四季生活规律，度假频次为常规年假出行。
三_2011_02437,三亚,2011,度假投资,50,男,5.6,66.7,0.4,125.0,3,0,否,A,research,1,0.4,0.89,0.63,0.69,0.51,0,0,0.83,投资-长持,一室一厅,59,16775,高端海景资产收藏家,成熟期核心家庭,西湖边高精平层,无高端私密会所及管家式物业配套，圈层鱼龙混杂，高净值居住体验差。,要求有超大面宽南向双阳台（观景家政分离），主卧大飘窗能270度直面自然景观。,无需日常通勤，但要求30分钟内快捷通达凤凰机场或高铁站。,周末常去高端商圈消费，热衷打网球和马术，重度手冲咖啡及黑胶唱片发烧友。,名下已有企业股权套现或分红现金，一次性全款付清，基本不加杠杆,非仁恒、绿城、万科等金牌开发商不买，极度看重高端精装质量与顶级物业的增值口碑。,每年11月至次年3月到此度过漫长冬季，极其依赖周边的康养及适老化服务。
三_2011_02438,三亚,2011,外地候鸟-东北,60,女,2.2,13.0,0.5,19.5,2,0,否,C,network,0.19,0.44,1,0.68,0.51,0.46,0.08,0.08,0.57,养老,一室一厅,75,1564,哈尔滨私营物流老板,高知退休康养,与父母同住，三代人拥挤在旧区小户型老房中,老小区隔音差，邻里滋扰严重，且车位严重匮乏，每晚加班回来抢车位像打仗。,要求有超大面宽南向双阳台（观景家政分离），主卧大飘窗能270度直面自然景观。,无需日常通勤，但要求30分钟内快捷通达凤凰机场或高铁站。,崇尚度假慢生活，清晨沙滩漫步，午后椰林下午茶，酷爱轻户外及后海冲浪。,名下持有一套旧两居，置换回款 65% + 个人理财储蓄补充 + 公积金商业贷,重性价比，不盲信大牌，但要求物业管理有序、绿化修剪及时、人防技防规范。,每年11月至次年3月到此度过漫长冬季，极其依赖周边的康养及适老化服务。
三_2011_02439,三亚,2011,本地改善,44,女,1.2,6.1,0.35,13.0,4,1,否,B,agent,0.86,0.52,0.68,0.4,0.39,0.75,0.51,0.62,0.5,自住-改善,两室两厅,74,1343,智能新能源车企研发骨干,三口之家(学龄段),三亚中环品质两居，车位及空间极其拥挤,小区无地下车库且人车不分流，小孩在楼下玩耍或者推婴儿车极为不安全。,讲究超高得房率（超85%），主卧套房必须配备独立步入式衣帽间与干湿分离双卫。,无需日常通勤，但要求30分钟内快捷通达凤凰机场或高铁站。,崇尚度假慢生活，清晨沙滩漫步，午后椰林下午茶，酷爱轻户外及后海冲浪。,名下持有一套旧两居，置换回款 65% + 个人理财储蓄补充 + 公积金商业贷,重性价比，不盲信大牌，但要求物业管理有序、绿化修剪及时、人防技防规范。,本地常住人口，四季生活规律，度假频次为常规年假出行。
三_2011_02440,三亚,2011,本地改善,45,男,3.3,23.9,0.35,51.3,6,1,否,B,agent,0.85,0.63,0.61,0.36,0.38,0.83,0.57,0.62,0.39,自住-改善,两室一厅,77,5797,重点中学高级教师,三口之家(学龄段),三亚中环品质两居，车位及空间极其拥挤,小区无地下车库且人车不分流，小孩在楼下玩耍或者推婴儿车极为不安全。,讲究超高得房率（超85%），主卧套房必须配备独立步入式衣帽间与干湿分离双卫。,无需日常通勤，但要求30分钟内快捷通达凤凰机场或高铁站。,崇尚度假慢生活，清晨沙滩漫步，午后椰林下午茶，酷爱轻户外及后海冲浪。,名下持有一套旧两居，置换回款 65% + 个人理财储蓄补充 + 公积金商业贷,重性价比，不盲信大牌，但要求物业管理有序、绿化修剪及时、人防技防规范。,本地常住人口，四季生活规律，度假频次为常规年假出行。
三_2011_02441,三亚,2011,本地改善,31,男,1.9,12.6,0.35,27.0,4,1,是,B,agent,0.67,0.54,0.56,0.43,0.42,0.73,0.63,0.69,0.39,自住-改善,一室一厅,87,2305,三甲医院主治医师,三口之家(幼龄段),三亚中环品质两居，车位及空间极其拥挤,小区无地下车库且人车不分流，小孩在楼下玩耍或者推婴儿车极为不安全。,讲究超高得房率（超85%），主卧套房必须配备独立步入式衣帽间与干湿分离双卫。,无需日常通勤，但要求30分钟内快捷通达凤凰机场或高铁站。,崇尚度假慢生活，清晨沙滩漫步，午后椰林下午茶，酷爱轻户外及后海冲浪。,名下持有一套旧两居，置换回款 65% + 个人理财储蓄补充 + 公积金商业贷,重性价比，不盲信大牌，但要求物业管理有序、绿化修剪及时、人防技防规范。,本地常住人口，四季生活规律，度假频次为常规年假出行。
三_2011_02442,三亚,2011,外地候鸟-西北,75,女,2.1,12.7,0.5,19.1,2,0,否,C,network,0.46,0.61,0.84,0.63,0.52,0.47,0.03,0.08,0.56,度假,两室两厅,82,1590,兰州煤炭物流运输企业主,高知退休康养,与父母同住，三代人拥挤在旧区小户型老房中,老小区隔音差，邻里滋扰严重，且车位严重匮乏，每晚加班回来抢车位像打仗。,要求有超大面宽南向双阳台（观景家政分离），主卧大飘窗能270度直面自然景观。,无需日常通勤，但要求30分钟内快捷通达凤凰机场或高铁站。,崇尚度假慢生活，清晨沙滩漫步，午后椰林下午茶，酷爱轻户外及后海冲浪。,名下持有一套旧两居，置换回款 65% + 个人理财储蓄补充 + 公积金商业贷,重性价比，不盲信大牌，但要求物业管理有序、绿化修剪及时、人防技防规范。,每年11月至次年3月到此度过漫长冬季，极其依赖周边的康养及适老化服务。
三_2011_02443,三亚,2011,外地候鸟-西北,71,男,2.0,12.0,0.5,18.0,3,1,否,C,network,0.32,0.58,0.84,0.78,0.61,0.47,0.01,0,0.43,养老,两室一厅,65,2072,西安设计院退休总建筑师,三口之家(学龄段),与父母同住，三代人拥挤在旧区小户型老房中,小区无地下车库且人车不分流，小孩在楼下玩耍或者推婴儿车极为不安全。,要求独立电梯入户，主次卧动线分明，配备独立保姆房和私密后院。,无需日常通勤，但要求30分钟内快捷通达凤凰机场或高铁站。,崇尚度假慢生活，清晨沙滩漫步，午后椰林下午茶，酷爱轻户外及后海冲浪。,名下持有一套旧两居，置换回款 65% + 个人理财储蓄补充 + 公积金商业贷,重性价比，不盲信大牌，但要求物业管理有序、绿化修剪及时、人防技防规范。,每年11月至次年3月到此度过漫长冬季，极其依赖周边的康养及适老化服务。
三_2011_02444,三亚,2011,本地改善,36,女,1.2,7.9,0.35,16.8,4,1,否,B,agent,0.54,0.66,0.61,0.48,0.41,0.61,0.51,0.64,0.33,自住-改善,两室一厅,78,1693,重点中学高级教师,三口之家(幼龄段),三亚中环品质两居，车位及空间极其拥挤,小区无地下车库且人车不分流，小孩在楼下玩耍或者推婴儿车极为不安全。,要求采光通透，全明户型，带多功能嵌入式收纳墙以最大化空间利用。,无需日常通勤，但要求30分钟内快捷通达凤凰机场或高铁站。,崇尚度假慢生活，清晨沙滩漫步，午后椰林下午茶，酷爱轻户外及后海冲浪。,名下持有一套旧两居，置换回款 65% + 个人理财储蓄补充 + 公积金商业贷,重性价比，不盲信大牌，但要求物业管理有序、绿化修剪及时、人防技防规范。,本地常住人口，四季生活规律，度假频次为常规年假出行。
三_2011_02445,三亚,2011,外地候鸟-华北,64,男,5.5,31.4,0.5,47.1,2,0,否,B,network,0.52,0.53,0.84,0.84,0.73,0.6,0,0,0.46,养老,两室两厅,69,5520,高校资深硕导,高知退休康养,三亚中环品质两居，车位及空间极其拥挤,老小区隔音差，邻里滋扰严重，且车位严重匮乏，每晚加班回来抢车位像打仗。,要求独立电梯入户，主次卧动线分明，配备独立保姆房和私密后院。,无需日常通勤，但要求30分钟内快捷通达凤凰机场或高铁站。,崇尚度假慢生活，清晨沙滩漫步，午后椰林下午茶，酷爱轻户外及后海冲浪。,名下持有一套旧两居，置换回款 65% + 个人理财储蓄补充 + 公积金商业贷,重性价比，不盲信大牌，但要求物业管理有序、绿化修剪及时、人防技防规范。,每年11月至次年3月到此度过漫长冬季，极其依赖周边的康养及适老化服务。
三_2011_02446,三亚,2011,度假投资,39,女,3.8,37.0,0.4,69.4,3,1,否,A,research,0.79,0.4,0.78,0.6,0.69,0.4,0,0,0.72,投资-长持,两室两厅,84,7075,高端海景资产收藏家,三口之家(学龄段),陆家嘴核心区江景大平层,无高端私密会所及管家式物业配套，圈层鱼龙混杂，高净值居住体验差。,要求有超大面宽南向双阳台（观景家政分离），主卧大飘窗能270度直面自然景观。,无需日常通勤，但要求30分钟内快捷通达凤凰机场或高铁站。,周末常去高端商圈消费，热衷打网球和马术，重度手冲咖啡及黑胶唱片发烧友。,名下已有企业股权套现或分红现金，一次性全款付清，基本不加杠杆,非仁恒、绿城、万科等金牌开发商不买，极度看重高端精装质量与顶级物业的增值口碑。,每年11月至次年3月到此度过漫长冬季，极其依赖周边的康养及适老化服务。
三_2011_02447,三亚,2011,外地候鸟-华北,62,女,5.0,31.9,0.5,47.9,1,0,否,B,network,0.71,0.5,0.81,0.65,0.59,0.42,0,0,0.73,度假,一室一厅,72,3538,央企总部退休总工,高知退休康养,三亚中环品质两居，车位及空间极其拥挤,老小区隔音差，邻里滋扰严重，且车位严重匮乏，每晚加班回来抢车位像打仗。,要求有超大面宽南向双阳台（观景家政分离），主卧大飘窗能270度直面自然景观。,无需日常通勤，但要求30分钟内快捷通达凤凰机场或高铁站。,崇尚度假慢生活，清晨沙滩漫步，午后椰林下午茶，酷爱轻户外及后海冲浪。,名下持有一套旧两居，置换回款 65% + 个人理财储蓄补充 + 公积金商业贷,非仁恒、绿城、万科等金牌开发商不买，极度看重高端精装质量与顶级物业的增值口碑。,每年11月至次年3月到此度过漫长冬季，极其依赖周边的康养及适老化服务。
三_2011_02448,三亚,2011,外地候鸟-华北,68,男,4.2,35.0,0.5,52.6,2,1,否,B,network,0.64,0.52,0.89,0.68,0.7,0.54,0,0.16,0.65,度假,一室一厅,85,4063,北京三甲医院退休教授,三口之家(学龄段),三亚中环品质两居，车位及空间极其拥挤,小区无地下车库且人车不分流，小孩在楼下玩耍或者推婴儿车极为不安全。,要求有超大面宽南向双阳台（观景家政分离），主卧大飘窗能270度直面自然景观。,无需日常通勤，但要求30分钟内快捷通达凤凰机场或高铁站。,崇尚度假慢生活，清晨沙滩漫步，午后椰林下午茶，酷爱轻户外及后海冲浪。,名下持有一套旧两居，置换回款 65% + 个人理财储蓄补充 + 公积金商业贷,重性价比，不盲信大牌，但要求物业管理有序、绿化修剪及时、人防技防规范。,每年11月至次年3月到此度过漫长冬季，极其依赖周边的康养及适老化服务。
三_2011_02449,三亚,2011,本地改善,32,女,2.7,14.2,0.35,30.4,5,1,是,B,agent,0.73,0.36,0.6,0.45,0.41,0.74,0.56,0.68,0.45,自住-改善,两室一厅,90,1944,重点中学高级教师,三口之家(幼龄段),三亚中环品质两居，车位及空间极其拥挤,小区无地下车库且人车不分流，小孩在楼下玩耍或者推婴儿车极为不安全。,讲究超高得房率（超85%），主卧套房必须配备独立步入式衣帽间与干湿分离双卫。,无需日常通勤，但要求30分钟内快捷通达凤凰机场或高铁站。,崇尚度假慢生活，清晨沙滩漫步，午后椰林下午茶，酷爱轻户外及后海冲浪。,名下持有一套旧两居，置换回款 65% + 个人理财储蓄补充 + 公积金商业贷,重性价比，不盲信大牌，但要求物业管理有序、绿化修剪及时、人防技防规范。,本地常住人口，四季生活规律，度假频次为常规年假出行。
三_2011_02450,三亚,2011,本地改善,30,女,2.0,11.5,0.35,24.6,4,2,是,B,agent,0.9,0.43,0.6,0.49,0.35,0.87,0.43,0.71,0.47,自住-改善,一室一厅,82,2271,国企中层管理,二胎黄金期中大户型,三亚中环品质两居，车位及空间极其拥挤,小区无地下车库且人车不分流，小孩在楼下玩耍或者推婴儿车极为不安全。,讲究超高得房率（超85%），主卧套房必须配备独立步入式衣帽间与干湿分离双卫。,无需日常通勤，但要求30分钟内快捷通达凤凰机场或高铁站。,崇尚度假慢生活，清晨沙滩漫步，午后椰林下午茶，酷爱轻户外及后海冲浪。,名下持有一套旧两居，置换回款 65% + 个人理财储蓄补充 + 公积金商业贷,重性价比，不盲信大牌，但要求物业管理有序、绿化修剪及时、人防技防规范。,本地常住人口，四季生活规律，度假频次为常规年假出行。
三_2011_02451,三亚,2011,外地候鸟-东北,62,男,4.1,23.3,0.5,35.0,2,0,否,C,network,0.23,0.61,0.94,0.76,0.53,0.44,0.01,0.06,0.41,度假,两室一厅,57,5431,哈尔滨私营物流老板,高知退休康养,与父母同住，三代人拥挤在旧区小户型老房中,老小区隔音差，邻里滋扰严重，且车位严重匮乏，每晚加班回来抢车位像打仗。,要求独立电梯入户，主次卧动线分明，配备独立保姆房和私密后院。,无需日常通勤，但要求30分钟内快捷通达凤凰机场或高铁站。,崇尚度假慢生活，清晨沙滩漫步，午后椰林下午茶，酷爱轻户外及后海冲浪。,名下持有一套旧两居，置换回款 65% + 个人理财储蓄补充 + 公积金商业贷,重性价比，不盲信大牌，但要求物业管理有序、绿化修剪及时、人防技防规范。,每年11月至次年3月到此度过漫长冬季，极其依赖周边的康养及适老化服务。
三_2011_02452,三亚,2011,本地改善,33,男,1.9,11.7,0.35,25.1,3,1,否,B,agent,1,0.5,0.5,0.34,0.44,0.88,0.53,0.74,0.52,自住-改善,两室一厅,100,1364,国企中层管理,三口之家(幼龄段),三亚中环品质两居，车位及空间极其拥挤,小区无地下车库且人车不分流，小孩在楼下玩耍或者推婴儿车极为不安全。,讲究超高得房率（超85%），主卧套房必须配备独立步入式衣帽间与干湿分离双卫。,无需日常通勤，但要求30分钟内快捷通达凤凰机场或高铁站。,崇尚度假慢生活，清晨沙滩漫步，午后椰林下午茶，酷爱轻户外及后海冲浪。,名下持有一套旧两居，置换回款 65% + 个人理财储蓄补充 + 公积金商业贷,重性价比，不盲信大牌，但要求物业管理有序、绿化修剪及时、人防技防规范。,本地常住人口，四季生活规律，度假频次为常规年假出行。
三_2011_02453,三亚,2011,外地候鸟-东北,73,男,5.0,45.6,0.5,68.3,2,0,否,C,network,0.29,0.48,1,0.74,0.49,0.39,0.13,0.1,0.51,度假,两室两厅,77,6627,哈尔滨高校退休处长,高知退休康养,与父母同住，三代人拥挤在旧区小户型老房中,老小区隔音差，邻里滋扰严重，且车位严重匮乏，每晚加班回来抢车位像打仗。,要求独立电梯入户，主次卧动线分明，配备独立保姆房和私密后院。,无需日常通勤，但要求30分钟内快捷通达凤凰机场或高铁站。,崇尚度假慢生活，清晨沙滩漫步，午后椰林下午茶，酷爱轻户外及后海冲浪。,名下持有一套旧两居，置换回款 65% + 个人理财储蓄补充 + 公积金商业贷,重性价比，不盲信大牌，但要求物业管理有序、绿化修剪及时、人防技防规范。,每年11月至次年3月到此度过漫长冬季，极其依赖周边的康养及适老化服务。
三_2011_02454,三亚,2011,外地候鸟-西北,56,女,2.3,18.5,0.5,27.7,2,0,否,C,network,0.17,0.57,0.9,0.65,0.49,0.36,0,0.08,0.46,养老,两室一厅,87,2681,西安设计院退休总建筑师,高知退休康养,与父母同住，三代人拥挤在旧区小户型老房中,老小区隔音差，邻里滋扰严重，且车位严重匮乏，每晚加班回来抢车位像打仗。,要求有超大面宽南向双阳台（观景家政分离），主卧大飘窗能270度直面自然景观。,无需日常通勤，但要求30分钟内快捷通达凤凰机场或高铁站。,崇尚度假慢生活，清晨沙滩漫步，午后椰林下午茶，酷爱轻户外及后海冲浪。,名下持有一套旧两居，置换回款 65% + 个人理财储蓄补充 + 公积金商业贷,重性价比，不盲信大牌，但要求物业管理有序、绿化修剪及时、人防技防规范。,每年11月至次年3月到此度过漫长冬季，极其依赖周边的康养及适老化服务。
三_2011_02455,三亚,2011,本地改善,35,男,2.7,12.4,0.35,26.5,4,1,是,B,agent,0.59,0.62,0.65,0.31,0.53,0.79,0.58,0.67,0.4,自住-改善,两室两厅,65,2759,区级税务局一级主办,三口之家(幼龄段),三亚中环品质两居，车位及空间极其拥挤,小区无地下车库且人车不分流，小孩在楼下玩耍或者推婴儿车极为不安全。,讲究超高得房率（超85%），主卧套房必须配备独立步入式衣帽间与干湿分离双卫。,无需日常通勤，但要求30分钟内快捷通达凤凰机场或高铁站。,崇尚度假慢生活，清晨沙滩漫步，午后椰林下午茶，酷爱轻户外及后海冲浪。,名下持有一套旧两居，置换回款 65% + 个人理财储蓄补充 + 公积金商业贷,重性价比，不盲信大牌，但要求物业管理有序、绿化修剪及时、人防技防规范。,本地常住人口，四季生活规律，度假频次为常规年假出行。
三_2011_02456,三亚,2011,外地候鸟-华北,68,女,4.6,30.3,0.5,45.5,1,0,否,B,network,0.29,0.51,0.9,0.68,0.72,0.4,0,0,0.73,度假,一室一厅,97,3865,央企总部退休总工,高知退休康养,三亚中环品质两居，车位及空间极其拥挤,老小区隔音差，邻里滋扰严重，且车位严重匮乏，每晚加班回来抢车位像打仗。,要求有超大面宽南向双阳台（观景家政分离），主卧大飘窗能270度直面自然景观。,无需日常通勤，但要求30分钟内快捷通达凤凰机场或高铁站。,崇尚度假慢生活，清晨沙滩漫步，午后椰林下午茶，酷爱轻户外及后海冲浪。,名下持有一套旧两居，置换回款 65% + 个人理财储蓄补充 + 公积金商业贷,非仁恒、绿城、万科等金牌开发商不买，极度看重高端精装质量与顶级物业的增值口碑。,每年11月至次年3月到此度过漫长冬季，极其依赖周边的康养及适老化服务。
三_2011_02457,三亚,2011,本地改善,34,女,2.2,17.3,0.35,37.0,4,1,否,B,agent,0.64,0.34,0.53,0.42,0.42,0.83,0.51,0.6,0.47,自住-改善,两室两厅,89,2678,区级税务局一级主办,三口之家(幼龄段),三亚中环品质两居，车位及空间极其拥挤,小区无地下车库且人车不分流，小孩在楼下玩耍或者推婴儿车极为不安全。,讲究超高得房率（超85%），主卧套房必须配备独立步入式衣帽间与干湿分离双卫。,无需日常通勤，但要求30分钟内快捷通达凤凰机场或高铁站。,崇尚度假慢生活，清晨沙滩漫步，午后椰林下午茶，酷爱轻户外及后海冲浪。,名下持有一套旧两居，置换回款 65% + 个人理财储蓄补充 + 公积金商业贷,重性价比，不盲信大牌，但要求物业管理有序、绿化修剪及时、人防技防规范。,本地常住人口，四季生活规律，度假频次为常规年假出行。
三_2011_02458,三亚,2011,本地改善,41,女,1.5,6.3,0.35,13.6,3,1,是,B,agent,0.99,0.7,0.67,0.34,0.44,0.76,0.3,0.84,0.32,自住-改善,一室一厅,80,1438,国企中层管理,三口之家(学龄段),三亚中环品质两居，车位及空间极其拥挤,小区无地下车库且人车不分流，小孩在楼下玩耍或者推婴儿车极为不安全。,讲究超高得房率（超85%），主卧套房必须配备独立步入式衣帽间与干湿分离双卫。,无需日常通勤，但要求30分钟内快捷通达凤凰机场或高铁站。,崇尚度假慢生活，清晨沙滩漫步，午后椰林下午茶，酷爱轻户外及后海冲浪。,名下持有一套旧两居，置换回款 65% + 个人理财储蓄补充 + 公积金商业贷,重性价比，不盲信大牌，但要求物业管理有序、绿化修剪及时、人防技防规范。,本地常住人口，四季生活规律，度假频次为常规年假出行。
三_2011_02459,三亚,2011,外地候鸟-东北,67,男,1.6,9.5,0.5,14.2,1,1,否,C,network,0.43,0.69,0.88,0.71,0.56,0.44,0.0,0,0.54,养老,两室两厅,79,1124,沈阳大型重工企业退休副厂长,三口之家(学龄段),与父母同住，三代人拥挤在旧区小户型老房中,小区无地下车库且人车不分流，小孩在楼下玩耍或者推婴儿车极为不安全。,要求独立电梯入户，主次卧动线分明，配备独立保姆房和私密后院。,无需日常通勤，但要求30分钟内快捷通达凤凰机场或高铁站。,崇尚度假慢生活，清晨沙滩漫步，午后椰林下午茶，酷爱轻户外及后海冲浪。,名下持有一套旧两居，置换回款 65% + 个人理财储蓄补充 + 公积金商业贷,重性价比，不盲信大牌，但要求物业管理有序、绿化修剪及时、人防技防规范。,每年11月至次年3月到此度过漫长冬季，极其依赖周边的康养及适老化服务。
三_2011_02460,三亚,2011,度假投资,51,女,7.0,53.9,0.4,101.1,2,0,否,A,research,0.79,0.32,0.59,0.55,0.5,0.3,0,0,0.85,度假,两室两厅,82,10428,知名中医药连锁投资人,成熟期核心家庭,陆家嘴核心区江景大平层,无高端私密会所及管家式物业配套，圈层鱼龙混杂，高净值居住体验差。,要求采光通透，全明户型，带多功能嵌入式收纳墙以最大化空间利用。,无需日常通勤，但要求30分钟内快捷通达凤凰机场或高铁站。,周末常去高端商圈消费，热衷打网球和马术，重度手冲咖啡及黑胶唱片发烧友。,名下已有企业股权套现或分红现金，一次性全款付清，基本不加杠杆,非仁恒、绿城、万科等金牌开发商不买，极度看重高端精装质量与顶级物业的增值口碑。,每年11月至次年3月到此度过漫长冬季，极其依赖周边的康养及适老化服务。
三_2011_02461,三亚,2011,外地候鸟-东北,59,男,1.7,10.8,0.5,16.2,3,0,否,C,network,0.26,0.75,0.92,0.69,0.45,0.51,0.03,0.03,0.5,养老,两室两厅,89,1054,沈阳大型重工企业退休副厂长,高知退休康养,与父母同住，三代人拥挤在旧区小户型老房中,老小区隔音差，邻里滋扰严重，且车位严重匮乏，每晚加班回来抢车位像打仗。,要求有超大面宽南向双阳台（观景家政分离），主卧大飘窗能270度直面自然景观。,无需日常通勤，但要求30分钟内快捷通达凤凰机场或高铁站。,崇尚度假慢生活，清晨沙滩漫步，午后椰林下午茶，酷爱轻户外及后海冲浪。,名下持有一套旧两居，置换回款 65% + 个人理财储蓄补充 + 公积金商业贷,重性价比，不盲信大牌，但要求物业管理有序、绿化修剪及时、人防技防规范。,每年11月至次年3月到此度过漫长冬季，极其依赖周边的康养及适老化服务。
三_2011_02462,三亚,2011,本地改善,47,男,2.7,17.5,0.35,37.4,4,1,是,B,agent,0.7,0.56,0.67,0.51,0.34,0.82,0.51,0.79,0.34,自住-改善,两室一厅,86,3538,区级税务局一级主办,三口之家(学龄段),三亚中环品质两居，车位及空间极其拥挤,小区无地下车库且人车不分流，小孩在楼下玩耍或者推婴儿车极为不安全。,讲究超高得房率（超85%），主卧套房必须配备独立步入式衣帽间与干湿分离双卫。,无需日常通勤，但要求30分钟内快捷通达凤凰机场或高铁站。,崇尚度假慢生活，清晨沙滩漫步，午后椰林下午茶，酷爱轻户外及后海冲浪。,名下持有一套旧两居，置换回款 65% + 个人理财储蓄补充 + 公积金商业贷,重性价比，不盲信大牌，但要求物业管理有序、绿化修剪及时、人防技防规范。,本地常住人口，四季生活规律，度假频次为常规年假出行。
三_2011_02463,三亚,2011,外地候鸟-东北,72,男,2.2,14.5,0.5,21.8,1,0,否,C,network,0.15,0.51,1,0.78,0.48,0.41,0.07,0.1,0.48,养老,两室一厅,74,2153,哈尔滨高校退休处长,高知退休康养,与父母同住，三代人拥挤在旧区小户型老房中,老小区隔音差，邻里滋扰严重，且车位严重匮乏，每晚加班回来抢车位像打仗。,要求独立电梯入户，主次卧动线分明，配备独立保姆房和私密后院。,无需日常通勤，但要求30分钟内快捷通达凤凰机场或高铁站。,崇尚度假慢生活，清晨沙滩漫步，午后椰林下午茶，酷爱轻户外及后海冲浪。,名下持有一套旧两居，置换回款 65% + 个人理财储蓄补充 + 公积金商业贷,重性价比，不盲信大牌，但要求物业管理有序、绿化修剪及时、人防技防规范。,每年11月至次年3月到此度过漫长冬季，极其依赖周边的康养及适老化服务。
三_2011_02464,三亚,2011,本地改善,47,女,2.4,15.7,0.35,33.6,5,1,是,B,agent,0.78,0.67,0.62,0.42,0.35,0.71,0.55,0.71,0.49,自住-改善,一室一厅,98,2285,区级税务局一级主办,三口之家(学龄段),三亚中环品质两居，车位及空间极其拥挤,小区无地下车库且人车不分流，小孩在楼下玩耍或者推婴儿车极为不安全。,讲究超高得房率（超85%），主卧套房必须配备独立步入式衣帽间与干湿分离双卫。,无需日常通勤，但要求30分钟内快捷通达凤凰机场或高铁站。,崇尚度假慢生活，清晨沙滩漫步，午后椰林下午茶，酷爱轻户外及后海冲浪。,名下持有一套旧两居，置换回款 65% + 个人理财储蓄补充 + 公积金商业贷,重性价比，不盲信大牌，但要求物业管理有序、绿化修剪及时、人防技防规范。,本地常住人口，四季生活规律，度假频次为常规年假出行。
三_2011_02465,三亚,2011,高净值康养,67,女,43.3,615.8,0.6,769.8,2,0,否,A,network,0.64,0.16,0.95,0.92,0.77,0.41,0.11,0,0.86,养老,复式,199,22698,知名中医药连锁投资人,高知退休康养,市中心私密洋房住宅,无高端私密会所及管家式物业配套，圈层鱼龙混杂，高净值居住体验差。,要求独立电梯入户，主次卧动线分明，配备独立保姆房和私密后院。,无需日常通勤，但要求30分钟内快捷通达凤凰机场或高铁站。,周末常去高端商圈消费，热衷打网球和马术，重度手冲咖啡及黑胶唱片发烧友。,名下已有企业股权套现或分红现金，一次性全款付清，基本不加杠杆,非仁恒、绿城、万科等金牌开发商不买，极度看重高端精装质量与顶级物业的增值口碑。,本地常住人口，四季生活规律，度假频次为常规年假出行。
三_2011_02466,三亚,2011,度假投资,42,男,5.8,63.0,0.4,118.1,2,1,否,A,research,0.88,0.49,0.83,0.57,0.45,0.64,0.03,0,0.72,投资-长持,两室两厅,78,8898,上市公司退休联合创始人,三口之家(学龄段),西湖边高精平层,无高端私密会所及管家式物业配套，圈层鱼龙混杂，高净值居住体验差。,要求有超大面宽南向双阳台（观景家政分离），主卧大飘窗能270度直面自然景观。,无需日常通勤，但要求30分钟内快捷通达凤凰机场或高铁站。,周末常去高端商圈消费，热衷打网球和马术，重度手冲咖啡及黑胶唱片发烧友。,名下已有企业股权套现或分红现金，一次性全款付清，基本不加杠杆,非仁恒、绿城、万科等金牌开发商不买，极度看重高端精装质量与顶级物业的增值口碑。,每年11月至次年3月到此度过漫长冬季，极其依赖周边的康养及适老化服务。
三_2011_02467,三亚,2011,外地候鸟-华北,73,女,1.9,15.7,0.5,23.5,1,0,否,B,network,0.8,0.71,0.87,0.7,0.66,0.62,0.03,0,0.41,度假,两室一厅,60,2233,高校资深硕导,高知退休康养,三亚中环品质两居，车位及空间极其拥挤,老小区隔音差，邻里滋扰严重，且车位严重匮乏，每晚加班回来抢车位像打仗。,要求有超大面宽南向双阳台（观景家政分离），主卧大飘窗能270度直面自然景观。,无需日常通勤，但要求30分钟内快捷通达凤凰机场或高铁站。,崇尚度假慢生活，清晨沙滩漫步，午后椰林下午茶，酷爱轻户外及后海冲浪。,名下持有一套旧两居，置换回款 65% + 个人理财储蓄补充 + 公积金商业贷,重性价比，不盲信大牌，但要求物业管理有序、绿化修剪及时、人防技防规范。,每年11月至次年3月到此度过漫长冬季，极其依赖周边的康养及适老化服务。
三_2011_02468,三亚,2011,本地改善,35,女,1.8,10.3,0.35,22.1,5,1,是,B,agent,0.72,0.59,0.54,0.46,0.3,0.8,0.5,0.61,0.52,自住-改善,两室两厅,62,2670,区级税务局一级主办,三口之家(幼龄段),三亚中环品质两居，车位及空间极其拥挤,小区无地下车库且人车不分流，小孩在楼下玩耍或者推婴儿车极为不安全。,讲究超高得房率（超85%），主卧套房必须配备独立步入式衣帽间与干湿分离双卫。,无需日常通勤，但要求30分钟内快捷通达凤凰机场或高铁站。,崇尚度假慢生活，清晨沙滩漫步，午后椰林下午茶，酷爱轻户外及后海冲浪。,名下持有一套旧两居，置换回款 65% + 个人理财储蓄补充 + 公积金商业贷,重性价比，不盲信大牌，但要求物业管理有序、绿化修剪及时、人防技防规范。,本地常住人口，四季生活规律，度假频次为常规年假出行。
三_2011_02469,三亚,2011,外地候鸟-华北,73,男,2.5,16.8,0.5,25.2,1,1,否,B,network,0.77,0.48,1,0.68,0.75,0.55,0.2,0.14,0.66,度假,一室一厅,62,3197,央企总部退休总工,三口之家(学龄段),三亚中环品质两居，车位及空间极其拥挤,小区无地下车库且人车不分流，小孩在楼下玩耍或者推婴儿车极为不安全。,要求有超大面宽南向双阳台（观景家政分离），主卧大飘窗能270度直面自然景观。,无需日常通勤，但要求30分钟内快捷通达凤凰机场或高铁站。,崇尚度假慢生活，清晨沙滩漫步，午后椰林下午茶，酷爱轻户外及后海冲浪。,名下持有一套旧两居，置换回款 65% + 个人理财储蓄补充 + 公积金商业贷,重性价比，不盲信大牌，但要求物业管理有序、绿化修剪及时、人防技防规范。,每年11月至次年3月到此度过漫长冬季，极其依赖周边的康养及适老化服务。
三_2011_02470,三亚,2011,外地候鸟-华北,67,男,6.3,61.1,0.5,91.6,2,0,否,B,network,0.58,0.43,0.92,0.62,0.65,0.53,0.04,0,0.44,养老,两室两厅,80,8008,北京三甲医院退休教授,高知退休康养,三亚中环品质两居，车位及空间极其拥挤,老小区隔音差，邻里滋扰严重，且车位严重匮乏，每晚加班回来抢车位像打仗。,要求有超大面宽南向双阳台（观景家政分离），主卧大飘窗能270度直面自然景观。,无需日常通勤，但要求30分钟内快捷通达凤凰机场或高铁站。,崇尚度假慢生活，清晨沙滩漫步，午后椰林下午茶，酷爱轻户外及后海冲浪。,名下持有一套旧两居，置换回款 65% + 个人理财储蓄补充 + 公积金商业贷,重性价比，不盲信大牌，但要求物业管理有序、绿化修剪及时、人防技防规范。,每年11月至次年3月到此度过漫长冬季，极其依赖周边的康养及适老化服务。
三_2011_02471,三亚,2011,本地改善,41,男,3.1,20.6,0.35,44.1,4,1,否,B,agent,0.68,0.45,0.62,0.47,0.36,0.76,0.59,0.7,0.48,自住-改善,两室两厅,81,3606,智能新能源车企研发骨干,三口之家(学龄段),三亚中环品质两居，车位及空间极其拥挤,小区无地下车库且人车不分流，小孩在楼下玩耍或者推婴儿车极为不安全。,讲究超高得房率（超85%），主卧套房必须配备独立步入式衣帽间与干湿分离双卫。,无需日常通勤，但要求30分钟内快捷通达凤凰机场或高铁站。,崇尚度假慢生活，清晨沙滩漫步，午后椰林下午茶，酷爱轻户外及后海冲浪。,名下持有一套旧两居，置换回款 65% + 个人理财储蓄补充 + 公积金商业贷,重性价比，不盲信大牌，但要求物业管理有序、绿化修剪及时、人防技防规范。,本地常住人口，四季生活规律，度假频次为常规年假出行。
三_2011_02472,三亚,2011,高净值康养,59,女,36.2,372.0,0.6,465.1,3,1,是,A,network,0.61,0.33,0.92,0.87,0.83,0.68,0.02,0,0.93,养老,四室两厅,149,26495,知名中医药连锁投资人,三口之家(学龄段),陆家嘴核心区江景大平层,当前房屋属于旧多层无电梯房，父母年纪渐高每天爬楼梯极为吃力。,要求独立电梯入户，主次卧动线分明，配备独立保姆房和私密后院。,无需日常通勤，但要求30分钟内快捷通达凤凰机场或高铁站。,周末常去高端商圈消费，热衷打网球和马术，重度手冲咖啡及黑胶唱片发烧友。,名下已有企业股权套现或分红现金，一次性全款付清，基本不加杠杆,非仁恒、绿城、万科等金牌开发商不买，极度看重高端精装质量与顶级物业的增值口碑。,本地常住人口，四季生活规律，度假频次为常规年假出行。
三_2011_02473,三亚,2011,本地改善,33,女,2.8,15.9,0.35,34.2,5,1,是,B,agent,0.51,0.51,0.64,0.6,0.37,0.98,0.52,0.64,0.41,自住-改善,两室两厅,51,4995,三甲医院主治医师,三口之家(幼龄段),三亚中环品质两居，车位及空间极其拥挤,小区无地下车库且人车不分流，小孩在楼下玩耍或者推婴儿车极为不安全。,讲究超高得房率（超85%），主卧套房必须配备独立步入式衣帽间与干湿分离双卫。,无需日常通勤，但要求30分钟内快捷通达凤凰机场或高铁站。,崇尚度假慢生活，清晨沙滩漫步，午后椰林下午茶，酷爱轻户外及后海冲浪。,名下持有一套旧两居，置换回款 65% + 个人理财储蓄补充 + 公积金商业贷,重性价比，不盲信大牌，但要求物业管理有序、绿化修剪及时、人防技防规范。,本地常住人口，四季生活规律，度假频次为常规年假出行。
三_2011_02474,三亚,2011,本地改善,44,女,2.1,9.1,0.35,19.4,4,1,是,B,agent,0.49,0.64,0.49,0.42,0.34,0.66,0.36,0.83,0.4,自住-改善,两室两厅,81,1497,智能新能源车企研发骨干,三口之家(学龄段),三亚中环品质两居，车位及空间极其拥挤,小区无地下车库且人车不分流，小孩在楼下玩耍或者推婴儿车极为不安全。,核心要求地块属于第一梯队名校学区，且周边500米内解决幼小衔接教育配套。,无需日常通勤，但要求30分钟内快捷通达凤凰机场或高铁站。,崇尚度假慢生活，清晨沙滩漫步，午后椰林下午茶，酷爱轻户外及后海冲浪。,名下持有一套旧两居，置换回款 65% + 个人理财储蓄补充 + 公积金商业贷,重性价比，不盲信大牌，但要求物业管理有序、绿化修剪及时、人防技防规范。,本地常住人口，四季生活规律，度假频次为常规年假出行。
三_2011_02475,三亚,2011,度假投资,50,女,9.7,102.9,0.4,192.9,3,1,否,A,research,0.91,0.53,0.79,0.55,0.51,0.41,0.03,0,0.74,投资-短期,两室两厅,113,14540,知名中医药连锁投资人,三口之家(学龄段),西湖边高精平层,无高端私密会所及管家式物业配套，圈层鱼龙混杂，高净值居住体验差。,要求有超大面宽南向双阳台（观景家政分离），主卧大飘窗能270度直面自然景观。,无需日常通勤，但要求30分钟内快捷通达凤凰机场或高铁站。,周末常去高端商圈消费，热衷打网球和马术，重度手冲咖啡及黑胶唱片发烧友。,名下已有企业股权套现或分红现金，一次性全款付清，基本不加杠杆,非仁恒、绿城、万科等金牌开发商不买，极度看重高端精装质量与顶级物业的增值口碑。,每年11月至次年3月到此度过漫长冬季，极其依赖周边的康养及适老化服务。
三_2011_02476,三亚,2011,本地改善,32,男,2.7,17.2,0.35,36.8,5,0,否,B,agent,0.87,0.52,0.69,0.45,0.53,0.71,0.44,0.8,0.36,自住-改善,两室一厅,52,4256,国企中层管理,新婚过渡两居,三亚中环品质两居，车位及空间极其拥挤,老小区隔音差，邻里滋扰严重，且车位严重匮乏，每晚加班回来抢车位像打仗。,讲究超高得房率（超85%），主卧套房必须配备独立步入式衣帽间与干湿分离双卫。,无需日常通勤，但要求30分钟内快捷通达凤凰机场或高铁站。,崇尚度假慢生活，清晨沙滩漫步，午后椰林下午茶，酷爱轻户外及后海冲浪。,名下持有一套旧两居，置换回款 65% + 个人理财储蓄补充 + 公积金商业贷,重性价比，不盲信大牌，但要求物业管理有序、绿化修剪及时、人防技防规范。,本地常住人口，四季生活规律，度假频次为常规年假出行。
三_2011_02477,三亚,2011,外地候鸟-华北,64,女,1.8,13.4,0.5,20.1,2,0,否,B,network,0.81,0.66,0.97,0.72,0.54,0.5,0,0.01,0.57,养老,两室两厅,51,2736,央企总部退休总工,高知退休康养,三亚中环品质两居，车位及空间极其拥挤,老小区隔音差，邻里滋扰严重，且车位严重匮乏，每晚加班回来抢车位像打仗。,要求独立电梯入户，主次卧动线分明，配备独立保姆房和私密后院。,无需日常通勤，但要求30分钟内快捷通达凤凰机场或高铁站。,崇尚度假慢生活，清晨沙滩漫步，午后椰林下午茶，酷爱轻户外及后海冲浪。,名下持有一套旧两居，置换回款 65% + 个人理财储蓄补充 + 公积金商业贷,重性价比，不盲信大牌，但要求物业管理有序、绿化修剪及时、人防技防规范。,每年11月至次年3月到此度过漫长冬季，极其依赖周边的康养及适老化服务。
三_2011_02478,三亚,2011,外地候鸟-东北,77,女,3.9,24.9,0.5,37.4,2,1,否,C,network,0.17,0.59,1,0.85,0.63,0.48,0,0.01,0.59,养老,一室一厅,53,4421,沈阳大型重工企业退休副厂长,三口之家(学龄段),与父母同住，三代人拥挤在旧区小户型老房中,小区无地下车库且人车不分流，小孩在楼下玩耍或者推婴儿车极为不安全。,要求独立电梯入户，主次卧动线分明，配备独立保姆房和私密后院。,无需日常通勤，但要求30分钟内快捷通达凤凰机场或高铁站。,崇尚度假慢生活，清晨沙滩漫步，午后椰林下午茶，酷爱轻户外及后海冲浪。,名下持有一套旧两居，置换回款 65% + 个人理财储蓄补充 + 公积金商业贷,重性价比，不盲信大牌，但要求物业管理有序、绿化修剪及时、人防技防规范。,每年11月至次年3月到此度过漫长冬季，极其依赖周边的康养及适老化服务。
三_2011_02479,三亚,2011,外地候鸟-东北,72,女,2.3,20.2,0.5,30.3,1,0,否,C,network,0.56,0.67,0.82,0.55,0.55,0.6,0,0.06,0.5,养老,一室一厅,75,3325,哈尔滨私营物流老板,高知退休康养,与父母同住，三代人拥挤在旧区小户型老房中,老小区隔音差，邻里滋扰严重，且车位严重匮乏，每晚加班回来抢车位像打仗。,要求有超大面宽南向双阳台（观景家政分离），主卧大飘窗能270度直面自然景观。,无需日常通勤，但要求30分钟内快捷通达凤凰机场或高铁站。,崇尚度假慢生活，清晨沙滩漫步，午后椰林下午茶，酷爱轻户外及后海冲浪。,名下持有一套旧两居，置换回款 65% + 个人理财储蓄补充 + 公积金商业贷,重性价比，不盲信大牌，但要求物业管理有序、绿化修剪及时、人防技防规范。,每年11月至次年3月到此度过漫长冬季，极其依赖周边的康养及适老化服务。
三_2011_02480,三亚,2011,外地候鸟-西北,56,女,2.2,18.5,0.5,27.7,1,0,否,C,network,0.53,0.62,1,0.69,0.46,0.47,0.1,0.05,0.66,度假,两室一厅,80,2454,西安设计院退休总建筑师,高知退休康养,与父母同住，三代人拥挤在旧区小户型老房中,老小区隔音差，邻里滋扰严重，且车位严重匮乏，每晚加班回来抢车位像打仗。,要求有超大面宽南向双阳台（观景家政分离），主卧大飘窗能270度直面自然景观。,无需日常通勤，但要求30分钟内快捷通达凤凰机场或高铁站。,崇尚度假慢生活，清晨沙滩漫步，午后椰林下午茶，酷爱轻户外及后海冲浪。,名下持有一套旧两居，置换回款 65% + 个人理财储蓄补充 + 公积金商业贷,重性价比，不盲信大牌，但要求物业管理有序、绿化修剪及时、人防技防规范。,每年11月至次年3月到此度过漫长冬季，极其依赖周边的康养及适老化服务。
三_2011_02481,三亚,2011,本地改善,43,女,3.9,24.9,0.35,53.3,4,0,是,B,agent,0.74,0.48,0.63,0.51,0.42,0.74,0.49,0.62,0.44,自住-改善,两室两厅,98,3293,三甲医院主治医师,成熟期核心家庭,三亚中环品质两居，车位及空间极其拥挤,当前房屋属于旧多层无电梯房，父母年纪渐高每天爬楼梯极为吃力。,讲究超高得房率（超85%），主卧套房必须配备独立步入式衣帽间与干湿分离双卫。,无需日常通勤，但要求30分钟内快捷通达凤凰机场或高铁站。,崇尚度假慢生活，清晨沙滩漫步，午后椰林下午茶，酷爱轻户外及后海冲浪。,名下持有一套旧两居，置换回款 65% + 个人理财储蓄补充 + 公积金商业贷,重性价比，不盲信大牌，但要求物业管理有序、绿化修剪及时、人防技防规范。,本地常住人口，四季生活规律，度假频次为常规年假出行。
三_2011_02482,三亚,2011,本地改善,49,男,1.7,10.2,0.35,21.8,5,1,是,B,agent,0.84,0.5,0.81,0.32,0.46,0.69,0.43,0.68,0.48,自住-改善,两室两厅,74,1521,智能新能源车企研发骨干,三口之家(学龄段),三亚中环品质两居，车位及空间极其拥挤,小区无地下车库且人车不分流，小孩在楼下玩耍或者推婴儿车极为不安全。,要求有超大面宽南向双阳台（观景家政分离），主卧大飘窗能270度直面自然景观。,无需日常通勤，但要求30分钟内快捷通达凤凰机场或高铁站。,崇尚度假慢生活，清晨沙滩漫步，午后椰林下午茶，酷爱轻户外及后海冲浪。,名下持有一套旧两居，置换回款 65% + 个人理财储蓄补充 + 公积金商业贷,重性价比，不盲信大牌，但要求物业管理有序、绿化修剪及时、人防技防规范。,本地常住人口，四季生活规律，度假频次为常规年假出行。
三_2011_02483,三亚,2011,本地改善,30,女,1.6,7.7,0.35,16.5,3,1,是,B,agent,1,0.62,0.56,0.35,0.4,0.71,0.48,0.74,0.49,自住-改善,两室一厅,57,2200,三甲医院主治医师,三口之家(幼龄段),三亚中环品质两居，车位及空间极其拥挤,小区无地下车库且人车不分流，小孩在楼下玩耍或者推婴儿车极为不安全。,讲究超高得房率（超85%），主卧套房必须配备独立步入式衣帽间与干湿分离双卫。,无需日常通勤，但要求30分钟内快捷通达凤凰机场或高铁站。,崇尚度假慢生活，清晨沙滩漫步，午后椰林下午茶，酷爱轻户外及后海冲浪。,名下持有一套旧两居，置换回款 65% + 个人理财储蓄补充 + 公积金商业贷,重性价比，不盲信大牌，但要求物业管理有序、绿化修剪及时、人防技防规范。,本地常住人口，四季生活规律，度假频次为常规年假出行。
三_2011_02484,三亚,2011,外地候鸟-华北,63,女,3.3,33.4,0.5,50.1,2,0,否,B,network,0.63,0.43,1,0.76,0.64,0.53,0.04,0.09,0.57,养老,一室一厅,65,6417,高校资深硕导,高知退休康养,三亚中环品质两居，车位及空间极其拥挤,老小区隔音差，邻里滋扰严重，且车位严重匮乏，每晚加班回来抢车位像打仗。,要求独立电梯入户，主次卧动线分明，配备独立保姆房和私密后院。,无需日常通勤，但要求30分钟内快捷通达凤凰机场或高铁站。,崇尚度假慢生活，清晨沙滩漫步，午后椰林下午茶，酷爱轻户外及后海冲浪。,名下持有一套旧两居，置换回款 65% + 个人理财储蓄补充 + 公积金商业贷,重性价比，不盲信大牌，但要求物业管理有序、绿化修剪及时、人防技防规范。,每年11月至次年3月到此度过漫长冬季，极其依赖周边的康养及适老化服务。
三_2011_02485,三亚,2011,外地候鸟-华北,57,男,1.5,10.9,0.5,16.4,3,0,否,B,network,0.7,0.72,0.92,0.67,0.59,0.51,0,0,0.54,度假,两室两厅,83,1574,高校资深硕导,高知退休康养,三亚中环品质两居，车位及空间极其拥挤,老小区隔音差，邻里滋扰严重，且车位严重匮乏，每晚加班回来抢车位像打仗。,要求有超大面宽南向双阳台（观景家政分离），主卧大飘窗能270度直面自然景观。,无需日常通勤，但要求30分钟内快捷通达凤凰机场或高铁站。,崇尚度假慢生活，清晨沙滩漫步，午后椰林下午茶，酷爱轻户外及后海冲浪。,名下持有一套旧两居，置换回款 65% + 个人理财储蓄补充 + 公积金商业贷,重性价比，不盲信大牌，但要求物业管理有序、绿化修剪及时、人防技防规范。,每年11月至次年3月到此度过漫长冬季，极其依赖周边的康养及适老化服务。
三_2011_02486,三亚,2011,外地候鸟-东北,65,男,4.0,35.1,0.5,52.7,2,0,否,C,network,0.24,0.48,1,0.71,0.52,0.52,0.01,0.1,0.52,养老,两室一厅,51,6402,沈阳大型重工企业退休副厂长,高知退休康养,与父母同住，三代人拥挤在旧区小户型老房中,老小区隔音差，邻里滋扰严重，且车位严重匮乏，每晚加班回来抢车位像打仗。,要求独立电梯入户，主次卧动线分明，配备独立保姆房和私密后院。,无需日常通勤，但要求30分钟内快捷通达凤凰机场或高铁站。,崇尚度假慢生活，清晨沙滩漫步，午后椰林下午茶，酷爱轻户外及后海冲浪。,名下持有一套旧两居，置换回款 65% + 个人理财储蓄补充 + 公积金商业贷,重性价比，不盲信大牌，但要求物业管理有序、绿化修剪及时、人防技防规范。,每年11月至次年3月到此度过漫长冬季，极其依赖周边的康养及适老化服务。
三_2011_02487,三亚,2011,度假投资,50,女,11.1,83.7,0.4,156.9,2,1,否,A,research,0.82,0.34,0.85,0.63,0.71,0.49,0,0,0.78,投资-长持,三室一厅,134,8115,高端海景资产收藏家,三口之家(学龄段),陆家嘴核心区江景大平层,无高端私密会所及管家式物业配套，圈层鱼龙混杂，高净值居住体验差。,要求有超大面宽南向双阳台（观景家政分离），主卧大飘窗能270度直面自然景观。,无需日常通勤，但要求30分钟内快捷通达凤凰机场或高铁站。,周末常去高端商圈消费，热衷打网球和马术，重度手冲咖啡及黑胶唱片发烧友。,名下已有企业股权套现或分红现金，一次性全款付清，基本不加杠杆,非仁恒、绿城、万科等金牌开发商不买，极度看重高端精装质量与顶级物业的增值口碑。,每年11月至次年3月到此度过漫长冬季，极其依赖周边的康养及适老化服务。
三_2011_02488,三亚,2011,度假投资,36,女,4.2,40.7,0.4,76.4,2,1,是,A,research,0.91,0.33,0.91,0.71,0.58,0.57,0,0.06,0.88,投资-短期,两室一厅,84,7800,知名中医药连锁投资人,三口之家(幼龄段),市中心私密洋房住宅,当前房屋属于旧多层无电梯房，父母年纪渐高每天爬楼梯极为吃力。,要求独立电梯入户，主次卧动线分明，配备独立保姆房和私密后院。,无需日常通勤，但要求30分钟内快捷通达凤凰机场或高铁站。,周末常去高端商圈消费，热衷打网球和马术，重度手冲咖啡及黑胶唱片发烧友。,名下已有企业股权套现或分红现金，一次性全款付清，基本不加杠杆,非仁恒、绿城、万科等金牌开发商不买，极度看重高端精装质量与顶级物业的增值口碑。,每年11月至次年3月到此度过漫长冬季，极其依赖周边的康养及适老化服务。
三_2011_02489,三亚,2011,外地候鸟-东北,68,男,2.1,18.3,0.5,27.4,3,0,否,C,network,0.36,0.62,0.97,0.69,0.42,0.33,0,0,0.61,养老,一室一厅,92,2377,沈阳大型重工企业退休副厂长,高知退休康养,与父母同住，三代人拥挤在旧区小户型老房中,老小区隔音差，邻里滋扰严重，且车位严重匮乏，每晚加班回来抢车位像打仗。,要求有超大面宽南向双阳台（观景家政分离），主卧大飘窗能270度直面自然景观。,无需日常通勤，但要求30分钟内快捷通达凤凰机场或高铁站。,崇尚度假慢生活，清晨沙滩漫步，午后椰林下午茶，酷爱轻户外及后海冲浪。,名下持有一套旧两居，置换回款 65% + 个人理财储蓄补充 + 公积金商业贷,重性价比，不盲信大牌，但要求物业管理有序、绿化修剪及时、人防技防规范。,每年11月至次年3月到此度过漫长冬季，极其依赖周边的康养及适老化服务。
三_2011_02490,三亚,2011,外地候鸟-华北,55,女,4.5,32.4,0.5,48.6,2,0,否,B,network,0.37,0.59,0.95,0.69,0.71,0.39,0,0,0.73,度假,两室一厅,72,4948,高校资深硕导,高知退休康养,三亚中环品质两居，车位及空间极其拥挤,老小区隔音差，邻里滋扰严重，且车位严重匮乏，每晚加班回来抢车位像打仗。,要求有超大面宽南向双阳台（观景家政分离），主卧大飘窗能270度直面自然景观。,无需日常通勤，但要求30分钟内快捷通达凤凰机场或高铁站。,崇尚度假慢生活，清晨沙滩漫步，午后椰林下午茶，酷爱轻户外及后海冲浪。,名下持有一套旧两居，置换回款 65% + 个人理财储蓄补充 + 公积金商业贷,非仁恒、绿城、万科等金牌开发商不买，极度看重高端精装质量与顶级物业的增值口碑。,每年11月至次年3月到此度过漫长冬季，极其依赖周边的康养及适老化服务。
三_2011_02491,三亚,2011,度假投资,35,男,1.5,16.8,0.4,31.4,3,1,是,A,research,0.83,0.33,0.68,0.46,0.6,0.33,0.04,0.11,0.79,投资-短期,一室一厅,74,2160,知名中医药连锁投资人,三口之家(幼龄段),西湖边高精平层,当前房屋属于旧多层无电梯房，父母年纪渐高每天爬楼梯极为吃力。,要求采光通透，全明户型，带多功能嵌入式收纳墙以最大化空间利用。,无需日常通勤，但要求30分钟内快捷通达凤凰机场或高铁站。,周末常去高端商圈消费，热衷打网球和马术，重度手冲咖啡及黑胶唱片发烧友。,名下已有企业股权套现或分红现金，一次性全款付清，基本不加杠杆,非仁恒、绿城、万科等金牌开发商不买，极度看重高端精装质量与顶级物业的增值口碑。,每年11月至次年3月到此度过漫长冬季，极其依赖周边的康养及适老化服务。
三_2011_02492,三亚,2011,外地候鸟-东北,73,男,2.1,15.3,0.5,22.9,2,0,是,C,network,0.22,0.66,0.9,0.66,0.37,0.5,0.14,0,0.54,养老,两室一厅,89,1748,哈尔滨私营物流老板,高知退休康养,与父母同住，三代人拥挤在旧区小户型老房中,当前房屋属于旧多层无电梯房，父母年纪渐高每天爬楼梯极为吃力。,要求有超大面宽南向双阳台（观景家政分离），主卧大飘窗能270度直面自然景观。,无需日常通勤，但要求30分钟内快捷通达凤凰机场或高铁站。,崇尚度假慢生活，清晨沙滩漫步，午后椰林下午茶，酷爱轻户外及后海冲浪。,名下持有一套旧两居，置换回款 65% + 个人理财储蓄补充 + 公积金商业贷,重性价比，不盲信大牌，但要求物业管理有序、绿化修剪及时、人防技防规范。,每年11月至次年3月到此度过漫长冬季，极其依赖周边的康养及适老化服务。
三_2011_02493,三亚,2011,外地候鸟-东北,58,男,1.5,11.6,0.5,17.4,2,0,否,C,network,0.23,0.58,1,0.71,0.56,0.4,0,0,0.53,养老,两室一厅,75,1754,哈尔滨私营物流老板,高知退休康养,与父母同住，三代人拥挤在旧区小户型老房中,老小区隔音差，邻里滋扰严重，且车位严重匮乏，每晚加班回来抢车位像打仗。,要求独立电梯入户，主次卧动线分明，配备独立保姆房和私密后院。,无需日常通勤，但要求30分钟内快捷通达凤凰机场或高铁站。,崇尚度假慢生活，清晨沙滩漫步，午后椰林下午茶，酷爱轻户外及后海冲浪。,名下持有一套旧两居，置换回款 65% + 个人理财储蓄补充 + 公积金商业贷,重性价比，不盲信大牌，但要求物业管理有序、绿化修剪及时、人防技防规范。,每年11月至次年3月到此度过漫长冬季，极其依赖周边的康养及适老化服务。
三_2011_02494,三亚,2011,度假投资,48,女,12.3,138.1,0.4,258.9,2,1,否,A,research,0.75,0.4,0.87,0.81,0.53,0.55,0,0.02,0.58,投资-短期,三室两厅,103,17879,上市公司退休联合创始人,三口之家(学龄段),西湖边高精平层,无高端私密会所及管家式物业配套，圈层鱼龙混杂，高净值居住体验差。,要求独立电梯入户，主次卧动线分明，配备独立保姆房和私密后院。,无需日常通勤，但要求30分钟内快捷通达凤凰机场或高铁站。,周末常去高端商圈消费，热衷打网球和马术，重度手冲咖啡及黑胶唱片发烧友。,名下已有企业股权套现或分红现金，一次性全款付清，基本不加杠杆,重性价比，不盲信大牌，但要求物业管理有序、绿化修剪及时、人防技防规范。,每年11月至次年3月到此度过漫长冬季，极其依赖周边的康养及适老化服务。
三_2011_02495,三亚,2011,高净值康养,60,女,29.7,322.0,0.6,402.4,3,0,否,A,network,0.66,0.42,0.72,0.97,0.82,0.65,0,0,0.73,养老,三室两厅,155,13197,上市公司退休联合创始人,高知退休康养,市中心私密洋房住宅,无高端私密会所及管家式物业配套，圈层鱼龙混杂，高净值居住体验差。,要求独立电梯入户，主次卧动线分明，配备独立保姆房和私密后院。,无需日常通勤，但要求30分钟内快捷通达凤凰机场或高铁站。,周末常去高端商圈消费，热衷打网球和马术，重度手冲咖啡及黑胶唱片发烧友。,名下已有企业股权套现或分红现金，一次性全款付清，基本不加杠杆,非仁恒、绿城、万科等金牌开发商不买，极度看重高端精装质量与顶级物业的增值口碑。,本地常住人口，四季生活规律，度假频次为常规年假出行。
三_2011_02496,三亚,2011,度假投资,54,女,6.4,78.5,0.4,147.2,3,1,否,A,research,0.72,0.44,0.93,0.56,0.61,0.5,0.04,0,0.78,投资-短期,两室两厅,93,8650,知名中医药连锁投资人,三口之家(学龄段),西湖边高精平层,无高端私密会所及管家式物业配套，圈层鱼龙混杂，高净值居住体验差。,要求有超大面宽南向双阳台（观景家政分离），主卧大飘窗能270度直面自然景观。,无需日常通勤，但要求30分钟内快捷通达凤凰机场或高铁站。,周末常去高端商圈消费，热衷打网球和马术，重度手冲咖啡及黑胶唱片发烧友。,名下已有企业股权套现或分红现金，一次性全款付清，基本不加杠杆,非仁恒、绿城、万科等金牌开发商不买，极度看重高端精装质量与顶级物业的增值口碑。,每年11月至次年3月到此度过漫长冬季，极其依赖周边的康养及适老化服务。
三_2011_02497,三亚,2011,外地候鸟-西北,64,女,1.9,13.9,0.5,20.8,2,0,否,C,network,0.48,0.52,0.81,0.69,0.58,0.65,0.16,0,0.51,养老,两室两厅,87,1617,兰州煤炭物流运输企业主,高知退休康养,与父母同住，三代人拥挤在旧区小户型老房中,老小区隔音差，邻里滋扰严重，且车位严重匮乏，每晚加班回来抢车位像打仗。,要求有超大面宽南向双阳台（观景家政分离），主卧大飘窗能270度直面自然景观。,无需日常通勤，但要求30分钟内快捷通达凤凰机场或高铁站。,崇尚度假慢生活，清晨沙滩漫步，午后椰林下午茶，酷爱轻户外及后海冲浪。,名下持有一套旧两居，置换回款 65% + 个人理财储蓄补充 + 公积金商业贷,重性价比，不盲信大牌，但要求物业管理有序、绿化修剪及时、人防技防规范。,每年11月至次年3月到此度过漫长冬季，极其依赖周边的康养及适老化服务。
三_2011_02498,三亚,2011,本地改善,38,女,1.5,6.5,0.35,13.9,5,0,否,B,agent,0.75,0.45,0.56,0.35,0.46,0.9,0.45,0.75,0.49,自住-改善,两室两厅,63,1588,国企中层管理,成熟期核心家庭,三亚中环品质两居，车位及空间极其拥挤,老小区隔音差，邻里滋扰严重，且车位严重匮乏，每晚加班回来抢车位像打仗。,讲究超高得房率（超85%），主卧套房必须配备独立步入式衣帽间与干湿分离双卫。,无需日常通勤，但要求30分钟内快捷通达凤凰机场或高铁站。,崇尚度假慢生活，清晨沙滩漫步，午后椰林下午茶，酷爱轻户外及后海冲浪。,名下持有一套旧两居，置换回款 65% + 个人理财储蓄补充 + 公积金商业贷,重性价比，不盲信大牌，但要求物业管理有序、绿化修剪及时、人防技防规范。,本地常住人口，四季生活规律，度假频次为常规年假出行。
三_2011_02499,三亚,2011,度假投资,46,男,7.0,85.9,0.4,161.0,2,2,否,A,research,0.83,0.44,0.85,0.54,0.6,0.65,0,0.11,0.77,度假,两室两厅,112,10642,知名中医药连锁投资人,二胎黄金期中大户型,陆家嘴核心区江景大平层,无高端私密会所及管家式物业配套，圈层鱼龙混杂，高净值居住体验差。,要求有超大面宽南向双阳台（观景家政分离），主卧大飘窗能270度直面自然景观。,无需日常通勤，但要求30分钟内快捷通达凤凰机场或高铁站。,周末常去高端商圈消费，热衷打网球和马术，重度手冲咖啡及黑胶唱片发烧友。,名下已有企业股权套现或分红现金，一次性全款付清，基本不加杠杆,非仁恒、绿城、万科等金牌开发商不买，极度看重高端精装质量与顶级物业的增值口碑。,每年11月至次年3月到此度过漫长冬季，极其依赖周边的康养及适老化服务。
三_2011_02500,三亚,2011,本地改善,46,男,2.1,12.0,0.35,25.8,4,0,是,B,agent,0.66,0.51,0.56,0.4,0.43,0.63,0.43,0.65,0.33,自住-改善,一室一厅,58,3099,智能新能源车企研发骨干,成熟期核心家庭,三亚中环品质两居，车位及空间极其拥挤,当前房屋属于旧多层无电梯房，父母年纪渐高每天爬楼梯极为吃力。,要求采光通透，全明户型，带多功能嵌入式收纳墙以最大化空间利用。,无需日常通勤，但要求30分钟内快捷通达凤凰机场或高铁站。,崇尚度假慢生活，清晨沙滩漫步，午后椰林下午茶，酷爱轻户外及后海冲浪。,名下持有一套旧两居，置换回款 65% + 个人理财储蓄补充 + 公积金商业贷,重性价比，不盲信大牌，但要求物业管理有序、绿化修剪及时、人防技防规范。,本地常住人口，四季生活规律，度假频次为常规年假出行。
三_2011_02501,三亚,2011,高净值康养,55,男,15.0,160.3,0.6,200.3,2,0,是,A,network,0.72,0.29,1,1,0.98,0.62,0,0,0.8,养老,两室两厅,136,13153,知名中医药连锁投资人,高知退休康养,陆家嘴核心区江景大平层,当前房屋属于旧多层无电梯房，父母年纪渐高每天爬楼梯极为吃力。,要求独立电梯入户，主次卧动线分明，配备独立保姆房和私密后院。,无需日常通勤，但要求30分钟内快捷通达凤凰机场或高铁站。,周末常去高端商圈消费，热衷打网球和马术，重度手冲咖啡及黑胶唱片发烧友。,名下已有企业股权套现或分红现金，一次性全款付清，基本不加杠杆,非仁恒、绿城、万科等金牌开发商不买，极度看重高端精装质量与顶级物业的增值口碑。,本地常住人口，四季生活规律，度假频次为常规年假出行。
三_2011_02502,三亚,2011,外地候鸟-华北,59,女,3.1,26.0,0.5,39.0,2,1,否,B,network,0.39,0.48,0.97,0.66,0.44,0.51,0.05,0,0.54,养老,两室两厅,68,3437,北京三甲医院退休教授,三口之家(学龄段),三亚中环品质两居，车位及空间极其拥挤,小区无地下车库且人车不分流，小孩在楼下玩耍或者推婴儿车极为不安全。,要求有超大面宽南向双阳台（观景家政分离），主卧大飘窗能270度直面自然景观。,无需日常通勤，但要求30分钟内快捷通达凤凰机场或高铁站。,崇尚度假慢生活，清晨沙滩漫步，午后椰林下午茶，酷爱轻户外及后海冲浪。,名下持有一套旧两居，置换回款 65% + 个人理财储蓄补充 + 公积金商业贷,重性价比，不盲信大牌，但要求物业管理有序、绿化修剪及时、人防技防规范。,每年11月至次年3月到此度过漫长冬季，极其依赖周边的康养及适老化服务。
三_2011_02503,三亚,2011,度假投资,55,男,9.2,99.9,0.4,187.4,4,1,否,A,research,0.75,0.27,0.94,0.67,0.51,0.54,0.05,0.11,0.7,度假,三室两厅,110,14426,高端海景资产收藏家,三口之家(学龄段),西湖边高精平层,无高端私密会所及管家式物业配套，圈层鱼龙混杂，高净值居住体验差。,要求有超大面宽南向双阳台（观景家政分离），主卧大飘窗能270度直面自然景观。,无需日常通勤，但要求30分钟内快捷通达凤凰机场或高铁站。,周末常去高端商圈消费，热衷打网球和马术，重度手冲咖啡及黑胶唱片发烧友。,名下已有企业股权套现或分红现金，一次性全款付清，基本不加杠杆,非仁恒、绿城、万科等金牌开发商不买，极度看重高端精装质量与顶级物业的增值口碑。,每年11月至次年3月到此度过漫长冬季，极其依赖周边的康养及适老化服务。
三_2011_02504,三亚,2011,度假投资,40,女,8.9,110.8,0.4,207.7,3,1,否,A,research,0.52,0.34,0.86,0.6,0.61,0.32,0.04,0.09,0.7,投资-短期,三室两厅,140,8041,上市公司退休联合创始人,三口之家(学龄段),市中心私密洋房住宅,无高端私密会所及管家式物业配套，圈层鱼龙混杂，高净值居住体验差。,要求有超大面宽南向双阳台（观景家政分离），主卧大飘窗能270度直面自然景观。,无需日常通勤，但要求30分钟内快捷通达凤凰机场或高铁站。,周末常去高端商圈消费，热衷打网球和马术，重度手冲咖啡及黑胶唱片发烧友。,名下已有企业股权套现或分红现金，一次性全款付清，基本不加杠杆,非仁恒、绿城、万科等金牌开发商不买，极度看重高端精装质量与顶级物业的增值口碑。,每年11月至次年3月到此度过漫长冬季，极其依赖周边的康养及适老化服务。
三_2011_02505,三亚,2011,本地改善,44,男,1.7,7.2,0.35,15.5,4,2,否,B,agent,0.62,0.36,0.67,0.48,0.36,0.91,0.56,0.7,0.39,自住-改善,两室两厅,92,1425,智能新能源车企研发骨干,二胎黄金期中大户型,三亚中环品质两居，车位及空间极其拥挤,小区无地下车库且人车不分流，小孩在楼下玩耍或者推婴儿车极为不安全。,讲究超高得房率（超85%），主卧套房必须配备独立步入式衣帽间与干湿分离双卫。,无需日常通勤，但要求30分钟内快捷通达凤凰机场或高铁站。,崇尚度假慢生活，清晨沙滩漫步，午后椰林下午茶，酷爱轻户外及后海冲浪。,名下持有一套旧两居，置换回款 65% + 个人理财储蓄补充 + 公积金商业贷,重性价比，不盲信大牌，但要求物业管理有序、绿化修剪及时、人防技防规范。,本地常住人口，四季生活规律，度假频次为常规年假出行。
三_2011_02506,三亚,2011,本地改善,30,女,2.3,11.3,0.35,24.2,5,1,否,B,agent,0.86,0.48,0.77,0.4,0.36,0.68,0.53,0.74,0.54,自住-改善,两室两厅,77,2435,三甲医院主治医师,三口之家(幼龄段),三亚中环品质两居，车位及空间极其拥挤,小区无地下车库且人车不分流，小孩在楼下玩耍或者推婴儿车极为不安全。,要求有超大面宽南向双阳台（观景家政分离），主卧大飘窗能270度直面自然景观。,无需日常通勤，但要求30分钟内快捷通达凤凰机场或高铁站。,崇尚度假慢生活，清晨沙滩漫步，午后椰林下午茶，酷爱轻户外及后海冲浪。,名下持有一套旧两居，置换回款 65% + 个人理财储蓄补充 + 公积金商业贷,重性价比，不盲信大牌，但要求物业管理有序、绿化修剪及时、人防技防规范。,本地常住人口，四季生活规律，度假频次为常规年假出行。
三_2011_02507,三亚,2011,本地改善,39,女,3.6,19.0,0.35,40.6,3,0,否,B,agent,0.97,0.73,0.44,0.48,0.44,0.76,0.52,0.69,0.5,自住-改善,两室两厅,72,4590,国企中层管理,成熟期核心家庭,三亚中环品质两居，车位及空间极其拥挤,老小区隔音差，邻里滋扰严重，且车位严重匮乏，每晚加班回来抢车位像打仗。,讲究超高得房率（超85%），主卧套房必须配备独立步入式衣帽间与干湿分离双卫。,无需日常通勤，但要求30分钟内快捷通达凤凰机场或高铁站。,崇尚度假慢生活，清晨沙滩漫步，午后椰林下午茶，酷爱轻户外及后海冲浪。,名下持有一套旧两居，置换回款 65% + 个人理财储蓄补充 + 公积金商业贷,重性价比，不盲信大牌，但要求物业管理有序、绿化修剪及时、人防技防规范。,本地常住人口，四季生活规律，度假频次为常规年假出行。
三_2011_02508,三亚,2011,外地候鸟-华北,56,女,2.3,17.4,0.5,26.1,2,0,否,B,network,0.49,0.5,1,0.62,0.56,0.45,0.11,0,0.55,养老,一室一厅,61,2719,高校资深硕导,高知退休康养,三亚中环品质两居，车位及空间极其拥挤,老小区隔音差，邻里滋扰严重，且车位严重匮乏，每晚加班回来抢车位像打仗。,要求有超大面宽南向双阳台（观景家政分离），主卧大飘窗能270度直面自然景观。,无需日常通勤，但要求30分钟内快捷通达凤凰机场或高铁站。,崇尚度假慢生活，清晨沙滩漫步，午后椰林下午茶，酷爱轻户外及后海冲浪。,名下持有一套旧两居，置换回款 65% + 个人理财储蓄补充 + 公积金商业贷,重性价比，不盲信大牌，但要求物业管理有序、绿化修剪及时、人防技防规范。,每年11月至次年3月到此度过漫长冬季，极其依赖周边的康养及适老化服务。
三_2011_02509,三亚,2011,度假投资,55,男,7.9,75.7,0.4,141.9,3,1,否,A,research,0.67,0.51,0.86,0.62,0.64,0.47,0,0,0.89,投资-短期,两室一厅,81,11992,上市公司退休联合创始人,三口之家(学龄段),西湖边高精平层,无高端私密会所及管家式物业配套，圈层鱼龙混杂，高净值居住体验差。,要求有超大面宽南向双阳台（观景家政分离），主卧大飘窗能270度直面自然景观。,无需日常通勤，但要求30分钟内快捷通达凤凰机场或高铁站。,周末常去高端商圈消费，热衷打网球和马术，重度手冲咖啡及黑胶唱片发烧友。,名下已有企业股权套现或分红现金，一次性全款付清，基本不加杠杆,非仁恒、绿城、万科等金牌开发商不买，极度看重高端精装质量与顶级物业的增值口碑。,每年11月至次年3月到此度过漫长冬季，极其依赖周边的康养及适老化服务。
三_2011_02510,三亚,2011,本地改善,33,女,2.9,18.1,0.35,38.9,4,0,是,B,agent,0.88,0.62,0.67,0.56,0.4,0.68,0.51,0.73,0.32,自住-改善,两室两厅,84,3467,国企中层管理,新婚过渡两居,三亚中环品质两居，车位及空间极其拥挤,当前房屋属于旧多层无电梯房，父母年纪渐高每天爬楼梯极为吃力。,核心要求地块属于第一梯队名校学区，且周边500米内解决幼小衔接教育配套。,无需日常通勤，但要求30分钟内快捷通达凤凰机场或高铁站。,崇尚度假慢生活，清晨沙滩漫步，午后椰林下午茶，酷爱轻户外及后海冲浪。,名下持有一套旧两居，置换回款 65% + 个人理财储蓄补充 + 公积金商业贷,重性价比，不盲信大牌，但要求物业管理有序、绿化修剪及时、人防技防规范。,本地常住人口，四季生活规律，度假频次为常规年假出行。
三_2011_02511,三亚,2011,本地改善,39,男,1.5,9.9,0.35,21.2,3,1,是,B,agent,0.64,0.58,0.59,0.42,0.55,0.76,0.56,0.74,0.36,自住-改善,一室一厅,87,1465,国企中层管理,三口之家(学龄段),三亚中环品质两居，车位及空间极其拥挤,小区无地下车库且人车不分流，小孩在楼下玩耍或者推婴儿车极为不安全。,讲究超高得房率（超85%），主卧套房必须配备独立步入式衣帽间与干湿分离双卫。,无需日常通勤，但要求30分钟内快捷通达凤凰机场或高铁站。,崇尚度假慢生活，清晨沙滩漫步，午后椰林下午茶，酷爱轻户外及后海冲浪。,名下持有一套旧两居，置换回款 65% + 个人理财储蓄补充 + 公积金商业贷,重性价比，不盲信大牌，但要求物业管理有序、绿化修剪及时、人防技防规范。,本地常住人口，四季生活规律，度假频次为常规年假出行。
三_2011_02512,三亚,2011,度假投资,40,女,9.3,111.2,0.4,208.5,3,1,否,A,research,0.91,0.59,0.79,0.64,0.6,0.38,0,0,0.7,投资-短期,三室一厅,110,12947,高端海景资产收藏家,三口之家(学龄段),西湖边高精平层,无高端私密会所及管家式物业配套，圈层鱼龙混杂，高净值居住体验差。,要求有超大面宽南向双阳台（观景家政分离），主卧大飘窗能270度直面自然景观。,无需日常通勤，但要求30分钟内快捷通达凤凰机场或高铁站。,周末常去高端商圈消费，热衷打网球和马术，重度手冲咖啡及黑胶唱片发烧友。,名下已有企业股权套现或分红现金，一次性全款付清，基本不加杠杆,重性价比，不盲信大牌，但要求物业管理有序、绿化修剪及时、人防技防规范。,每年11月至次年3月到此度过漫长冬季，极其依赖周边的康养及适老化服务。
三_2011_02513,三亚,2011,度假投资,43,女,2.4,27.3,0.4,51.1,3,1,否,A,research,0.73,0.37,0.84,0.69,0.59,0.4,0.02,0.14,0.72,投资-短期,两室一厅,78,4290,上市公司退休联合创始人,三口之家(学龄段),西湖边高精平层,无高端私密会所及管家式物业配套，圈层鱼龙混杂，高净值居住体验差。,要求有超大面宽南向双阳台（观景家政分离），主卧大飘窗能270度直面自然景观。,无需日常通勤，但要求30分钟内快捷通达凤凰机场或高铁站。,周末常去高端商圈消费，热衷打网球和马术，重度手冲咖啡及黑胶唱片发烧友。,名下已有企业股权套现或分红现金，一次性全款付清，基本不加杠杆,非仁恒、绿城、万科等金牌开发商不买，极度看重高端精装质量与顶级物业的增值口碑。,每年11月至次年3月到此度过漫长冬季，极其依赖周边的康养及适老化服务。
三_2011_02514,三亚,2011,外地候鸟-东北,60,女,5.0,26.6,0.5,39.9,2,1,否,C,network,0.24,0.55,1,0.56,0.55,0.71,0.05,0,0.44,度假,两室一厅,71,3592,沈阳大型重工企业退休副厂长,三口之家(学龄段),与父母同住，三代人拥挤在旧区小户型老房中,小区无地下车库且人车不分流，小孩在楼下玩耍或者推婴儿车极为不安全。,要求有超大面宽南向双阳台（观景家政分离），主卧大飘窗能270度直面自然景观。,无需日常通勤，但要求30分钟内快捷通达凤凰机场或高铁站。,崇尚度假慢生活，清晨沙滩漫步，午后椰林下午茶，酷爱轻户外及后海冲浪。,名下持有一套旧两居，置换回款 65% + 个人理财储蓄补充 + 公积金商业贷,重性价比，不盲信大牌，但要求物业管理有序、绿化修剪及时、人防技防规范。,每年11月至次年3月到此度过漫长冬季，极其依赖周边的康养及适老化服务。
三_2011_02515,三亚,2011,外地候鸟-东北,73,男,5.3,43.5,0.5,65.3,2,0,否,C,network,0.4,0.6,0.94,0.7,0.46,0.56,0,0.01,0.54,度假,一室一厅,62,6768,哈尔滨高校退休处长,高知退休康养,与父母同住，三代人拥挤在旧区小户型老房中,老小区隔音差，邻里滋扰严重，且车位严重匮乏，每晚加班回来抢车位像打仗。,要求独立电梯入户，主次卧动线分明，配备独立保姆房和私密后院。,无需日常通勤，但要求30分钟内快捷通达凤凰机场或高铁站。,崇尚度假慢生活，清晨沙滩漫步，午后椰林下午茶，酷爱轻户外及后海冲浪。,名下持有一套旧两居，置换回款 65% + 个人理财储蓄补充 + 公积金商业贷,重性价比，不盲信大牌，但要求物业管理有序、绿化修剪及时、人防技防规范。,每年11月至次年3月到此度过漫长冬季，极其依赖周边的康养及适老化服务。
三_2011_02516,三亚,2011,外地候鸟-华北,70,男,2.7,19.1,0.5,28.6,2,0,否,B,network,0.67,0.56,1,0.69,0.69,0.45,0,0.06,0.7,养老,两室一厅,55,4149,北京三甲医院退休教授,高知退休康养,三亚中环品质两居，车位及空间极其拥挤,老小区隔音差，邻里滋扰严重，且车位严重匮乏，每晚加班回来抢车位像打仗。,要求有超大面宽南向双阳台（观景家政分离），主卧大飘窗能270度直面自然景观。,无需日常通勤，但要求30分钟内快捷通达凤凰机场或高铁站。,崇尚度假慢生活，清晨沙滩漫步，午后椰林下午茶，酷爱轻户外及后海冲浪。,名下持有一套旧两居，置换回款 65% + 个人理财储蓄补充 + 公积金商业贷,重性价比，不盲信大牌，但要求物业管理有序、绿化修剪及时、人防技防规范。,每年11月至次年3月到此度过漫长冬季，极其依赖周边的康养及适老化服务。
三_2011_02517,三亚,2011,本地改善,49,女,1.6,11.5,0.35,24.7,4,1,否,B,agent,0.79,0.62,0.77,0.49,0.4,0.77,0.51,0.71,0.57,自住-改善,两室一厅,50,2591,三甲医院主治医师,三口之家(学龄段),三亚中环品质两居，车位及空间极其拥挤,小区无地下车库且人车不分流，小孩在楼下玩耍或者推婴儿车极为不安全。,要求有超大面宽南向双阳台（观景家政分离），主卧大飘窗能270度直面自然景观。,无需日常通勤，但要求30分钟内快捷通达凤凰机场或高铁站。,崇尚度假慢生活，清晨沙滩漫步，午后椰林下午茶，酷爱轻户外及后海冲浪。,名下持有一套旧两居，置换回款 65% + 个人理财储蓄补充 + 公积金商业贷,重性价比，不盲信大牌，但要求物业管理有序、绿化修剪及时、人防技防规范。,本地常住人口，四季生活规律，度假频次为常规年假出行。
三_2011_02518,三亚,2011,外地候鸟-西北,72,男,3.8,22.5,0.5,33.7,2,0,否,C,network,0.32,0.46,0.84,0.69,0.48,0.57,0.03,0.06,0.44,养老,一室一厅,89,2033,兰州煤炭物流运输企业主,高知退休康养,与父母同住，三代人拥挤在旧区小户型老房中,老小区隔音差，邻里滋扰严重，且车位严重匮乏，每晚加班回来抢车位像打仗。,要求有超大面宽南向双阳台（观景家政分离），主卧大飘窗能270度直面自然景观。,无需日常通勤，但要求30分钟内快捷通达凤凰机场或高铁站。,崇尚度假慢生活，清晨沙滩漫步，午后椰林下午茶，酷爱轻户外及后海冲浪。,名下持有一套旧两居，置换回款 65% + 个人理财储蓄补充 + 公积金商业贷,重性价比，不盲信大牌，但要求物业管理有序、绿化修剪及时、人防技防规范。,每年11月至次年3月到此度过漫长冬季，极其依赖周边的康养及适老化服务。
三_2011_02519,三亚,2011,度假投资,35,女,4.7,53.7,0.4,100.7,2,2,否,A,research,0.89,0.33,0.98,0.59,0.42,0.45,0,0.06,0.74,投资-长持,一室一厅,82,9516,上市公司退休联合创始人,二胎黄金期中大户型,陆家嘴核心区江景大平层,无高端私密会所及管家式物业配套，圈层鱼龙混杂，高净值居住体验差。,要求有超大面宽南向双阳台（观景家政分离），主卧大飘窗能270度直面自然景观。,无需日常通勤，但要求30分钟内快捷通达凤凰机场或高铁站。,周末常去高端商圈消费，热衷打网球和马术，重度手冲咖啡及黑胶唱片发烧友。,名下已有企业股权套现或分红现金，一次性全款付清，基本不加杠杆,非仁恒、绿城、万科等金牌开发商不买，极度看重高端精装质量与顶级物业的增值口碑。,每年11月至次年3月到此度过漫长冬季，极其依赖周边的康养及适老化服务。
三_2011_02520,三亚,2011,本地改善,37,女,3.6,21.1,0.35,45.2,4,1,否,B,agent,0.83,0.55,0.41,0.43,0.44,0.81,0.49,0.75,0.33,自住-改善,一室一厅,78,3321,重点中学高级教师,三口之家(幼龄段),三亚中环品质两居，车位及空间极其拥挤,小区无地下车库且人车不分流，小孩在楼下玩耍或者推婴儿车极为不安全。,讲究超高得房率（超85%），主卧套房必须配备独立步入式衣帽间与干湿分离双卫。,无需日常通勤，但要求30分钟内快捷通达凤凰机场或高铁站。,崇尚度假慢生活，清晨沙滩漫步，午后椰林下午茶，酷爱轻户外及后海冲浪。,名下持有一套旧两居，置换回款 65% + 个人理财储蓄补充 + 公积金商业贷,重性价比，不盲信大牌，但要求物业管理有序、绿化修剪及时、人防技防规范。,本地常住人口，四季生活规律，度假频次为常规年假出行。
三_2011_02521,三亚,2011,外地候鸟-西北,68,女,2.6,14.8,0.5,22.2,2,0,否,C,network,0.5,0.63,0.87,0.78,0.46,0.58,0,0.02,0.58,度假,一室一厅,79,1876,西安设计院退休总建筑师,高知退休康养,与父母同住，三代人拥挤在旧区小户型老房中,老小区隔音差，邻里滋扰严重，且车位严重匮乏，每晚加班回来抢车位像打仗。,要求独立电梯入户，主次卧动线分明，配备独立保姆房和私密后院。,无需日常通勤，但要求30分钟内快捷通达凤凰机场或高铁站。,崇尚度假慢生活，清晨沙滩漫步，午后椰林下午茶，酷爱轻户外及后海冲浪。,名下持有一套旧两居，置换回款 65% + 个人理财储蓄补充 + 公积金商业贷,重性价比，不盲信大牌，但要求物业管理有序、绿化修剪及时、人防技防规范。,每年11月至次年3月到此度过漫长冬季，极其依赖周边的康养及适老化服务。
三_2011_02522,三亚,2011,本地改善,35,女,2.9,13.4,0.35,28.7,5,1,是,B,agent,0.69,0.47,0.61,0.4,0.29,0.87,0.43,0.71,0.46,自住-改善,一室一厅,91,2329,国企中层管理,三口之家(幼龄段),三亚中环品质两居，车位及空间极其拥挤,小区无地下车库且人车不分流，小孩在楼下玩耍或者推婴儿车极为不安全。,讲究超高得房率（超85%），主卧套房必须配备独立步入式衣帽间与干湿分离双卫。,无需日常通勤，但要求30分钟内快捷通达凤凰机场或高铁站。,崇尚度假慢生活，清晨沙滩漫步，午后椰林下午茶，酷爱轻户外及后海冲浪。,名下持有一套旧两居，置换回款 65% + 个人理财储蓄补充 + 公积金商业贷,重性价比，不盲信大牌，但要求物业管理有序、绿化修剪及时、人防技防规范。,本地常住人口，四季生活规律，度假频次为常规年假出行。
三_2011_02523,三亚,2011,高净值康养,58,男,28.6,276.4,0.6,345.5,2,0,否,A,network,0.59,0.37,0.9,1,0.85,0.67,0,0.12,0.79,度假,三室两厅,156,19405,知名中医药连锁投资人,高知退休康养,陆家嘴核心区江景大平层,无高端私密会所及管家式物业配套，圈层鱼龙混杂，高净值居住体验差。,要求独立电梯入户，主次卧动线分明，配备独立保姆房和私密后院。,无需日常通勤，但要求30分钟内快捷通达凤凰机场或高铁站。,周末常去高端商圈消费，热衷打网球和马术，重度手冲咖啡及黑胶唱片发烧友。,名下已有企业股权套现或分红现金，一次性全款付清，基本不加杠杆,非仁恒、绿城、万科等金牌开发商不买，极度看重高端精装质量与顶级物业的增值口碑。,本地常住人口，四季生活规律，度假频次为常规年假出行。
三_2011_02524,三亚,2011,外地候鸟-华北,56,女,1.8,16.1,0.5,24.1,3,0,否,B,network,0.46,0.73,0.88,0.72,0.56,0.52,0.07,0.12,0.51,养老,两室一厅,100,1692,北京三甲医院退休教授,高知退休康养,三亚中环品质两居，车位及空间极其拥挤,老小区隔音差，邻里滋扰严重，且车位严重匮乏，每晚加班回来抢车位像打仗。,要求独立电梯入户，主次卧动线分明，配备独立保姆房和私密后院。,无需日常通勤，但要求30分钟内快捷通达凤凰机场或高铁站。,崇尚度假慢生活，清晨沙滩漫步，午后椰林下午茶，酷爱轻户外及后海冲浪。,名下持有一套旧两居，置换回款 65% + 个人理财储蓄补充 + 公积金商业贷,重性价比，不盲信大牌，但要求物业管理有序、绿化修剪及时、人防技防规范。,每年11月至次年3月到此度过漫长冬季，极其依赖周边的康养及适老化服务。
三_2011_02525,三亚,2011,本地改善,48,男,2.3,18.0,0.35,38.7,4,0,是,B,agent,0.84,0.52,0.61,0.47,0.36,0.72,0.59,0.74,0.52,自住-改善,两室两厅,51,4705,智能新能源车企研发骨干,成熟期核心家庭,三亚中环品质两居，车位及空间极其拥挤,当前房屋属于旧多层无电梯房，父母年纪渐高每天爬楼梯极为吃力。,讲究超高得房率（超85%），主卧套房必须配备独立步入式衣帽间与干湿分离双卫。,无需日常通勤，但要求30分钟内快捷通达凤凰机场或高铁站。,崇尚度假慢生活，清晨沙滩漫步，午后椰林下午茶，酷爱轻户外及后海冲浪。,名下持有一套旧两居，置换回款 65% + 个人理财储蓄补充 + 公积金商业贷,重性价比，不盲信大牌，但要求物业管理有序、绿化修剪及时、人防技防规范。,本地常住人口，四季生活规律，度假频次为常规年假出行。
三_2011_02526,三亚,2011,本地改善,36,女,1.9,11.0,0.35,23.6,4,1,否,B,agent,0.8,0.67,0.6,0.66,0.41,0.85,0.44,0.93,0.39,自住-改善,一室一厅,68,2631,三甲医院主治医师,三口之家(幼龄段),三亚中环品质两居，车位及空间极其拥挤,小区无地下车库且人车不分流，小孩在楼下玩耍或者推婴儿车极为不安全。,讲究超高得房率（超85%），主卧套房必须配备独立步入式衣帽间与干湿分离双卫。,无需日常通勤，但要求30分钟内快捷通达凤凰机场或高铁站。,崇尚度假慢生活，清晨沙滩漫步，午后椰林下午茶，酷爱轻户外及后海冲浪。,名下持有一套旧两居，置换回款 65% + 个人理财储蓄补充 + 公积金商业贷,重性价比，不盲信大牌，但要求物业管理有序、绿化修剪及时、人防技防规范。,本地常住人口，四季生活规律，度假频次为常规年假出行。
三_2011_02527,三亚,2011,外地候鸟-东北,63,女,2.1,13.4,0.5,20.1,2,0,否,C,network,0.52,0.72,1,0.53,0.52,0.55,0,0,0.43,养老,两室一厅,57,2137,哈尔滨高校退休处长,高知退休康养,与父母同住，三代人拥挤在旧区小户型老房中,老小区隔音差，邻里滋扰严重，且车位严重匮乏，每晚加班回来抢车位像打仗。,要求有超大面宽南向双阳台（观景家政分离），主卧大飘窗能270度直面自然景观。,无需日常通勤，但要求30分钟内快捷通达凤凰机场或高铁站。,崇尚度假慢生活，清晨沙滩漫步，午后椰林下午茶，酷爱轻户外及后海冲浪。,名下持有一套旧两居，置换回款 65% + 个人理财储蓄补充 + 公积金商业贷,重性价比，不盲信大牌，但要求物业管理有序、绿化修剪及时、人防技防规范。,每年11月至次年3月到此度过漫长冬季，极其依赖周边的康养及适老化服务。
三_2011_02528,三亚,2011,本地改善,39,男,2.9,19.3,0.35,41.4,3,1,是,B,agent,0.76,0.4,0.61,0.21,0.31,0.74,0.46,0.7,0.39,自住-改善,两室两厅,86,2446,国企中层管理,三口之家(学龄段),三亚中环品质两居，车位及空间极其拥挤,小区无地下车库且人车不分流，小孩在楼下玩耍或者推婴儿车极为不安全。,讲究超高得房率（超85%），主卧套房必须配备独立步入式衣帽间与干湿分离双卫。,无需日常通勤，但要求30分钟内快捷通达凤凰机场或高铁站。,崇尚度假慢生活，清晨沙滩漫步，午后椰林下午茶，酷爱轻户外及后海冲浪。,名下持有一套旧两居，置换回款 65% + 个人理财储蓄补充 + 公积金商业贷,重性价比，不盲信大牌，但要求物业管理有序、绿化修剪及时、人防技防规范。,本地常住人口，四季生活规律，度假频次为常规年假出行。
三_2011_02529,三亚,2011,外地候鸟-华北,60,女,5.8,38.0,0.5,57.1,2,0,否,B,network,0.46,0.52,0.88,0.71,0.62,0.52,0,0,0.44,度假,两室两厅,70,5613,北京三甲医院退休教授,高知退休康养,三亚中环品质两居，车位及空间极其拥挤,老小区隔音差，邻里滋扰严重，且车位严重匮乏，每晚加班回来抢车位像打仗。,要求独立电梯入户，主次卧动线分明，配备独立保姆房和私密后院。,无需日常通勤，但要求30分钟内快捷通达凤凰机场或高铁站。,崇尚度假慢生活，清晨沙滩漫步，午后椰林下午茶，酷爱轻户外及后海冲浪。,名下持有一套旧两居，置换回款 65% + 个人理财储蓄补充 + 公积金商业贷,重性价比，不盲信大牌，但要求物业管理有序、绿化修剪及时、人防技防规范。,每年11月至次年3月到此度过漫长冬季，极其依赖周边的康养及适老化服务。
三_2011_02530,三亚,2011,度假投资,43,女,6.1,49.8,0.4,93.3,4,0,否,A,research,0.83,0.44,0.87,0.59,0.58,0.38,0,0.04,0.86,投资-长持,两室两厅,97,6995,高端海景资产收藏家,成熟期核心家庭,西湖边高精平层,无高端私密会所及管家式物业配套，圈层鱼龙混杂，高净值居住体验差。,要求有超大面宽南向双阳台（观景家政分离），主卧大飘窗能270度直面自然景观。,无需日常通勤，但要求30分钟内快捷通达凤凰机场或高铁站。,周末常去高端商圈消费，热衷打网球和马术，重度手冲咖啡及黑胶唱片发烧友。,名下已有企业股权套现或分红现金，一次性全款付清，基本不加杠杆,非仁恒、绿城、万科等金牌开发商不买，极度看重高端精装质量与顶级物业的增值口碑。,每年11月至次年3月到此度过漫长冬季，极其依赖周边的康养及适老化服务。
三_2011_02531,三亚,2011,本地改善,46,男,3.3,16.5,0.35,35.3,4,1,是,B,agent,0.75,0.59,0.65,0.29,0.43,0.87,0.71,0.63,0.56,自住-改善,两室两厅,96,2249,智能新能源车企研发骨干,三口之家(学龄段),三亚中环品质两居，车位及空间极其拥挤,小区无地下车库且人车不分流，小孩在楼下玩耍或者推婴儿车极为不安全。,讲究超高得房率（超85%），主卧套房必须配备独立步入式衣帽间与干湿分离双卫。,无需日常通勤，但要求30分钟内快捷通达凤凰机场或高铁站。,崇尚度假慢生活，清晨沙滩漫步，午后椰林下午茶，酷爱轻户外及后海冲浪。,名下持有一套旧两居，置换回款 65% + 个人理财储蓄补充 + 公积金商业贷,重性价比，不盲信大牌，但要求物业管理有序、绿化修剪及时、人防技防规范。,本地常住人口，四季生活规律，度假频次为常规年假出行。
三_2011_02532,三亚,2011,高净值康养,56,男,39.9,515.2,0.6,644.0,2,1,否,A,network,0.87,0.28,1,0.91,0.82,0.61,0,0,0.88,养老,复式,306,18442,知名中医药连锁投资人,三口之家(学龄段),市中心私密洋房住宅,无高端私密会所及管家式物业配套，圈层鱼龙混杂，高净值居住体验差。,要求独立电梯入户，主次卧动线分明，配备独立保姆房和私密后院。,无需日常通勤，但要求30分钟内快捷通达凤凰机场或高铁站。,周末常去高端商圈消费，热衷打网球和马术，重度手冲咖啡及黑胶唱片发烧友。,名下已有企业股权套现或分红现金，一次性全款付清，基本不加杠杆,非仁恒、绿城、万科等金牌开发商不买，极度看重高端精装质量与顶级物业的增值口碑。,本地常住人口，四季生活规律，度假频次为常规年假出行。
三_2011_02533,三亚,2011,外地候鸟-华北,60,女,2.4,19.8,0.5,29.7,1,0,否,B,network,0.36,0.51,0.85,0.67,0.56,0.45,0,0,0.77,度假,两室一厅,52,3332,高校资深硕导,高知退休康养,三亚中环品质两居，车位及空间极其拥挤,老小区隔音差，邻里滋扰严重，且车位严重匮乏，每晚加班回来抢车位像打仗。,要求有超大面宽南向双阳台（观景家政分离），主卧大飘窗能270度直面自然景观。,无需日常通勤，但要求30分钟内快捷通达凤凰机场或高铁站。,崇尚度假慢生活，清晨沙滩漫步，午后椰林下午茶，酷爱轻户外及后海冲浪。,名下持有一套旧两居，置换回款 65% + 个人理财储蓄补充 + 公积金商业贷,非仁恒、绿城、万科等金牌开发商不买，极度看重高端精装质量与顶级物业的增值口碑。,每年11月至次年3月到此度过漫长冬季，极其依赖周边的康养及适老化服务。
三_2011_02534,三亚,2011,外地候鸟-西北,61,女,4.5,36.3,0.5,54.4,2,0,否,C,network,0.26,0.64,0.98,0.69,0.54,0.63,0,0,0.42,度假,一室一厅,73,4128,兰州煤炭物流运输企业主,高知退休康养,与父母同住，三代人拥挤在旧区小户型老房中,老小区隔音差，邻里滋扰严重，且车位严重匮乏，每晚加班回来抢车位像打仗。,要求有超大面宽南向双阳台（观景家政分离），主卧大飘窗能270度直面自然景观。,无需日常通勤，但要求30分钟内快捷通达凤凰机场或高铁站。,崇尚度假慢生活，清晨沙滩漫步，午后椰林下午茶，酷爱轻户外及后海冲浪。,名下持有一套旧两居，置换回款 65% + 个人理财储蓄补充 + 公积金商业贷,重性价比，不盲信大牌，但要求物业管理有序、绿化修剪及时、人防技防规范。,每年11月至次年3月到此度过漫长冬季，极其依赖周边的康养及适老化服务。
三_2011_02535,三亚,2011,外地候鸟-华北,66,男,4.7,37.1,0.5,55.6,2,1,否,B,network,0.56,0.76,1,0.5,0.69,0.5,0.11,0,0.39,度假,两室一厅,77,5438,央企总部退休总工,三口之家(学龄段),三亚中环品质两居，车位及空间极其拥挤,小区无地下车库且人车不分流，小孩在楼下玩耍或者推婴儿车极为不安全。,要求有超大面宽南向双阳台（观景家政分离），主卧大飘窗能270度直面自然景观。,无需日常通勤，但要求30分钟内快捷通达凤凰机场或高铁站。,崇尚度假慢生活，清晨沙滩漫步，午后椰林下午茶，酷爱轻户外及后海冲浪。,名下持有一套旧两居，置换回款 65% + 个人理财储蓄补充 + 公积金商业贷,重性价比，不盲信大牌，但要求物业管理有序、绿化修剪及时、人防技防规范。,每年11月至次年3月到此度过漫长冬季，极其依赖周边的康养及适老化服务。
三_2011_02536,三亚,2011,度假投资,39,男,10.0,119.0,0.4,223.0,3,1,是,A,research,1,0.38,0.88,0.6,0.45,0.32,0,0.05,0.76,投资-长持,两室两厅,105,14925,高端海景资产收藏家,三口之家(学龄段),市中心私密洋房住宅,当前房屋属于旧多层无电梯房，父母年纪渐高每天爬楼梯极为吃力。,要求有超大面宽南向双阳台（观景家政分离），主卧大飘窗能270度直面自然景观。,无需日常通勤，但要求30分钟内快捷通达凤凰机场或高铁站。,周末常去高端商圈消费，热衷打网球和马术，重度手冲咖啡及黑胶唱片发烧友。,名下已有企业股权套现或分红现金，一次性全款付清，基本不加杠杆,非仁恒、绿城、万科等金牌开发商不买，极度看重高端精装质量与顶级物业的增值口碑。,每年11月至次年3月到此度过漫长冬季，极其依赖周边的康养及适老化服务。
三_2011_02537,三亚,2011,外地候鸟-华北,61,男,2.5,23.6,0.5,35.4,2,0,否,B,network,0.54,0.56,1,0.64,0.48,0.48,0.1,0,0.55,度假,两室两厅,55,4138,央企总部退休总工,高知退休康养,三亚中环品质两居，车位及空间极其拥挤,老小区隔音差，邻里滋扰严重，且车位严重匮乏，每晚加班回来抢车位像打仗。,要求有超大面宽南向双阳台（观景家政分离），主卧大飘窗能270度直面自然景观。,无需日常通勤，但要求30分钟内快捷通达凤凰机场或高铁站。,崇尚度假慢生活，清晨沙滩漫步，午后椰林下午茶，酷爱轻户外及后海冲浪。,名下持有一套旧两居，置换回款 65% + 个人理财储蓄补充 + 公积金商业贷,重性价比，不盲信大牌，但要求物业管理有序、绿化修剪及时、人防技防规范。,每年11月至次年3月到此度过漫长冬季，极其依赖周边的康养及适老化服务。
三_2011_02538,三亚,2011,外地候鸟-华北,66,女,4.5,43.0,0.5,64.5,1,0,否,B,network,0.65,0.41,0.82,0.81,0.66,0.46,0,0.08,0.62,度假,两室一厅,74,7545,高校资深硕导,高知退休康养,三亚中环品质两居，车位及空间极其拥挤,老小区隔音差，邻里滋扰严重，且车位严重匮乏，每晚加班回来抢车位像打仗。,要求独立电梯入户，主次卧动线分明，配备独立保姆房和私密后院。,无需日常通勤，但要求30分钟内快捷通达凤凰机场或高铁站。,崇尚度假慢生活，清晨沙滩漫步，午后椰林下午茶，酷爱轻户外及后海冲浪。,名下持有一套旧两居，置换回款 65% + 个人理财储蓄补充 + 公积金商业贷,重性价比，不盲信大牌，但要求物业管理有序、绿化修剪及时、人防技防规范。,每年11月至次年3月到此度过漫长冬季，极其依赖周边的康养及适老化服务。
三_2011_02539,三亚,2011,本地改善,46,女,1.3,9.5,0.35,20.4,4,2,是,B,agent,1,0.61,0.64,0.45,0.24,0.68,0.65,0.7,0.41,自住-改善,两室一厅,58,2706,三甲医院主治医师,二胎黄金期中大户型,三亚中环品质两居，车位及空间极其拥挤,小区无地下车库且人车不分流，小孩在楼下玩耍或者推婴儿车极为不安全。,要求采光通透，全明户型，带多功能嵌入式收纳墙以最大化空间利用。,无需日常通勤，但要求30分钟内快捷通达凤凰机场或高铁站。,崇尚度假慢生活，清晨沙滩漫步，午后椰林下午茶，酷爱轻户外及后海冲浪。,名下持有一套旧两居，置换回款 65% + 个人理财储蓄补充 + 公积金商业贷,重性价比，不盲信大牌，但要求物业管理有序、绿化修剪及时、人防技防规范。,本地常住人口，四季生活规律，度假频次为常规年假出行。
三_2011_02540,三亚,2011,外地候鸟-东北,65,女,2.6,22.4,0.5,33.6,1,0,否,C,network,0.39,0.5,0.93,0.58,0.48,0.5,0.15,0,0.41,养老,两室一厅,98,2592,哈尔滨高校退休处长,高知退休康养,与父母同住，三代人拥挤在旧区小户型老房中,老小区隔音差，邻里滋扰严重，且车位严重匮乏，每晚加班回来抢车位像打仗。,要求有超大面宽南向双阳台（观景家政分离），主卧大飘窗能270度直面自然景观。,无需日常通勤，但要求30分钟内快捷通达凤凰机场或高铁站。,崇尚度假慢生活，清晨沙滩漫步，午后椰林下午茶，酷爱轻户外及后海冲浪。,名下持有一套旧两居，置换回款 65% + 个人理财储蓄补充 + 公积金商业贷,重性价比，不盲信大牌，但要求物业管理有序、绿化修剪及时、人防技防规范。,每年11月至次年3月到此度过漫长冬季，极其依赖周边的康养及适老化服务。
三_2011_02541,三亚,2011,度假投资,41,男,11.7,84.5,0.4,158.4,4,1,否,A,research,0.76,0.45,0.76,0.45,0.53,0.42,0.18,0,0.72,投资-短期,三室两厅,111,12380,上市公司退休联合创始人,三口之家(学龄段),陆家嘴核心区江景大平层,无高端私密会所及管家式物业配套，圈层鱼龙混杂，高净值居住体验差。,要求有超大面宽南向双阳台（观景家政分离），主卧大飘窗能270度直面自然景观。,无需日常通勤，但要求30分钟内快捷通达凤凰机场或高铁站。,周末常去高端商圈消费，热衷打网球和马术，重度手冲咖啡及黑胶唱片发烧友。,名下已有企业股权套现或分红现金，一次性全款付清，基本不加杠杆,非仁恒、绿城、万科等金牌开发商不买，极度看重高端精装质量与顶级物业的增值口碑。,每年11月至次年3月到此度过漫长冬季，极其依赖周边的康养及适老化服务。
三_2011_02542,三亚,2011,外地候鸟-华北,70,男,5.5,38.8,0.5,58.2,2,0,否,B,network,0.63,0.53,0.94,0.69,0.44,0.7,0,0,0.61,养老,两室两厅,78,6432,高校资深硕导,高知退休康养,三亚中环品质两居，车位及空间极其拥挤,老小区隔音差，邻里滋扰严重，且车位严重匮乏，每晚加班回来抢车位像打仗。,要求有超大面宽南向双阳台（观景家政分离），主卧大飘窗能270度直面自然景观。,无需日常通勤，但要求30分钟内快捷通达凤凰机场或高铁站。,崇尚度假慢生活，清晨沙滩漫步，午后椰林下午茶，酷爱轻户外及后海冲浪。,名下持有一套旧两居，置换回款 65% + 个人理财储蓄补充 + 公积金商业贷,重性价比，不盲信大牌，但要求物业管理有序、绿化修剪及时、人防技防规范。,每年11月至次年3月到此度过漫长冬季，极其依赖周边的康养及适老化服务。
三_2011_02543,三亚,2011,度假投资,44,男,11.2,132.4,0.4,248.3,3,1,否,A,research,0.73,0.51,0.7,0.66,0.61,0.35,0,0,0.7,度假,两室两厅,137,9901,高端海景资产收藏家,三口之家(学龄段),陆家嘴核心区江景大平层,无高端私密会所及管家式物业配套，圈层鱼龙混杂，高净值居住体验差。,要求有超大面宽南向双阳台（观景家政分离），主卧大飘窗能270度直面自然景观。,无需日常通勤，但要求30分钟内快捷通达凤凰机场或高铁站。,周末常去高端商圈消费，热衷打网球和马术，重度手冲咖啡及黑胶唱片发烧友。,名下已有企业股权套现或分红现金，一次性全款付清，基本不加杠杆,非仁恒、绿城、万科等金牌开发商不买，极度看重高端精装质量与顶级物业的增值口碑。,每年11月至次年3月到此度过漫长冬季，极其依赖周边的康养及适老化服务。
三_2011_02544,三亚,2011,外地候鸟-华北,69,男,2.6,21.2,0.5,31.8,2,1,否,B,network,0.3,0.6,0.93,0.69,0.57,0.49,0,0,0.62,养老,一室一厅,62,4270,央企总部退休总工,三口之家(学龄段),三亚中环品质两居，车位及空间极其拥挤,小区无地下车库且人车不分流，小孩在楼下玩耍或者推婴儿车极为不安全。,要求有超大面宽南向双阳台（观景家政分离），主卧大飘窗能270度直面自然景观。,无需日常通勤，但要求30分钟内快捷通达凤凰机场或高铁站。,崇尚度假慢生活，清晨沙滩漫步，午后椰林下午茶，酷爱轻户外及后海冲浪。,名下持有一套旧两居，置换回款 65% + 个人理财储蓄补充 + 公积金商业贷,重性价比，不盲信大牌，但要求物业管理有序、绿化修剪及时、人防技防规范。,每年11月至次年3月到此度过漫长冬季，极其依赖周边的康养及适老化服务。
三_2011_02545,三亚,2011,外地候鸟-东北,64,女,3.0,24.3,0.5,36.5,1,0,是,C,network,0.42,0.63,0.79,0.71,0.46,0.57,0.0,0.0,0.45,度假,两室两厅,64,3840,哈尔滨私营物流老板,高知退休康养,与父母同住，三代人拥挤在旧区小户型老房中,当前房屋属于旧多层无电梯房，父母年纪渐高每天爬楼梯极为吃力。,要求独立电梯入户，主次卧动线分明，配备独立保姆房和私密后院。,无需日常通勤，但要求30分钟内快捷通达凤凰机场或高铁站。,崇尚度假慢生活，清晨沙滩漫步，午后椰林下午茶，酷爱轻户外及后海冲浪。,名下持有一套旧两居，置换回款 65% + 个人理财储蓄补充 + 公积金商业贷,重性价比，不盲信大牌，但要求物业管理有序、绿化修剪及时、人防技防规范。,每年11月至次年3月到此度过漫长冬季，极其依赖周边的康养及适老化服务。
三_2011_02546,三亚,2011,外地候鸟-华北,59,女,3.4,19.3,0.5,28.9,3,0,否,B,network,0.35,0.58,1,0.69,0.55,0.49,0.01,0,0.54,养老,两室两厅,66,3406,北京三甲医院退休教授,高知退休康养,三亚中环品质两居，车位及空间极其拥挤,老小区隔音差，邻里滋扰严重，且车位严重匮乏，每晚加班回来抢车位像打仗。,要求有超大面宽南向双阳台（观景家政分离），主卧大飘窗能270度直面自然景观。,无需日常通勤，但要求30分钟内快捷通达凤凰机场或高铁站。,崇尚度假慢生活，清晨沙滩漫步，午后椰林下午茶，酷爱轻户外及后海冲浪。,名下持有一套旧两居，置换回款 65% + 个人理财储蓄补充 + 公积金商业贷,重性价比，不盲信大牌，但要求物业管理有序、绿化修剪及时、人防技防规范。,每年11月至次年3月到此度过漫长冬季，极其依赖周边的康养及适老化服务。
三_2011_02547,三亚,2011,本地改善,48,男,1.9,11.4,0.35,24.3,2,2,否,B,agent,0.47,0.55,0.56,0.39,0.31,0.69,0.54,0.78,0.35,自住-改善,一室一厅,96,1828,区级税务局一级主办,二胎黄金期中大户型,三亚中环品质两居，车位及空间极其拥挤,小区无地下车库且人车不分流，小孩在楼下玩耍或者推婴儿车极为不安全。,核心要求地块属于第一梯队名校学区，且周边500米内解决幼小衔接教育配套。,无需日常通勤，但要求30分钟内快捷通达凤凰机场或高铁站。,崇尚度假慢生活，清晨沙滩漫步，午后椰林下午茶，酷爱轻户外及后海冲浪。,名下持有一套旧两居，置换回款 65% + 个人理财储蓄补充 + 公积金商业贷,重性价比，不盲信大牌，但要求物业管理有序、绿化修剪及时、人防技防规范。,本地常住人口，四季生活规律，度假频次为常规年假出行。
三_2011_02548,三亚,2011,度假投资,41,男,10.3,104.0,0.4,195.1,3,1,否,A,research,0.73,0.47,0.83,0.47,0.52,0.4,0.18,0.01,0.68,度假,两室两厅,99,11134,上市公司退休联合创始人,三口之家(学龄段),市中心私密洋房住宅,无高端私密会所及管家式物业配套，圈层鱼龙混杂，高净值居住体验差。,要求有超大面宽南向双阳台（观景家政分离），主卧大飘窗能270度直面自然景观。,无需日常通勤，但要求30分钟内快捷通达凤凰机场或高铁站。,周末常去高端商圈消费，热衷打网球和马术，重度手冲咖啡及黑胶唱片发烧友。,名下已有企业股权套现或分红现金，一次性全款付清，基本不加杠杆,重性价比，不盲信大牌，但要求物业管理有序、绿化修剪及时、人防技防规范。,每年11月至次年3月到此度过漫长冬季，极其依赖周边的康养及适老化服务。
三_2011_02549,三亚,2011,外地候鸟-华北,72,男,5.4,40.0,0.5,60.0,3,1,否,B,network,0.62,0.57,1,0.74,0.67,0.44,0,0,0.43,养老,一室一厅,54,8837,高校资深硕导,三口之家(学龄段),三亚中环品质两居，车位及空间极其拥挤,小区无地下车库且人车不分流，小孩在楼下玩耍或者推婴儿车极为不安全。,要求独立电梯入户，主次卧动线分明，配备独立保姆房和私密后院。,无需日常通勤，但要求30分钟内快捷通达凤凰机场或高铁站。,崇尚度假慢生活，清晨沙滩漫步，午后椰林下午茶，酷爱轻户外及后海冲浪。,名下持有一套旧两居，置换回款 65% + 个人理财储蓄补充 + 公积金商业贷,重性价比，不盲信大牌，但要求物业管理有序、绿化修剪及时、人防技防规范。,每年11月至次年3月到此度过漫长冬季，极其依赖周边的康养及适老化服务。
三_2011_02550,三亚,2011,外地候鸟-华北,59,女,4.7,29.9,0.5,44.9,1,0,否,B,network,0.54,0.67,1,0.77,0.51,0.44,0.09,0.06,0.56,养老,两室两厅,67,4113,北京三甲医院退休教授,高知退休康养,三亚中环品质两居，车位及空间极其拥挤,老小区隔音差，邻里滋扰严重，且车位严重匮乏，每晚加班回来抢车位像打仗。,要求独立电梯入户，主次卧动线分明，配备独立保姆房和私密后院。,无需日常通勤，但要求30分钟内快捷通达凤凰机场或高铁站。,崇尚度假慢生活，清晨沙滩漫步，午后椰林下午茶，酷爱轻户外及后海冲浪。,名下持有一套旧两居，置换回款 65% + 个人理财储蓄补充 + 公积金商业贷,重性价比，不盲信大牌，但要求物业管理有序、绿化修剪及时、人防技防规范。,每年11月至次年3月到此度过漫长冬季，极其依赖周边的康养及适老化服务。
三_2011_02551,三亚,2011,度假投资,43,女,10.5,116.1,0.4,217.7,3,2,否,A,research,0.87,0.46,0.82,0.5,0.57,0.57,0.02,0.0,0.77,投资-长持,三室两厅,139,10064,高端海景资产收藏家,二胎黄金期中大户型,陆家嘴核心区江景大平层,无高端私密会所及管家式物业配套，圈层鱼龙混杂，高净值居住体验差。,要求有超大面宽南向双阳台（观景家政分离），主卧大飘窗能270度直面自然景观。,无需日常通勤，但要求30分钟内快捷通达凤凰机场或高铁站。,周末常去高端商圈消费，热衷打网球和马术，重度手冲咖啡及黑胶唱片发烧友。,名下已有企业股权套现或分红现金，一次性全款付清，基本不加杠杆,非仁恒、绿城、万科等金牌开发商不买，极度看重高端精装质量与顶级物业的增值口碑。,每年11月至次年3月到此度过漫长冬季，极其依赖周边的康养及适老化服务。
三_2011_02552,三亚,2011,本地改善,49,女,1.3,8.6,0.35,18.3,3,1,是,B,agent,0.73,0.53,0.67,0.36,0.36,0.74,0.51,0.64,0.45,自住-改善,一室一厅,91,1207,国企中层管理,三口之家(学龄段),三亚中环品质两居，车位及空间极其拥挤,小区无地下车库且人车不分流，小孩在楼下玩耍或者推婴儿车极为不安全。,讲究超高得房率（超85%），主卧套房必须配备独立步入式衣帽间与干湿分离双卫。,无需日常通勤，但要求30分钟内快捷通达凤凰机场或高铁站。,崇尚度假慢生活，清晨沙滩漫步，午后椰林下午茶，酷爱轻户外及后海冲浪。,名下持有一套旧两居，置换回款 65% + 个人理财储蓄补充 + 公积金商业贷,重性价比，不盲信大牌，但要求物业管理有序、绿化修剪及时、人防技防规范。,本地常住人口，四季生活规律，度假频次为常规年假出行。
三_2011_02553,三亚,2011,本地改善,35,男,2.9,18.3,0.35,39.2,4,2,是,B,agent,0.64,0.56,0.52,0.39,0.51,0.78,0.54,0.66,0.5,自住-改善,一室一厅,73,3224,重点中学高级教师,二胎黄金期中大户型,三亚中环品质两居，车位及空间极其拥挤,小区无地下车库且人车不分流，小孩在楼下玩耍或者推婴儿车极为不安全。,讲究超高得房率（超85%），主卧套房必须配备独立步入式衣帽间与干湿分离双卫。,无需日常通勤，但要求30分钟内快捷通达凤凰机场或高铁站。,崇尚度假慢生活，清晨沙滩漫步，午后椰林下午茶，酷爱轻户外及后海冲浪。,名下持有一套旧两居，置换回款 65% + 个人理财储蓄补充 + 公积金商业贷,重性价比，不盲信大牌，但要求物业管理有序、绿化修剪及时、人防技防规范。,本地常住人口，四季生活规律，度假频次为常规年假出行。
三_2011_02554,三亚,2011,本地改善,45,男,2.0,15.1,0.35,32.4,4,1,否,B,agent,0.75,0.49,0.58,0.47,0.52,0.64,0.52,0.78,0.39,自住-改善,一室一厅,88,1964,区级税务局一级主办,三口之家(学龄段),三亚中环品质两居，车位及空间极其拥挤,小区无地下车库且人车不分流，小孩在楼下玩耍或者推婴儿车极为不安全。,核心要求地块属于第一梯队名校学区，且周边500米内解决幼小衔接教育配套。,无需日常通勤，但要求30分钟内快捷通达凤凰机场或高铁站。,崇尚度假慢生活，清晨沙滩漫步，午后椰林下午茶，酷爱轻户外及后海冲浪。,名下持有一套旧两居，置换回款 65% + 个人理财储蓄补充 + 公积金商业贷,重性价比，不盲信大牌，但要求物业管理有序、绿化修剪及时、人防技防规范。,本地常住人口，四季生活规律，度假频次为常规年假出行。
三_2011_02555,三亚,2011,本地改善,40,女,3.0,19.9,0.35,42.6,4,1,是,B,agent,0.76,0.67,0.62,0.64,0.34,0.72,0.42,0.57,0.53,自住-改善,两室两厅,94,3010,智能新能源车企研发骨干,三口之家(学龄段),三亚中环品质两居，车位及空间极其拥挤,小区无地下车库且人车不分流，小孩在楼下玩耍或者推婴儿车极为不安全。,讲究超高得房率（超85%），主卧套房必须配备独立步入式衣帽间与干湿分离双卫。,无需日常通勤，但要求30分钟内快捷通达凤凰机场或高铁站。,崇尚度假慢生活，清晨沙滩漫步，午后椰林下午茶，酷爱轻户外及后海冲浪。,名下持有一套旧两居，置换回款 65% + 个人理财储蓄补充 + 公积金商业贷,重性价比，不盲信大牌，但要求物业管理有序、绿化修剪及时、人防技防规范。,本地常住人口，四季生活规律，度假频次为常规年假出行。
三_2011_02556,三亚,2011,本地改善,48,女,3.8,21.0,0.35,45.0,3,0,否,B,agent,0.98,0.52,0.6,0.49,0.43,0.78,0.5,0.68,0.53,自住-改善,两室一厅,56,4391,智能新能源车企研发骨干,成熟期核心家庭,三亚中环品质两居，车位及空间极其拥挤,老小区隔音差，邻里滋扰严重，且车位严重匮乏，每晚加班回来抢车位像打仗。,讲究超高得房率（超85%），主卧套房必须配备独立步入式衣帽间与干湿分离双卫。,无需日常通勤，但要求30分钟内快捷通达凤凰机场或高铁站。,崇尚度假慢生活，清晨沙滩漫步，午后椰林下午茶，酷爱轻户外及后海冲浪。,名下持有一套旧两居，置换回款 65% + 个人理财储蓄补充 + 公积金商业贷,重性价比，不盲信大牌，但要求物业管理有序、绿化修剪及时、人防技防规范。,本地常住人口，四季生活规律，度假频次为常规年假出行。
三_2011_02557,三亚,2011,度假投资,52,女,9.9,120.5,0.4,225.9,3,2,是,A,research,0.8,0.45,0.93,0.61,0.45,0.34,0,0,0.68,投资-长持,两室两厅,113,13280,知名中医药连锁投资人,二胎黄金期中大户型,陆家嘴核心区江景大平层,当前房屋属于旧多层无电梯房，父母年纪渐高每天爬楼梯极为吃力。,要求有超大面宽南向双阳台（观景家政分离），主卧大飘窗能270度直面自然景观。,无需日常通勤，但要求30分钟内快捷通达凤凰机场或高铁站。,周末常去高端商圈消费，热衷打网球和马术，重度手冲咖啡及黑胶唱片发烧友。,名下已有企业股权套现或分红现金，一次性全款付清，基本不加杠杆,重性价比，不盲信大牌，但要求物业管理有序、绿化修剪及时、人防技防规范。,每年11月至次年3月到此度过漫长冬季，极其依赖周边的康养及适老化服务。
三_2011_02558,三亚,2011,外地候鸟-东北,64,女,2.0,13.1,0.5,19.7,2,0,否,C,network,0.23,0.53,0.85,0.78,0.44,0.63,0,0.02,0.55,度假,两室一厅,70,2521,哈尔滨私营物流老板,高知退休康养,与父母同住，三代人拥挤在旧区小户型老房中,老小区隔音差，邻里滋扰严重，且车位严重匮乏，每晚加班回来抢车位像打仗。,要求独立电梯入户，主次卧动线分明，配备独立保姆房和私密后院。,无需日常通勤，但要求30分钟内快捷通达凤凰机场或高铁站。,崇尚度假慢生活，清晨沙滩漫步，午后椰林下午茶，酷爱轻户外及后海冲浪。,名下持有一套旧两居，置换回款 65% + 个人理财储蓄补充 + 公积金商业贷,重性价比，不盲信大牌，但要求物业管理有序、绿化修剪及时、人防技防规范。,每年11月至次年3月到此度过漫长冬季，极其依赖周边的康养及适老化服务。
三_2011_02559,三亚,2011,本地改善,39,女,2.2,10.5,0.35,22.5,3,1,否,B,agent,0.83,0.48,0.49,0.45,0.29,0.67,0.39,0.81,0.46,自住-改善,两室一厅,83,1688,三甲医院主治医师,三口之家(学龄段),三亚中环品质两居，车位及空间极其拥挤,小区无地下车库且人车不分流，小孩在楼下玩耍或者推婴儿车极为不安全。,核心要求地块属于第一梯队名校学区，且周边500米内解决幼小衔接教育配套。,无需日常通勤，但要求30分钟内快捷通达凤凰机场或高铁站。,崇尚度假慢生活，清晨沙滩漫步，午后椰林下午茶，酷爱轻户外及后海冲浪。,名下持有一套旧两居，置换回款 65% + 个人理财储蓄补充 + 公积金商业贷,重性价比，不盲信大牌，但要求物业管理有序、绿化修剪及时、人防技防规范。,本地常住人口，四季生活规律，度假频次为常规年假出行。
三_2011_02560,三亚,2011,度假投资,54,女,10.2,110.8,0.4,207.8,4,2,否,A,research,1,0.44,0.75,0.56,0.56,0.53,0.04,0.14,0.76,投资-长持,三室两厅,149,7416,高端海景资产收藏家,二胎黄金期中大户型,西湖边高精平层,无高端私密会所及管家式物业配套，圈层鱼龙混杂，高净值居住体验差。,要求有超大面宽南向双阳台（观景家政分离），主卧大飘窗能270度直面自然景观。,无需日常通勤，但要求30分钟内快捷通达凤凰机场或高铁站。,周末常去高端商圈消费，热衷打网球和马术，重度手冲咖啡及黑胶唱片发烧友。,名下已有企业股权套现或分红现金，一次性全款付清，基本不加杠杆,非仁恒、绿城、万科等金牌开发商不买，极度看重高端精装质量与顶级物业的增值口碑。,每年11月至次年3月到此度过漫长冬季，极其依赖周边的康养及适老化服务。
三_2011_02561,三亚,2011,本地改善,31,男,1.8,8.2,0.35,17.5,3,1,否,B,agent,0.71,0.72,0.58,0.52,0.32,0.7,0.58,0.68,0.43,自住-改善,两室两厅,61,2302,智能新能源车企研发骨干,三口之家(幼龄段),三亚中环品质两居，车位及空间极其拥挤,小区无地下车库且人车不分流，小孩在楼下玩耍或者推婴儿车极为不安全。,要求采光通透，全明户型，带多功能嵌入式收纳墙以最大化空间利用。,无需日常通勤，但要求30分钟内快捷通达凤凰机场或高铁站。,崇尚度假慢生活，清晨沙滩漫步，午后椰林下午茶，酷爱轻户外及后海冲浪。,名下持有一套旧两居，置换回款 65% + 个人理财储蓄补充 + 公积金商业贷,重性价比，不盲信大牌，但要求物业管理有序、绿化修剪及时、人防技防规范。,本地常住人口，四季生活规律，度假频次为常规年假出行。
三_2011_02562,三亚,2011,本地改善,39,女,2.0,11.8,0.35,25.3,4,2,否,B,agent,1,0.63,0.61,0.41,0.5,0.87,0.54,0.61,0.56,自住-改善,一室一厅,71,2048,区级税务局一级主办,二胎黄金期中大户型,三亚中环品质两居，车位及空间极其拥挤,小区无地下车库且人车不分流，小孩在楼下玩耍或者推婴儿车极为不安全。,讲究超高得房率（超85%），主卧套房必须配备独立步入式衣帽间与干湿分离双卫。,无需日常通勤，但要求30分钟内快捷通达凤凰机场或高铁站。,崇尚度假慢生活，清晨沙滩漫步，午后椰林下午茶，酷爱轻户外及后海冲浪。,名下持有一套旧两居，置换回款 65% + 个人理财储蓄补充 + 公积金商业贷,重性价比，不盲信大牌，但要求物业管理有序、绿化修剪及时、人防技防规范。,本地常住人口，四季生活规律，度假频次为常规年假出行。
三_2011_02563,三亚,2011,本地改善,47,女,2.8,15.3,0.35,32.8,4,1,否,B,agent,1,0.52,0.55,0.42,0.39,0.83,0.48,0.66,0.39,自住-改善,一室一厅,77,2306,智能新能源车企研发骨干,三口之家(学龄段),三亚中环品质两居，车位及空间极其拥挤,小区无地下车库且人车不分流，小孩在楼下玩耍或者推婴儿车极为不安全。,讲究超高得房率（超85%），主卧套房必须配备独立步入式衣帽间与干湿分离双卫。,无需日常通勤，但要求30分钟内快捷通达凤凰机场或高铁站。,崇尚度假慢生活，清晨沙滩漫步，午后椰林下午茶，酷爱轻户外及后海冲浪。,名下持有一套旧两居，置换回款 65% + 个人理财储蓄补充 + 公积金商业贷,重性价比，不盲信大牌，但要求物业管理有序、绿化修剪及时、人防技防规范。,本地常住人口，四季生活规律，度假频次为常规年假出行。
三_2011_02564,三亚,2011,本地改善,43,男,1.8,11.4,0.35,24.5,4,0,否,B,agent,0.68,0.45,0.63,0.49,0.52,0.73,0.61,0.72,0.51,自住-改善,两室两厅,56,3610,区级税务局一级主办,成熟期核心家庭,三亚中环品质两居，车位及空间极其拥挤,老小区隔音差，邻里滋扰严重，且车位严重匮乏，每晚加班回来抢车位像打仗。,讲究超高得房率（超85%），主卧套房必须配备独立步入式衣帽间与干湿分离双卫。,无需日常通勤，但要求30分钟内快捷通达凤凰机场或高铁站。,崇尚度假慢生活，清晨沙滩漫步，午后椰林下午茶，酷爱轻户外及后海冲浪。,名下持有一套旧两居，置换回款 65% + 个人理财储蓄补充 + 公积金商业贷,重性价比，不盲信大牌，但要求物业管理有序、绿化修剪及时、人防技防规范。,本地常住人口，四季生活规律，度假频次为常规年假出行。
三_2011_02565,三亚,2011,本地改善,50,女,2.2,16.3,0.35,35.0,4,1,否,B,agent,0.65,0.52,0.63,0.4,0.35,0.74,0.45,0.64,0.36,自住-改善,两室一厅,60,3432,智能新能源车企研发骨干,三口之家(学龄段),三亚中环品质两居，车位及空间极其拥挤,小区无地下车库且人车不分流，小孩在楼下玩耍或者推婴儿车极为不安全。,讲究超高得房率（超85%），主卧套房必须配备独立步入式衣帽间与干湿分离双卫。,无需日常通勤，但要求30分钟内快捷通达凤凰机场或高铁站。,崇尚度假慢生活，清晨沙滩漫步，午后椰林下午茶，酷爱轻户外及后海冲浪。,名下持有一套旧两居，置换回款 65% + 个人理财储蓄补充 + 公积金商业贷,重性价比，不盲信大牌，但要求物业管理有序、绿化修剪及时、人防技防规范。,本地常住人口，四季生活规律，度假频次为常规年假出行。
三_2011_02566,三亚,2011,外地候鸟-华北,69,女,3.3,23.8,0.5,35.7,2,0,否,B,network,0.44,0.64,0.82,0.8,0.54,0.47,0,0,0.65,度假,两室一厅,74,3551,高校资深硕导,高知退休康养,三亚中环品质两居，车位及空间极其拥挤,老小区隔音差，邻里滋扰严重，且车位严重匮乏，每晚加班回来抢车位像打仗。,要求独立电梯入户，主次卧动线分明，配备独立保姆房和私密后院。,无需日常通勤，但要求30分钟内快捷通达凤凰机场或高铁站。,崇尚度假慢生活，清晨沙滩漫步，午后椰林下午茶，酷爱轻户外及后海冲浪。,名下持有一套旧两居，置换回款 65% + 个人理财储蓄补充 + 公积金商业贷,重性价比，不盲信大牌，但要求物业管理有序、绿化修剪及时、人防技防规范。,每年11月至次年3月到此度过漫长冬季，极其依赖周边的康养及适老化服务。
三_2011_02567,三亚,2011,本地改善,50,女,3.4,17.0,0.35,36.5,5,1,否,B,agent,0.75,0.58,0.56,0.39,0.36,0.72,0.5,0.69,0.41,自住-改善,两室一厅,92,2943,重点中学高级教师,三口之家(学龄段),三亚中环品质两居，车位及空间极其拥挤,小区无地下车库且人车不分流，小孩在楼下玩耍或者推婴儿车极为不安全。,讲究超高得房率（超85%），主卧套房必须配备独立步入式衣帽间与干湿分离双卫。,无需日常通勤，但要求30分钟内快捷通达凤凰机场或高铁站。,崇尚度假慢生活，清晨沙滩漫步，午后椰林下午茶，酷爱轻户外及后海冲浪。,名下持有一套旧两居，置换回款 65% + 个人理财储蓄补充 + 公积金商业贷,重性价比，不盲信大牌，但要求物业管理有序、绿化修剪及时、人防技防规范。,本地常住人口，四季生活规律，度假频次为常规年假出行。
三_2011_02568,三亚,2011,本地改善,39,女,2.6,16.7,0.35,35.9,4,1,是,B,agent,0.63,0.66,0.65,0.51,0.45,0.67,0.64,0.6,0.57,自住-改善,两室两厅,64,3342,区级税务局一级主办,三口之家(学龄段),三亚中环品质两居，车位及空间极其拥挤,小区无地下车库且人车不分流，小孩在楼下玩耍或者推婴儿车极为不安全。,要求采光通透，全明户型，带多功能嵌入式收纳墙以最大化空间利用。,无需日常通勤，但要求30分钟内快捷通达凤凰机场或高铁站。,崇尚度假慢生活，清晨沙滩漫步，午后椰林下午茶，酷爱轻户外及后海冲浪。,名下持有一套旧两居，置换回款 65% + 个人理财储蓄补充 + 公积金商业贷,重性价比，不盲信大牌，但要求物业管理有序、绿化修剪及时、人防技防规范。,本地常住人口，四季生活规律，度假频次为常规年假出行。
三_2011_02569,三亚,2011,外地候鸟-华北,75,男,3.7,38.5,0.5,57.7,2,0,否,B,network,0.5,0.44,1,0.63,0.59,0.5,0,0,0.58,度假,两室一厅,91,4282,北京三甲医院退休教授,高知退休康养,三亚中环品质两居，车位及空间极其拥挤,老小区隔音差，邻里滋扰严重，且车位严重匮乏，每晚加班回来抢车位像打仗。,要求有超大面宽南向双阳台（观景家政分离），主卧大飘窗能270度直面自然景观。,无需日常通勤，但要求30分钟内快捷通达凤凰机场或高铁站。,崇尚度假慢生活，清晨沙滩漫步，午后椰林下午茶，酷爱轻户外及后海冲浪。,名下持有一套旧两居，置换回款 65% + 个人理财储蓄补充 + 公积金商业贷,重性价比，不盲信大牌，但要求物业管理有序、绿化修剪及时、人防技防规范。,每年11月至次年3月到此度过漫长冬季，极其依赖周边的康养及适老化服务。
三_2011_02570,三亚,2011,外地候鸟-华北,64,男,5.7,43.9,0.5,65.8,3,0,否,B,network,0.63,0.57,1,0.74,0.6,0.41,0,0.13,0.67,养老,两室两厅,87,5014,央企总部退休总工,高知退休康养,三亚中环品质两居，车位及空间极其拥挤,老小区隔音差，邻里滋扰严重，且车位严重匮乏，每晚加班回来抢车位像打仗。,要求独立电梯入户，主次卧动线分明，配备独立保姆房和私密后院。,无需日常通勤，但要求30分钟内快捷通达凤凰机场或高铁站。,崇尚度假慢生活，清晨沙滩漫步，午后椰林下午茶，酷爱轻户外及后海冲浪。,名下持有一套旧两居，置换回款 65% + 个人理财储蓄补充 + 公积金商业贷,重性价比，不盲信大牌，但要求物业管理有序、绿化修剪及时、人防技防规范。,每年11月至次年3月到此度过漫长冬季，极其依赖周边的康养及适老化服务。
三_2011_02571,三亚,2011,度假投资,39,女,8.7,99.3,0.4,186.2,4,1,否,A,research,0.71,0.39,0.89,0.65,0.61,0.34,0.11,0,0.66,度假,两室两厅,135,9465,上市公司退休联合创始人,三口之家(学龄段),陆家嘴核心区江景大平层,无高端私密会所及管家式物业配套，圈层鱼龙混杂，高净值居住体验差。,要求有超大面宽南向双阳台（观景家政分离），主卧大飘窗能270度直面自然景观。,无需日常通勤，但要求30分钟内快捷通达凤凰机场或高铁站。,周末常去高端商圈消费，热衷打网球和马术，重度手冲咖啡及黑胶唱片发烧友。,名下已有企业股权套现或分红现金，一次性全款付清，基本不加杠杆,重性价比，不盲信大牌，但要求物业管理有序、绿化修剪及时、人防技防规范。,每年11月至次年3月到此度过漫长冬季，极其依赖周边的康养及适老化服务。
三_2011_02572,三亚,2011,本地改善,35,男,1.6,7.5,0.35,16.0,4,1,是,B,agent,0.64,0.53,0.59,0.39,0.4,0.67,0.56,0.72,0.3,自住-改善,两室一厅,62,1661,重点中学高级教师,三口之家(幼龄段),三亚中环品质两居，车位及空间极其拥挤,小区无地下车库且人车不分流，小孩在楼下玩耍或者推婴儿车极为不安全。,核心要求地块属于第一梯队名校学区，且周边500米内解决幼小衔接教育配套。,无需日常通勤，但要求30分钟内快捷通达凤凰机场或高铁站。,崇尚度假慢生活，清晨沙滩漫步，午后椰林下午茶，酷爱轻户外及后海冲浪。,名下持有一套旧两居，置换回款 65% + 个人理财储蓄补充 + 公积金商业贷,重性价比，不盲信大牌，但要求物业管理有序、绿化修剪及时、人防技防规范。,本地常住人口，四季生活规律，度假频次为常规年假出行。
三_2011_02573,三亚,2011,本地改善,49,女,1.9,14.6,0.35,31.3,4,0,是,B,agent,0.69,0.62,0.64,0.54,0.21,0.93,0.47,0.62,0.6,自住-改善,两室两厅,68,3182,国企中层管理,成熟期核心家庭,三亚中环品质两居，车位及空间极其拥挤,当前房屋属于旧多层无电梯房，父母年纪渐高每天爬楼梯极为吃力。,讲究超高得房率（超85%），主卧套房必须配备独立步入式衣帽间与干湿分离双卫。,无需日常通勤，但要求30分钟内快捷通达凤凰机场或高铁站。,崇尚度假慢生活，清晨沙滩漫步，午后椰林下午茶，酷爱轻户外及后海冲浪。,名下持有一套旧两居，置换回款 65% + 个人理财储蓄补充 + 公积金商业贷,重性价比，不盲信大牌，但要求物业管理有序、绿化修剪及时、人防技防规范。,本地常住人口，四季生活规律，度假频次为常规年假出行。
三_2011_02574,三亚,2011,外地候鸟-华北,55,女,3.7,33.2,0.5,49.7,2,1,否,B,network,0.56,0.66,0.96,0.67,0.57,0.56,0.06,0,0.54,养老,两室两厅,79,4489,央企总部退休总工,三口之家(学龄段),三亚中环品质两居，车位及空间极其拥挤,小区无地下车库且人车不分流，小孩在楼下玩耍或者推婴儿车极为不安全。,要求有超大面宽南向双阳台（观景家政分离），主卧大飘窗能270度直面自然景观。,无需日常通勤，但要求30分钟内快捷通达凤凰机场或高铁站。,崇尚度假慢生活，清晨沙滩漫步，午后椰林下午茶，酷爱轻户外及后海冲浪。,名下持有一套旧两居，置换回款 65% + 个人理财储蓄补充 + 公积金商业贷,重性价比，不盲信大牌，但要求物业管理有序、绿化修剪及时、人防技防规范。,每年11月至次年3月到此度过漫长冬季，极其依赖周边的康养及适老化服务。
三_2011_02575,三亚,2011,度假投资,51,女,10.4,117.9,0.4,221.1,3,2,是,A,research,0.82,0.39,0.83,0.73,0.68,0.39,0,0,0.74,投资-短期,两室两厅,137,11725,上市公司退休联合创始人,二胎黄金期中大户型,市中心私密洋房住宅,当前房屋属于旧多层无电梯房，父母年纪渐高每天爬楼梯极为吃力。,要求独立电梯入户，主次卧动线分明，配备独立保姆房和私密后院。,无需日常通勤，但要求30分钟内快捷通达凤凰机场或高铁站。,周末常去高端商圈消费，热衷打网球和马术，重度手冲咖啡及黑胶唱片发烧友。,名下已有企业股权套现或分红现金，一次性全款付清，基本不加杠杆,非仁恒、绿城、万科等金牌开发商不买，极度看重高端精装质量与顶级物业的增值口碑。,每年11月至次年3月到此度过漫长冬季，极其依赖周边的康养及适老化服务。
三_2011_02576,三亚,2011,本地改善,40,女,1.9,13.5,0.35,28.9,3,1,否,B,agent,0.85,0.6,0.58,0.45,0.38,0.75,0.71,0.58,0.45,自住-改善,一室一厅,74,2473,国企中层管理,三口之家(学龄段),三亚中环品质两居，车位及空间极其拥挤,小区无地下车库且人车不分流，小孩在楼下玩耍或者推婴儿车极为不安全。,讲究超高得房率（超85%），主卧套房必须配备独立步入式衣帽间与干湿分离双卫。,无需日常通勤，但要求30分钟内快捷通达凤凰机场或高铁站。,崇尚度假慢生活，清晨沙滩漫步，午后椰林下午茶，酷爱轻户外及后海冲浪。,名下持有一套旧两居，置换回款 65% + 个人理财储蓄补充 + 公积金商业贷,重性价比，不盲信大牌，但要求物业管理有序、绿化修剪及时、人防技防规范。,本地常住人口，四季生活规律，度假频次为常规年假出行。
三_2011_02577,三亚,2011,本地改善,35,女,2.5,13.0,0.35,27.9,5,1,是,B,agent,0.84,0.63,0.45,0.32,0.45,0.54,0.49,0.66,0.55,自住-改善,两室两厅,83,2026,国企中层管理,三口之家(幼龄段),三亚中环品质两居，车位及空间极其拥挤,小区无地下车库且人车不分流，小孩在楼下玩耍或者推婴儿车极为不安全。,要求采光通透，全明户型，带多功能嵌入式收纳墙以最大化空间利用。,无需日常通勤，但要求30分钟内快捷通达凤凰机场或高铁站。,崇尚度假慢生活，清晨沙滩漫步，午后椰林下午茶，酷爱轻户外及后海冲浪。,名下持有一套旧两居，置换回款 65% + 个人理财储蓄补充 + 公积金商业贷,重性价比，不盲信大牌，但要求物业管理有序、绿化修剪及时、人防技防规范。,本地常住人口，四季生活规律，度假频次为常规年假出行。
三_2011_02578,三亚,2011,本地改善,42,女,2.1,8.8,0.35,18.9,4,0,是,B,agent,0.85,0.5,0.67,0.45,0.44,0.74,0.42,0.69,0.54,自住-改善,一室一厅,68,1527,三甲医院主治医师,成熟期核心家庭,三亚中环品质两居，车位及空间极其拥挤,当前房屋属于旧多层无电梯房，父母年纪渐高每天爬楼梯极为吃力。,讲究超高得房率（超85%），主卧套房必须配备独立步入式衣帽间与干湿分离双卫。,无需日常通勤，但要求30分钟内快捷通达凤凰机场或高铁站。,崇尚度假慢生活，清晨沙滩漫步，午后椰林下午茶，酷爱轻户外及后海冲浪。,名下持有一套旧两居，置换回款 65% + 个人理财储蓄补充 + 公积金商业贷,重性价比，不盲信大牌，但要求物业管理有序、绿化修剪及时、人防技防规范。,本地常住人口，四季生活规律，度假频次为常规年假出行。
三_2011_02579,三亚,2011,外地候鸟-东北,60,男,1.7,12.7,0.5,19.0,2,0,否,C,network,0.38,0.49,0.81,0.66,0.59,0.35,0,0,0.49,养老,一室一厅,97,1183,沈阳大型重工企业退休副厂长,高知退休康养,与父母同住，三代人拥挤在旧区小户型老房中,老小区隔音差，邻里滋扰严重，且车位严重匮乏，每晚加班回来抢车位像打仗。,要求有超大面宽南向双阳台（观景家政分离），主卧大飘窗能270度直面自然景观。,无需日常通勤，但要求30分钟内快捷通达凤凰机场或高铁站。,崇尚度假慢生活，清晨沙滩漫步，午后椰林下午茶，酷爱轻户外及后海冲浪。,名下持有一套旧两居，置换回款 65% + 个人理财储蓄补充 + 公积金商业贷,重性价比，不盲信大牌，但要求物业管理有序、绿化修剪及时、人防技防规范。,每年11月至次年3月到此度过漫长冬季，极其依赖周边的康养及适老化服务。
三_2011_02580,三亚,2011,度假投资,43,男,11.1,126.2,0.4,236.6,3,0,否,A,research,0.85,0.44,0.84,0.63,0.57,0.53,0,0.07,0.72,投资-短期,三室一厅,143,11810,知名中医药连锁投资人,成熟期核心家庭,陆家嘴核心区江景大平层,无高端私密会所及管家式物业配套，圈层鱼龙混杂，高净值居住体验差。,要求有超大面宽南向双阳台（观景家政分离），主卧大飘窗能270度直面自然景观。,无需日常通勤，但要求30分钟内快捷通达凤凰机场或高铁站。,周末常去高端商圈消费，热衷打网球和马术，重度手冲咖啡及黑胶唱片发烧友。,名下已有企业股权套现或分红现金，一次性全款付清，基本不加杠杆,非仁恒、绿城、万科等金牌开发商不买，极度看重高端精装质量与顶级物业的增值口碑。,每年11月至次年3月到此度过漫长冬季，极其依赖周边的康养及适老化服务。
三_2011_02581,三亚,2011,外地候鸟-华北,57,女,4.9,28.9,0.5,43.4,2,1,否,B,network,0.49,0.38,1,0.78,0.47,0.41,0.06,0,0.6,度假,两室两厅,90,3767,北京三甲医院退休教授,三口之家(学龄段),三亚中环品质两居，车位及空间极其拥挤,小区无地下车库且人车不分流，小孩在楼下玩耍或者推婴儿车极为不安全。,要求独立电梯入户，主次卧动线分明，配备独立保姆房和私密后院。,无需日常通勤，但要求30分钟内快捷通达凤凰机场或高铁站。,崇尚度假慢生活，清晨沙滩漫步，午后椰林下午茶，酷爱轻户外及后海冲浪。,名下持有一套旧两居，置换回款 65% + 个人理财储蓄补充 + 公积金商业贷,重性价比，不盲信大牌，但要求物业管理有序、绿化修剪及时、人防技防规范。,每年11月至次年3月到此度过漫长冬季，极其依赖周边的康养及适老化服务。
三_2011_02582,三亚,2011,外地候鸟-华北,70,女,4.4,28.8,0.5,43.2,2,1,否,B,network,0.23,0.54,0.92,0.75,0.55,0.46,0,0.14,0.46,养老,一室一厅,68,3930,北京三甲医院退休教授,三口之家(学龄段),三亚中环品质两居，车位及空间极其拥挤,小区无地下车库且人车不分流，小孩在楼下玩耍或者推婴儿车极为不安全。,要求独立电梯入户，主次卧动线分明，配备独立保姆房和私密后院。,无需日常通勤，但要求30分钟内快捷通达凤凰机场或高铁站。,崇尚度假慢生活，清晨沙滩漫步，午后椰林下午茶，酷爱轻户外及后海冲浪。,名下持有一套旧两居，置换回款 65% + 个人理财储蓄补充 + 公积金商业贷,重性价比，不盲信大牌，但要求物业管理有序、绿化修剪及时、人防技防规范。,每年11月至次年3月到此度过漫长冬季，极其依赖周边的康养及适老化服务。
三_2011_02583,三亚,2011,外地候鸟-西北,56,男,5.1,46.9,0.5,70.4,1,0,否,C,network,0.19,0.79,0.85,0.66,0.49,0.5,0.1,0.06,0.64,度假,一室一厅,53,9271,兰州煤炭物流运输企业主,高知退休康养,与父母同住，三代人拥挤在旧区小户型老房中,老小区隔音差，邻里滋扰严重，且车位严重匮乏，每晚加班回来抢车位像打仗。,要求有超大面宽南向双阳台（观景家政分离），主卧大飘窗能270度直面自然景观。,无需日常通勤，但要求30分钟内快捷通达凤凰机场或高铁站。,崇尚度假慢生活，清晨沙滩漫步，午后椰林下午茶，酷爱轻户外及后海冲浪。,名下持有一套旧两居，置换回款 65% + 个人理财储蓄补充 + 公积金商业贷,重性价比，不盲信大牌，但要求物业管理有序、绿化修剪及时、人防技防规范。,每年11月至次年3月到此度过漫长冬季，极其依赖周边的康养及适老化服务。
三_2011_02584,三亚,2011,外地候鸟-华北,73,男,4.8,50.2,0.5,75.3,3,0,否,B,network,0.41,0.72,0.96,0.73,0.57,0.48,0,0.1,0.51,养老,两室一厅,64,7011,央企总部退休总工,高知退休康养,三亚中环品质两居，车位及空间极其拥挤,老小区隔音差，邻里滋扰严重，且车位严重匮乏，每晚加班回来抢车位像打仗。,要求独立电梯入户，主次卧动线分明，配备独立保姆房和私密后院。,无需日常通勤，但要求30分钟内快捷通达凤凰机场或高铁站。,崇尚度假慢生活，清晨沙滩漫步，午后椰林下午茶，酷爱轻户外及后海冲浪。,名下持有一套旧两居，置换回款 65% + 个人理财储蓄补充 + 公积金商业贷,重性价比，不盲信大牌，但要求物业管理有序、绿化修剪及时、人防技防规范。,每年11月至次年3月到此度过漫长冬季，极其依赖周边的康养及适老化服务。
三_2011_02585,三亚,2011,外地候鸟-东北,73,女,1.7,12.4,0.5,18.6,1,0,否,C,network,0.38,0.53,1,0.71,0.32,0.49,0,0.04,0.5,养老,两室两厅,97,1626,哈尔滨高校退休处长,高知退休康养,与父母同住，三代人拥挤在旧区小户型老房中,老小区隔音差，邻里滋扰严重，且车位严重匮乏，每晚加班回来抢车位像打仗。,要求独立电梯入户，主次卧动线分明，配备独立保姆房和私密后院。,无需日常通勤，但要求30分钟内快捷通达凤凰机场或高铁站。,崇尚度假慢生活，清晨沙滩漫步，午后椰林下午茶，酷爱轻户外及后海冲浪。,名下持有一套旧两居，置换回款 65% + 个人理财储蓄补充 + 公积金商业贷,重性价比，不盲信大牌，但要求物业管理有序、绿化修剪及时、人防技防规范。,每年11月至次年3月到此度过漫长冬季，极其依赖周边的康养及适老化服务。
三_2011_02586,三亚,2011,度假投资,43,男,8.4,98.3,0.4,184.4,3,1,否,A,research,0.64,0.31,0.9,0.55,0.5,0.47,0,0,0.59,度假,三室两厅,104,14493,上市公司退休联合创始人,三口之家(学龄段),陆家嘴核心区江景大平层,无高端私密会所及管家式物业配套，圈层鱼龙混杂，高净值居住体验差。,要求有超大面宽南向双阳台（观景家政分离），主卧大飘窗能270度直面自然景观。,无需日常通勤，但要求30分钟内快捷通达凤凰机场或高铁站。,周末常去高端商圈消费，热衷打网球和马术，重度手冲咖啡及黑胶唱片发烧友。,名下已有企业股权套现或分红现金，一次性全款付清，基本不加杠杆,重性价比，不盲信大牌，但要求物业管理有序、绿化修剪及时、人防技防规范。,每年11月至次年3月到此度过漫长冬季，极其依赖周边的康养及适老化服务。
三_2011_02587,三亚,2011,度假投资,44,女,8.6,80.0,0.4,150.0,3,1,是,A,research,0.6,0.29,0.88,0.58,0.42,0.46,0,0,0.7,度假,三室一厅,113,11037,上市公司退休联合创始人,三口之家(学龄段),陆家嘴核心区江景大平层,当前房屋属于旧多层无电梯房，父母年纪渐高每天爬楼梯极为吃力。,要求有超大面宽南向双阳台（观景家政分离），主卧大飘窗能270度直面自然景观。,无需日常通勤，但要求30分钟内快捷通达凤凰机场或高铁站。,周末常去高端商圈消费，热衷打网球和马术，重度手冲咖啡及黑胶唱片发烧友。,名下已有企业股权套现或分红现金，一次性全款付清，基本不加杠杆,非仁恒、绿城、万科等金牌开发商不买，极度看重高端精装质量与顶级物业的增值口碑。,每年11月至次年3月到此度过漫长冬季，极其依赖周边的康养及适老化服务。
三_2011_02588,三亚,2011,度假投资,44,女,4.3,47.1,0.4,88.2,3,2,否,A,research,0.81,0.57,0.98,0.57,0.52,0.53,0.05,0.08,0.84,投资-短期,一室一厅,60,10808,知名中医药连锁投资人,二胎黄金期中大户型,陆家嘴核心区江景大平层,无高端私密会所及管家式物业配套，圈层鱼龙混杂，高净值居住体验差。,要求有超大面宽南向双阳台（观景家政分离），主卧大飘窗能270度直面自然景观。,无需日常通勤，但要求30分钟内快捷通达凤凰机场或高铁站。,周末常去高端商圈消费，热衷打网球和马术，重度手冲咖啡及黑胶唱片发烧友。,名下已有企业股权套现或分红现金，一次性全款付清，基本不加杠杆,非仁恒、绿城、万科等金牌开发商不买，极度看重高端精装质量与顶级物业的增值口碑。,每年11月至次年3月到此度过漫长冬季，极其依赖周边的康养及适老化服务。
三_2011_02589,三亚,2011,本地改善,46,女,2.3,15.2,0.35,32.5,4,1,否,B,agent,0.55,0.5,0.59,0.49,0.41,0.63,0.47,0.66,0.42,自住-改善,两室两厅,90,2771,智能新能源车企研发骨干,三口之家(学龄段),三亚中环品质两居，车位及空间极其拥挤,小区无地下车库且人车不分流，小孩在楼下玩耍或者推婴儿车极为不安全。,要求采光通透，全明户型，带多功能嵌入式收纳墙以最大化空间利用。,无需日常通勤，但要求30分钟内快捷通达凤凰机场或高铁站。,崇尚度假慢生活，清晨沙滩漫步，午后椰林下午茶，酷爱轻户外及后海冲浪。,名下持有一套旧两居，置换回款 65% + 个人理财储蓄补充 + 公积金商业贷,重性价比，不盲信大牌，但要求物业管理有序、绿化修剪及时、人防技防规范。,本地常住人口，四季生活规律，度假频次为常规年假出行。
三_2011_02590,三亚,2011,度假投资,47,男,4.0,47.0,0.4,88.2,2,1,否,A,research,0.78,0.34,0.86,0.63,0.55,0.45,0,0,0.76,投资-短期,两室一厅,88,6694,高端海景资产收藏家,三口之家(学龄段),西湖边高精平层,无高端私密会所及管家式物业配套，圈层鱼龙混杂，高净值居住体验差。,要求有超大面宽南向双阳台（观景家政分离），主卧大飘窗能270度直面自然景观。,无需日常通勤，但要求30分钟内快捷通达凤凰机场或高铁站。,周末常去高端商圈消费，热衷打网球和马术，重度手冲咖啡及黑胶唱片发烧友。,名下已有企业股权套现或分红现金，一次性全款付清，基本不加杠杆,非仁恒、绿城、万科等金牌开发商不买，极度看重高端精装质量与顶级物业的增值口碑。,每年11月至次年3月到此度过漫长冬季，极其依赖周边的康养及适老化服务。
三_2011_02591,三亚,2011,本地改善,42,男,3.2,19.5,0.35,41.8,4,1,是,B,agent,0.72,0.51,0.46,0.47,0.46,0.83,0.5,0.62,0.42,自住-改善,一室一厅,89,2561,重点中学高级教师,三口之家(学龄段),三亚中环品质两居，车位及空间极其拥挤,小区无地下车库且人车不分流，小孩在楼下玩耍或者推婴儿车极为不安全。,讲究超高得房率（超85%），主卧套房必须配备独立步入式衣帽间与干湿分离双卫。,无需日常通勤，但要求30分钟内快捷通达凤凰机场或高铁站。,崇尚度假慢生活，清晨沙滩漫步，午后椰林下午茶，酷爱轻户外及后海冲浪。,名下持有一套旧两居，置换回款 65% + 个人理财储蓄补充 + 公积金商业贷,重性价比，不盲信大牌，但要求物业管理有序、绿化修剪及时、人防技防规范。,本地常住人口，四季生活规律，度假频次为常规年假出行。
三_2011_02592,三亚,2011,本地改善,32,女,2.9,16.6,0.35,35.7,5,2,否,B,agent,0.85,0.59,0.61,0.49,0.35,0.8,0.54,0.82,0.43,自住-改善,两室一厅,67,4281,三甲医院主治医师,二胎黄金期中大户型,三亚中环品质两居，车位及空间极其拥挤,小区无地下车库且人车不分流，小孩在楼下玩耍或者推婴儿车极为不安全。,讲究超高得房率（超85%），主卧套房必须配备独立步入式衣帽间与干湿分离双卫。,无需日常通勤，但要求30分钟内快捷通达凤凰机场或高铁站。,崇尚度假慢生活，清晨沙滩漫步，午后椰林下午茶，酷爱轻户外及后海冲浪。,名下持有一套旧两居，置换回款 65% + 个人理财储蓄补充 + 公积金商业贷,重性价比，不盲信大牌，但要求物业管理有序、绿化修剪及时、人防技防规范。,本地常住人口，四季生活规律，度假频次为常规年假出行。
三_2011_02593,三亚,2011,度假投资,37,男,8.7,72.6,0.4,136.2,4,0,是,A,research,0.82,0.45,0.86,0.65,0.6,0.36,0.1,0.06,0.77,投资-长持,一室一厅,85,9928,高端海景资产收藏家,成熟期核心家庭,陆家嘴核心区江景大平层,当前房屋属于旧多层无电梯房，父母年纪渐高每天爬楼梯极为吃力。,要求有超大面宽南向双阳台（观景家政分离），主卧大飘窗能270度直面自然景观。,无需日常通勤，但要求30分钟内快捷通达凤凰机场或高铁站。,周末常去高端商圈消费，热衷打网球和马术，重度手冲咖啡及黑胶唱片发烧友。,名下已有企业股权套现或分红现金，一次性全款付清，基本不加杠杆,非仁恒、绿城、万科等金牌开发商不买，极度看重高端精装质量与顶级物业的增值口碑。,每年11月至次年3月到此度过漫长冬季，极其依赖周边的康养及适老化服务。
三_2011_02594,三亚,2011,度假投资,45,男,10.3,103.0,0.4,193.2,4,1,否,A,research,0.94,0.44,0.97,0.69,0.64,0.39,0.02,0.13,0.76,投资-短期,三室一厅,120,13084,上市公司退休联合创始人,三口之家(学龄段),市中心私密洋房住宅,无高端私密会所及管家式物业配套，圈层鱼龙混杂，高净值居住体验差。,要求有超大面宽南向双阳台（观景家政分离），主卧大飘窗能270度直面自然景观。,无需日常通勤，但要求30分钟内快捷通达凤凰机场或高铁站。,周末常去高端商圈消费，热衷打网球和马术，重度手冲咖啡及黑胶唱片发烧友。,名下已有企业股权套现或分红现金，一次性全款付清，基本不加杠杆,非仁恒、绿城、万科等金牌开发商不买，极度看重高端精装质量与顶级物业的增值口碑。,每年11月至次年3月到此度过漫长冬季，极其依赖周边的康养及适老化服务。
三_2011_02595,三亚,2011,本地改善,40,女,1.9,14.0,0.35,30.0,5,1,否,B,agent,0.85,0.6,0.5,0.42,0.58,0.72,0.43,0.6,0.35,自住-改善,两室两厅,79,2120,智能新能源车企研发骨干,三口之家(学龄段),三亚中环品质两居，车位及空间极其拥挤,小区无地下车库且人车不分流，小孩在楼下玩耍或者推婴儿车极为不安全。,讲究超高得房率（超85%），主卧套房必须配备独立步入式衣帽间与干湿分离双卫。,无需日常通勤，但要求30分钟内快捷通达凤凰机场或高铁站。,崇尚度假慢生活，清晨沙滩漫步，午后椰林下午茶，酷爱轻户外及后海冲浪。,名下持有一套旧两居，置换回款 65% + 个人理财储蓄补充 + 公积金商业贷,重性价比，不盲信大牌，但要求物业管理有序、绿化修剪及时、人防技防规范。,本地常住人口，四季生活规律，度假频次为常规年假出行。
三_2011_02596,三亚,2011,外地候鸟-东北,74,女,2.5,13.9,0.5,20.9,1,0,是,C,network,0.29,0.65,0.91,0.74,0.61,0.59,0.0,0,0.52,度假,两室两厅,50,3399,沈阳大型重工企业退休副厂长,高知退休康养,与父母同住，三代人拥挤在旧区小户型老房中,当前房屋属于旧多层无电梯房，父母年纪渐高每天爬楼梯极为吃力。,要求独立电梯入户，主次卧动线分明，配备独立保姆房和私密后院。,无需日常通勤，但要求30分钟内快捷通达凤凰机场或高铁站。,崇尚度假慢生活，清晨沙滩漫步，午后椰林下午茶，酷爱轻户外及后海冲浪。,名下持有一套旧两居，置换回款 65% + 个人理财储蓄补充 + 公积金商业贷,重性价比，不盲信大牌，但要求物业管理有序、绿化修剪及时、人防技防规范。,每年11月至次年3月到此度过漫长冬季，极其依赖周边的康养及适老化服务。
三_2011_02597,三亚,2011,本地改善,35,女,3.1,23.2,0.35,49.8,4,1,否,B,agent,0.56,0.52,0.53,0.42,0.3,0.75,0.49,0.83,0.4,自住-改善,两室两厅,97,3095,重点中学高级教师,三口之家(幼龄段),三亚中环品质两居，车位及空间极其拥挤,小区无地下车库且人车不分流，小孩在楼下玩耍或者推婴儿车极为不安全。,讲究超高得房率（超85%），主卧套房必须配备独立步入式衣帽间与干湿分离双卫。,无需日常通勤，但要求30分钟内快捷通达凤凰机场或高铁站。,崇尚度假慢生活，清晨沙滩漫步，午后椰林下午茶，酷爱轻户外及后海冲浪。,名下持有一套旧两居，置换回款 65% + 个人理财储蓄补充 + 公积金商业贷,重性价比，不盲信大牌，但要求物业管理有序、绿化修剪及时、人防技防规范。,本地常住人口，四季生活规律，度假频次为常规年假出行。
三_2011_02598,三亚,2011,外地候鸟-华北,63,男,1.5,15.5,0.5,23.3,2,0,否,B,network,0.34,0.46,0.93,0.7,0.69,0.35,0.09,0,0.49,养老,两室两厅,91,1899,北京三甲医院退休教授,高知退休康养,三亚中环品质两居，车位及空间极其拥挤,老小区隔音差，邻里滋扰严重，且车位严重匮乏，每晚加班回来抢车位像打仗。,要求独立电梯入户，主次卧动线分明，配备独立保姆房和私密后院。,无需日常通勤，但要求30分钟内快捷通达凤凰机场或高铁站。,崇尚度假慢生活，清晨沙滩漫步，午后椰林下午茶，酷爱轻户外及后海冲浪。,名下持有一套旧两居，置换回款 65% + 个人理财储蓄补充 + 公积金商业贷,重性价比，不盲信大牌，但要求物业管理有序、绿化修剪及时、人防技防规范。,每年11月至次年3月到此度过漫长冬季，极其依赖周边的康养及适老化服务。
三_2011_02599,三亚,2011,度假投资,51,女,7.3,93.6,0.4,175.5,3,1,否,A,research,0.92,0.43,0.8,0.74,0.68,0.46,0.09,0,0.85,投资-短期,三室两厅,96,12248,知名中医药连锁投资人,三口之家(学龄段),陆家嘴核心区江景大平层,无高端私密会所及管家式物业配套，圈层鱼龙混杂，高净值居住体验差。,要求独立电梯入户，主次卧动线分明，配备独立保姆房和私密后院。,无需日常通勤，但要求30分钟内快捷通达凤凰机场或高铁站。,周末常去高端商圈消费，热衷打网球和马术，重度手冲咖啡及黑胶唱片发烧友。,名下已有企业股权套现或分红现金，一次性全款付清，基本不加杠杆,非仁恒、绿城、万科等金牌开发商不买，极度看重高端精装质量与顶级物业的增值口碑。,每年11月至次年3月到此度过漫长冬季，极其依赖周边的康养及适老化服务。
三_2011_02600,三亚,2011,本地改善,33,男,2.3,13.3,0.35,28.5,5,1,否,B,agent,0.6,0.59,0.53,0.41,0.22,0.71,0.42,0.74,0.44,自住-改善,两室两厅,64,2931,智能新能源车企研发骨干,三口之家(幼龄段),三亚中环品质两居，车位及空间极其拥挤,小区无地下车库且人车不分流，小孩在楼下玩耍或者推婴儿车极为不安全。,讲究超高得房率（超85%），主卧套房必须配备独立步入式衣帽间与干湿分离双卫。,无需日常通勤，但要求30分钟内快捷通达凤凰机场或高铁站。,崇尚度假慢生活，清晨沙滩漫步，午后椰林下午茶，酷爱轻户外及后海冲浪。,名下持有一套旧两居，置换回款 65% + 个人理财储蓄补充 + 公积金商业贷,重性价比，不盲信大牌，但要求物业管理有序、绿化修剪及时、人防技防规范。,本地常住人口，四季生活规律，度假频次为常规年假出行。
三_2011_02601,三亚,2011,本地改善,41,男,2.5,15.0,0.35,32.2,4,1,否,B,agent,0.71,0.57,0.44,0.59,0.48,0.74,0.64,0.73,0.54,自住-改善,两室两厅,74,3732,区级税务局一级主办,三口之家(学龄段),三亚中环品质两居，车位及空间极其拥挤,小区无地下车库且人车不分流，小孩在楼下玩耍或者推婴儿车极为不安全。,讲究超高得房率（超85%），主卧套房必须配备独立步入式衣帽间与干湿分离双卫。,无需日常通勤，但要求30分钟内快捷通达凤凰机场或高铁站。,崇尚度假慢生活，清晨沙滩漫步，午后椰林下午茶，酷爱轻户外及后海冲浪。,名下持有一套旧两居，置换回款 65% + 个人理财储蓄补充 + 公积金商业贷,重性价比，不盲信大牌，但要求物业管理有序、绿化修剪及时、人防技防规范。,本地常住人口，四季生活规律，度假频次为常规年假出行。
三_2011_02602,三亚,2011,本地改善,45,女,1.8,12.3,0.35,26.3,4,2,否,B,agent,0.81,0.55,0.65,0.59,0.33,0.75,0.59,0.64,0.38,自住-改善,两室一厅,93,1572,重点中学高级教师,二胎黄金期中大户型,三亚中环品质两居，车位及空间极其拥挤,小区无地下车库且人车不分流，小孩在楼下玩耍或者推婴儿车极为不安全。,讲究超高得房率（超85%），主卧套房必须配备独立步入式衣帽间与干湿分离双卫。,无需日常通勤，但要求30分钟内快捷通达凤凰机场或高铁站。,崇尚度假慢生活，清晨沙滩漫步，午后椰林下午茶，酷爱轻户外及后海冲浪。,名下持有一套旧两居，置换回款 65% + 个人理财储蓄补充 + 公积金商业贷,重性价比，不盲信大牌，但要求物业管理有序、绿化修剪及时、人防技防规范。,本地常住人口，四季生活规律，度假频次为常规年假出行。
三_2011_02603,三亚,2011,外地候鸟-西北,71,男,3.7,22.1,0.5,33.1,3,0,否,C,network,0.63,0.63,1,0.67,0.58,0.44,0.02,0,0.55,养老,两室两厅,79,2648,西安设计院退休总建筑师,高知退休康养,与父母同住，三代人拥挤在旧区小户型老房中,老小区隔音差，邻里滋扰严重，且车位严重匮乏，每晚加班回来抢车位像打仗。,要求有超大面宽南向双阳台（观景家政分离），主卧大飘窗能270度直面自然景观。,无需日常通勤，但要求30分钟内快捷通达凤凰机场或高铁站。,崇尚度假慢生活，清晨沙滩漫步，午后椰林下午茶，酷爱轻户外及后海冲浪。,名下持有一套旧两居，置换回款 65% + 个人理财储蓄补充 + 公积金商业贷,重性价比，不盲信大牌，但要求物业管理有序、绿化修剪及时、人防技防规范。,每年11月至次年3月到此度过漫长冬季，极其依赖周边的康养及适老化服务。
三_2011_02604,三亚,2011,度假投资,48,男,4.1,38.7,0.4,72.5,3,1,否,A,research,0.97,0.48,0.88,0.62,0.37,0.42,0.02,0.06,0.82,投资-短期,一室一厅,65,9286,上市公司退休联合创始人,三口之家(学龄段),市中心私密洋房住宅,无高端私密会所及管家式物业配套，圈层鱼龙混杂，高净值居住体验差。,要求有超大面宽南向双阳台（观景家政分离），主卧大飘窗能270度直面自然景观。,无需日常通勤，但要求30分钟内快捷通达凤凰机场或高铁站。,周末常去高端商圈消费，热衷打网球和马术，重度手冲咖啡及黑胶唱片发烧友。,名下已有企业股权套现或分红现金，一次性全款付清，基本不加杠杆,非仁恒、绿城、万科等金牌开发商不买，极度看重高端精装质量与顶级物业的增值口碑。,每年11月至次年3月到此度过漫长冬季，极其依赖周边的康养及适老化服务。
三_2011_02605,三亚,2011,外地候鸟-华北,72,男,2.6,25.8,0.5,38.7,3,0,否,B,network,0.46,0.57,1,0.78,0.53,0.59,0,0,0.71,度假,一室一厅,84,2728,北京三甲医院退休教授,高知退休康养,三亚中环品质两居，车位及空间极其拥挤,老小区隔音差，邻里滋扰严重，且车位严重匮乏，每晚加班回来抢车位像打仗。,要求独立电梯入户，主次卧动线分明，配备独立保姆房和私密后院。,无需日常通勤，但要求30分钟内快捷通达凤凰机场或高铁站。,崇尚度假慢生活，清晨沙滩漫步，午后椰林下午茶，酷爱轻户外及后海冲浪。,名下持有一套旧两居，置换回款 65% + 个人理财储蓄补充 + 公积金商业贷,非仁恒、绿城、万科等金牌开发商不买，极度看重高端精装质量与顶级物业的增值口碑。,每年11月至次年3月到此度过漫长冬季，极其依赖周边的康养及适老化服务。
三_2011_02606,三亚,2011,外地候鸟-西北,75,男,3.3,22.9,0.5,34.3,2,0,否,C,network,0.65,0.52,0.81,0.63,0.63,0.53,0.03,0.09,0.32,度假,两室一厅,58,4662,兰州煤炭物流运输企业主,高知退休康养,与父母同住，三代人拥挤在旧区小户型老房中,老小区隔音差，邻里滋扰严重，且车位严重匮乏，每晚加班回来抢车位像打仗。,要求有超大面宽南向双阳台（观景家政分离），主卧大飘窗能270度直面自然景观。,无需日常通勤，但要求30分钟内快捷通达凤凰机场或高铁站。,崇尚度假慢生活，清晨沙滩漫步，午后椰林下午茶，酷爱轻户外及后海冲浪。,名下持有一套旧两居，置换回款 65% + 个人理财储蓄补充 + 公积金商业贷,重性价比，不盲信大牌，但要求物业管理有序、绿化修剪及时、人防技防规范。,每年11月至次年3月到此度过漫长冬季，极其依赖周边的康养及适老化服务。
三_2011_02607,三亚,2011,本地改善,50,女,1.4,6.8,0.35,14.7,4,0,否,B,agent,0.87,0.41,0.71,0.54,0.35,0.69,0.5,0.72,0.36,自住-改善,两室两厅,58,2066,智能新能源车企研发骨干,成熟期核心家庭,三亚中环品质两居，车位及空间极其拥挤,老小区隔音差，邻里滋扰严重，且车位严重匮乏，每晚加班回来抢车位像打仗。,要求有超大面宽南向双阳台（观景家政分离），主卧大飘窗能270度直面自然景观。,无需日常通勤，但要求30分钟内快捷通达凤凰机场或高铁站。,崇尚度假慢生活，清晨沙滩漫步，午后椰林下午茶，酷爱轻户外及后海冲浪。,名下持有一套旧两居，置换回款 65% + 个人理财储蓄补充 + 公积金商业贷,重性价比，不盲信大牌，但要求物业管理有序、绿化修剪及时、人防技防规范。,本地常住人口，四季生活规律，度假频次为常规年假出行。
三_2011_02608,三亚,2011,外地候鸟-东北,76,男,5.6,33.0,0.5,49.5,2,1,否,C,network,0.53,0.68,0.94,0.77,0.41,0.39,0,0.12,0.51,度假,两室两厅,94,4041,哈尔滨私营物流老板,三口之家(学龄段),与父母同住，三代人拥挤在旧区小户型老房中,小区无地下车库且人车不分流，小孩在楼下玩耍或者推婴儿车极为不安全。,要求独立电梯入户，主次卧动线分明，配备独立保姆房和私密后院。,无需日常通勤，但要求30分钟内快捷通达凤凰机场或高铁站。,崇尚度假慢生活，清晨沙滩漫步，午后椰林下午茶，酷爱轻户外及后海冲浪。,名下持有一套旧两居，置换回款 65% + 个人理财储蓄补充 + 公积金商业贷,重性价比，不盲信大牌，但要求物业管理有序、绿化修剪及时、人防技防规范。,每年11月至次年3月到此度过漫长冬季，极其依赖周边的康养及适老化服务。
三_2011_02609,三亚,2011,本地改善,49,男,3.0,21.4,0.35,45.8,4,1,否,B,agent,0.84,0.5,0.55,0.45,0.29,0.82,0.4,0.81,0.51,自住-改善,一室一厅,86,3079,区级税务局一级主办,三口之家(学龄段),三亚中环品质两居，车位及空间极其拥挤,小区无地下车库且人车不分流，小孩在楼下玩耍或者推婴儿车极为不安全。,讲究超高得房率（超85%），主卧套房必须配备独立步入式衣帽间与干湿分离双卫。,无需日常通勤，但要求30分钟内快捷通达凤凰机场或高铁站。,崇尚度假慢生活，清晨沙滩漫步，午后椰林下午茶，酷爱轻户外及后海冲浪。,名下持有一套旧两居，置换回款 65% + 个人理财储蓄补充 + 公积金商业贷,重性价比，不盲信大牌，但要求物业管理有序、绿化修剪及时、人防技防规范。,本地常住人口，四季生活规律，度假频次为常规年假出行。
三_2011_02610,三亚,2011,度假投资,49,女,7.6,53.2,0.4,99.8,2,1,是,A,research,0.91,0.4,0.79,0.61,0.6,0.45,0.08,0.07,0.91,投资-长持,两室一厅,59,10230,上市公司退休联合创始人,三口之家(学龄段),西湖边高精平层,当前房屋属于旧多层无电梯房，父母年纪渐高每天爬楼梯极为吃力。,要求有超大面宽南向双阳台（观景家政分离），主卧大飘窗能270度直面自然景观。,无需日常通勤，但要求30分钟内快捷通达凤凰机场或高铁站。,周末常去高端商圈消费，热衷打网球和马术，重度手冲咖啡及黑胶唱片发烧友。,名下已有企业股权套现或分红现金，一次性全款付清，基本不加杠杆,非仁恒、绿城、万科等金牌开发商不买，极度看重高端精装质量与顶级物业的增值口碑。,每年11月至次年3月到此度过漫长冬季，极其依赖周边的康养及适老化服务。
三_2011_02611,三亚,2011,本地改善,32,女,2.9,17.0,0.35,36.4,5,2,否,B,agent,0.74,0.43,0.54,0.44,0.38,0.51,0.47,0.59,0.33,自住-改善,两室一厅,86,3122,重点中学高级教师,二胎黄金期中大户型,三亚中环品质两居，车位及空间极其拥挤,小区无地下车库且人车不分流，小孩在楼下玩耍或者推婴儿车极为不安全。,要求采光通透，全明户型，带多功能嵌入式收纳墙以最大化空间利用。,无需日常通勤，但要求30分钟内快捷通达凤凰机场或高铁站。,崇尚度假慢生活，清晨沙滩漫步，午后椰林下午茶，酷爱轻户外及后海冲浪。,名下持有一套旧两居，置换回款 65% + 个人理财储蓄补充 + 公积金商业贷,重性价比，不盲信大牌，但要求物业管理有序、绿化修剪及时、人防技防规范。,本地常住人口，四季生活规律，度假频次为常规年假出行。
三_2011_02612,三亚,2011,外地候鸟-西北,55,男,2.6,22.6,0.5,33.9,1,0,否,C,network,0.13,0.46,1,0.68,0.5,0.48,0.09,0.01,0.48,养老,两室两厅,100,3035,兰州煤炭物流运输企业主,高知退休康养,与父母同住，三代人拥挤在旧区小户型老房中,老小区隔音差，邻里滋扰严重，且车位严重匮乏，每晚加班回来抢车位像打仗。,要求有超大面宽南向双阳台（观景家政分离），主卧大飘窗能270度直面自然景观。,无需日常通勤，但要求30分钟内快捷通达凤凰机场或高铁站。,崇尚度假慢生活，清晨沙滩漫步，午后椰林下午茶，酷爱轻户外及后海冲浪。,名下持有一套旧两居，置换回款 65% + 个人理财储蓄补充 + 公积金商业贷,重性价比，不盲信大牌，但要求物业管理有序、绿化修剪及时、人防技防规范。,每年11月至次年3月到此度过漫长冬季，极其依赖周边的康养及适老化服务。
三_2011_02613,三亚,2011,本地改善,42,男,1.3,8.6,0.35,18.4,3,1,是,B,agent,0.84,0.48,0.48,0.47,0.28,0.83,0.5,0.78,0.37,自住-改善,两室两厅,62,2277,重点中学高级教师,三口之家(学龄段),三亚中环品质两居，车位及空间极其拥挤,小区无地下车库且人车不分流，小孩在楼下玩耍或者推婴儿车极为不安全。,讲究超高得房率（超85%），主卧套房必须配备独立步入式衣帽间与干湿分离双卫。,无需日常通勤，但要求30分钟内快捷通达凤凰机场或高铁站。,崇尚度假慢生活，清晨沙滩漫步，午后椰林下午茶，酷爱轻户外及后海冲浪。,名下持有一套旧两居，置换回款 65% + 个人理财储蓄补充 + 公积金商业贷,重性价比，不盲信大牌，但要求物业管理有序、绿化修剪及时、人防技防规范。,本地常住人口，四季生活规律，度假频次为常规年假出行。
三_2011_02614,三亚,2011,度假投资,39,男,6.7,58.6,0.4,109.8,3,2,否,A,research,0.94,0.35,0.92,0.52,0.4,0.4,0,0,0.92,投资-长持,一室一厅,81,7922,知名中医药连锁投资人,二胎黄金期中大户型,市中心私密洋房住宅,无高端私密会所及管家式物业配套，圈层鱼龙混杂，高净值居住体验差。,要求有超大面宽南向双阳台（观景家政分离），主卧大飘窗能270度直面自然景观。,无需日常通勤，但要求30分钟内快捷通达凤凰机场或高铁站。,周末常去高端商圈消费，热衷打网球和马术，重度手冲咖啡及黑胶唱片发烧友。,名下已有企业股权套现或分红现金，一次性全款付清，基本不加杠杆,非仁恒、绿城、万科等金牌开发商不买，极度看重高端精装质量与顶级物业的增值口碑。,每年11月至次年3月到此度过漫长冬季，极其依赖周边的康养及适老化服务。
三_2011_02615,三亚,2011,外地候鸟-东北,64,男,3.9,23.7,0.5,35.5,1,0,否,C,network,0.62,0.69,0.96,0.65,0.57,0.51,0,0.03,0.39,度假,一室一厅,74,3696,沈阳大型重工企业退休副厂长,高知退休康养,与父母同住，三代人拥挤在旧区小户型老房中,老小区隔音差，邻里滋扰严重，且车位严重匮乏，每晚加班回来抢车位像打仗。,要求有超大面宽南向双阳台（观景家政分离），主卧大飘窗能270度直面自然景观。,无需日常通勤，但要求30分钟内快捷通达凤凰机场或高铁站。,崇尚度假慢生活，清晨沙滩漫步，午后椰林下午茶，酷爱轻户外及后海冲浪。,名下持有一套旧两居，置换回款 65% + 个人理财储蓄补充 + 公积金商业贷,重性价比，不盲信大牌，但要求物业管理有序、绿化修剪及时、人防技防规范。,每年11月至次年3月到此度过漫长冬季，极其依赖周边的康养及适老化服务。
三_2011_02616,三亚,2011,外地候鸟-东北,59,男,4.7,37.2,0.5,55.8,1,0,否,C,network,0.2,0.65,0.97,0.72,0.46,0.56,0.04,0,0.65,度假,一室一厅,78,4499,哈尔滨高校退休处长,高知退休康养,与父母同住，三代人拥挤在旧区小户型老房中,老小区隔音差，邻里滋扰严重，且车位严重匮乏，每晚加班回来抢车位像打仗。,要求独立电梯入户，主次卧动线分明，配备独立保姆房和私密后院。,无需日常通勤，但要求30分钟内快捷通达凤凰机场或高铁站。,崇尚度假慢生活，清晨沙滩漫步，午后椰林下午茶，酷爱轻户外及后海冲浪。,名下持有一套旧两居，置换回款 65% + 个人理财储蓄补充 + 公积金商业贷,重性价比，不盲信大牌，但要求物业管理有序、绿化修剪及时、人防技防规范。,每年11月至次年3月到此度过漫长冬季，极其依赖周边的康养及适老化服务。
三_2011_02617,三亚,2011,外地候鸟-东北,72,女,2.0,15.5,0.5,23.2,1,0,否,C,network,0.19,0.61,0.96,0.69,0.51,0.4,0,0.07,0.54,度假,两室两厅,68,2341,哈尔滨私营物流老板,高知退休康养,与父母同住，三代人拥挤在旧区小户型老房中,老小区隔音差，邻里滋扰严重，且车位严重匮乏，每晚加班回来抢车位像打仗。,要求有超大面宽南向双阳台（观景家政分离），主卧大飘窗能270度直面自然景观。,无需日常通勤，但要求30分钟内快捷通达凤凰机场或高铁站。,崇尚度假慢生活，清晨沙滩漫步，午后椰林下午茶，酷爱轻户外及后海冲浪。,名下持有一套旧两居，置换回款 65% + 个人理财储蓄补充 + 公积金商业贷,重性价比，不盲信大牌，但要求物业管理有序、绿化修剪及时、人防技防规范。,每年11月至次年3月到此度过漫长冬季，极其依赖周边的康养及适老化服务。
三_2011_02618,三亚,2011,度假投资,51,男,11.1,85.1,0.4,159.6,3,1,否,A,research,0.63,0.43,0.75,0.58,0.49,0.44,0,0.01,0.74,投资-短期,两室两厅,124,9353,上市公司退休联合创始人,三口之家(学龄段),陆家嘴核心区江景大平层,无高端私密会所及管家式物业配套，圈层鱼龙混杂，高净值居住体验差。,要求有超大面宽南向双阳台（观景家政分离），主卧大飘窗能270度直面自然景观。,无需日常通勤，但要求30分钟内快捷通达凤凰机场或高铁站。,周末常去高端商圈消费，热衷打网球和马术，重度手冲咖啡及黑胶唱片发烧友。,名下已有企业股权套现或分红现金，一次性全款付清，基本不加杠杆,非仁恒、绿城、万科等金牌开发商不买，极度看重高端精装质量与顶级物业的增值口碑。,每年11月至次年3月到此度过漫长冬季，极其依赖周边的康养及适老化服务。
三_2011_02619,三亚,2011,度假投资,51,男,6.9,78.5,0.4,147.1,2,1,否,A,research,0.74,0.38,0.86,0.67,0.57,0.37,0,0,0.54,度假,两室一厅,85,14052,高端海景资产收藏家,三口之家(学龄段),陆家嘴核心区江景大平层,无高端私密会所及管家式物业配套，圈层鱼龙混杂，高净值居住体验差。,要求有超大面宽南向双阳台（观景家政分离），主卧大飘窗能270度直面自然景观。,无需日常通勤，但要求30分钟内快捷通达凤凰机场或高铁站。,周末常去高端商圈消费，热衷打网球和马术，重度手冲咖啡及黑胶唱片发烧友。,名下已有企业股权套现或分红现金，一次性全款付清，基本不加杠杆,重性价比，不盲信大牌，但要求物业管理有序、绿化修剪及时、人防技防规范。,每年11月至次年3月到此度过漫长冬季，极其依赖周边的康养及适老化服务。
三_2011_02620,三亚,2011,度假投资,48,女,8.9,68.9,0.4,129.2,4,2,否,A,research,0.67,0.47,0.75,0.43,0.54,0.24,0.01,0,0.83,投资-短期,两室两厅,76,12543,上市公司退休联合创始人,二胎黄金期中大户型,市中心私密洋房住宅,无高端私密会所及管家式物业配套，圈层鱼龙混杂，高净值居住体验差。,要求有超大面宽南向双阳台（观景家政分离），主卧大飘窗能270度直面自然景观。,无需日常通勤，但要求30分钟内快捷通达凤凰机场或高铁站。,周末常去高端商圈消费，热衷打网球和马术，重度手冲咖啡及黑胶唱片发烧友。,名下已有企业股权套现或分红现金，一次性全款付清，基本不加杠杆,非仁恒、绿城、万科等金牌开发商不买，极度看重高端精装质量与顶级物业的增值口碑。,每年11月至次年3月到此度过漫长冬季，极其依赖周边的康养及适老化服务。
三_2011_02621,三亚,2011,外地候鸟-华北,59,女,4.1,26.8,0.5,40.2,3,0,否,B,network,0.18,0.5,1,0.63,0.57,0.43,0.03,0.0,0.59,养老,一室一厅,88,3842,高校资深硕导,高知退休康养,三亚中环品质两居，车位及空间极其拥挤,老小区隔音差，邻里滋扰严重，且车位严重匮乏，每晚加班回来抢车位像打仗。,要求有超大面宽南向双阳台（观景家政分离），主卧大飘窗能270度直面自然景观。,无需日常通勤，但要求30分钟内快捷通达凤凰机场或高铁站。,崇尚度假慢生活，清晨沙滩漫步，午后椰林下午茶，酷爱轻户外及后海冲浪。,名下持有一套旧两居，置换回款 65% + 个人理财储蓄补充 + 公积金商业贷,重性价比，不盲信大牌，但要求物业管理有序、绿化修剪及时、人防技防规范。,每年11月至次年3月到此度过漫长冬季，极其依赖周边的康养及适老化服务。
三_2011_02622,三亚,2011,本地改善,47,男,2.2,15.0,0.35,32.1,4,2,是,B,agent,0.69,0.37,0.5,0.42,0.28,0.79,0.48,0.78,0.5,自住-改善,两室一厅,50,5669,区级税务局一级主办,二胎黄金期中大户型,三亚中环品质两居，车位及空间极其拥挤,小区无地下车库且人车不分流，小孩在楼下玩耍或者推婴儿车极为不安全。,讲究超高得房率（超85%），主卧套房必须配备独立步入式衣帽间与干湿分离双卫。,无需日常通勤，但要求30分钟内快捷通达凤凰机场或高铁站。,崇尚度假慢生活，清晨沙滩漫步，午后椰林下午茶，酷爱轻户外及后海冲浪。,名下持有一套旧两居，置换回款 65% + 个人理财储蓄补充 + 公积金商业贷,重性价比，不盲信大牌，但要求物业管理有序、绿化修剪及时、人防技防规范。,本地常住人口，四季生活规律，度假频次为常规年假出行。
三_2011_02623,三亚,2011,本地改善,32,女,2.8,11.9,0.35,25.6,5,1,是,B,agent,0.62,0.54,0.59,0.45,0.36,0.84,0.49,0.71,0.48,自住-改善,两室一厅,75,2775,区级税务局一级主办,三口之家(幼龄段),三亚中环品质两居，车位及空间极其拥挤,小区无地下车库且人车不分流，小孩在楼下玩耍或者推婴儿车极为不安全。,讲究超高得房率（超85%），主卧套房必须配备独立步入式衣帽间与干湿分离双卫。,无需日常通勤，但要求30分钟内快捷通达凤凰机场或高铁站。,崇尚度假慢生活，清晨沙滩漫步，午后椰林下午茶，酷爱轻户外及后海冲浪。,名下持有一套旧两居，置换回款 65% + 个人理财储蓄补充 + 公积金商业贷,重性价比，不盲信大牌，但要求物业管理有序、绿化修剪及时、人防技防规范。,本地常住人口，四季生活规律，度假频次为常规年假出行。
三_2011_02624,三亚,2011,外地候鸟-西北,59,男,3.6,32.8,0.5,49.2,1,1,否,C,network,0.32,0.61,0.91,0.62,0.6,0.39,0.06,0.03,0.55,养老,两室两厅,64,5650,西安设计院退休总建筑师,三口之家(学龄段),与父母同住，三代人拥挤在旧区小户型老房中,小区无地下车库且人车不分流，小孩在楼下玩耍或者推婴儿车极为不安全。,要求有超大面宽南向双阳台（观景家政分离），主卧大飘窗能270度直面自然景观。,无需日常通勤，但要求30分钟内快捷通达凤凰机场或高铁站。,崇尚度假慢生活，清晨沙滩漫步，午后椰林下午茶，酷爱轻户外及后海冲浪。,名下持有一套旧两居，置换回款 65% + 个人理财储蓄补充 + 公积金商业贷,重性价比，不盲信大牌，但要求物业管理有序、绿化修剪及时、人防技防规范。,每年11月至次年3月到此度过漫长冬季，极其依赖周边的康养及适老化服务。
三_2011_02625,三亚,2011,度假投资,42,男,11.2,120.2,0.4,225.3,4,1,否,A,research,1,0.44,0.89,0.5,0.51,0.46,0,0,0.83,投资-短期,两室两厅,142,12216,知名中医药连锁投资人,三口之家(学龄段),西湖边高精平层,无高端私密会所及管家式物业配套，圈层鱼龙混杂，高净值居住体验差。,要求有超大面宽南向双阳台（观景家政分离），主卧大飘窗能270度直面自然景观。,无需日常通勤，但要求30分钟内快捷通达凤凰机场或高铁站。,周末常去高端商圈消费，热衷打网球和马术，重度手冲咖啡及黑胶唱片发烧友。,名下已有企业股权套现或分红现金，一次性全款付清，基本不加杠杆,非仁恒、绿城、万科等金牌开发商不买，极度看重高端精装质量与顶级物业的增值口碑。,每年11月至次年3月到此度过漫长冬季，极其依赖周边的康养及适老化服务。
三_2011_02626,三亚,2011,外地候鸟-华北,55,女,3.7,33.1,0.5,49.7,1,0,否,B,network,0.5,0.61,0.97,0.68,0.54,0.52,0.05,0,0.51,度假,两室两厅,92,4808,央企总部退休总工,高知退休康养,三亚中环品质两居，车位及空间极其拥挤,老小区隔音差，邻里滋扰严重，且车位严重匮乏，每晚加班回来抢车位像打仗。,要求有超大面宽南向双阳台（观景家政分离），主卧大飘窗能270度直面自然景观。,无需日常通勤，但要求30分钟内快捷通达凤凰机场或高铁站。,崇尚度假慢生活，清晨沙滩漫步，午后椰林下午茶，酷爱轻户外及后海冲浪。,名下持有一套旧两居，置换回款 65% + 个人理财储蓄补充 + 公积金商业贷,重性价比，不盲信大牌，但要求物业管理有序、绿化修剪及时、人防技防规范。,每年11月至次年3月到此度过漫长冬季，极其依赖周边的康养及适老化服务。
三_2011_02627,三亚,2011,外地候鸟-东北,74,男,3.6,23.7,0.5,35.6,2,1,否,C,network,0.25,0.64,1,0.82,0.61,0.46,0.08,0.07,0.53,度假,两室一厅,79,2306,沈阳大型重工企业退休副厂长,三口之家(学龄段),与父母同住，三代人拥挤在旧区小户型老房中,小区无地下车库且人车不分流，小孩在楼下玩耍或者推婴儿车极为不安全。,要求独立电梯入户，主次卧动线分明，配备独立保姆房和私密后院。,无需日常通勤，但要求30分钟内快捷通达凤凰机场或高铁站。,崇尚度假慢生活，清晨沙滩漫步，午后椰林下午茶，酷爱轻户外及后海冲浪。,名下持有一套旧两居，置换回款 65% + 个人理财储蓄补充 + 公积金商业贷,重性价比，不盲信大牌，但要求物业管理有序、绿化修剪及时、人防技防规范。,每年11月至次年3月到此度过漫长冬季，极其依赖周边的康养及适老化服务。
三_2011_02628,三亚,2011,本地改善,36,男,2.2,16.0,0.35,34.4,3,1,否,B,agent,0.8,0.75,0.74,0.45,0.35,0.53,0.41,0.63,0.48,自住-改善,两室两厅,58,5034,国企中层管理,三口之家(幼龄段),三亚中环品质两居，车位及空间极其拥挤,小区无地下车库且人车不分流，小孩在楼下玩耍或者推婴儿车极为不安全。,要求有超大面宽南向双阳台（观景家政分离），主卧大飘窗能270度直面自然景观。,无需日常通勤，但要求30分钟内快捷通达凤凰机场或高铁站。,崇尚度假慢生活，清晨沙滩漫步，午后椰林下午茶，酷爱轻户外及后海冲浪。,名下持有一套旧两居，置换回款 65% + 个人理财储蓄补充 + 公积金商业贷,重性价比，不盲信大牌，但要求物业管理有序、绿化修剪及时、人防技防规范。,本地常住人口，四季生活规律，度假频次为常规年假出行。
三_2011_02629,三亚,2011,外地候鸟-东北,71,女,3.9,29.6,0.5,44.4,2,0,否,C,network,0.36,0.62,0.97,0.63,0.46,0.43,0,0,0.52,养老,一室一厅,84,3094,沈阳大型重工企业退休副厂长,高知退休康养,与父母同住，三代人拥挤在旧区小户型老房中,老小区隔音差，邻里滋扰严重，且车位严重匮乏，每晚加班回来抢车位像打仗。,要求有超大面宽南向双阳台（观景家政分离），主卧大飘窗能270度直面自然景观。,无需日常通勤，但要求30分钟内快捷通达凤凰机场或高铁站。,崇尚度假慢生活，清晨沙滩漫步，午后椰林下午茶，酷爱轻户外及后海冲浪。,名下持有一套旧两居，置换回款 65% + 个人理财储蓄补充 + 公积金商业贷,重性价比，不盲信大牌，但要求物业管理有序、绿化修剪及时、人防技防规范。,每年11月至次年3月到此度过漫长冬季，极其依赖周边的康养及适老化服务。
三_2011_02630,三亚,2011,度假投资,46,女,4.9,57.3,0.4,107.5,3,0,否,A,research,0.97,0.34,0.89,0.67,0.39,0.33,0.07,0,0.75,投资-长持,两室两厅,71,11901,上市公司退休联合创始人,成熟期核心家庭,西湖边高精平层,无高端私密会所及管家式物业配套，圈层鱼龙混杂，高净值居住体验差。,要求有超大面宽南向双阳台（观景家政分离），主卧大飘窗能270度直面自然景观。,无需日常通勤，但要求30分钟内快捷通达凤凰机场或高铁站。,周末常去高端商圈消费，热衷打网球和马术，重度手冲咖啡及黑胶唱片发烧友。,名下已有企业股权套现或分红现金，一次性全款付清，基本不加杠杆,非仁恒、绿城、万科等金牌开发商不买，极度看重高端精装质量与顶级物业的增值口碑。,每年11月至次年3月到此度过漫长冬季，极其依赖周边的康养及适老化服务。
三_2011_02631,三亚,2011,本地改善,34,女,1.4,8.6,0.35,18.5,4,2,是,B,agent,0.68,0.54,0.63,0.5,0.39,0.77,0.59,0.63,0.58,自住-改善,两室一厅,86,1255,区级税务局一级主办,二胎黄金期中大户型,三亚中环品质两居，车位及空间极其拥挤,小区无地下车库且人车不分流，小孩在楼下玩耍或者推婴儿车极为不安全。,讲究超高得房率（超85%），主卧套房必须配备独立步入式衣帽间与干湿分离双卫。,无需日常通勤，但要求30分钟内快捷通达凤凰机场或高铁站。,崇尚度假慢生活，清晨沙滩漫步，午后椰林下午茶，酷爱轻户外及后海冲浪。,名下持有一套旧两居，置换回款 65% + 个人理财储蓄补充 + 公积金商业贷,重性价比，不盲信大牌，但要求物业管理有序、绿化修剪及时、人防技防规范。,本地常住人口，四季生活规律，度假频次为常规年假出行。
三_2011_02632,三亚,2011,外地候鸟-华北,68,女,3.0,31.1,0.5,46.6,2,0,否,B,network,0.67,0.43,0.97,0.64,0.5,0.58,0,0.1,0.46,养老,一室一厅,51,7165,高校资深硕导,高知退休康养,三亚中环品质两居，车位及空间极其拥挤,老小区隔音差，邻里滋扰严重，且车位严重匮乏，每晚加班回来抢车位像打仗。,要求有超大面宽南向双阳台（观景家政分离），主卧大飘窗能270度直面自然景观。,无需日常通勤，但要求30分钟内快捷通达凤凰机场或高铁站。,崇尚度假慢生活，清晨沙滩漫步，午后椰林下午茶，酷爱轻户外及后海冲浪。,名下持有一套旧两居，置换回款 65% + 个人理财储蓄补充 + 公积金商业贷,重性价比，不盲信大牌，但要求物业管理有序、绿化修剪及时、人防技防规范。,每年11月至次年3月到此度过漫长冬季，极其依赖周边的康养及适老化服务。
三_2011_02633,三亚,2011,度假投资,38,男,11.2,82.8,0.4,155.2,3,2,否,A,research,0.92,0.31,0.87,0.62,0.6,0.47,0.02,0,0.74,投资-短期,三室一厅,144,5859,知名中医药连锁投资人,二胎黄金期中大户型,市中心私密洋房住宅,无高端私密会所及管家式物业配套，圈层鱼龙混杂，高净值居住体验差。,要求有超大面宽南向双阳台（观景家政分离），主卧大飘窗能270度直面自然景观。,无需日常通勤，但要求30分钟内快捷通达凤凰机场或高铁站。,周末常去高端商圈消费，热衷打网球和马术，重度手冲咖啡及黑胶唱片发烧友。,名下已有企业股权套现或分红现金，一次性全款付清，基本不加杠杆,非仁恒、绿城、万科等金牌开发商不买，极度看重高端精装质量与顶级物业的增值口碑。,每年11月至次年3月到此度过漫长冬季，极其依赖周边的康养及适老化服务。
三_2011_02634,三亚,2011,外地候鸟-华北,65,女,4.0,25.1,0.5,37.7,2,0,否,B,network,0.22,0.63,0.84,0.69,0.56,0.56,0,0.07,0.44,度假,两室两厅,52,4796,北京三甲医院退休教授,高知退休康养,三亚中环品质两居，车位及空间极其拥挤,老小区隔音差，邻里滋扰严重，且车位严重匮乏，每晚加班回来抢车位像打仗。,要求有超大面宽南向双阳台（观景家政分离），主卧大飘窗能270度直面自然景观。,无需日常通勤，但要求30分钟内快捷通达凤凰机场或高铁站。,崇尚度假慢生活，清晨沙滩漫步，午后椰林下午茶，酷爱轻户外及后海冲浪。,名下持有一套旧两居，置换回款 65% + 个人理财储蓄补充 + 公积金商业贷,重性价比，不盲信大牌，但要求物业管理有序、绿化修剪及时、人防技防规范。,每年11月至次年3月到此度过漫长冬季，极其依赖周边的康养及适老化服务。
三_2011_02635,三亚,2011,度假投资,48,女,12.9,148.0,0.4,277.6,3,0,否,A,research,0.98,0.25,0.83,0.72,0.29,0.48,0,0,0.69,投资-长持,三室一厅,120,13553,高端海景资产收藏家,成熟期核心家庭,市中心私密洋房住宅,无高端私密会所及管家式物业配套，圈层鱼龙混杂，高净值居住体验差。,要求独立电梯入户，主次卧动线分明，配备独立保姆房和私密后院。,无需日常通勤，但要求30分钟内快捷通达凤凰机场或高铁站。,周末常去高端商圈消费，热衷打网球和马术，重度手冲咖啡及黑胶唱片发烧友。,名下已有企业股权套现或分红现金，一次性全款付清，基本不加杠杆,重性价比，不盲信大牌，但要求物业管理有序、绿化修剪及时、人防技防规范。,每年11月至次年3月到此度过漫长冬季，极其依赖周边的康养及适老化服务。
三_2011_02636,三亚,2011,本地改善,47,男,1.9,14.2,0.35,30.3,4,2,是,B,agent,0.94,0.52,0.55,0.48,0.34,0.83,0.49,0.78,0.42,自住-改善,一室一厅,56,3977,国企中层管理,二胎黄金期中大户型,三亚中环品质两居，车位及空间极其拥挤,小区无地下车库且人车不分流，小孩在楼下玩耍或者推婴儿车极为不安全。,讲究超高得房率（超85%），主卧套房必须配备独立步入式衣帽间与干湿分离双卫。,无需日常通勤，但要求30分钟内快捷通达凤凰机场或高铁站。,崇尚度假慢生活，清晨沙滩漫步，午后椰林下午茶，酷爱轻户外及后海冲浪。,名下持有一套旧两居，置换回款 65% + 个人理财储蓄补充 + 公积金商业贷,重性价比，不盲信大牌，但要求物业管理有序、绿化修剪及时、人防技防规范。,本地常住人口，四季生活规律，度假频次为常规年假出行。
三_2011_02637,三亚,2011,度假投资,49,男,6.0,48.8,0.4,91.5,3,2,否,A,research,1,0.38,0.72,0.49,0.61,0.37,0,0.05,0.7,投资-短期,两室两厅,62,12599,知名中医药连锁投资人,二胎黄金期中大户型,市中心私密洋房住宅,无高端私密会所及管家式物业配套，圈层鱼龙混杂，高净值居住体验差。,要求有超大面宽南向双阳台（观景家政分离），主卧大飘窗能270度直面自然景观。,无需日常通勤，但要求30分钟内快捷通达凤凰机场或高铁站。,周末常去高端商圈消费，热衷打网球和马术，重度手冲咖啡及黑胶唱片发烧友。,名下已有企业股权套现或分红现金，一次性全款付清，基本不加杠杆,重性价比，不盲信大牌，但要求物业管理有序、绿化修剪及时、人防技防规范。,每年11月至次年3月到此度过漫长冬季，极其依赖周边的康养及适老化服务。
三_2011_02638,三亚,2011,本地改善,46,男,1.9,8.6,0.35,18.4,4,1,是,B,agent,0.65,0.43,0.56,0.48,0.38,0.55,0.59,0.58,0.5,自住-改善,两室一厅,63,1943,重点中学高级教师,三口之家(学龄段),三亚中环品质两居，车位及空间极其拥挤,小区无地下车库且人车不分流，小孩在楼下玩耍或者推婴儿车极为不安全。,要求采光通透，全明户型，带多功能嵌入式收纳墙以最大化空间利用。,无需日常通勤，但要求30分钟内快捷通达凤凰机场或高铁站。,崇尚度假慢生活，清晨沙滩漫步，午后椰林下午茶，酷爱轻户外及后海冲浪。,名下持有一套旧两居，置换回款 65% + 个人理财储蓄补充 + 公积金商业贷,重性价比，不盲信大牌，但要求物业管理有序、绿化修剪及时、人防技防规范。,本地常住人口，四季生活规律，度假频次为常规年假出行。
三_2011_02639,三亚,2011,度假投资,51,男,10.4,96.6,0.4,181.2,3,1,否,A,research,0.89,0.28,0.87,0.66,0.66,0.48,0,0,0.81,投资-长持,三室一厅,121,11341,知名中医药连锁投资人,三口之家(学龄段),市中心私密洋房住宅,无高端私密会所及管家式物业配套，圈层鱼龙混杂，高净值居住体验差。,要求有超大面宽南向双阳台（观景家政分离），主卧大飘窗能270度直面自然景观。,无需日常通勤，但要求30分钟内快捷通达凤凰机场或高铁站。,周末常去高端商圈消费，热衷打网球和马术，重度手冲咖啡及黑胶唱片发烧友。,名下已有企业股权套现或分红现金，一次性全款付清，基本不加杠杆,非仁恒、绿城、万科等金牌开发商不买，极度看重高端精装质量与顶级物业的增值口碑。,每年11月至次年3月到此度过漫长冬季，极其依赖周边的康养及适老化服务。
三_2011_02640,三亚,2011,度假投资,36,男,4.8,39.9,0.4,74.9,3,0,是,A,research,1,0.53,0.72,0.47,0.66,0.47,0.05,0,0.83,度假,两室一厅,69,9045,上市公司退休联合创始人,成熟期核心家庭,陆家嘴核心区江景大平层,当前房屋属于旧多层无电梯房，父母年纪渐高每天爬楼梯极为吃力。,要求有超大面宽南向双阳台（观景家政分离），主卧大飘窗能270度直面自然景观。,无需日常通勤，但要求30分钟内快捷通达凤凰机场或高铁站。,周末常去高端商圈消费，热衷打网球和马术，重度手冲咖啡及黑胶唱片发烧友。,名下已有企业股权套现或分红现金，一次性全款付清，基本不加杠杆,非仁恒、绿城、万科等金牌开发商不买，极度看重高端精装质量与顶级物业的增值口碑。,每年11月至次年3月到此度过漫长冬季，极其依赖周边的康养及适老化服务。
三_2011_02641,三亚,2011,本地改善,35,男,2.7,20.5,0.35,43.8,4,1,否,B,agent,0.87,0.44,0.45,0.56,0.44,0.75,0.42,0.56,0.49,自住-改善,两室两厅,69,5234,国企中层管理,三口之家(幼龄段),三亚中环品质两居，车位及空间极其拥挤,小区无地下车库且人车不分流，小孩在楼下玩耍或者推婴儿车极为不安全。,讲究超高得房率（超85%），主卧套房必须配备独立步入式衣帽间与干湿分离双卫。,无需日常通勤，但要求30分钟内快捷通达凤凰机场或高铁站。,崇尚度假慢生活，清晨沙滩漫步，午后椰林下午茶，酷爱轻户外及后海冲浪。,名下持有一套旧两居，置换回款 65% + 个人理财储蓄补充 + 公积金商业贷,重性价比，不盲信大牌，但要求物业管理有序、绿化修剪及时、人防技防规范。,本地常住人口，四季生活规律，度假频次为常规年假出行。
三_2011_02642,三亚,2011,本地改善,40,男,2.0,14.2,0.35,30.3,4,0,否,B,agent,0.66,0.54,0.76,0.5,0.36,0.8,0.38,0.8,0.44,自住-改善,两室一厅,84,2407,三甲医院主治医师,成熟期核心家庭,三亚中环品质两居，车位及空间极其拥挤,老小区隔音差，邻里滋扰严重，且车位严重匮乏，每晚加班回来抢车位像打仗。,要求有超大面宽南向双阳台（观景家政分离），主卧大飘窗能270度直面自然景观。,无需日常通勤，但要求30分钟内快捷通达凤凰机场或高铁站。,崇尚度假慢生活，清晨沙滩漫步，午后椰林下午茶，酷爱轻户外及后海冲浪。,名下持有一套旧两居，置换回款 65% + 个人理财储蓄补充 + 公积金商业贷,重性价比，不盲信大牌，但要求物业管理有序、绿化修剪及时、人防技防规范。,本地常住人口，四季生活规律，度假频次为常规年假出行。
三_2011_02643,三亚,2011,本地改善,43,女,1.2,8.4,0.35,18.0,4,1,否,B,agent,0.57,0.6,0.69,0.38,0.51,0.75,0.41,0.73,0.4,自住-改善,两室两厅,74,2048,区级税务局一级主办,三口之家(学龄段),三亚中环品质两居，车位及空间极其拥挤,小区无地下车库且人车不分流，小孩在楼下玩耍或者推婴儿车极为不安全。,讲究超高得房率（超85%），主卧套房必须配备独立步入式衣帽间与干湿分离双卫。,无需日常通勤，但要求30分钟内快捷通达凤凰机场或高铁站。,崇尚度假慢生活，清晨沙滩漫步，午后椰林下午茶，酷爱轻户外及后海冲浪。,名下持有一套旧两居，置换回款 65% + 个人理财储蓄补充 + 公积金商业贷,重性价比，不盲信大牌，但要求物业管理有序、绿化修剪及时、人防技防规范。,本地常住人口，四季生活规律，度假频次为常规年假出行。
三_2011_02644,三亚,2011,外地候鸟-东北,68,女,5.2,44.7,0.5,67.1,2,0,否,C,network,0.25,0.64,0.96,0.81,0.6,0.52,0.06,0.12,0.4,度假,两室两厅,91,3775,哈尔滨私营物流老板,高知退休康养,与父母同住，三代人拥挤在旧区小户型老房中,老小区隔音差，邻里滋扰严重，且车位严重匮乏，每晚加班回来抢车位像打仗。,要求独立电梯入户，主次卧动线分明，配备独立保姆房和私密后院。,无需日常通勤，但要求30分钟内快捷通达凤凰机场或高铁站。,崇尚度假慢生活，清晨沙滩漫步，午后椰林下午茶，酷爱轻户外及后海冲浪。,名下持有一套旧两居，置换回款 65% + 个人理财储蓄补充 + 公积金商业贷,重性价比，不盲信大牌，但要求物业管理有序、绿化修剪及时、人防技防规范。,每年11月至次年3月到此度过漫长冬季，极其依赖周边的康养及适老化服务。
三_2011_02645,三亚,2011,高净值康养,60,男,9.2,87.5,0.6,109.3,2,0,否,A,network,0.7,0.21,0.97,0.98,0.84,0.49,0,0,0.95,养老,两室一厅,99,7147,上市公司退休联合创始人,高知退休康养,西湖边高精平层,无高端私密会所及管家式物业配套，圈层鱼龙混杂，高净值居住体验差。,要求独立电梯入户，主次卧动线分明，配备独立保姆房和私密后院。,无需日常通勤，但要求30分钟内快捷通达凤凰机场或高铁站。,周末常去高端商圈消费，热衷打网球和马术，重度手冲咖啡及黑胶唱片发烧友。,名下已有企业股权套现或分红现金，一次性全款付清，基本不加杠杆,非仁恒、绿城、万科等金牌开发商不买，极度看重高端精装质量与顶级物业的增值口碑。,本地常住人口，四季生活规律，度假频次为常规年假出行。
三_2011_02646,三亚,2011,本地改善,32,女,1.2,5.9,0.35,12.6,4,2,否,B,agent,1,0.46,0.6,0.48,0.36,0.75,0.38,0.75,0.6,自住-改善,两室一厅,99,717,三甲医院主治医师,二胎黄金期中大户型,三亚中环品质两居，车位及空间极其拥挤,小区无地下车库且人车不分流，小孩在楼下玩耍或者推婴儿车极为不安全。,讲究超高得房率（超85%），主卧套房必须配备独立步入式衣帽间与干湿分离双卫。,无需日常通勤，但要求30分钟内快捷通达凤凰机场或高铁站。,崇尚度假慢生活，清晨沙滩漫步，午后椰林下午茶，酷爱轻户外及后海冲浪。,名下持有一套旧两居，置换回款 65% + 个人理财储蓄补充 + 公积金商业贷,重性价比，不盲信大牌，但要求物业管理有序、绿化修剪及时、人防技防规范。,本地常住人口，四季生活规律，度假频次为常规年假出行。
三_2011_02647,三亚,2011,外地候鸟-华北,75,男,2.7,27.5,0.5,41.3,2,0,否,B,network,0.43,0.56,0.98,0.71,0.65,0.26,0,0,0.63,度假,两室两厅,70,3588,央企总部退休总工,高知退休康养,三亚中环品质两居，车位及空间极其拥挤,老小区隔音差，邻里滋扰严重，且车位严重匮乏，每晚加班回来抢车位像打仗。,要求独立电梯入户，主次卧动线分明，配备独立保姆房和私密后院。,无需日常通勤，但要求30分钟内快捷通达凤凰机场或高铁站。,崇尚度假慢生活，清晨沙滩漫步，午后椰林下午茶，酷爱轻户外及后海冲浪。,名下持有一套旧两居，置换回款 65% + 个人理财储蓄补充 + 公积金商业贷,重性价比，不盲信大牌，但要求物业管理有序、绿化修剪及时、人防技防规范。,每年11月至次年3月到此度过漫长冬季，极其依赖周边的康养及适老化服务。
三_2011_02648,三亚,2011,外地候鸟-华北,71,男,5.8,34.6,0.5,51.9,2,0,是,B,network,0.55,0.6,1,0.68,0.58,0.54,0,0,0.59,养老,一室一厅,81,5289,北京三甲医院退休教授,高知退休康养,三亚中环品质两居，车位及空间极其拥挤,当前房屋属于旧多层无电梯房，父母年纪渐高每天爬楼梯极为吃力。,要求有超大面宽南向双阳台（观景家政分离），主卧大飘窗能270度直面自然景观。,无需日常通勤，但要求30分钟内快捷通达凤凰机场或高铁站。,崇尚度假慢生活，清晨沙滩漫步，午后椰林下午茶，酷爱轻户外及后海冲浪。,名下持有一套旧两居，置换回款 65% + 个人理财储蓄补充 + 公积金商业贷,重性价比，不盲信大牌，但要求物业管理有序、绿化修剪及时、人防技防规范。,每年11月至次年3月到此度过漫长冬季，极其依赖周边的康养及适老化服务。
三_2011_02649,三亚,2011,本地改善,30,女,4.9,27.9,0.35,59.8,4,1,否,B,agent,0.66,0.56,0.61,0.4,0.52,0.86,0.54,0.66,0.4,自住-改善,一室一厅,54,9198,三甲医院主治医师,三口之家(幼龄段),三亚中环品质两居，车位及空间极其拥挤,小区无地下车库且人车不分流，小孩在楼下玩耍或者推婴儿车极为不安全。,讲究超高得房率（超85%），主卧套房必须配备独立步入式衣帽间与干湿分离双卫。,无需日常通勤，但要求30分钟内快捷通达凤凰机场或高铁站。,崇尚度假慢生活，清晨沙滩漫步，午后椰林下午茶，酷爱轻户外及后海冲浪。,名下持有一套旧两居，置换回款 65% + 个人理财储蓄补充 + 公积金商业贷,重性价比，不盲信大牌，但要求物业管理有序、绿化修剪及时、人防技防规范。,本地常住人口，四季生活规律，度假频次为常规年假出行。
三_2011_02650,三亚,2011,外地候鸟-东北,60,女,5.5,35.7,0.5,53.6,1,0,否,C,network,0.32,0.67,1,0.76,0.56,0.64,0.08,0.05,0.35,养老,两室两厅,83,4436,沈阳大型重工企业退休副厂长,高知退休康养,与父母同住，三代人拥挤在旧区小户型老房中,老小区隔音差，邻里滋扰严重，且车位严重匮乏，每晚加班回来抢车位像打仗。,要求独立电梯入户，主次卧动线分明，配备独立保姆房和私密后院。,无需日常通勤，但要求30分钟内快捷通达凤凰机场或高铁站。,崇尚度假慢生活，清晨沙滩漫步，午后椰林下午茶，酷爱轻户外及后海冲浪。,名下持有一套旧两居，置换回款 65% + 个人理财储蓄补充 + 公积金商业贷,重性价比，不盲信大牌，但要求物业管理有序、绿化修剪及时、人防技防规范。,每年11月至次年3月到此度过漫长冬季，极其依赖周边的康养及适老化服务。
三_2011_02651,三亚,2011,本地改善,43,男,2.9,20.0,0.35,42.9,4,1,否,B,agent,0.75,0.68,0.63,0.55,0.34,0.7,0.48,0.65,0.2,自住-改善,两室两厅,99,3521,国企中层管理,三口之家(学龄段),三亚中环品质两居，车位及空间极其拥挤,小区无地下车库且人车不分流，小孩在楼下玩耍或者推婴儿车极为不安全。,讲究超高得房率（超85%），主卧套房必须配备独立步入式衣帽间与干湿分离双卫。,无需日常通勤，但要求30分钟内快捷通达凤凰机场或高铁站。,崇尚度假慢生活，清晨沙滩漫步，午后椰林下午茶，酷爱轻户外及后海冲浪。,名下持有一套旧两居，置换回款 65% + 个人理财储蓄补充 + 公积金商业贷,重性价比，不盲信大牌，但要求物业管理有序、绿化修剪及时、人防技防规范。,本地常住人口，四季生活规律，度假频次为常规年假出行。
三_2011_02652,三亚,2011,外地候鸟-东北,72,女,2.4,19.6,0.5,29.4,3,0,否,C,network,0.34,0.76,0.92,0.89,0.44,0.55,0,0.07,0.42,养老,一室一厅,100,1779,沈阳大型重工企业退休副厂长,高知退休康养,与父母同住，三代人拥挤在旧区小户型老房中,老小区隔音差，邻里滋扰严重，且车位严重匮乏，每晚加班回来抢车位像打仗。,要求独立电梯入户，主次卧动线分明，配备独立保姆房和私密后院。,无需日常通勤，但要求30分钟内快捷通达凤凰机场或高铁站。,崇尚度假慢生活，清晨沙滩漫步，午后椰林下午茶，酷爱轻户外及后海冲浪。,名下持有一套旧两居，置换回款 65% + 个人理财储蓄补充 + 公积金商业贷,重性价比，不盲信大牌，但要求物业管理有序、绿化修剪及时、人防技防规范。,每年11月至次年3月到此度过漫长冬季，极其依赖周边的康养及适老化服务。
三_2011_02653,三亚,2011,外地候鸟-华北,63,女,3.6,24.3,0.5,36.4,1,0,否,B,network,0.81,0.52,1,0.62,0.73,0.54,0.15,0.0,0.44,度假,一室一厅,66,2918,北京三甲医院退休教授,高知退休康养,三亚中环品质两居，车位及空间极其拥挤,老小区隔音差，邻里滋扰严重，且车位严重匮乏，每晚加班回来抢车位像打仗。,要求有超大面宽南向双阳台（观景家政分离），主卧大飘窗能270度直面自然景观。,无需日常通勤，但要求30分钟内快捷通达凤凰机场或高铁站。,崇尚度假慢生活，清晨沙滩漫步，午后椰林下午茶，酷爱轻户外及后海冲浪。,名下持有一套旧两居，置换回款 65% + 个人理财储蓄补充 + 公积金商业贷,重性价比，不盲信大牌，但要求物业管理有序、绿化修剪及时、人防技防规范。,每年11月至次年3月到此度过漫长冬季，极其依赖周边的康养及适老化服务。
三_2011_02654,三亚,2011,外地候鸟-东北,67,男,4.8,27.1,0.5,40.7,1,0,否,C,network,0.65,0.51,0.9,0.76,0.47,0.41,0.0,0,0.46,养老,一室一厅,55,6174,沈阳大型重工企业退休副厂长,高知退休康养,与父母同住，三代人拥挤在旧区小户型老房中,老小区隔音差，邻里滋扰严重，且车位严重匮乏，每晚加班回来抢车位像打仗。,要求独立电梯入户，主次卧动线分明，配备独立保姆房和私密后院。,无需日常通勤，但要求30分钟内快捷通达凤凰机场或高铁站。,崇尚度假慢生活，清晨沙滩漫步，午后椰林下午茶，酷爱轻户外及后海冲浪。,名下持有一套旧两居，置换回款 65% + 个人理财储蓄补充 + 公积金商业贷,重性价比，不盲信大牌，但要求物业管理有序、绿化修剪及时、人防技防规范。,每年11月至次年3月到此度过漫长冬季，极其依赖周边的康养及适老化服务。
三_2011_02655,三亚,2011,本地改善,37,男,1.8,12.2,0.35,26.1,4,1,是,B,agent,0.7,0.55,0.74,0.55,0.46,0.62,0.35,0.54,0.45,自住-改善,两室一厅,81,2015,区级税务局一级主办,三口之家(幼龄段),三亚中环品质两居，车位及空间极其拥挤,小区无地下车库且人车不分流，小孩在楼下玩耍或者推婴儿车极为不安全。,要求有超大面宽南向双阳台（观景家政分离），主卧大飘窗能270度直面自然景观。,无需日常通勤，但要求30分钟内快捷通达凤凰机场或高铁站。,崇尚度假慢生活，清晨沙滩漫步，午后椰林下午茶，酷爱轻户外及后海冲浪。,名下持有一套旧两居，置换回款 65% + 个人理财储蓄补充 + 公积金商业贷,重性价比，不盲信大牌，但要求物业管理有序、绿化修剪及时、人防技防规范。,本地常住人口，四季生活规律，度假频次为常规年假出行。
三_2011_02656,三亚,2011,度假投资,37,女,8.3,74.6,0.4,139.8,3,1,是,A,research,0.86,0.42,0.77,0.6,0.52,0.46,0.16,0,0.75,投资-长持,一室一厅,68,10419,高端海景资产收藏家,三口之家(幼龄段),市中心私密洋房住宅,当前房屋属于旧多层无电梯房，父母年纪渐高每天爬楼梯极为吃力。,要求有超大面宽南向双阳台（观景家政分离），主卧大飘窗能270度直面自然景观。,无需日常通勤，但要求30分钟内快捷通达凤凰机场或高铁站。,周末常去高端商圈消费，热衷打网球和马术，重度手冲咖啡及黑胶唱片发烧友。,名下已有企业股权套现或分红现金，一次性全款付清，基本不加杠杆,非仁恒、绿城、万科等金牌开发商不买，极度看重高端精装质量与顶级物业的增值口碑。,每年11月至次年3月到此度过漫长冬季，极其依赖周边的康养及适老化服务。
三_2011_02657,三亚,2011,外地候鸟-东北,77,女,3.0,18.2,0.5,27.2,2,0,否,C,network,0.36,0.49,1,0.6,0.51,0.57,0.18,0.06,0.5,养老,两室一厅,97,2130,沈阳大型重工企业退休副厂长,高知退休康养,与父母同住，三代人拥挤在旧区小户型老房中,老小区隔音差，邻里滋扰严重，且车位严重匮乏，每晚加班回来抢车位像打仗。,要求有超大面宽南向双阳台（观景家政分离），主卧大飘窗能270度直面自然景观。,无需日常通勤，但要求30分钟内快捷通达凤凰机场或高铁站。,崇尚度假慢生活，清晨沙滩漫步，午后椰林下午茶，酷爱轻户外及后海冲浪。,名下持有一套旧两居，置换回款 65% + 个人理财储蓄补充 + 公积金商业贷,重性价比，不盲信大牌，但要求物业管理有序、绿化修剪及时、人防技防规范。,每年11月至次年3月到此度过漫长冬季，极其依赖周边的康养及适老化服务。
三_2011_02658,三亚,2011,本地改善,30,女,1.7,12.3,0.35,26.3,4,2,是,B,agent,0.52,0.6,0.75,0.34,0.33,0.75,0.54,0.67,0.47,自住-改善,两室两厅,86,2473,区级税务局一级主办,二胎黄金期中大户型,三亚中环品质两居，车位及空间极其拥挤,小区无地下车库且人车不分流，小孩在楼下玩耍或者推婴儿车极为不安全。,要求有超大面宽南向双阳台（观景家政分离），主卧大飘窗能270度直面自然景观。,无需日常通勤，但要求30分钟内快捷通达凤凰机场或高铁站。,崇尚度假慢生活，清晨沙滩漫步，午后椰林下午茶，酷爱轻户外及后海冲浪。,名下持有一套旧两居，置换回款 65% + 个人理财储蓄补充 + 公积金商业贷,重性价比，不盲信大牌，但要求物业管理有序、绿化修剪及时、人防技防规范。,本地常住人口，四季生活规律，度假频次为常规年假出行。
三_2011_02659,三亚,2011,外地候鸟-华北,55,女,3.1,26.7,0.5,40.1,2,0,否,B,network,0.57,0.53,0.9,0.63,0.78,0.44,0.03,0.01,0.6,度假,两室两厅,99,2419,高校资深硕导,高知退休康养,三亚中环品质两居，车位及空间极其拥挤,老小区隔音差，邻里滋扰严重，且车位严重匮乏，每晚加班回来抢车位像打仗。,要求有超大面宽南向双阳台（观景家政分离），主卧大飘窗能270度直面自然景观。,无需日常通勤，但要求30分钟内快捷通达凤凰机场或高铁站。,崇尚度假慢生活，清晨沙滩漫步，午后椰林下午茶，酷爱轻户外及后海冲浪。,名下持有一套旧两居，置换回款 65% + 个人理财储蓄补充 + 公积金商业贷,重性价比，不盲信大牌，但要求物业管理有序、绿化修剪及时、人防技防规范。,每年11月至次年3月到此度过漫长冬季，极其依赖周边的康养及适老化服务。
三_2011_02660,三亚,2011,外地候鸟-华北,73,男,3.7,33.8,0.5,50.7,2,0,否,B,network,0.52,0.62,0.93,0.65,0.59,0.47,0.02,0.04,0.56,养老,一室一厅,78,5033,北京三甲医院退休教授,高知退休康养,三亚中环品质两居，车位及空间极其拥挤,老小区隔音差，邻里滋扰严重，且车位严重匮乏，每晚加班回来抢车位像打仗。,要求有超大面宽南向双阳台（观景家政分离），主卧大飘窗能270度直面自然景观。,无需日常通勤，但要求30分钟内快捷通达凤凰机场或高铁站。,崇尚度假慢生活，清晨沙滩漫步，午后椰林下午茶，酷爱轻户外及后海冲浪。,名下持有一套旧两居，置换回款 65% + 个人理财储蓄补充 + 公积金商业贷,重性价比，不盲信大牌，但要求物业管理有序、绿化修剪及时、人防技防规范。,每年11月至次年3月到此度过漫长冬季，极其依赖周边的康养及适老化服务。
三_2011_02661,三亚,2011,外地候鸟-华北,59,男,4.7,35.0,0.5,52.5,1,0,否,B,network,0.33,0.48,0.96,0.76,0.65,0.51,0,0,0.58,度假,两室两厅,62,4499,央企总部退休总工,高知退休康养,三亚中环品质两居，车位及空间极其拥挤,老小区隔音差，邻里滋扰严重，且车位严重匮乏，每晚加班回来抢车位像打仗。,要求独立电梯入户，主次卧动线分明，配备独立保姆房和私密后院。,无需日常通勤，但要求30分钟内快捷通达凤凰机场或高铁站。,崇尚度假慢生活，清晨沙滩漫步，午后椰林下午茶，酷爱轻户外及后海冲浪。,名下持有一套旧两居，置换回款 65% + 个人理财储蓄补充 + 公积金商业贷,重性价比，不盲信大牌，但要求物业管理有序、绿化修剪及时、人防技防规范。,每年11月至次年3月到此度过漫长冬季，极其依赖周边的康养及适老化服务。
三_2011_02662,三亚,2011,外地候鸟-西北,74,女,6.3,43.8,0.5,65.7,1,0,是,C,network,0.35,0.44,0.93,0.84,0.41,0.5,0.23,0,0.47,养老,两室一厅,74,6599,兰州煤炭物流运输企业主,高知退休康养,与父母同住，三代人拥挤在旧区小户型老房中,当前房屋属于旧多层无电梯房，父母年纪渐高每天爬楼梯极为吃力。,要求独立电梯入户，主次卧动线分明，配备独立保姆房和私密后院。,无需日常通勤，但要求30分钟内快捷通达凤凰机场或高铁站。,崇尚度假慢生活，清晨沙滩漫步，午后椰林下午茶，酷爱轻户外及后海冲浪。,名下持有一套旧两居，置换回款 65% + 个人理财储蓄补充 + 公积金商业贷,重性价比，不盲信大牌，但要求物业管理有序、绿化修剪及时、人防技防规范。,每年11月至次年3月到此度过漫长冬季，极其依赖周边的康养及适老化服务。
三_2011_02663,三亚,2011,度假投资,46,男,3.6,40.4,0.4,75.7,3,1,否,A,research,0.58,0.44,0.73,0.64,0.57,0.41,0,0.03,0.71,投资-短期,一室一厅,58,7959,上市公司退休联合创始人,三口之家(学龄段),西湖边高精平层,无高端私密会所及管家式物业配套，圈层鱼龙混杂，高净值居住体验差。,要求有超大面宽南向双阳台（观景家政分离），主卧大飘窗能270度直面自然景观。,无需日常通勤，但要求30分钟内快捷通达凤凰机场或高铁站。,周末常去高端商圈消费，热衷打网球和马术，重度手冲咖啡及黑胶唱片发烧友。,名下已有企业股权套现或分红现金，一次性全款付清，基本不加杠杆,非仁恒、绿城、万科等金牌开发商不买，极度看重高端精装质量与顶级物业的增值口碑。,每年11月至次年3月到此度过漫长冬季，极其依赖周边的康养及适老化服务。
三_2011_02664,三亚,2011,外地候鸟-东北,72,女,1.4,7.9,0.5,11.8,3,0,否,C,network,0.08,0.7,1,0.77,0.45,0.58,0,0,0.58,养老,一室一厅,63,1174,哈尔滨高校退休处长,高知退休康养,与父母同住，三代人拥挤在旧区小户型老房中,老小区隔音差，邻里滋扰严重，且车位严重匮乏，每晚加班回来抢车位像打仗。,要求独立电梯入户，主次卧动线分明，配备独立保姆房和私密后院。,无需日常通勤，但要求30分钟内快捷通达凤凰机场或高铁站。,崇尚度假慢生活，清晨沙滩漫步，午后椰林下午茶，酷爱轻户外及后海冲浪。,名下持有一套旧两居，置换回款 65% + 个人理财储蓄补充 + 公积金商业贷,重性价比，不盲信大牌，但要求物业管理有序、绿化修剪及时、人防技防规范。,每年11月至次年3月到此度过漫长冬季，极其依赖周边的康养及适老化服务。
三_2011_02665,三亚,2011,外地候鸟-西北,67,男,2.0,15.9,0.5,23.9,2,0,否,C,network,0.54,0.63,1,0.65,0.39,0.49,0,0.03,0.56,养老,两室两厅,51,2366,兰州煤炭物流运输企业主,高知退休康养,与父母同住，三代人拥挤在旧区小户型老房中,老小区隔音差，邻里滋扰严重，且车位严重匮乏，每晚加班回来抢车位像打仗。,要求有超大面宽南向双阳台（观景家政分离），主卧大飘窗能270度直面自然景观。,无需日常通勤，但要求30分钟内快捷通达凤凰机场或高铁站。,崇尚度假慢生活，清晨沙滩漫步，午后椰林下午茶，酷爱轻户外及后海冲浪。,名下持有一套旧两居，置换回款 65% + 个人理财储蓄补充 + 公积金商业贷,重性价比，不盲信大牌，但要求物业管理有序、绿化修剪及时、人防技防规范。,每年11月至次年3月到此度过漫长冬季，极其依赖周边的康养及适老化服务。
三_2011_02666,三亚,2011,外地候鸟-华北,63,男,5.5,34.2,0.5,51.3,3,0,否,B,network,0.49,0.58,0.93,0.7,0.57,0.36,0,0,0.49,度假,两室一厅,69,4386,央企总部退休总工,高知退休康养,三亚中环品质两居，车位及空间极其拥挤,老小区隔音差，邻里滋扰严重，且车位严重匮乏，每晚加班回来抢车位像打仗。,要求有超大面宽南向双阳台（观景家政分离），主卧大飘窗能270度直面自然景观。,无需日常通勤，但要求30分钟内快捷通达凤凰机场或高铁站。,崇尚度假慢生活，清晨沙滩漫步，午后椰林下午茶，酷爱轻户外及后海冲浪。,名下持有一套旧两居，置换回款 65% + 个人理财储蓄补充 + 公积金商业贷,重性价比，不盲信大牌，但要求物业管理有序、绿化修剪及时、人防技防规范。,每年11月至次年3月到此度过漫长冬季，极其依赖周边的康养及适老化服务。
三_2011_02667,三亚,2011,度假投资,55,男,4.9,62.2,0.4,116.7,3,1,是,A,research,0.9,0.49,0.91,0.67,0.74,0.45,0.01,0,0.73,度假,两室一厅,68,10428,上市公司退休联合创始人,三口之家(学龄段),市中心私密洋房住宅,当前房屋属于旧多层无电梯房，父母年纪渐高每天爬楼梯极为吃力。,要求有超大面宽南向双阳台（观景家政分离），主卧大飘窗能270度直面自然景观。,无需日常通勤，但要求30分钟内快捷通达凤凰机场或高铁站。,周末常去高端商圈消费，热衷打网球和马术，重度手冲咖啡及黑胶唱片发烧友。,名下已有企业股权套现或分红现金，一次性全款付清，基本不加杠杆,非仁恒、绿城、万科等金牌开发商不买，极度看重高端精装质量与顶级物业的增值口碑。,每年11月至次年3月到此度过漫长冬季，极其依赖周边的康养及适老化服务。
三_2011_02668,三亚,2011,度假投资,50,女,9.2,89.5,0.4,167.8,2,1,否,A,research,0.94,0.39,0.8,0.62,0.56,0.48,0,0,0.73,度假,三室两厅,140,10160,高端海景资产收藏家,三口之家(学龄段),西湖边高精平层,无高端私密会所及管家式物业配套，圈层鱼龙混杂，高净值居住体验差。,要求有超大面宽南向双阳台（观景家政分离），主卧大飘窗能270度直面自然景观。,无需日常通勤，但要求30分钟内快捷通达凤凰机场或高铁站。,周末常去高端商圈消费，热衷打网球和马术，重度手冲咖啡及黑胶唱片发烧友。,名下已有企业股权套现或分红现金，一次性全款付清，基本不加杠杆,非仁恒、绿城、万科等金牌开发商不买，极度看重高端精装质量与顶级物业的增值口碑。,每年11月至次年3月到此度过漫长冬季，极其依赖周边的康养及适老化服务。
三_2011_02669,三亚,2011,本地改善,43,女,3.4,23.2,0.35,49.7,3,0,否,B,agent,0.38,0.41,0.68,0.53,0.38,0.65,0.51,0.67,0.48,自住-改善,一室一厅,94,4145,重点中学高级教师,成熟期核心家庭,三亚中环品质两居，车位及空间极其拥挤,老小区隔音差，邻里滋扰严重，且车位严重匮乏，每晚加班回来抢车位像打仗。,要求采光通透，全明户型，带多功能嵌入式收纳墙以最大化空间利用。,无需日常通勤，但要求30分钟内快捷通达凤凰机场或高铁站。,崇尚度假慢生活，清晨沙滩漫步，午后椰林下午茶，酷爱轻户外及后海冲浪。,名下持有一套旧两居，置换回款 65% + 个人理财储蓄补充 + 公积金商业贷,重性价比，不盲信大牌，但要求物业管理有序、绿化修剪及时、人防技防规范。,本地常住人口，四季生活规律，度假频次为常规年假出行。
三_2011_02670,三亚,2011,本地改善,34,男,2.8,19.4,0.35,41.6,4,1,是,B,agent,0.78,0.72,0.6,0.44,0.35,0.72,0.57,0.67,0.31,自住-改善,两室两厅,60,4794,区级税务局一级主办,三口之家(幼龄段),三亚中环品质两居，车位及空间极其拥挤,小区无地下车库且人车不分流，小孩在楼下玩耍或者推婴儿车极为不安全。,讲究超高得房率（超85%），主卧套房必须配备独立步入式衣帽间与干湿分离双卫。,无需日常通勤，但要求30分钟内快捷通达凤凰机场或高铁站。,崇尚度假慢生活，清晨沙滩漫步，午后椰林下午茶，酷爱轻户外及后海冲浪。,名下持有一套旧两居，置换回款 65% + 个人理财储蓄补充 + 公积金商业贷,重性价比，不盲信大牌，但要求物业管理有序、绿化修剪及时、人防技防规范。,本地常住人口，四季生活规律，度假频次为常规年假出行。
三_2011_02671,三亚,2011,外地候鸟-东北,78,女,3.0,25.7,0.5,38.6,3,0,是,C,network,0.36,0.65,1.0,0.67,0.6,0.38,0.1,0.02,0.53,度假,两室两厅,52,4733,哈尔滨高校退休处长,高知退休康养,与父母同住，三代人拥挤在旧区小户型老房中,当前房屋属于旧多层无电梯房，父母年纪渐高每天爬楼梯极为吃力。,要求有超大面宽南向双阳台（观景家政分离），主卧大飘窗能270度直面自然景观。,无需日常通勤，但要求30分钟内快捷通达凤凰机场或高铁站。,崇尚度假慢生活，清晨沙滩漫步，午后椰林下午茶，酷爱轻户外及后海冲浪。,名下持有一套旧两居，置换回款 65% + 个人理财储蓄补充 + 公积金商业贷,重性价比，不盲信大牌，但要求物业管理有序、绿化修剪及时、人防技防规范。,每年11月至次年3月到此度过漫长冬季，极其依赖周边的康养及适老化服务。
三_2011_02672,三亚,2011,外地候鸟-东北,70,女,4.2,22.5,0.5,33.8,2,0,否,C,network,0.75,0.7,0.9,0.63,0.43,0.52,0.02,0,0.5,养老,两室两厅,59,3801,沈阳大型重工企业退休副厂长,高知退休康养,与父母同住，三代人拥挤在旧区小户型老房中,老小区隔音差，邻里滋扰严重，且车位严重匮乏，每晚加班回来抢车位像打仗。,要求有超大面宽南向双阳台（观景家政分离），主卧大飘窗能270度直面自然景观。,无需日常通勤，但要求30分钟内快捷通达凤凰机场或高铁站。,崇尚度假慢生活，清晨沙滩漫步，午后椰林下午茶，酷爱轻户外及后海冲浪。,名下持有一套旧两居，置换回款 65% + 个人理财储蓄补充 + 公积金商业贷,重性价比，不盲信大牌，但要求物业管理有序、绿化修剪及时、人防技防规范。,每年11月至次年3月到此度过漫长冬季，极其依赖周边的康养及适老化服务。
三_2011_02673,三亚,2011,度假投资,53,女,7.5,55.1,0.4,103.2,4,1,是,A,research,1,0.54,0.79,0.68,0.52,0.43,0.09,0.01,0.66,投资-长持,两室两厅,58,15621,高端海景资产收藏家,三口之家(学龄段),西湖边高精平层,当前房屋属于旧多层无电梯房，父母年纪渐高每天爬楼梯极为吃力。,要求有超大面宽南向双阳台（观景家政分离），主卧大飘窗能270度直面自然景观。,无需日常通勤，但要求30分钟内快捷通达凤凰机场或高铁站。,周末常去高端商圈消费，热衷打网球和马术，重度手冲咖啡及黑胶唱片发烧友。,名下已有企业股权套现或分红现金，一次性全款付清，基本不加杠杆,重性价比，不盲信大牌，但要求物业管理有序、绿化修剪及时、人防技防规范。,每年11月至次年3月到此度过漫长冬季，极其依赖周边的康养及适老化服务。
三_2011_02674,三亚,2011,度假投资,37,男,5.0,36.8,0.4,69.0,3,1,否,A,research,0.96,0.52,0.82,0.52,0.58,0.52,0.05,0,0.67,投资-长持,一室一厅,66,7128,知名中医药连锁投资人,三口之家(幼龄段),陆家嘴核心区江景大平层,无高端私密会所及管家式物业配套，圈层鱼龙混杂，高净值居住体验差。,要求有超大面宽南向双阳台（观景家政分离），主卧大飘窗能270度直面自然景观。,无需日常通勤，但要求30分钟内快捷通达凤凰机场或高铁站。,周末常去高端商圈消费，热衷打网球和马术，重度手冲咖啡及黑胶唱片发烧友。,名下已有企业股权套现或分红现金，一次性全款付清，基本不加杠杆,重性价比，不盲信大牌，但要求物业管理有序、绿化修剪及时、人防技防规范。,每年11月至次年3月到此度过漫长冬季，极其依赖周边的康养及适老化服务。
三_2011_02675,三亚,2011,本地改善,44,女,2.3,16.3,0.35,35.0,5,1,是,B,agent,0.78,0.52,0.7,0.55,0.28,0.8,0.56,0.85,0.44,自住-改善,两室一厅,98,2801,智能新能源车企研发骨干,三口之家(学龄段),三亚中环品质两居，车位及空间极其拥挤,小区无地下车库且人车不分流，小孩在楼下玩耍或者推婴儿车极为不安全。,讲究超高得房率（超85%），主卧套房必须配备独立步入式衣帽间与干湿分离双卫。,无需日常通勤，但要求30分钟内快捷通达凤凰机场或高铁站。,崇尚度假慢生活，清晨沙滩漫步，午后椰林下午茶，酷爱轻户外及后海冲浪。,名下持有一套旧两居，置换回款 65% + 个人理财储蓄补充 + 公积金商业贷,重性价比，不盲信大牌，但要求物业管理有序、绿化修剪及时、人防技防规范。,本地常住人口，四季生活规律，度假频次为常规年假出行。
三_2011_02676,三亚,2011,本地改善,32,男,2.5,17.6,0.35,37.8,4,1,否,B,agent,0.34,0.64,0.78,0.49,0.47,0.72,0.58,0.85,0.43,自住-改善,一室一厅,74,3928,三甲医院主治医师,三口之家(幼龄段),三亚中环品质两居，车位及空间极其拥挤,小区无地下车库且人车不分流，小孩在楼下玩耍或者推婴儿车极为不安全。,要求有超大面宽南向双阳台（观景家政分离），主卧大飘窗能270度直面自然景观。,无需日常通勤，但要求30分钟内快捷通达凤凰机场或高铁站。,崇尚度假慢生活，清晨沙滩漫步，午后椰林下午茶，酷爱轻户外及后海冲浪。,名下持有一套旧两居，置换回款 65% + 个人理财储蓄补充 + 公积金商业贷,重性价比，不盲信大牌，但要求物业管理有序、绿化修剪及时、人防技防规范。,本地常住人口，四季生活规律，度假频次为常规年假出行。
三_2011_02677,三亚,2011,高净值康养,67,女,26.9,390.4,0.6,488.0,1,1,否,A,network,0.8,0.26,0.95,0.99,0.74,0.43,0.03,0,0.99,养老,四室两厅,174,21046,知名中医药连锁投资人,三口之家(学龄段),市中心私密洋房住宅,无高端私密会所及管家式物业配套，圈层鱼龙混杂，高净值居住体验差。,要求独立电梯入户，主次卧动线分明，配备独立保姆房和私密后院。,无需日常通勤，但要求30分钟内快捷通达凤凰机场或高铁站。,周末常去高端商圈消费，热衷打网球和马术，重度手冲咖啡及黑胶唱片发烧友。,名下已有企业股权套现或分红现金，一次性全款付清，基本不加杠杆,非仁恒、绿城、万科等金牌开发商不买，极度看重高端精装质量与顶级物业的增值口碑。,本地常住人口，四季生活规律，度假频次为常规年假出行。
三_2011_02678,三亚,2011,本地改善,47,女,2.1,14.5,0.35,31.1,4,2,否,B,agent,0.74,0.59,0.72,0.44,0.29,0.69,0.43,0.85,0.56,自住-改善,两室一厅,99,1842,智能新能源车企研发骨干,二胎黄金期中大户型,三亚中环品质两居，车位及空间极其拥挤,小区无地下车库且人车不分流，小孩在楼下玩耍或者推婴儿车极为不安全。,要求有超大面宽南向双阳台（观景家政分离），主卧大飘窗能270度直面自然景观。,无需日常通勤，但要求30分钟内快捷通达凤凰机场或高铁站。,崇尚度假慢生活，清晨沙滩漫步，午后椰林下午茶，酷爱轻户外及后海冲浪。,名下持有一套旧两居，置换回款 65% + 个人理财储蓄补充 + 公积金商业贷,重性价比，不盲信大牌，但要求物业管理有序、绿化修剪及时、人防技防规范。,本地常住人口，四季生活规律，度假频次为常规年假出行。
三_2011_02679,三亚,2011,外地候鸟-华北,75,女,4.3,31.0,0.5,46.6,1,0,否,B,network,0.32,0.68,1,0.69,0.58,0.55,0.07,0.05,0.66,度假,两室两厅,70,4234,高校资深硕导,高知退休康养,三亚中环品质两居，车位及空间极其拥挤,老小区隔音差，邻里滋扰严重，且车位严重匮乏，每晚加班回来抢车位像打仗。,要求有超大面宽南向双阳台（观景家政分离），主卧大飘窗能270度直面自然景观。,无需日常通勤，但要求30分钟内快捷通达凤凰机场或高铁站。,崇尚度假慢生活，清晨沙滩漫步，午后椰林下午茶，酷爱轻户外及后海冲浪。,名下持有一套旧两居，置换回款 65% + 个人理财储蓄补充 + 公积金商业贷,重性价比，不盲信大牌，但要求物业管理有序、绿化修剪及时、人防技防规范。,每年11月至次年3月到此度过漫长冬季，极其依赖周边的康养及适老化服务。
三_2011_02680,三亚,2011,高净值康养,69,男,22.8,250.1,0.6,312.7,1,0,否,A,network,0.75,0.41,1,0.85,1,0.47,0.08,0.1,1,养老,三室两厅,120,17382,高端海景资产收藏家,高知退休康养,陆家嘴核心区江景大平层,无高端私密会所及管家式物业配套，圈层鱼龙混杂，高净值居住体验差。,要求独立电梯入户，主次卧动线分明，配备独立保姆房和私密后院。,无需日常通勤，但要求30分钟内快捷通达凤凰机场或高铁站。,周末常去高端商圈消费，热衷打网球和马术，重度手冲咖啡及黑胶唱片发烧友。,名下已有企业股权套现或分红现金，一次性全款付清，基本不加杠杆,非仁恒、绿城、万科等金牌开发商不买，极度看重高端精装质量与顶级物业的增值口碑。,本地常住人口，四季生活规律，度假频次为常规年假出行。
三_2011_02681,三亚,2011,本地改善,38,女,1.7,12.6,0.35,27.1,4,1,是,B,agent,0.89,0.66,0.63,0.48,0.38,0.75,0.56,0.74,0.54,自住-改善,两室一厅,70,2896,重点中学高级教师,三口之家(学龄段),三亚中环品质两居，车位及空间极其拥挤,小区无地下车库且人车不分流，小孩在楼下玩耍或者推婴儿车极为不安全。,讲究超高得房率（超85%），主卧套房必须配备独立步入式衣帽间与干湿分离双卫。,无需日常通勤，但要求30分钟内快捷通达凤凰机场或高铁站。,崇尚度假慢生活，清晨沙滩漫步，午后椰林下午茶，酷爱轻户外及后海冲浪。,名下持有一套旧两居，置换回款 65% + 个人理财储蓄补充 + 公积金商业贷,重性价比，不盲信大牌，但要求物业管理有序、绿化修剪及时、人防技防规范。,本地常住人口，四季生活规律，度假频次为常规年假出行。
三_2011_02682,三亚,2011,本地改善,30,男,3.4,19.2,0.35,41.2,3,1,否,B,agent,0.93,0.48,0.61,0.39,0.22,0.75,0.41,0.93,0.6,自住-改善,两室一厅,90,2502,重点中学高级教师,三口之家(幼龄段),三亚中环品质两居，车位及空间极其拥挤,小区无地下车库且人车不分流，小孩在楼下玩耍或者推婴儿车极为不安全。,讲究超高得房率（超85%），主卧套房必须配备独立步入式衣帽间与干湿分离双卫。,无需日常通勤，但要求30分钟内快捷通达凤凰机场或高铁站。,崇尚度假慢生活，清晨沙滩漫步，午后椰林下午茶，酷爱轻户外及后海冲浪。,名下持有一套旧两居，置换回款 65% + 个人理财储蓄补充 + 公积金商业贷,重性价比，不盲信大牌，但要求物业管理有序、绿化修剪及时、人防技防规范。,本地常住人口，四季生活规律，度假频次为常规年假出行。
三_2011_02683,三亚,2011,度假投资,42,男,8.7,105.0,0.4,197.0,4,1,是,A,research,0.78,0.48,0.94,0.62,0.66,0.35,0,0.04,0.79,投资-短期,三室两厅,137,12906,上市公司退休联合创始人,三口之家(学龄段),陆家嘴核心区江景大平层,当前房屋属于旧多层无电梯房，父母年纪渐高每天爬楼梯极为吃力。,要求有超大面宽南向双阳台（观景家政分离），主卧大飘窗能270度直面自然景观。,无需日常通勤，但要求30分钟内快捷通达凤凰机场或高铁站。,周末常去高端商圈消费，热衷打网球和马术，重度手冲咖啡及黑胶唱片发烧友。,名下已有企业股权套现或分红现金，一次性全款付清，基本不加杠杆,非仁恒、绿城、万科等金牌开发商不买，极度看重高端精装质量与顶级物业的增值口碑。,每年11月至次年3月到此度过漫长冬季，极其依赖周边的康养及适老化服务。
三_2011_02684,三亚,2011,外地候鸟-华北,56,男,3.6,26.3,0.5,39.5,3,0,否,B,network,0.49,0.45,0.94,0.76,0.47,0.61,0.03,0.04,0.46,养老,一室一厅,63,3913,央企总部退休总工,高知退休康养,三亚中环品质两居，车位及空间极其拥挤,老小区隔音差，邻里滋扰严重，且车位严重匮乏，每晚加班回来抢车位像打仗。,要求独立电梯入户，主次卧动线分明，配备独立保姆房和私密后院。,无需日常通勤，但要求30分钟内快捷通达凤凰机场或高铁站。,崇尚度假慢生活，清晨沙滩漫步，午后椰林下午茶，酷爱轻户外及后海冲浪。,名下持有一套旧两居，置换回款 65% + 个人理财储蓄补充 + 公积金商业贷,重性价比，不盲信大牌，但要求物业管理有序、绿化修剪及时、人防技防规范。,每年11月至次年3月到此度过漫长冬季，极其依赖周边的康养及适老化服务。
三_2011_02685,三亚,2011,度假投资,42,女,15.2,157.6,0.4,295.4,3,0,否,A,research,0.84,0.41,0.91,0.48,0.52,0.26,0.08,0.13,0.77,投资-长持,两室两厅,114,16277,知名中医药连锁投资人,成熟期核心家庭,西湖边高精平层,无高端私密会所及管家式物业配套，圈层鱼龙混杂，高净值居住体验差。,要求有超大面宽南向双阳台（观景家政分离），主卧大飘窗能270度直面自然景观。,无需日常通勤，但要求30分钟内快捷通达凤凰机场或高铁站。,周末常去高端商圈消费，热衷打网球和马术，重度手冲咖啡及黑胶唱片发烧友。,名下已有企业股权套现或分红现金，一次性全款付清，基本不加杠杆,非仁恒、绿城、万科等金牌开发商不买，极度看重高端精装质量与顶级物业的增值口碑。,每年11月至次年3月到此度过漫长冬季，极其依赖周边的康养及适老化服务。
三_2011_02686,三亚,2011,外地候鸟-西北,71,女,2.8,25.7,0.5,38.5,3,0,否,C,network,0.3,0.56,0.85,0.76,0.45,0.44,0.05,0,0.59,度假,两室两厅,98,2591,西安设计院退休总建筑师,高知退休康养,与父母同住，三代人拥挤在旧区小户型老房中,老小区隔音差，邻里滋扰严重，且车位严重匮乏，每晚加班回来抢车位像打仗。,要求独立电梯入户，主次卧动线分明，配备独立保姆房和私密后院。,无需日常通勤，但要求30分钟内快捷通达凤凰机场或高铁站。,崇尚度假慢生活，清晨沙滩漫步，午后椰林下午茶，酷爱轻户外及后海冲浪。,名下持有一套旧两居，置换回款 65% + 个人理财储蓄补充 + 公积金商业贷,重性价比，不盲信大牌，但要求物业管理有序、绿化修剪及时、人防技防规范。,每年11月至次年3月到此度过漫长冬季，极其依赖周边的康养及适老化服务。
三_2011_02687,三亚,2011,外地候鸟-西北,67,女,3.2,23.3,0.5,35.0,3,0,否,C,network,0.17,0.67,0.93,0.65,0.49,0.44,0.07,0.0,0.51,养老,两室两厅,76,2557,兰州煤炭物流运输企业主,高知退休康养,与父母同住，三代人拥挤在旧区小户型老房中,老小区隔音差，邻里滋扰严重，且车位严重匮乏，每晚加班回来抢车位像打仗。,要求有超大面宽南向双阳台（观景家政分离），主卧大飘窗能270度直面自然景观。,无需日常通勤，但要求30分钟内快捷通达凤凰机场或高铁站。,崇尚度假慢生活，清晨沙滩漫步，午后椰林下午茶，酷爱轻户外及后海冲浪。,名下持有一套旧两居，置换回款 65% + 个人理财储蓄补充 + 公积金商业贷,重性价比，不盲信大牌，但要求物业管理有序、绿化修剪及时、人防技防规范。,每年11月至次年3月到此度过漫长冬季，极其依赖周边的康养及适老化服务。
三_2011_02688,三亚,2011,本地改善,33,女,3.1,19.1,0.35,41.0,4,1,否,B,agent,0.7,0.56,0.58,0.47,0.35,0.85,0.36,0.79,0.37,自住-改善,一室一厅,74,4315,国企中层管理,三口之家(幼龄段),三亚中环品质两居，车位及空间极其拥挤,小区无地下车库且人车不分流，小孩在楼下玩耍或者推婴儿车极为不安全。,讲究超高得房率（超85%），主卧套房必须配备独立步入式衣帽间与干湿分离双卫。,无需日常通勤，但要求30分钟内快捷通达凤凰机场或高铁站。,崇尚度假慢生活，清晨沙滩漫步，午后椰林下午茶，酷爱轻户外及后海冲浪。,名下持有一套旧两居，置换回款 65% + 个人理财储蓄补充 + 公积金商业贷,重性价比，不盲信大牌，但要求物业管理有序、绿化修剪及时、人防技防规范。,本地常住人口，四季生活规律，度假频次为常规年假出行。
三_2011_02689,三亚,2011,本地改善,47,男,2.5,11.4,0.35,24.5,4,1,否,B,agent,0.79,0.62,0.72,0.44,0.41,0.91,0.51,0.55,0.46,自住-改善,两室一厅,85,1641,智能新能源车企研发骨干,三口之家(学龄段),三亚中环品质两居，车位及空间极其拥挤,小区无地下车库且人车不分流，小孩在楼下玩耍或者推婴儿车极为不安全。,要求有超大面宽南向双阳台（观景家政分离），主卧大飘窗能270度直面自然景观。,无需日常通勤，但要求30分钟内快捷通达凤凰机场或高铁站。,崇尚度假慢生活，清晨沙滩漫步，午后椰林下午茶，酷爱轻户外及后海冲浪。,名下持有一套旧两居，置换回款 65% + 个人理财储蓄补充 + 公积金商业贷,重性价比，不盲信大牌，但要求物业管理有序、绿化修剪及时、人防技防规范。,本地常住人口，四季生活规律，度假频次为常规年假出行。
三_2011_02690,三亚,2011,外地候鸟-华北,57,男,4.1,27.8,0.5,41.8,3,0,否,B,network,0.14,0.5,0.97,0.78,0.6,0.62,0.08,0.1,0.56,养老,一室一厅,94,3532,高校资深硕导,高知退休康养,三亚中环品质两居，车位及空间极其拥挤,老小区隔音差，邻里滋扰严重，且车位严重匮乏，每晚加班回来抢车位像打仗。,要求独立电梯入户，主次卧动线分明，配备独立保姆房和私密后院。,无需日常通勤，但要求30分钟内快捷通达凤凰机场或高铁站。,崇尚度假慢生活，清晨沙滩漫步，午后椰林下午茶，酷爱轻户外及后海冲浪。,名下持有一套旧两居，置换回款 65% + 个人理财储蓄补充 + 公积金商业贷,重性价比，不盲信大牌，但要求物业管理有序、绿化修剪及时、人防技防规范。,每年11月至次年3月到此度过漫长冬季，极其依赖周边的康养及适老化服务。
三_2011_02691,三亚,2011,度假投资,42,男,4.8,60.3,0.4,113.0,3,1,否,A,research,1,0.46,0.89,0.49,0.53,0.49,0,0.03,0.61,投资-短期,两室一厅,51,16642,知名中医药连锁投资人,三口之家(学龄段),西湖边高精平层,无高端私密会所及管家式物业配套，圈层鱼龙混杂，高净值居住体验差。,要求有超大面宽南向双阳台（观景家政分离），主卧大飘窗能270度直面自然景观。,无需日常通勤，但要求30分钟内快捷通达凤凰机场或高铁站。,周末常去高端商圈消费，热衷打网球和马术，重度手冲咖啡及黑胶唱片发烧友。,名下已有企业股权套现或分红现金，一次性全款付清，基本不加杠杆,重性价比，不盲信大牌，但要求物业管理有序、绿化修剪及时、人防技防规范。,每年11月至次年3月到此度过漫长冬季，极其依赖周边的康养及适老化服务。
三_2011_02692,三亚,2011,度假投资,55,男,10.2,98.1,0.4,183.9,3,0,否,A,research,0.63,0.43,0.83,0.54,0.55,0.35,0,0.0,0.68,投资-长持,三室两厅,94,10515,知名中医药连锁投资人,高知退休康养,市中心私密洋房住宅,无高端私密会所及管家式物业配套，圈层鱼龙混杂，高净值居住体验差。,要求有超大面宽南向双阳台（观景家政分离），主卧大飘窗能270度直面自然景观。,无需日常通勤，但要求30分钟内快捷通达凤凰机场或高铁站。,周末常去高端商圈消费，热衷打网球和马术，重度手冲咖啡及黑胶唱片发烧友。,名下已有企业股权套现或分红现金，一次性全款付清，基本不加杠杆,重性价比，不盲信大牌，但要求物业管理有序、绿化修剪及时、人防技防规范。,每年11月至次年3月到此度过漫长冬季，极其依赖周边的康养及适老化服务。
三_2011_02693,三亚,2011,本地改善,37,女,2.5,12.4,0.35,26.5,4,1,否,B,agent,0.74,0.56,0.5,0.61,0.39,0.77,0.48,0.81,0.38,自住-改善,两室两厅,95,2453,区级税务局一级主办,三口之家(幼龄段),三亚中环品质两居，车位及空间极其拥挤,小区无地下车库且人车不分流，小孩在楼下玩耍或者推婴儿车极为不安全。,讲究超高得房率（超85%），主卧套房必须配备独立步入式衣帽间与干湿分离双卫。,无需日常通勤，但要求30分钟内快捷通达凤凰机场或高铁站。,崇尚度假慢生活，清晨沙滩漫步，午后椰林下午茶，酷爱轻户外及后海冲浪。,名下持有一套旧两居，置换回款 65% + 个人理财储蓄补充 + 公积金商业贷,重性价比，不盲信大牌，但要求物业管理有序、绿化修剪及时、人防技防规范。,本地常住人口，四季生活规律，度假频次为常规年假出行。
三_2011_02694,三亚,2011,度假投资,47,女,12.6,136.6,0.4,256.0,3,0,否,A,research,0.95,0.38,0.75,0.64,0.55,0.56,0.0,0.01,0.77,度假,三室一厅,91,24072,高端海景资产收藏家,成熟期核心家庭,陆家嘴核心区江景大平层,无高端私密会所及管家式物业配套，圈层鱼龙混杂，高净值居住体验差。,要求有超大面宽南向双阳台（观景家政分离），主卧大飘窗能270度直面自然景观。,无需日常通勤，但要求30分钟内快捷通达凤凰机场或高铁站。,周末常去高端商圈消费，热衷打网球和马术，重度手冲咖啡及黑胶唱片发烧友。,名下已有企业股权套现或分红现金，一次性全款付清，基本不加杠杆,非仁恒、绿城、万科等金牌开发商不买，极度看重高端精装质量与顶级物业的增值口碑。,每年11月至次年3月到此度过漫长冬季，极其依赖周边的康养及适老化服务。
三_2011_02695,三亚,2011,度假投资,42,女,3.4,28.2,0.4,52.8,4,0,否,A,research,0.83,0.41,0.82,0.63,0.34,0.23,0,0.09,0.7,度假,两室两厅,85,4195,上市公司退休联合创始人,成熟期核心家庭,市中心私密洋房住宅,无高端私密会所及管家式物业配套，圈层鱼龙混杂，高净值居住体验差。,要求有超大面宽南向双阳台（观景家政分离），主卧大飘窗能270度直面自然景观。,无需日常通勤，但要求30分钟内快捷通达凤凰机场或高铁站。,周末常去高端商圈消费，热衷打网球和马术，重度手冲咖啡及黑胶唱片发烧友。,名下已有企业股权套现或分红现金，一次性全款付清，基本不加杠杆,重性价比，不盲信大牌，但要求物业管理有序、绿化修剪及时、人防技防规范。,每年11月至次年3月到此度过漫长冬季，极其依赖周边的康养及适老化服务。
三_2011_02696,三亚,2011,本地改善,39,女,3.3,21.9,0.35,47.0,3,1,是,B,agent,0.64,0.59,0.67,0.39,0.57,0.83,0.34,0.69,0.45,自住-改善,两室一厅,98,3109,三甲医院主治医师,三口之家(学龄段),三亚中环品质两居，车位及空间极其拥挤,小区无地下车库且人车不分流，小孩在楼下玩耍或者推婴儿车极为不安全。,讲究超高得房率（超85%），主卧套房必须配备独立步入式衣帽间与干湿分离双卫。,无需日常通勤，但要求30分钟内快捷通达凤凰机场或高铁站。,崇尚度假慢生活，清晨沙滩漫步，午后椰林下午茶，酷爱轻户外及后海冲浪。,名下持有一套旧两居，置换回款 65% + 个人理财储蓄补充 + 公积金商业贷,重性价比，不盲信大牌，但要求物业管理有序、绿化修剪及时、人防技防规范。,本地常住人口，四季生活规律，度假频次为常规年假出行。
三_2011_02697,三亚,2011,外地候鸟-东北,58,男,3.8,22.8,0.5,34.2,2,1,否,C,network,0.6,0.53,0.83,0.64,0.41,0.53,0,0.08,0.38,养老,两室一厅,92,2545,哈尔滨高校退休处长,三口之家(学龄段),与父母同住，三代人拥挤在旧区小户型老房中,小区无地下车库且人车不分流，小孩在楼下玩耍或者推婴儿车极为不安全。,要求有超大面宽南向双阳台（观景家政分离），主卧大飘窗能270度直面自然景观。,无需日常通勤，但要求30分钟内快捷通达凤凰机场或高铁站。,崇尚度假慢生活，清晨沙滩漫步，午后椰林下午茶，酷爱轻户外及后海冲浪。,名下持有一套旧两居，置换回款 65% + 个人理财储蓄补充 + 公积金商业贷,重性价比，不盲信大牌，但要求物业管理有序、绿化修剪及时、人防技防规范。,每年11月至次年3月到此度过漫长冬季，极其依赖周边的康养及适老化服务。
三_2011_02698,三亚,2011,本地改善,31,女,2.8,14.3,0.35,30.6,5,2,是,B,agent,0.82,0.54,0.64,0.55,0.49,0.94,0.53,0.73,0.57,自住-改善,一室一厅,75,2794,智能新能源车企研发骨干,二胎黄金期中大户型,三亚中环品质两居，车位及空间极其拥挤,小区无地下车库且人车不分流，小孩在楼下玩耍或者推婴儿车极为不安全。,讲究超高得房率（超85%），主卧套房必须配备独立步入式衣帽间与干湿分离双卫。,无需日常通勤，但要求30分钟内快捷通达凤凰机场或高铁站。,崇尚度假慢生活，清晨沙滩漫步，午后椰林下午茶，酷爱轻户外及后海冲浪。,名下持有一套旧两居，置换回款 65% + 个人理财储蓄补充 + 公积金商业贷,重性价比，不盲信大牌，但要求物业管理有序、绿化修剪及时、人防技防规范。,本地常住人口，四季生活规律，度假频次为常规年假出行。
三_2011_02699,三亚,2011,本地改善,43,女,2.6,17.3,0.35,37.0,5,2,是,B,agent,0.61,0.62,0.57,0.49,0.37,0.77,0.38,0.56,0.43,自住-改善,两室两厅,59,3344,智能新能源车企研发骨干,二胎黄金期中大户型,三亚中环品质两居，车位及空间极其拥挤,小区无地下车库且人车不分流，小孩在楼下玩耍或者推婴儿车极为不安全。,讲究超高得房率（超85%），主卧套房必须配备独立步入式衣帽间与干湿分离双卫。,无需日常通勤，但要求30分钟内快捷通达凤凰机场或高铁站。,崇尚度假慢生活，清晨沙滩漫步，午后椰林下午茶，酷爱轻户外及后海冲浪。,名下持有一套旧两居，置换回款 65% + 个人理财储蓄补充 + 公积金商业贷,重性价比，不盲信大牌，但要求物业管理有序、绿化修剪及时、人防技防规范。,本地常住人口，四季生活规律，度假频次为常规年假出行。
三_2011_02700,三亚,2011,度假投资,44,女,5.8,67.5,0.4,126.6,2,1,否,A,research,0.94,0.39,0.91,0.63,0.54,0.48,0,0,0.75,投资-短期,两室两厅,66,12782,上市公司退休联合创始人,三口之家(学龄段),陆家嘴核心区江景大平层,无高端私密会所及管家式物业配套，圈层鱼龙混杂，高净值居住体验差。,要求有超大面宽南向双阳台（观景家政分离），主卧大飘窗能270度直面自然景观。,无需日常通勤，但要求30分钟内快捷通达凤凰机场或高铁站。,周末常去高端商圈消费，热衷打网球和马术，重度手冲咖啡及黑胶唱片发烧友。,名下已有企业股权套现或分红现金，一次性全款付清，基本不加杠杆,非仁恒、绿城、万科等金牌开发商不买，极度看重高端精装质量与顶级物业的增值口碑。,每年11月至次年3月到此度过漫长冬季，极其依赖周边的康养及适老化服务。
三_2011_02701,三亚,2011,外地候鸟-西北,55,女,1.3,12.3,0.5,18.4,2,0,否,C,network,0.44,0.63,0.76,0.69,0.56,0.57,0.05,0.09,0.57,养老,一室一厅,99,1176,兰州煤炭物流运输企业主,高知退休康养,与父母同住，三代人拥挤在旧区小户型老房中,老小区隔音差，邻里滋扰严重，且车位严重匮乏，每晚加班回来抢车位像打仗。,要求有超大面宽南向双阳台（观景家政分离），主卧大飘窗能270度直面自然景观。,无需日常通勤，但要求30分钟内快捷通达凤凰机场或高铁站。,崇尚度假慢生活，清晨沙滩漫步，午后椰林下午茶，酷爱轻户外及后海冲浪。,名下持有一套旧两居，置换回款 65% + 个人理财储蓄补充 + 公积金商业贷,重性价比，不盲信大牌，但要求物业管理有序、绿化修剪及时、人防技防规范。,每年11月至次年3月到此度过漫长冬季，极其依赖周边的康养及适老化服务。
三_2011_02702,三亚,2011,本地改善,42,男,3.1,16.9,0.35,36.2,3,1,否,B,agent,0.73,0.62,0.49,0.44,0.3,0.79,0.49,0.71,0.42,自住-改善,两室两厅,94,2282,区级税务局一级主办,三口之家(学龄段),三亚中环品质两居，车位及空间极其拥挤,小区无地下车库且人车不分流，小孩在楼下玩耍或者推婴儿车极为不安全。,讲究超高得房率（超85%），主卧套房必须配备独立步入式衣帽间与干湿分离双卫。,无需日常通勤，但要求30分钟内快捷通达凤凰机场或高铁站。,崇尚度假慢生活，清晨沙滩漫步，午后椰林下午茶，酷爱轻户外及后海冲浪。,名下持有一套旧两居，置换回款 65% + 个人理财储蓄补充 + 公积金商业贷,重性价比，不盲信大牌，但要求物业管理有序、绿化修剪及时、人防技防规范。,本地常住人口，四季生活规律，度假频次为常规年假出行。
三_2011_02703,三亚,2011,外地候鸟-西北,66,男,2.6,23.0,0.5,34.4,2,0,否,C,network,0.18,0.54,1,0.57,0.48,0.56,0,0,0.34,养老,一室一厅,73,2362,兰州煤炭物流运输企业主,高知退休康养,与父母同住，三代人拥挤在旧区小户型老房中,老小区隔音差，邻里滋扰严重，且车位严重匮乏，每晚加班回来抢车位像打仗。,要求有超大面宽南向双阳台（观景家政分离），主卧大飘窗能270度直面自然景观。,无需日常通勤，但要求30分钟内快捷通达凤凰机场或高铁站。,崇尚度假慢生活，清晨沙滩漫步，午后椰林下午茶，酷爱轻户外及后海冲浪。,名下持有一套旧两居，置换回款 65% + 个人理财储蓄补充 + 公积金商业贷,重性价比，不盲信大牌，但要求物业管理有序、绿化修剪及时、人防技防规范。,每年11月至次年3月到此度过漫长冬季，极其依赖周边的康养及适老化服务。
三_2011_02704,三亚,2011,外地候鸟-东北,69,女,3.9,24.7,0.5,37.1,1,1,否,C,network,0.64,0.5,0.83,0.73,0.61,0.49,0.0,0.01,0.35,度假,一室一厅,96,2328,哈尔滨高校退休处长,三口之家(学龄段),与父母同住，三代人拥挤在旧区小户型老房中,小区无地下车库且人车不分流，小孩在楼下玩耍或者推婴儿车极为不安全。,要求独立电梯入户，主次卧动线分明，配备独立保姆房和私密后院。,无需日常通勤，但要求30分钟内快捷通达凤凰机场或高铁站。,崇尚度假慢生活，清晨沙滩漫步，午后椰林下午茶，酷爱轻户外及后海冲浪。,名下持有一套旧两居，置换回款 65% + 个人理财储蓄补充 + 公积金商业贷,重性价比，不盲信大牌，但要求物业管理有序、绿化修剪及时、人防技防规范。,每年11月至次年3月到此度过漫长冬季，极其依赖周边的康养及适老化服务。
三_2011_02705,三亚,2011,外地候鸟-华北,61,女,3.6,21.8,0.5,32.7,2,1,否,B,network,0.59,0.58,0.91,0.71,0.61,0.47,0.02,0.09,0.5,养老,两室两厅,55,3175,高校资深硕导,三口之家(学龄段),三亚中环品质两居，车位及空间极其拥挤,小区无地下车库且人车不分流，小孩在楼下玩耍或者推婴儿车极为不安全。,要求独立电梯入户，主次卧动线分明，配备独立保姆房和私密后院。,无需日常通勤，但要求30分钟内快捷通达凤凰机场或高铁站。,崇尚度假慢生活，清晨沙滩漫步，午后椰林下午茶，酷爱轻户外及后海冲浪。,名下持有一套旧两居，置换回款 65% + 个人理财储蓄补充 + 公积金商业贷,重性价比，不盲信大牌，但要求物业管理有序、绿化修剪及时、人防技防规范。,每年11月至次年3月到此度过漫长冬季，极其依赖周边的康养及适老化服务。
三_2011_02706,三亚,2011,本地改善,38,女,2.6,16.5,0.35,35.3,3,1,是,B,agent,0.72,0.55,0.58,0.35,0.43,0.74,0.53,0.66,0.57,自住-改善,两室两厅,61,3327,国企中层管理,三口之家(学龄段),三亚中环品质两居，车位及空间极其拥挤,小区无地下车库且人车不分流，小孩在楼下玩耍或者推婴儿车极为不安全。,讲究超高得房率（超85%），主卧套房必须配备独立步入式衣帽间与干湿分离双卫。,无需日常通勤，但要求30分钟内快捷通达凤凰机场或高铁站。,崇尚度假慢生活，清晨沙滩漫步，午后椰林下午茶，酷爱轻户外及后海冲浪。,名下持有一套旧两居，置换回款 65% + 个人理财储蓄补充 + 公积金商业贷,重性价比，不盲信大牌，但要求物业管理有序、绿化修剪及时、人防技防规范。,本地常住人口，四季生活规律，度假频次为常规年假出行。
三_2011_02707,三亚,2011,外地候鸟-东北,68,男,2.5,18.6,0.5,27.9,1,0,否,C,network,0.39,0.6,0.92,0.57,0.42,0.53,0.04,0.03,0.57,养老,一室一厅,82,3029,哈尔滨高校退休处长,高知退休康养,与父母同住，三代人拥挤在旧区小户型老房中,老小区隔音差，邻里滋扰严重，且车位严重匮乏，每晚加班回来抢车位像打仗。,要求有超大面宽南向双阳台（观景家政分离），主卧大飘窗能270度直面自然景观。,无需日常通勤，但要求30分钟内快捷通达凤凰机场或高铁站。,崇尚度假慢生活，清晨沙滩漫步，午后椰林下午茶，酷爱轻户外及后海冲浪。,名下持有一套旧两居，置换回款 65% + 个人理财储蓄补充 + 公积金商业贷,重性价比，不盲信大牌，但要求物业管理有序、绿化修剪及时、人防技防规范。,每年11月至次年3月到此度过漫长冬季，极其依赖周边的康养及适老化服务。
三_2011_02708,三亚,2011,外地候鸟-东北,61,男,2.3,15.2,0.5,22.8,3,0,否,C,network,0.33,0.58,0.89,0.73,0.45,0.33,0.03,0.06,0.71,养老,一室一厅,57,3270,哈尔滨私营物流老板,高知退休康养,与父母同住，三代人拥挤在旧区小户型老房中,老小区隔音差，邻里滋扰严重，且车位严重匮乏，每晚加班回来抢车位像打仗。,要求独立电梯入户，主次卧动线分明，配备独立保姆房和私密后院。,无需日常通勤，但要求30分钟内快捷通达凤凰机场或高铁站。,崇尚度假慢生活，清晨沙滩漫步，午后椰林下午茶，酷爱轻户外及后海冲浪。,名下持有一套旧两居，置换回款 65% + 个人理财储蓄补充 + 公积金商业贷,非仁恒、绿城、万科等金牌开发商不买，极度看重高端精装质量与顶级物业的增值口碑。,每年11月至次年3月到此度过漫长冬季，极其依赖周边的康养及适老化服务。
三_2011_02709,三亚,2011,度假投资,54,女,11.3,116.2,0.4,217.9,3,1,否,A,research,0.94,0.59,0.78,0.56,0.67,0.48,0,0.06,0.78,投资-短期,三室一厅,149,12690,高端海景资产收藏家,三口之家(学龄段),西湖边高精平层,无高端私密会所及管家式物业配套，圈层鱼龙混杂，高净值居住体验差。,要求有超大面宽南向双阳台（观景家政分离），主卧大飘窗能270度直面自然景观。,无需日常通勤，但要求30分钟内快捷通达凤凰机场或高铁站。,周末常去高端商圈消费，热衷打网球和马术，重度手冲咖啡及黑胶唱片发烧友。,名下已有企业股权套现或分红现金，一次性全款付清，基本不加杠杆,非仁恒、绿城、万科等金牌开发商不买，极度看重高端精装质量与顶级物业的增值口碑。,每年11月至次年3月到此度过漫长冬季，极其依赖周边的康养及适老化服务。
三_2011_02710,三亚,2011,外地候鸟-华北,75,男,5.5,42.8,0.5,64.2,2,0,是,B,network,0.53,0.54,0.81,0.61,0.68,0.68,0.1,0.06,0.43,养老,两室一厅,92,4888,北京三甲医院退休教授,高知退休康养,三亚中环品质两居，车位及空间极其拥挤,当前房屋属于旧多层无电梯房，父母年纪渐高每天爬楼梯极为吃力。,要求有超大面宽南向双阳台（观景家政分离），主卧大飘窗能270度直面自然景观。,无需日常通勤，但要求30分钟内快捷通达凤凰机场或高铁站。,崇尚度假慢生活，清晨沙滩漫步，午后椰林下午茶，酷爱轻户外及后海冲浪。,名下持有一套旧两居，置换回款 65% + 个人理财储蓄补充 + 公积金商业贷,重性价比，不盲信大牌，但要求物业管理有序、绿化修剪及时、人防技防规范。,每年11月至次年3月到此度过漫长冬季，极其依赖周边的康养及适老化服务。
三_2011_02711,三亚,2011,本地改善,38,男,1.4,8.0,0.35,17.2,4,1,否,B,agent,0.87,0.65,0.6,0.42,0.35,0.9,0.55,0.71,0.41,自住-改善,一室一厅,56,1968,重点中学高级教师,三口之家(学龄段),三亚中环品质两居，车位及空间极其拥挤,小区无地下车库且人车不分流，小孩在楼下玩耍或者推婴儿车极为不安全。,讲究超高得房率（超85%），主卧套房必须配备独立步入式衣帽间与干湿分离双卫。,无需日常通勤，但要求30分钟内快捷通达凤凰机场或高铁站。,崇尚度假慢生活，清晨沙滩漫步，午后椰林下午茶，酷爱轻户外及后海冲浪。,名下持有一套旧两居，置换回款 65% + 个人理财储蓄补充 + 公积金商业贷,重性价比，不盲信大牌，但要求物业管理有序、绿化修剪及时、人防技防规范。,本地常住人口，四季生活规律，度假频次为常规年假出行。
三_2011_02712,三亚,2011,外地候鸟-华北,75,女,3.3,31.2,0.5,46.8,2,0,是,B,network,0.54,0.55,0.94,0.59,0.65,0.47,0.05,0.09,0.51,养老,两室两厅,60,5494,央企总部退休总工,高知退休康养,三亚中环品质两居，车位及空间极其拥挤,当前房屋属于旧多层无电梯房，父母年纪渐高每天爬楼梯极为吃力。,要求有超大面宽南向双阳台（观景家政分离），主卧大飘窗能270度直面自然景观。,无需日常通勤，但要求30分钟内快捷通达凤凰机场或高铁站。,崇尚度假慢生活，清晨沙滩漫步，午后椰林下午茶，酷爱轻户外及后海冲浪。,名下持有一套旧两居，置换回款 65% + 个人理财储蓄补充 + 公积金商业贷,重性价比，不盲信大牌，但要求物业管理有序、绿化修剪及时、人防技防规范。,每年11月至次年3月到此度过漫长冬季，极其依赖周边的康养及适老化服务。
三_2011_02713,三亚,2011,本地改善,35,男,2.7,18.6,0.35,39.9,3,2,否,B,agent,0.76,0.47,0.52,0.45,0.39,0.68,0.58,0.66,0.47,自住-改善,两室一厅,78,4226,区级税务局一级主办,二胎黄金期中大户型,三亚中环品质两居，车位及空间极其拥挤,小区无地下车库且人车不分流，小孩在楼下玩耍或者推婴儿车极为不安全。,要求采光通透，全明户型，带多功能嵌入式收纳墙以最大化空间利用。,无需日常通勤，但要求30分钟内快捷通达凤凰机场或高铁站。,崇尚度假慢生活，清晨沙滩漫步，午后椰林下午茶，酷爱轻户外及后海冲浪。,名下持有一套旧两居，置换回款 65% + 个人理财储蓄补充 + 公积金商业贷,重性价比，不盲信大牌，但要求物业管理有序、绿化修剪及时、人防技防规范。,本地常住人口，四季生活规律，度假频次为常规年假出行。
三_2011_02714,三亚,2011,度假投资,55,男,4.7,58.5,0.4,109.7,3,2,否,A,research,1,0.39,0.83,0.58,0.65,0.44,0,0,0.82,投资-短期,一室一厅,72,10935,知名中医药连锁投资人,二胎黄金期中大户型,西湖边高精平层,无高端私密会所及管家式物业配套，圈层鱼龙混杂，高净值居住体验差。,要求有超大面宽南向双阳台（观景家政分离），主卧大飘窗能270度直面自然景观。,无需日常通勤，但要求30分钟内快捷通达凤凰机场或高铁站。,周末常去高端商圈消费，热衷打网球和马术，重度手冲咖啡及黑胶唱片发烧友。,名下已有企业股权套现或分红现金，一次性全款付清，基本不加杠杆,非仁恒、绿城、万科等金牌开发商不买，极度看重高端精装质量与顶级物业的增值口碑。,每年11月至次年3月到此度过漫长冬季，极其依赖周边的康养及适老化服务。
三_2011_02715,三亚,2011,本地改善,37,男,2.2,14.2,0.35,30.5,4,1,是,B,agent,0.86,0.58,0.64,0.43,0.52,0.93,0.48,0.78,0.4,自住-改善,一室一厅,61,4134,国企中层管理,三口之家(幼龄段),三亚中环品质两居，车位及空间极其拥挤,小区无地下车库且人车不分流，小孩在楼下玩耍或者推婴儿车极为不安全。,讲究超高得房率（超85%），主卧套房必须配备独立步入式衣帽间与干湿分离双卫。,无需日常通勤，但要求30分钟内快捷通达凤凰机场或高铁站。,崇尚度假慢生活，清晨沙滩漫步，午后椰林下午茶，酷爱轻户外及后海冲浪。,名下持有一套旧两居，置换回款 65% + 个人理财储蓄补充 + 公积金商业贷,重性价比，不盲信大牌，但要求物业管理有序、绿化修剪及时、人防技防规范。,本地常住人口，四季生活规律，度假频次为常规年假出行。
三_2011_02716,三亚,2011,高净值康养,60,男,23.2,290.0,0.6,362.6,3,0,否,A,network,0.6,0.23,1.0,0.9,0.82,0.61,0.07,0.21,0.9,养老,四室两厅,181,11700,知名中医药连锁投资人,高知退休康养,陆家嘴核心区江景大平层,无高端私密会所及管家式物业配套，圈层鱼龙混杂，高净值居住体验差。,要求独立电梯入户，主次卧动线分明，配备独立保姆房和私密后院。,无需日常通勤，但要求30分钟内快捷通达凤凰机场或高铁站。,周末常去高端商圈消费，热衷打网球和马术，重度手冲咖啡及黑胶唱片发烧友。,名下已有企业股权套现或分红现金，一次性全款付清，基本不加杠杆,非仁恒、绿城、万科等金牌开发商不买，极度看重高端精装质量与顶级物业的增值口碑。,本地常住人口，四季生活规律，度假频次为常规年假出行。
三_2011_02717,三亚,2011,本地改善,39,男,2.2,15.5,0.35,33.2,3,1,是,B,agent,0.82,0.59,0.53,0.42,0.44,0.82,0.47,0.64,0.43,自住-改善,一室一厅,53,4554,国企中层管理,三口之家(学龄段),三亚中环品质两居，车位及空间极其拥挤,小区无地下车库且人车不分流，小孩在楼下玩耍或者推婴儿车极为不安全。,讲究超高得房率（超85%），主卧套房必须配备独立步入式衣帽间与干湿分离双卫。,无需日常通勤，但要求30分钟内快捷通达凤凰机场或高铁站。,崇尚度假慢生活，清晨沙滩漫步，午后椰林下午茶，酷爱轻户外及后海冲浪。,名下持有一套旧两居，置换回款 65% + 个人理财储蓄补充 + 公积金商业贷,重性价比，不盲信大牌，但要求物业管理有序、绿化修剪及时、人防技防规范。,本地常住人口，四季生活规律，度假频次为常规年假出行。
三_2011_02718,三亚,2011,度假投资,38,男,7.7,75.1,0.4,140.7,2,2,否,A,research,0.84,0.36,0.92,0.68,0.56,0.56,0,0,0.91,投资-短期,两室两厅,87,10854,知名中医药连锁投资人,二胎黄金期中大户型,陆家嘴核心区江景大平层,无高端私密会所及管家式物业配套，圈层鱼龙混杂，高净值居住体验差。,要求有超大面宽南向双阳台（观景家政分离），主卧大飘窗能270度直面自然景观。,无需日常通勤，但要求30分钟内快捷通达凤凰机场或高铁站。,周末常去高端商圈消费，热衷打网球和马术，重度手冲咖啡及黑胶唱片发烧友。,名下已有企业股权套现或分红现金，一次性全款付清，基本不加杠杆,非仁恒、绿城、万科等金牌开发商不买，极度看重高端精装质量与顶级物业的增值口碑。,每年11月至次年3月到此度过漫长冬季，极其依赖周边的康养及适老化服务。
三_2011_02719,三亚,2011,外地候鸟-华北,58,女,2.3,23.1,0.5,34.6,2,1,否,B,network,0.93,0.62,0.92,0.68,0.39,0.46,0,0.2,0.66,度假,两室一厅,58,4531,央企总部退休总工,三口之家(学龄段),三亚中环品质两居，车位及空间极其拥挤,小区无地下车库且人车不分流，小孩在楼下玩耍或者推婴儿车极为不安全。,要求有超大面宽南向双阳台（观景家政分离），主卧大飘窗能270度直面自然景观。,无需日常通勤，但要求30分钟内快捷通达凤凰机场或高铁站。,崇尚度假慢生活，清晨沙滩漫步，午后椰林下午茶，酷爱轻户外及后海冲浪。,名下持有一套旧两居，置换回款 65% + 个人理财储蓄补充 + 公积金商业贷,重性价比，不盲信大牌，但要求物业管理有序、绿化修剪及时、人防技防规范。,每年11月至次年3月到此度过漫长冬季，极其依赖周边的康养及适老化服务。
三_2011_02720,三亚,2011,高净值康养,50,女,11.4,124.9,0.6,156.1,1,0,否,A,network,0.74,0.4,0.91,1,0.89,0.66,0.04,0.03,0.87,度假,三室两厅,112,8896,上市公司退休联合创始人,成熟期核心家庭,陆家嘴核心区江景大平层,无高端私密会所及管家式物业配套，圈层鱼龙混杂，高净值居住体验差。,要求独立电梯入户，主次卧动线分明，配备独立保姆房和私密后院。,无需日常通勤，但要求30分钟内快捷通达凤凰机场或高铁站。,周末常去高端商圈消费，热衷打网球和马术，重度手冲咖啡及黑胶唱片发烧友。,名下已有企业股权套现或分红现金，一次性全款付清，基本不加杠杆,非仁恒、绿城、万科等金牌开发商不买，极度看重高端精装质量与顶级物业的增值口碑。,本地常住人口，四季生活规律，度假频次为常规年假出行。
三_2011_02721,三亚,2011,本地改善,34,男,2.4,13.6,0.35,29.2,4,0,是,B,agent,0.49,0.63,0.57,0.46,0.4,0.85,0.49,0.66,0.43,自住-改善,两室一厅,58,2566,重点中学高级教师,新婚过渡两居,三亚中环品质两居，车位及空间极其拥挤,当前房屋属于旧多层无电梯房，父母年纪渐高每天爬楼梯极为吃力。,讲究超高得房率（超85%），主卧套房必须配备独立步入式衣帽间与干湿分离双卫。,无需日常通勤，但要求30分钟内快捷通达凤凰机场或高铁站。,崇尚度假慢生活，清晨沙滩漫步，午后椰林下午茶，酷爱轻户外及后海冲浪。,名下持有一套旧两居，置换回款 65% + 个人理财储蓄补充 + 公积金商业贷,重性价比，不盲信大牌，但要求物业管理有序、绿化修剪及时、人防技防规范。,本地常住人口，四季生活规律，度假频次为常规年假出行。
三_2011_02722,三亚,2011,度假投资,50,女,5.0,43.4,0.4,81.3,3,1,否,A,research,0.87,0.31,0.72,0.55,0.63,0.38,0,0,0.81,投资-短期,一室一厅,94,7245,高端海景资产收藏家,三口之家(学龄段),陆家嘴核心区江景大平层,无高端私密会所及管家式物业配套，圈层鱼龙混杂，高净值居住体验差。,要求有超大面宽南向双阳台（观景家政分离），主卧大飘窗能270度直面自然景观。,无需日常通勤，但要求30分钟内快捷通达凤凰机场或高铁站。,周末常去高端商圈消费，热衷打网球和马术，重度手冲咖啡及黑胶唱片发烧友。,名下已有企业股权套现或分红现金，一次性全款付清，基本不加杠杆,非仁恒、绿城、万科等金牌开发商不买，极度看重高端精装质量与顶级物业的增值口碑。,每年11月至次年3月到此度过漫长冬季，极其依赖周边的康养及适老化服务。
三_2011_02723,三亚,2011,本地改善,30,男,2.7,20.0,0.35,42.9,4,1,是,B,agent,1,0.53,0.42,0.48,0.3,0.69,0.6,0.85,0.45,自住-改善,两室一厅,92,2944,国企中层管理,三口之家(幼龄段),三亚中环品质两居，车位及空间极其拥挤,小区无地下车库且人车不分流，小孩在楼下玩耍或者推婴儿车极为不安全。,核心要求地块属于第一梯队名校学区，且周边500米内解决幼小衔接教育配套。,无需日常通勤，但要求30分钟内快捷通达凤凰机场或高铁站。,崇尚度假慢生活，清晨沙滩漫步，午后椰林下午茶，酷爱轻户外及后海冲浪。,名下持有一套旧两居，置换回款 65% + 个人理财储蓄补充 + 公积金商业贷,重性价比，不盲信大牌，但要求物业管理有序、绿化修剪及时、人防技防规范。,本地常住人口，四季生活规律，度假频次为常规年假出行。
三_2011_02724,三亚,2011,外地候鸟-华北,58,女,4.0,40.5,0.5,60.7,3,0,否,B,network,0.54,0.46,0.88,0.75,0.79,0.52,0,0.08,0.52,度假,一室一厅,91,5286,北京三甲医院退休教授,高知退休康养,三亚中环品质两居，车位及空间极其拥挤,老小区隔音差，邻里滋扰严重，且车位严重匮乏，每晚加班回来抢车位像打仗。,要求独立电梯入户，主次卧动线分明，配备独立保姆房和私密后院。,无需日常通勤，但要求30分钟内快捷通达凤凰机场或高铁站。,崇尚度假慢生活，清晨沙滩漫步，午后椰林下午茶，酷爱轻户外及后海冲浪。,名下持有一套旧两居，置换回款 65% + 个人理财储蓄补充 + 公积金商业贷,重性价比，不盲信大牌，但要求物业管理有序、绿化修剪及时、人防技防规范。,每年11月至次年3月到此度过漫长冬季，极其依赖周边的康养及适老化服务。
三_2011_02725,三亚,2011,本地改善,50,男,2.9,15.1,0.35,32.4,5,1,是,B,agent,0.6,0.62,0.44,0.5,0.32,0.69,0.5,0.74,0.42,自住-改善,一室一厅,60,4672,智能新能源车企研发骨干,三口之家(学龄段),三亚中环品质两居，车位及空间极其拥挤,小区无地下车库且人车不分流，小孩在楼下玩耍或者推婴儿车极为不安全。,核心要求地块属于第一梯队名校学区，且周边500米内解决幼小衔接教育配套。,无需日常通勤，但要求30分钟内快捷通达凤凰机场或高铁站。,崇尚度假慢生活，清晨沙滩漫步，午后椰林下午茶，酷爱轻户外及后海冲浪。,名下持有一套旧两居，置换回款 65% + 个人理财储蓄补充 + 公积金商业贷,重性价比，不盲信大牌，但要求物业管理有序、绿化修剪及时、人防技防规范。,本地常住人口，四季生活规律，度假频次为常规年假出行。
三_2011_02726,三亚,2011,外地候鸟-东北,74,男,3.6,23.2,0.5,34.9,2,0,否,C,network,0.34,0.61,0.82,0.67,0.48,0.48,0.02,0.09,0.56,度假,两室一厅,78,3892,沈阳大型重工企业退休副厂长,高知退休康养,与父母同住，三代人拥挤在旧区小户型老房中,老小区隔音差，邻里滋扰严重，且车位严重匮乏，每晚加班回来抢车位像打仗。,要求有超大面宽南向双阳台（观景家政分离），主卧大飘窗能270度直面自然景观。,无需日常通勤，但要求30分钟内快捷通达凤凰机场或高铁站。,崇尚度假慢生活，清晨沙滩漫步，午后椰林下午茶，酷爱轻户外及后海冲浪。,名下持有一套旧两居，置换回款 65% + 个人理财储蓄补充 + 公积金商业贷,重性价比，不盲信大牌，但要求物业管理有序、绿化修剪及时、人防技防规范。,每年11月至次年3月到此度过漫长冬季，极其依赖周边的康养及适老化服务。
三_2011_02727,三亚,2011,外地候鸟-华北,65,男,2.2,22.2,0.5,33.3,1,0,否,B,network,0.57,0.43,1,0.73,0.55,0.54,0,0.03,0.56,养老,一室一厅,80,3236,北京三甲医院退休教授,高知退休康养,三亚中环品质两居，车位及空间极其拥挤,老小区隔音差，邻里滋扰严重，且车位严重匮乏，每晚加班回来抢车位像打仗。,要求独立电梯入户，主次卧动线分明，配备独立保姆房和私密后院。,无需日常通勤，但要求30分钟内快捷通达凤凰机场或高铁站。,崇尚度假慢生活，清晨沙滩漫步，午后椰林下午茶，酷爱轻户外及后海冲浪。,名下持有一套旧两居，置换回款 65% + 个人理财储蓄补充 + 公积金商业贷,重性价比，不盲信大牌，但要求物业管理有序、绿化修剪及时、人防技防规范。,每年11月至次年3月到此度过漫长冬季，极其依赖周边的康养及适老化服务。
三_2011_02728,三亚,2011,外地候鸟-东北,76,女,3.2,18.7,0.5,28.1,2,0,否,C,network,0.18,0.7,0.87,0.76,0.37,0.6,0,0,0.55,度假,两室一厅,86,1665,哈尔滨高校退休处长,高知退休康养,与父母同住，三代人拥挤在旧区小户型老房中,老小区隔音差，邻里滋扰严重，且车位严重匮乏，每晚加班回来抢车位像打仗。,要求独立电梯入户，主次卧动线分明，配备独立保姆房和私密后院。,无需日常通勤，但要求30分钟内快捷通达凤凰机场或高铁站。,崇尚度假慢生活，清晨沙滩漫步，午后椰林下午茶，酷爱轻户外及后海冲浪。,名下持有一套旧两居，置换回款 65% + 个人理财储蓄补充 + 公积金商业贷,重性价比，不盲信大牌，但要求物业管理有序、绿化修剪及时、人防技防规范。,每年11月至次年3月到此度过漫长冬季，极其依赖周边的康养及适老化服务。
三_2011_02729,三亚,2011,外地候鸟-西北,61,男,1.3,10.3,0.5,15.4,2,0,否,C,network,0.1,0.55,0.78,0.64,0.57,0.56,0.13,0.05,0.47,度假,一室一厅,86,1563,西安设计院退休总建筑师,高知退休康养,与父母同住，三代人拥挤在旧区小户型老房中,老小区隔音差，邻里滋扰严重，且车位严重匮乏，每晚加班回来抢车位像打仗。,要求有超大面宽南向双阳台（观景家政分离），主卧大飘窗能270度直面自然景观。,无需日常通勤，但要求30分钟内快捷通达凤凰机场或高铁站。,崇尚度假慢生活，清晨沙滩漫步，午后椰林下午茶，酷爱轻户外及后海冲浪。,名下持有一套旧两居，置换回款 65% + 个人理财储蓄补充 + 公积金商业贷,重性价比，不盲信大牌，但要求物业管理有序、绿化修剪及时、人防技防规范。,每年11月至次年3月到此度过漫长冬季，极其依赖周边的康养及适老化服务。
三_2011_02730,三亚,2011,本地改善,37,女,2.7,12.9,0.35,27.7,4,1,否,B,agent,0.4,0.6,0.66,0.36,0.4,0.69,0.51,0.57,0.47,自住-改善,两室一厅,66,2769,三甲医院主治医师,三口之家(幼龄段),三亚中环品质两居，车位及空间极其拥挤,小区无地下车库且人车不分流，小孩在楼下玩耍或者推婴儿车极为不安全。,要求采光通透，全明户型，带多功能嵌入式收纳墙以最大化空间利用。,无需日常通勤，但要求30分钟内快捷通达凤凰机场或高铁站。,崇尚度假慢生活，清晨沙滩漫步，午后椰林下午茶，酷爱轻户外及后海冲浪。,名下持有一套旧两居，置换回款 65% + 个人理财储蓄补充 + 公积金商业贷,重性价比，不盲信大牌，但要求物业管理有序、绿化修剪及时、人防技防规范。,本地常住人口，四季生活规律，度假频次为常规年假出行。
三_2011_02731,三亚,2011,本地改善,42,男,2.9,22.1,0.35,47.3,4,1,否,B,agent,0.72,0.55,0.57,0.41,0.46,0.85,0.49,0.77,0.41,自住-改善,一室一厅,79,4325,区级税务局一级主办,三口之家(学龄段),三亚中环品质两居，车位及空间极其拥挤,小区无地下车库且人车不分流，小孩在楼下玩耍或者推婴儿车极为不安全。,讲究超高得房率（超85%），主卧套房必须配备独立步入式衣帽间与干湿分离双卫。,无需日常通勤，但要求30分钟内快捷通达凤凰机场或高铁站。,崇尚度假慢生活，清晨沙滩漫步，午后椰林下午茶，酷爱轻户外及后海冲浪。,名下持有一套旧两居，置换回款 65% + 个人理财储蓄补充 + 公积金商业贷,重性价比，不盲信大牌，但要求物业管理有序、绿化修剪及时、人防技防规范。,本地常住人口，四季生活规律，度假频次为常规年假出行。
三_2011_02732,三亚,2011,本地改善,50,女,2.8,21.3,0.35,45.7,2,1,是,B,agent,0.75,0.58,0.78,0.49,0.44,0.75,0.45,0.82,0.45,自住-改善,两室两厅,80,4851,三甲医院主治医师,三口之家(学龄段),三亚中环品质两居，车位及空间极其拥挤,小区无地下车库且人车不分流，小孩在楼下玩耍或者推婴儿车极为不安全。,要求有超大面宽南向双阳台（观景家政分离），主卧大飘窗能270度直面自然景观。,无需日常通勤，但要求30分钟内快捷通达凤凰机场或高铁站。,崇尚度假慢生活，清晨沙滩漫步，午后椰林下午茶，酷爱轻户外及后海冲浪。,名下持有一套旧两居，置换回款 65% + 个人理财储蓄补充 + 公积金商业贷,重性价比，不盲信大牌，但要求物业管理有序、绿化修剪及时、人防技防规范。,本地常住人口，四季生活规律，度假频次为常规年假出行。
三_2011_02733,三亚,2011,本地改善,40,女,3.1,17.5,0.35,37.5,4,1,是,B,agent,0.87,0.57,0.7,0.39,0.35,0.75,0.44,0.73,0.5,自住-改善,两室两厅,99,3129,重点中学高级教师,三口之家(学龄段),三亚中环品质两居，车位及空间极其拥挤,小区无地下车库且人车不分流，小孩在楼下玩耍或者推婴儿车极为不安全。,讲究超高得房率（超85%），主卧套房必须配备独立步入式衣帽间与干湿分离双卫。,无需日常通勤，但要求30分钟内快捷通达凤凰机场或高铁站。,崇尚度假慢生活，清晨沙滩漫步，午后椰林下午茶，酷爱轻户外及后海冲浪。,名下持有一套旧两居，置换回款 65% + 个人理财储蓄补充 + 公积金商业贷,重性价比，不盲信大牌，但要求物业管理有序、绿化修剪及时、人防技防规范。,本地常住人口，四季生活规律，度假频次为常规年假出行。
三_2011_02734,三亚,2011,本地改善,48,女,3.0,18.1,0.35,38.8,4,1,是,B,agent,0.84,0.57,0.51,0.35,0.32,0.7,0.56,0.76,0.47,自住-改善,一室一厅,73,3524,智能新能源车企研发骨干,三口之家(学龄段),三亚中环品质两居，车位及空间极其拥挤,小区无地下车库且人车不分流，小孩在楼下玩耍或者推婴儿车极为不安全。,核心要求地块属于第一梯队名校学区，且周边500米内解决幼小衔接教育配套。,无需日常通勤，但要求30分钟内快捷通达凤凰机场或高铁站。,崇尚度假慢生活，清晨沙滩漫步，午后椰林下午茶，酷爱轻户外及后海冲浪。,名下持有一套旧两居，置换回款 65% + 个人理财储蓄补充 + 公积金商业贷,重性价比，不盲信大牌，但要求物业管理有序、绿化修剪及时、人防技防规范。,本地常住人口，四季生活规律，度假频次为常规年假出行。
三_2011_02735,三亚,2011,外地候鸟-华北,74,女,3.1,18.8,0.5,28.3,2,0,否,B,network,0.65,0.47,0.9,0.61,0.55,0.4,0,0.03,0.47,养老,两室两厅,74,1998,高校资深硕导,高知退休康养,三亚中环品质两居，车位及空间极其拥挤,老小区隔音差，邻里滋扰严重，且车位严重匮乏，每晚加班回来抢车位像打仗。,要求有超大面宽南向双阳台（观景家政分离），主卧大飘窗能270度直面自然景观。,无需日常通勤，但要求30分钟内快捷通达凤凰机场或高铁站。,崇尚度假慢生活，清晨沙滩漫步，午后椰林下午茶，酷爱轻户外及后海冲浪。,名下持有一套旧两居，置换回款 65% + 个人理财储蓄补充 + 公积金商业贷,重性价比，不盲信大牌，但要求物业管理有序、绿化修剪及时、人防技防规范。,每年11月至次年3月到此度过漫长冬季，极其依赖周边的康养及适老化服务。
三_2011_02736,三亚,2011,外地候鸟-华北,57,女,3.3,26.9,0.5,40.4,2,0,否,B,network,0.58,0.46,0.99,0.72,0.62,0.4,0,0,0.52,养老,一室一厅,94,2179,央企总部退休总工,高知退休康养,三亚中环品质两居，车位及空间极其拥挤,老小区隔音差，邻里滋扰严重，且车位严重匮乏，每晚加班回来抢车位像打仗。,要求独立电梯入户，主次卧动线分明，配备独立保姆房和私密后院。,无需日常通勤，但要求30分钟内快捷通达凤凰机场或高铁站。,崇尚度假慢生活，清晨沙滩漫步，午后椰林下午茶，酷爱轻户外及后海冲浪。,名下持有一套旧两居，置换回款 65% + 个人理财储蓄补充 + 公积金商业贷,重性价比，不盲信大牌，但要求物业管理有序、绿化修剪及时、人防技防规范。,每年11月至次年3月到此度过漫长冬季，极其依赖周边的康养及适老化服务。
三_2011_02737,三亚,2011,度假投资,52,男,11.7,103.6,0.4,194.2,3,1,否,A,research,0.86,0.33,0.7,0.57,0.77,0.44,0.07,0.01,0.82,投资-短期,两室两厅,130,9386,知名中医药连锁投资人,三口之家(学龄段),市中心私密洋房住宅,无高端私密会所及管家式物业配套，圈层鱼龙混杂，高净值居住体验差。,要求有超大面宽南向双阳台（观景家政分离），主卧大飘窗能270度直面自然景观。,无需日常通勤，但要求30分钟内快捷通达凤凰机场或高铁站。,周末常去高端商圈消费，热衷打网球和马术，重度手冲咖啡及黑胶唱片发烧友。,名下已有企业股权套现或分红现金，一次性全款付清，基本不加杠杆,非仁恒、绿城、万科等金牌开发商不买，极度看重高端精装质量与顶级物业的增值口碑。,每年11月至次年3月到此度过漫长冬季，极其依赖周边的康养及适老化服务。
三_2011_02738,三亚,2011,外地候鸟-华北,66,男,4.7,45.5,0.5,68.2,2,0,否,B,network,0.41,0.5,0.84,0.67,0.52,0.64,0,0.15,0.52,度假,一室一厅,60,5897,央企总部退休总工,高知退休康养,三亚中环品质两居，车位及空间极其拥挤,老小区隔音差，邻里滋扰严重，且车位严重匮乏，每晚加班回来抢车位像打仗。,要求有超大面宽南向双阳台（观景家政分离），主卧大飘窗能270度直面自然景观。,无需日常通勤，但要求30分钟内快捷通达凤凰机场或高铁站。,崇尚度假慢生活，清晨沙滩漫步，午后椰林下午茶，酷爱轻户外及后海冲浪。,名下持有一套旧两居，置换回款 65% + 个人理财储蓄补充 + 公积金商业贷,重性价比，不盲信大牌，但要求物业管理有序、绿化修剪及时、人防技防规范。,每年11月至次年3月到此度过漫长冬季，极其依赖周边的康养及适老化服务。
三_2011_02739,三亚,2011,本地改善,33,男,2.3,13.7,0.35,29.4,4,1,否,B,agent,0.76,0.48,0.79,0.5,0.43,0.8,0.46,0.81,0.49,自住-改善,两室一厅,78,2070,国企中层管理,三口之家(幼龄段),三亚中环品质两居，车位及空间极其拥挤,小区无地下车库且人车不分流，小孩在楼下玩耍或者推婴儿车极为不安全。,要求有超大面宽南向双阳台（观景家政分离），主卧大飘窗能270度直面自然景观。,无需日常通勤，但要求30分钟内快捷通达凤凰机场或高铁站。,崇尚度假慢生活，清晨沙滩漫步，午后椰林下午茶，酷爱轻户外及后海冲浪。,名下持有一套旧两居，置换回款 65% + 个人理财储蓄补充 + 公积金商业贷,重性价比，不盲信大牌，但要求物业管理有序、绿化修剪及时、人防技防规范。,本地常住人口，四季生活规律，度假频次为常规年假出行。
三_2011_02740,三亚,2011,本地改善,37,女,2.4,12.0,0.35,25.8,4,1,否,B,agent,0.6,0.65,0.69,0.54,0.44,0.76,0.48,0.59,0.41,自住-改善,一室一厅,96,2290,三甲医院主治医师,三口之家(幼龄段),三亚中环品质两居，车位及空间极其拥挤,小区无地下车库且人车不分流，小孩在楼下玩耍或者推婴儿车极为不安全。,讲究超高得房率（超85%），主卧套房必须配备独立步入式衣帽间与干湿分离双卫。,无需日常通勤，但要求30分钟内快捷通达凤凰机场或高铁站。,崇尚度假慢生活，清晨沙滩漫步，午后椰林下午茶，酷爱轻户外及后海冲浪。,名下持有一套旧两居，置换回款 65% + 个人理财储蓄补充 + 公积金商业贷,重性价比，不盲信大牌，但要求物业管理有序、绿化修剪及时、人防技防规范。,本地常住人口，四季生活规律，度假频次为常规年假出行。
三_2011_02741,三亚,2011,度假投资,55,男,8.3,99.1,0.4,185.9,3,1,否,A,research,0.61,0.32,0.81,0.68,0.56,0.46,0,0,0.77,度假,三室一厅,119,9547,高端海景资产收藏家,三口之家(学龄段),陆家嘴核心区江景大平层,无高端私密会所及管家式物业配套，圈层鱼龙混杂，高净值居住体验差。,要求有超大面宽南向双阳台（观景家政分离），主卧大飘窗能270度直面自然景观。,无需日常通勤，但要求30分钟内快捷通达凤凰机场或高铁站。,周末常去高端商圈消费，热衷打网球和马术，重度手冲咖啡及黑胶唱片发烧友。,名下已有企业股权套现或分红现金，一次性全款付清，基本不加杠杆,非仁恒、绿城、万科等金牌开发商不买，极度看重高端精装质量与顶级物业的增值口碑。,每年11月至次年3月到此度过漫长冬季，极其依赖周边的康养及适老化服务。
三_2011_02742,三亚,2011,外地候鸟-西北,70,男,4.8,31.9,0.5,47.8,2,0,否,C,network,0.22,0.49,0.92,0.55,0.4,0.54,0.03,0.01,0.62,度假,两室两厅,52,6118,兰州煤炭物流运输企业主,高知退休康养,与父母同住，三代人拥挤在旧区小户型老房中,老小区隔音差，邻里滋扰严重，且车位严重匮乏，每晚加班回来抢车位像打仗。,要求有超大面宽南向双阳台（观景家政分离），主卧大飘窗能270度直面自然景观。,无需日常通勤，但要求30分钟内快捷通达凤凰机场或高铁站。,崇尚度假慢生活，清晨沙滩漫步，午后椰林下午茶，酷爱轻户外及后海冲浪。,名下持有一套旧两居，置换回款 65% + 个人理财储蓄补充 + 公积金商业贷,重性价比，不盲信大牌，但要求物业管理有序、绿化修剪及时、人防技防规范。,每年11月至次年3月到此度过漫长冬季，极其依赖周边的康养及适老化服务。
三_2011_02743,三亚,2011,本地改善,48,女,1.8,10.7,0.35,23.0,4,1,是,B,agent,0.79,0.52,0.64,0.27,0.42,0.66,0.44,0.61,0.53,自住-改善,两室一厅,73,2506,区级税务局一级主办,三口之家(学龄段),三亚中环品质两居，车位及空间极其拥挤,小区无地下车库且人车不分流，小孩在楼下玩耍或者推婴儿车极为不安全。,要求采光通透，全明户型，带多功能嵌入式收纳墙以最大化空间利用。,无需日常通勤，但要求30分钟内快捷通达凤凰机场或高铁站。,崇尚度假慢生活，清晨沙滩漫步，午后椰林下午茶，酷爱轻户外及后海冲浪。,名下持有一套旧两居，置换回款 65% + 个人理财储蓄补充 + 公积金商业贷,重性价比，不盲信大牌，但要求物业管理有序、绿化修剪及时、人防技防规范。,本地常住人口，四季生活规律，度假频次为常规年假出行。
三_2011_02744,三亚,2011,本地改善,34,女,2.6,12.0,0.35,25.7,4,1,是,B,agent,0.65,0.5,0.59,0.35,0.5,0.81,0.54,0.73,0.47,自住-改善,一室一厅,87,1641,智能新能源车企研发骨干,三口之家(幼龄段),三亚中环品质两居，车位及空间极其拥挤,小区无地下车库且人车不分流，小孩在楼下玩耍或者推婴儿车极为不安全。,讲究超高得房率（超85%），主卧套房必须配备独立步入式衣帽间与干湿分离双卫。,无需日常通勤，但要求30分钟内快捷通达凤凰机场或高铁站。,崇尚度假慢生活，清晨沙滩漫步，午后椰林下午茶，酷爱轻户外及后海冲浪。,名下持有一套旧两居，置换回款 65% + 个人理财储蓄补充 + 公积金商业贷,重性价比，不盲信大牌，但要求物业管理有序、绿化修剪及时、人防技防规范。,本地常住人口，四季生活规律，度假频次为常规年假出行。
三_2011_02745,三亚,2011,外地候鸟-华北,60,男,5.9,45.8,0.5,68.7,2,0,否,B,network,0.59,0.39,0.87,0.66,0.52,0.44,0,0,0.6,度假,两室一厅,96,4206,央企总部退休总工,高知退休康养,三亚中环品质两居，车位及空间极其拥挤,老小区隔音差，邻里滋扰严重，且车位严重匮乏，每晚加班回来抢车位像打仗。,要求有超大面宽南向双阳台（观景家政分离），主卧大飘窗能270度直面自然景观。,无需日常通勤，但要求30分钟内快捷通达凤凰机场或高铁站。,崇尚度假慢生活，清晨沙滩漫步，午后椰林下午茶，酷爱轻户外及后海冲浪。,名下持有一套旧两居，置换回款 65% + 个人理财储蓄补充 + 公积金商业贷,重性价比，不盲信大牌，但要求物业管理有序、绿化修剪及时、人防技防规范。,每年11月至次年3月到此度过漫长冬季，极其依赖周边的康养及适老化服务。
三_2011_02746,三亚,2011,本地改善,42,男,1.8,14.1,0.35,30.1,3,1,否,B,agent,0.81,0.49,0.62,0.46,0.41,0.79,0.54,0.7,0.33,自住-改善,两室两厅,91,1665,智能新能源车企研发骨干,三口之家(学龄段),三亚中环品质两居，车位及空间极其拥挤,小区无地下车库且人车不分流，小孩在楼下玩耍或者推婴儿车极为不安全。,讲究超高得房率（超85%），主卧套房必须配备独立步入式衣帽间与干湿分离双卫。,无需日常通勤，但要求30分钟内快捷通达凤凰机场或高铁站。,崇尚度假慢生活，清晨沙滩漫步，午后椰林下午茶，酷爱轻户外及后海冲浪。,名下持有一套旧两居，置换回款 65% + 个人理财储蓄补充 + 公积金商业贷,重性价比，不盲信大牌，但要求物业管理有序、绿化修剪及时、人防技防规范。,本地常住人口，四季生活规律，度假频次为常规年假出行。
三_2011_02747,三亚,2011,度假投资,39,女,10.5,117.0,0.4,219.4,3,0,否,A,research,0.86,0.61,0.98,0.58,0.38,0.46,0,0.01,0.71,投资-长持,两室两厅,96,13752,知名中医药连锁投资人,成熟期核心家庭,陆家嘴核心区江景大平层,无高端私密会所及管家式物业配套，圈层鱼龙混杂，高净值居住体验差。,要求有超大面宽南向双阳台（观景家政分离），主卧大飘窗能270度直面自然景观。,无需日常通勤，但要求30分钟内快捷通达凤凰机场或高铁站。,周末常去高端商圈消费，热衷打网球和马术，重度手冲咖啡及黑胶唱片发烧友。,名下已有企业股权套现或分红现金，一次性全款付清，基本不加杠杆,非仁恒、绿城、万科等金牌开发商不买，极度看重高端精装质量与顶级物业的增值口碑。,每年11月至次年3月到此度过漫长冬季，极其依赖周边的康养及适老化服务。
三_2011_02748,三亚,2011,本地改善,35,女,2.9,19.4,0.35,41.6,3,1,是,B,agent,0.76,0.54,0.52,0.43,0.49,0.7,0.37,0.74,0.47,自住-改善,两室两厅,79,3536,重点中学高级教师,三口之家(幼龄段),三亚中环品质两居，车位及空间极其拥挤,小区无地下车库且人车不分流，小孩在楼下玩耍或者推婴儿车极为不安全。,讲究超高得房率（超85%），主卧套房必须配备独立步入式衣帽间与干湿分离双卫。,无需日常通勤，但要求30分钟内快捷通达凤凰机场或高铁站。,崇尚度假慢生活，清晨沙滩漫步，午后椰林下午茶，酷爱轻户外及后海冲浪。,名下持有一套旧两居，置换回款 65% + 个人理财储蓄补充 + 公积金商业贷,重性价比，不盲信大牌，但要求物业管理有序、绿化修剪及时、人防技防规范。,本地常住人口，四季生活规律，度假频次为常规年假出行。
三_2011_02749,三亚,2011,本地改善,45,女,2.8,11.7,0.35,25.1,4,1,否,B,agent,0.88,0.65,0.64,0.42,0.31,0.85,0.8,0.7,0.49,自住-改善,一室一厅,53,3264,区级税务局一级主办,三口之家(学龄段),三亚中环品质两居，车位及空间极其拥挤,小区无地下车库且人车不分流，小孩在楼下玩耍或者推婴儿车极为不安全。,讲究超高得房率（超85%），主卧套房必须配备独立步入式衣帽间与干湿分离双卫。,无需日常通勤，但要求30分钟内快捷通达凤凰机场或高铁站。,崇尚度假慢生活，清晨沙滩漫步，午后椰林下午茶，酷爱轻户外及后海冲浪。,名下持有一套旧两居，置换回款 65% + 个人理财储蓄补充 + 公积金商业贷,重性价比，不盲信大牌，但要求物业管理有序、绿化修剪及时、人防技防规范。,本地常住人口，四季生活规律，度假频次为常规年假出行。
三_2011_02750,三亚,2011,外地候鸟-东北,68,男,2.0,17.8,0.5,26.6,2,0,是,C,network,0.48,0.56,0.92,0.71,0.49,0.51,0,0.02,0.54,度假,两室一厅,51,4680,哈尔滨私营物流老板,高知退休康养,与父母同住，三代人拥挤在旧区小户型老房中,当前房屋属于旧多层无电梯房，父母年纪渐高每天爬楼梯极为吃力。,要求独立电梯入户，主次卧动线分明，配备独立保姆房和私密后院。,无需日常通勤，但要求30分钟内快捷通达凤凰机场或高铁站。,崇尚度假慢生活，清晨沙滩漫步，午后椰林下午茶，酷爱轻户外及后海冲浪。,名下持有一套旧两居，置换回款 65% + 个人理财储蓄补充 + 公积金商业贷,重性价比，不盲信大牌，但要求物业管理有序、绿化修剪及时、人防技防规范。,每年11月至次年3月到此度过漫长冬季，极其依赖周边的康养及适老化服务。
三_2011_02751,三亚,2011,外地候鸟-华北,73,男,6.5,61.3,0.5,92.0,2,0,否,B,network,0.67,0.69,0.95,0.7,0.59,0.57,0.08,0.19,0.54,度假,两室一厅,58,13941,央企总部退休总工,高知退休康养,三亚中环品质两居，车位及空间极其拥挤,老小区隔音差，邻里滋扰严重，且车位严重匮乏，每晚加班回来抢车位像打仗。,要求有超大面宽南向双阳台（观景家政分离），主卧大飘窗能270度直面自然景观。,无需日常通勤，但要求30分钟内快捷通达凤凰机场或高铁站。,崇尚度假慢生活，清晨沙滩漫步，午后椰林下午茶，酷爱轻户外及后海冲浪。,名下持有一套旧两居，置换回款 65% + 个人理财储蓄补充 + 公积金商业贷,重性价比，不盲信大牌，但要求物业管理有序、绿化修剪及时、人防技防规范。,每年11月至次年3月到此度过漫长冬季，极其依赖周边的康养及适老化服务。
三_2011_02752,三亚,2011,本地改善,41,女,1.5,7.6,0.35,16.3,4,1,是,B,agent,0.94,0.61,0.6,0.41,0.43,0.81,0.46,0.72,0.43,自住-改善,一室一厅,98,1478,区级税务局一级主办,三口之家(学龄段),三亚中环品质两居，车位及空间极其拥挤,小区无地下车库且人车不分流，小孩在楼下玩耍或者推婴儿车极为不安全。,讲究超高得房率（超85%），主卧套房必须配备独立步入式衣帽间与干湿分离双卫。,无需日常通勤，但要求30分钟内快捷通达凤凰机场或高铁站。,崇尚度假慢生活，清晨沙滩漫步，午后椰林下午茶，酷爱轻户外及后海冲浪。,名下持有一套旧两居，置换回款 65% + 个人理财储蓄补充 + 公积金商业贷,重性价比，不盲信大牌，但要求物业管理有序、绿化修剪及时、人防技防规范。,本地常住人口，四季生活规律，度假频次为常规年假出行。
三_2011_02753,三亚,2011,度假投资,42,女,8.1,79.8,0.4,149.7,4,2,是,A,research,0.56,0.42,0.92,0.31,0.61,0.45,0,0,0.63,投资-短期,两室一厅,68,16539,知名中医药连锁投资人,二胎黄金期中大户型,市中心私密洋房住宅,当前房屋属于旧多层无电梯房，父母年纪渐高每天爬楼梯极为吃力。,要求有超大面宽南向双阳台（观景家政分离），主卧大飘窗能270度直面自然景观。,无需日常通勤，但要求30分钟内快捷通达凤凰机场或高铁站。,周末常去高端商圈消费，热衷打网球和马术，重度手冲咖啡及黑胶唱片发烧友。,名下已有企业股权套现或分红现金，一次性全款付清，基本不加杠杆,重性价比，不盲信大牌，但要求物业管理有序、绿化修剪及时、人防技防规范。,每年11月至次年3月到此度过漫长冬季，极其依赖周边的康养及适老化服务。
三_2011_02754,三亚,2011,外地候鸟-东北,70,女,3.9,21.6,0.5,32.3,2,1,否,C,network,0.5,0.48,0.88,0.62,0.55,0.54,0.03,0,0.49,度假,两室一厅,62,4286,哈尔滨高校退休处长,三口之家(学龄段),与父母同住，三代人拥挤在旧区小户型老房中,小区无地下车库且人车不分流，小孩在楼下玩耍或者推婴儿车极为不安全。,要求有超大面宽南向双阳台（观景家政分离），主卧大飘窗能270度直面自然景观。,无需日常通勤，但要求30分钟内快捷通达凤凰机场或高铁站。,崇尚度假慢生活，清晨沙滩漫步，午后椰林下午茶，酷爱轻户外及后海冲浪。,名下持有一套旧两居，置换回款 65% + 个人理财储蓄补充 + 公积金商业贷,重性价比，不盲信大牌，但要求物业管理有序、绿化修剪及时、人防技防规范。,每年11月至次年3月到此度过漫长冬季，极其依赖周边的康养及适老化服务。
三_2011_02755,三亚,2011,本地改善,47,女,3.7,22.2,0.35,47.5,3,1,是,B,agent,0.62,0.64,0.61,0.49,0.39,0.71,0.47,0.77,0.46,自住-改善,两室两厅,65,4224,智能新能源车企研发骨干,三口之家(学龄段),三亚中环品质两居，车位及空间极其拥挤,小区无地下车库且人车不分流，小孩在楼下玩耍或者推婴儿车极为不安全。,讲究超高得房率（超85%），主卧套房必须配备独立步入式衣帽间与干湿分离双卫。,无需日常通勤，但要求30分钟内快捷通达凤凰机场或高铁站。,崇尚度假慢生活，清晨沙滩漫步，午后椰林下午茶，酷爱轻户外及后海冲浪。,名下持有一套旧两居，置换回款 65% + 个人理财储蓄补充 + 公积金商业贷,重性价比，不盲信大牌，但要求物业管理有序、绿化修剪及时、人防技防规范。,本地常住人口，四季生活规律，度假频次为常规年假出行。
三_2011_02756,三亚,2011,外地候鸟-东北,69,男,3.8,23.0,0.5,34.6,1,0,否,C,network,0.31,0.58,0.91,0.8,0.45,0.52,0,0.01,0.48,度假,一室一厅,83,3160,哈尔滨高校退休处长,高知退休康养,与父母同住，三代人拥挤在旧区小户型老房中,老小区隔音差，邻里滋扰严重，且车位严重匮乏，每晚加班回来抢车位像打仗。,要求独立电梯入户，主次卧动线分明，配备独立保姆房和私密后院。,无需日常通勤，但要求30分钟内快捷通达凤凰机场或高铁站。,崇尚度假慢生活，清晨沙滩漫步，午后椰林下午茶，酷爱轻户外及后海冲浪。,名下持有一套旧两居，置换回款 65% + 个人理财储蓄补充 + 公积金商业贷,重性价比，不盲信大牌，但要求物业管理有序、绿化修剪及时、人防技防规范。,每年11月至次年3月到此度过漫长冬季，极其依赖周边的康养及适老化服务。
三_2011_02757,三亚,2011,本地改善,33,女,2.1,14.2,0.35,30.5,5,1,是,B,agent,0.69,0.6,0.63,0.43,0.52,0.82,0.5,0.69,0.36,自住-改善,两室一厅,57,4781,重点中学高级教师,三口之家(幼龄段),三亚中环品质两居，车位及空间极其拥挤,小区无地下车库且人车不分流，小孩在楼下玩耍或者推婴儿车极为不安全。,讲究超高得房率（超85%），主卧套房必须配备独立步入式衣帽间与干湿分离双卫。,无需日常通勤，但要求30分钟内快捷通达凤凰机场或高铁站。,崇尚度假慢生活，清晨沙滩漫步，午后椰林下午茶，酷爱轻户外及后海冲浪。,名下持有一套旧两居，置换回款 65% + 个人理财储蓄补充 + 公积金商业贷,重性价比，不盲信大牌，但要求物业管理有序、绿化修剪及时、人防技防规范。,本地常住人口，四季生活规律，度假频次为常规年假出行。
三_2011_02758,三亚,2011,外地候鸟-西北,72,女,5.0,31.8,0.5,47.7,2,0,否,C,network,0.3,0.59,1,0.56,0.55,0.54,0.01,0,0.6,养老,两室两厅,69,3613,西安设计院退休总建筑师,高知退休康养,与父母同住，三代人拥挤在旧区小户型老房中,老小区隔音差，邻里滋扰严重，且车位严重匮乏，每晚加班回来抢车位像打仗。,要求有超大面宽南向双阳台（观景家政分离），主卧大飘窗能270度直面自然景观。,无需日常通勤，但要求30分钟内快捷通达凤凰机场或高铁站。,崇尚度假慢生活，清晨沙滩漫步，午后椰林下午茶，酷爱轻户外及后海冲浪。,名下持有一套旧两居，置换回款 65% + 个人理财储蓄补充 + 公积金商业贷,重性价比，不盲信大牌，但要求物业管理有序、绿化修剪及时、人防技防规范。,每年11月至次年3月到此度过漫长冬季，极其依赖周边的康养及适老化服务。
三_2011_02759,三亚,2011,度假投资,47,女,4.1,51.9,0.4,97.3,3,1,否,A,research,0.82,0.38,0.92,0.58,0.57,0.38,0,0.02,0.76,度假,两室一厅,93,6995,知名中医药连锁投资人,三口之家(学龄段),陆家嘴核心区江景大平层,无高端私密会所及管家式物业配套，圈层鱼龙混杂，高净值居住体验差。,要求有超大面宽南向双阳台（观景家政分离），主卧大飘窗能270度直面自然景观。,无需日常通勤，但要求30分钟内快捷通达凤凰机场或高铁站。,周末常去高端商圈消费，热衷打网球和马术，重度手冲咖啡及黑胶唱片发烧友。,名下已有企业股权套现或分红现金，一次性全款付清，基本不加杠杆,非仁恒、绿城、万科等金牌开发商不买，极度看重高端精装质量与顶级物业的增值口碑。,每年11月至次年3月到此度过漫长冬季，极其依赖周边的康养及适老化服务。
三_2011_02760,三亚,2011,外地候鸟-华北,67,女,5.4,51.8,0.5,77.7,2,0,否,B,network,0.46,0.61,0.91,0.73,0.38,0.62,0.19,0,0.56,度假,一室一厅,53,11017,央企总部退休总工,高知退休康养,三亚中环品质两居，车位及空间极其拥挤,老小区隔音差，邻里滋扰严重，且车位严重匮乏，每晚加班回来抢车位像打仗。,要求独立电梯入户，主次卧动线分明，配备独立保姆房和私密后院。,无需日常通勤，但要求30分钟内快捷通达凤凰机场或高铁站。,崇尚度假慢生活，清晨沙滩漫步，午后椰林下午茶，酷爱轻户外及后海冲浪。,名下持有一套旧两居，置换回款 65% + 个人理财储蓄补充 + 公积金商业贷,重性价比，不盲信大牌，但要求物业管理有序、绿化修剪及时、人防技防规范。,每年11月至次年3月到此度过漫长冬季，极其依赖周边的康养及适老化服务。
三_2011_02761,三亚,2011,度假投资,35,女,8.1,88.7,0.4,166.3,3,0,否,A,research,1,0.35,0.97,0.63,0.46,0.57,0.07,0.04,0.8,投资-长持,两室两厅,127,7329,知名中医药连锁投资人,新婚过渡两居,市中心私密洋房住宅,无高端私密会所及管家式物业配套，圈层鱼龙混杂，高净值居住体验差。,要求有超大面宽南向双阳台（观景家政分离），主卧大飘窗能270度直面自然景观。,无需日常通勤，但要求30分钟内快捷通达凤凰机场或高铁站。,周末常去高端商圈消费，热衷打网球和马术，重度手冲咖啡及黑胶唱片发烧友。,名下已有企业股权套现或分红现金，一次性全款付清，基本不加杠杆,非仁恒、绿城、万科等金牌开发商不买，极度看重高端精装质量与顶级物业的增值口碑。,每年11月至次年3月到此度过漫长冬季，极其依赖周边的康养及适老化服务。
三_2011_02762,三亚,2011,本地改善,31,女,3.5,15.3,0.35,32.8,3,1,否,B,agent,1.0,0.53,0.69,0.46,0.58,0.77,0.48,0.61,0.46,自住-改善,两室一厅,58,4088,重点中学高级教师,三口之家(幼龄段),三亚中环品质两居，车位及空间极其拥挤,小区无地下车库且人车不分流，小孩在楼下玩耍或者推婴儿车极为不安全。,讲究超高得房率（超85%），主卧套房必须配备独立步入式衣帽间与干湿分离双卫。,无需日常通勤，但要求30分钟内快捷通达凤凰机场或高铁站。,崇尚度假慢生活，清晨沙滩漫步，午后椰林下午茶，酷爱轻户外及后海冲浪。,名下持有一套旧两居，置换回款 65% + 个人理财储蓄补充 + 公积金商业贷,重性价比，不盲信大牌，但要求物业管理有序、绿化修剪及时、人防技防规范。,本地常住人口，四季生活规律，度假频次为常规年假出行。
三_2011_02763,三亚,2011,外地候鸟-华北,73,女,3.5,25.0,0.5,37.4,3,0,否,B,network,0.49,0.61,1,0.7,0.64,0.54,0,0.06,0.57,养老,两室两厅,68,3826,高校资深硕导,高知退休康养,三亚中环品质两居，车位及空间极其拥挤,老小区隔音差，邻里滋扰严重，且车位严重匮乏，每晚加班回来抢车位像打仗。,要求独立电梯入户，主次卧动线分明，配备独立保姆房和私密后院。,无需日常通勤，但要求30分钟内快捷通达凤凰机场或高铁站。,崇尚度假慢生活，清晨沙滩漫步，午后椰林下午茶，酷爱轻户外及后海冲浪。,名下持有一套旧两居，置换回款 65% + 个人理财储蓄补充 + 公积金商业贷,重性价比，不盲信大牌，但要求物业管理有序、绿化修剪及时、人防技防规范。,每年11月至次年3月到此度过漫长冬季，极其依赖周边的康养及适老化服务。
三_2011_02764,三亚,2011,本地改善,43,男,3.5,24.5,0.35,52.5,3,1,是,B,agent,0.73,0.5,0.59,0.29,0.43,0.75,0.49,0.77,0.37,自住-改善,两室一厅,100,4617,重点中学高级教师,三口之家(学龄段),三亚中环品质两居，车位及空间极其拥挤,小区无地下车库且人车不分流，小孩在楼下玩耍或者推婴儿车极为不安全。,讲究超高得房率（超85%），主卧套房必须配备独立步入式衣帽间与干湿分离双卫。,无需日常通勤，但要求30分钟内快捷通达凤凰机场或高铁站。,崇尚度假慢生活，清晨沙滩漫步，午后椰林下午茶，酷爱轻户外及后海冲浪。,名下持有一套旧两居，置换回款 65% + 个人理财储蓄补充 + 公积金商业贷,重性价比，不盲信大牌，但要求物业管理有序、绿化修剪及时、人防技防规范。,本地常住人口，四季生活规律，度假频次为常规年假出行。
三_2011_02765,三亚,2011,外地候鸟-华北,65,男,1.5,15.2,0.5,22.8,2,0,否,B,network,0.28,0.69,0.96,0.6,0.57,0.52,0,0.09,0.57,养老,一室一厅,88,1526,央企总部退休总工,高知退休康养,三亚中环品质两居，车位及空间极其拥挤,老小区隔音差，邻里滋扰严重，且车位严重匮乏，每晚加班回来抢车位像打仗。,要求有超大面宽南向双阳台（观景家政分离），主卧大飘窗能270度直面自然景观。,无需日常通勤，但要求30分钟内快捷通达凤凰机场或高铁站。,崇尚度假慢生活，清晨沙滩漫步，午后椰林下午茶，酷爱轻户外及后海冲浪。,名下持有一套旧两居，置换回款 65% + 个人理财储蓄补充 + 公积金商业贷,重性价比，不盲信大牌，但要求物业管理有序、绿化修剪及时、人防技防规范。,每年11月至次年3月到此度过漫长冬季，极其依赖周边的康养及适老化服务。
三_2011_02766,三亚,2011,本地改善,34,男,2.0,14.3,0.35,30.6,4,1,否,B,agent,0.67,0.51,0.61,0.46,0.54,0.72,0.36,0.74,0.56,自住-改善,一室一厅,87,2756,三甲医院主治医师,三口之家(幼龄段),三亚中环品质两居，车位及空间极其拥挤,小区无地下车库且人车不分流，小孩在楼下玩耍或者推婴儿车极为不安全。,讲究超高得房率（超85%），主卧套房必须配备独立步入式衣帽间与干湿分离双卫。,无需日常通勤，但要求30分钟内快捷通达凤凰机场或高铁站。,崇尚度假慢生活，清晨沙滩漫步，午后椰林下午茶，酷爱轻户外及后海冲浪。,名下持有一套旧两居，置换回款 65% + 个人理财储蓄补充 + 公积金商业贷,重性价比，不盲信大牌，但要求物业管理有序、绿化修剪及时、人防技防规范。,本地常住人口，四季生活规律，度假频次为常规年假出行。
三_2011_02767,三亚,2011,度假投资,42,女,12.0,130.5,0.4,244.7,3,1,否,A,research,0.76,0.31,0.85,0.56,0.52,0.39,0.04,0,0.82,度假,三室两厅,104,20069,高端海景资产收藏家,三口之家(学龄段),陆家嘴核心区江景大平层,无高端私密会所及管家式物业配套，圈层鱼龙混杂，高净值居住体验差。,要求有超大面宽南向双阳台（观景家政分离），主卧大飘窗能270度直面自然景观。,无需日常通勤，但要求30分钟内快捷通达凤凰机场或高铁站。,周末常去高端商圈消费，热衷打网球和马术，重度手冲咖啡及黑胶唱片发烧友。,名下已有企业股权套现或分红现金，一次性全款付清，基本不加杠杆,非仁恒、绿城、万科等金牌开发商不买，极度看重高端精装质量与顶级物业的增值口碑。,每年11月至次年3月到此度过漫长冬季，极其依赖周边的康养及适老化服务。
三_2011_02768,三亚,2011,外地候鸟-西北,62,男,5.1,41.1,0.5,61.6,2,0,否,C,network,0.2,0.56,0.85,0.64,0.5,0.57,0,0.02,0.58,养老,一室一厅,51,6400,西安设计院退休总建筑师,高知退休康养,与父母同住，三代人拥挤在旧区小户型老房中,老小区隔音差，邻里滋扰严重，且车位严重匮乏，每晚加班回来抢车位像打仗。,要求有超大面宽南向双阳台（观景家政分离），主卧大飘窗能270度直面自然景观。,无需日常通勤，但要求30分钟内快捷通达凤凰机场或高铁站。,崇尚度假慢生活，清晨沙滩漫步，午后椰林下午茶，酷爱轻户外及后海冲浪。,名下持有一套旧两居，置换回款 65% + 个人理财储蓄补充 + 公积金商业贷,重性价比，不盲信大牌，但要求物业管理有序、绿化修剪及时、人防技防规范。,每年11月至次年3月到此度过漫长冬季，极其依赖周边的康养及适老化服务。
三_2011_02769,三亚,2011,外地候鸟-东北,74,男,4.9,27.9,0.5,41.8,2,0,否,C,network,0.12,0.6,1,0.67,0.67,0.48,0.06,0,0.47,度假,两室一厅,59,3654,哈尔滨私营物流老板,高知退休康养,与父母同住，三代人拥挤在旧区小户型老房中,老小区隔音差，邻里滋扰严重，且车位严重匮乏，每晚加班回来抢车位像打仗。,要求有超大面宽南向双阳台（观景家政分离），主卧大飘窗能270度直面自然景观。,无需日常通勤，但要求30分钟内快捷通达凤凰机场或高铁站。,崇尚度假慢生活，清晨沙滩漫步，午后椰林下午茶，酷爱轻户外及后海冲浪。,名下持有一套旧两居，置换回款 65% + 个人理财储蓄补充 + 公积金商业贷,重性价比，不盲信大牌，但要求物业管理有序、绿化修剪及时、人防技防规范。,每年11月至次年3月到此度过漫长冬季，极其依赖周边的康养及适老化服务。
三_2011_02770,三亚,2011,本地改善,32,男,3.8,28.4,0.35,60.9,5,0,否,B,agent,0.59,0.61,0.62,0.6,0.34,0.65,0.49,0.73,0.54,自住-改善,一室一厅,85,5333,三甲医院主治医师,新婚过渡两居,三亚中环品质两居，车位及空间极其拥挤,老小区隔音差，邻里滋扰严重，且车位严重匮乏，每晚加班回来抢车位像打仗。,核心要求地块属于第一梯队名校学区，且周边500米内解决幼小衔接教育配套。,无需日常通勤，但要求30分钟内快捷通达凤凰机场或高铁站。,崇尚度假慢生活，清晨沙滩漫步，午后椰林下午茶，酷爱轻户外及后海冲浪。,名下持有一套旧两居，置换回款 65% + 个人理财储蓄补充 + 公积金商业贷,重性价比，不盲信大牌，但要求物业管理有序、绿化修剪及时、人防技防规范。,本地常住人口，四季生活规律，度假频次为常规年假出行。
三_2011_02771,三亚,2011,高净值康养,68,男,35.0,467.4,0.6,584.2,2,0,否,A,network,0.52,0.32,0.84,0.94,0.95,0.45,0.09,0,0.88,度假,别墅,182,23993,知名中医药连锁投资人,高知退休康养,陆家嘴核心区江景大平层,无高端私密会所及管家式物业配套，圈层鱼龙混杂，高净值居住体验差。,要求独立电梯入户，主次卧动线分明，配备独立保姆房和私密后院。,无需日常通勤，但要求30分钟内快捷通达凤凰机场或高铁站。,周末常去高端商圈消费，热衷打网球和马术，重度手冲咖啡及黑胶唱片发烧友。,名下已有企业股权套现或分红现金，一次性全款付清，基本不加杠杆,非仁恒、绿城、万科等金牌开发商不买，极度看重高端精装质量与顶级物业的增值口碑。,本地常住人口，四季生活规律，度假频次为常规年假出行。
三_2011_02772,三亚,2011,外地候鸟-华北,66,男,3.3,28.7,0.5,43.0,2,0,否,B,network,0.74,0.59,1,0.56,0.49,0.51,0,0,0.6,养老,两室一厅,80,2985,北京三甲医院退休教授,高知退休康养,三亚中环品质两居，车位及空间极其拥挤,老小区隔音差，邻里滋扰严重，且车位严重匮乏，每晚加班回来抢车位像打仗。,要求有超大面宽南向双阳台（观景家政分离），主卧大飘窗能270度直面自然景观。,无需日常通勤，但要求30分钟内快捷通达凤凰机场或高铁站。,崇尚度假慢生活，清晨沙滩漫步，午后椰林下午茶，酷爱轻户外及后海冲浪。,名下持有一套旧两居，置换回款 65% + 个人理财储蓄补充 + 公积金商业贷,重性价比，不盲信大牌，但要求物业管理有序、绿化修剪及时、人防技防规范。,每年11月至次年3月到此度过漫长冬季，极其依赖周边的康养及适老化服务。
三_2011_02773,三亚,2011,度假投资,37,女,8.0,80.7,0.4,151.3,4,1,否,A,research,0.88,0.47,0.95,0.79,0.61,0.42,0,0.05,0.71,投资-长持,三室一厅,125,7443,上市公司退休联合创始人,三口之家(幼龄段),陆家嘴核心区江景大平层,无高端私密会所及管家式物业配套，圈层鱼龙混杂，高净值居住体验差。,要求独立电梯入户，主次卧动线分明，配备独立保姆房和私密后院。,无需日常通勤，但要求30分钟内快捷通达凤凰机场或高铁站。,周末常去高端商圈消费，热衷打网球和马术，重度手冲咖啡及黑胶唱片发烧友。,名下已有企业股权套现或分红现金，一次性全款付清，基本不加杠杆,非仁恒、绿城、万科等金牌开发商不买，极度看重高端精装质量与顶级物业的增值口碑。,每年11月至次年3月到此度过漫长冬季，极其依赖周边的康养及适老化服务。
三_2011_02774,三亚,2011,度假投资,55,男,3.1,37.4,0.4,70.1,3,1,否,A,research,0.79,0.42,0.7,0.58,0.57,0.51,0.08,0,0.67,投资-长持,两室两厅,74,4927,知名中医药连锁投资人,三口之家(学龄段),西湖边高精平层,无高端私密会所及管家式物业配套，圈层鱼龙混杂，高净值居住体验差。,要求采光通透，全明户型，带多功能嵌入式收纳墙以最大化空间利用。,无需日常通勤，但要求30分钟内快捷通达凤凰机场或高铁站。,周末常去高端商圈消费，热衷打网球和马术，重度手冲咖啡及黑胶唱片发烧友。,名下已有企业股权套现或分红现金，一次性全款付清，基本不加杠杆,重性价比，不盲信大牌，但要求物业管理有序、绿化修剪及时、人防技防规范。,每年11月至次年3月到此度过漫长冬季，极其依赖周边的康养及适老化服务。
三_2011_02775,三亚,2011,度假投资,39,男,7.5,60.2,0.4,112.9,3,0,否,A,research,0.82,0.33,0.84,0.59,0.46,0.54,0,0,0.72,度假,两室一厅,94,8751,高端海景资产收藏家,成熟期核心家庭,市中心私密洋房住宅,无高端私密会所及管家式物业配套，圈层鱼龙混杂，高净值居住体验差。,要求有超大面宽南向双阳台（观景家政分离），主卧大飘窗能270度直面自然景观。,无需日常通勤，但要求30分钟内快捷通达凤凰机场或高铁站。,周末常去高端商圈消费，热衷打网球和马术，重度手冲咖啡及黑胶唱片发烧友。,名下已有企业股权套现或分红现金，一次性全款付清，基本不加杠杆,非仁恒、绿城、万科等金牌开发商不买，极度看重高端精装质量与顶级物业的增值口碑。,每年11月至次年3月到此度过漫长冬季，极其依赖周边的康养及适老化服务。
三_2011_02776,三亚,2011,度假投资,54,男,5.3,57.6,0.4,108.0,4,1,否,A,research,0.88,0.3,0.95,0.61,0.59,0.42,0.09,0.07,0.78,投资-短期,两室两厅,85,7717,上市公司退休联合创始人,三口之家(学龄段),陆家嘴核心区江景大平层,无高端私密会所及管家式物业配套，圈层鱼龙混杂，高净值居住体验差。,要求有超大面宽南向双阳台（观景家政分离），主卧大飘窗能270度直面自然景观。,无需日常通勤，但要求30分钟内快捷通达凤凰机场或高铁站。,周末常去高端商圈消费，热衷打网球和马术，重度手冲咖啡及黑胶唱片发烧友。,名下已有企业股权套现或分红现金，一次性全款付清，基本不加杠杆,非仁恒、绿城、万科等金牌开发商不买，极度看重高端精装质量与顶级物业的增值口碑。,每年11月至次年3月到此度过漫长冬季，极其依赖周边的康养及适老化服务。
三_2011_02777,三亚,2011,外地候鸟-华北,67,女,2.3,15.0,0.5,22.5,3,0,否,B,network,0.67,0.62,1,0.62,0.68,0.54,0,0,0.46,养老,两室两厅,83,1706,北京三甲医院退休教授,高知退休康养,三亚中环品质两居，车位及空间极其拥挤,老小区隔音差，邻里滋扰严重，且车位严重匮乏，每晚加班回来抢车位像打仗。,要求有超大面宽南向双阳台（观景家政分离），主卧大飘窗能270度直面自然景观。,无需日常通勤，但要求30分钟内快捷通达凤凰机场或高铁站。,崇尚度假慢生活，清晨沙滩漫步，午后椰林下午茶，酷爱轻户外及后海冲浪。,名下持有一套旧两居，置换回款 65% + 个人理财储蓄补充 + 公积金商业贷,重性价比，不盲信大牌，但要求物业管理有序、绿化修剪及时、人防技防规范。,每年11月至次年3月到此度过漫长冬季，极其依赖周边的康养及适老化服务。
三_2011_02778,三亚,2011,度假投资,50,男,5.4,49.0,0.4,91.9,2,0,否,A,research,1.0,0.39,0.83,0.48,0.55,0.58,0,0.0,0.76,投资-长持,两室一厅,61,12792,知名中医药连锁投资人,成熟期核心家庭,市中心私密洋房住宅,无高端私密会所及管家式物业配套，圈层鱼龙混杂，高净值居住体验差。,要求有超大面宽南向双阳台（观景家政分离），主卧大飘窗能270度直面自然景观。,无需日常通勤，但要求30分钟内快捷通达凤凰机场或高铁站。,周末常去高端商圈消费，热衷打网球和马术，重度手冲咖啡及黑胶唱片发烧友。,名下已有企业股权套现或分红现金，一次性全款付清，基本不加杠杆,非仁恒、绿城、万科等金牌开发商不买，极度看重高端精装质量与顶级物业的增值口碑。,每年11月至次年3月到此度过漫长冬季，极其依赖周边的康养及适老化服务。
三_2011_02779,三亚,2011,本地改善,46,男,1.5,6.9,0.35,14.8,3,1,是,B,agent,0.62,0.58,0.89,0.6,0.49,0.84,0.45,0.65,0.37,自住-改善,一室一厅,51,1978,三甲医院主治医师,三口之家(学龄段),三亚中环品质两居，车位及空间极其拥挤,小区无地下车库且人车不分流，小孩在楼下玩耍或者推婴儿车极为不安全。,要求有超大面宽南向双阳台（观景家政分离），主卧大飘窗能270度直面自然景观。,无需日常通勤，但要求30分钟内快捷通达凤凰机场或高铁站。,崇尚度假慢生活，清晨沙滩漫步，午后椰林下午茶，酷爱轻户外及后海冲浪。,名下持有一套旧两居，置换回款 65% + 个人理财储蓄补充 + 公积金商业贷,重性价比，不盲信大牌，但要求物业管理有序、绿化修剪及时、人防技防规范。,本地常住人口，四季生活规律，度假频次为常规年假出行。
三_2011_02780,三亚,2011,外地候鸟-华北,58,男,5.9,58.0,0.5,87.0,2,0,否,B,network,0.48,0.5,0.99,0.62,0.62,0.67,0.03,0,0.59,养老,两室两厅,98,7097,北京三甲医院退休教授,高知退休康养,三亚中环品质两居，车位及空间极其拥挤,老小区隔音差，邻里滋扰严重，且车位严重匮乏，每晚加班回来抢车位像打仗。,要求有超大面宽南向双阳台（观景家政分离），主卧大飘窗能270度直面自然景观。,无需日常通勤，但要求30分钟内快捷通达凤凰机场或高铁站。,崇尚度假慢生活，清晨沙滩漫步，午后椰林下午茶，酷爱轻户外及后海冲浪。,名下持有一套旧两居，置换回款 65% + 个人理财储蓄补充 + 公积金商业贷,重性价比，不盲信大牌，但要求物业管理有序、绿化修剪及时、人防技防规范。,每年11月至次年3月到此度过漫长冬季，极其依赖周边的康养及适老化服务。
三_2011_02781,三亚,2011,外地候鸟-华北,74,男,3.4,26.3,0.5,39.5,2,0,否,B,network,0.45,0.58,0.82,0.74,0.54,0.64,0.03,0.02,0.58,度假,两室一厅,50,5493,北京三甲医院退休教授,高知退休康养,三亚中环品质两居，车位及空间极其拥挤,老小区隔音差，邻里滋扰严重，且车位严重匮乏，每晚加班回来抢车位像打仗。,要求独立电梯入户，主次卧动线分明，配备独立保姆房和私密后院。,无需日常通勤，但要求30分钟内快捷通达凤凰机场或高铁站。,崇尚度假慢生活，清晨沙滩漫步，午后椰林下午茶，酷爱轻户外及后海冲浪。,名下持有一套旧两居，置换回款 65% + 个人理财储蓄补充 + 公积金商业贷,重性价比，不盲信大牌，但要求物业管理有序、绿化修剪及时、人防技防规范。,每年11月至次年3月到此度过漫长冬季，极其依赖周边的康养及适老化服务。
三_2011_02782,三亚,2011,外地候鸟-东北,67,男,2.7,14.9,0.5,22.4,1,0,否,C,network,0.36,0.72,1,0.69,0.56,0.53,0.03,0.03,0.53,度假,两室两厅,62,2396,哈尔滨私营物流老板,高知退休康养,与父母同住，三代人拥挤在旧区小户型老房中,老小区隔音差，邻里滋扰严重，且车位严重匮乏，每晚加班回来抢车位像打仗。,要求有超大面宽南向双阳台（观景家政分离），主卧大飘窗能270度直面自然景观。,无需日常通勤，但要求30分钟内快捷通达凤凰机场或高铁站。,崇尚度假慢生活，清晨沙滩漫步，午后椰林下午茶，酷爱轻户外及后海冲浪。,名下持有一套旧两居，置换回款 65% + 个人理财储蓄补充 + 公积金商业贷,重性价比，不盲信大牌，但要求物业管理有序、绿化修剪及时、人防技防规范。,每年11月至次年3月到此度过漫长冬季，极其依赖周边的康养及适老化服务。
三_2011_02783,三亚,2011,本地改善,36,女,2.5,19.0,0.35,40.8,5,1,否,B,agent,1,0.63,0.7,0.42,0.36,0.71,0.5,0.72,0.33,自住-改善,两室一厅,53,4834,国企中层管理,三口之家(幼龄段),三亚中环品质两居，车位及空间极其拥挤,小区无地下车库且人车不分流，小孩在楼下玩耍或者推婴儿车极为不安全。,要求有超大面宽南向双阳台（观景家政分离），主卧大飘窗能270度直面自然景观。,无需日常通勤，但要求30分钟内快捷通达凤凰机场或高铁站。,崇尚度假慢生活，清晨沙滩漫步，午后椰林下午茶，酷爱轻户外及后海冲浪。,名下持有一套旧两居，置换回款 65% + 个人理财储蓄补充 + 公积金商业贷,重性价比，不盲信大牌，但要求物业管理有序、绿化修剪及时、人防技防规范。,本地常住人口，四季生活规律，度假频次为常规年假出行。
三_2011_02784,三亚,2011,本地改善,46,女,2.0,11.4,0.35,24.5,4,2,否,B,agent,0.96,0.67,0.46,0.38,0.41,0.75,0.6,0.75,0.43,自住-改善,一室一厅,51,2626,区级税务局一级主办,二胎黄金期中大户型,三亚中环品质两居，车位及空间极其拥挤,小区无地下车库且人车不分流，小孩在楼下玩耍或者推婴儿车极为不安全。,讲究超高得房率（超85%），主卧套房必须配备独立步入式衣帽间与干湿分离双卫。,无需日常通勤，但要求30分钟内快捷通达凤凰机场或高铁站。,崇尚度假慢生活，清晨沙滩漫步，午后椰林下午茶，酷爱轻户外及后海冲浪。,名下持有一套旧两居，置换回款 65% + 个人理财储蓄补充 + 公积金商业贷,重性价比，不盲信大牌，但要求物业管理有序、绿化修剪及时、人防技防规范。,本地常住人口，四季生活规律，度假频次为常规年假出行。
三_2011_02785,三亚,2011,外地候鸟-华北,62,男,3.7,31.3,0.5,47.0,2,0,是,B,network,0.72,0.54,1,0.64,0.64,0.58,0.05,0,0.61,养老,两室一厅,89,3474,高校资深硕导,高知退休康养,三亚中环品质两居，车位及空间极其拥挤,当前房屋属于旧多层无电梯房，父母年纪渐高每天爬楼梯极为吃力。,要求有超大面宽南向双阳台（观景家政分离），主卧大飘窗能270度直面自然景观。,无需日常通勤，但要求30分钟内快捷通达凤凰机场或高铁站。,崇尚度假慢生活，清晨沙滩漫步，午后椰林下午茶，酷爱轻户外及后海冲浪。,名下持有一套旧两居，置换回款 65% + 个人理财储蓄补充 + 公积金商业贷,重性价比，不盲信大牌，但要求物业管理有序、绿化修剪及时、人防技防规范。,每年11月至次年3月到此度过漫长冬季，极其依赖周边的康养及适老化服务。
三_2011_02786,三亚,2011,外地候鸟-华北,60,男,3.3,33.5,0.5,50.3,2,0,否,B,network,0.32,0.64,0.75,0.72,0.66,0.55,0.03,0,0.61,度假,一室一厅,55,7560,高校资深硕导,高知退休康养,三亚中环品质两居，车位及空间极其拥挤,老小区隔音差，邻里滋扰严重，且车位严重匮乏，每晚加班回来抢车位像打仗。,要求独立电梯入户，主次卧动线分明，配备独立保姆房和私密后院。,无需日常通勤，但要求30分钟内快捷通达凤凰机场或高铁站。,崇尚度假慢生活，清晨沙滩漫步，午后椰林下午茶，酷爱轻户外及后海冲浪。,名下持有一套旧两居，置换回款 65% + 个人理财储蓄补充 + 公积金商业贷,重性价比，不盲信大牌，但要求物业管理有序、绿化修剪及时、人防技防规范。,每年11月至次年3月到此度过漫长冬季，极其依赖周边的康养及适老化服务。
三_2011_02787,三亚,2011,度假投资,51,女,7.7,97.8,0.4,183.3,3,1,否,A,research,0.54,0.53,0.92,0.66,0.5,0.51,0.16,0.13,0.72,投资-短期,三室一厅,110,12903,知名中医药连锁投资人,三口之家(学龄段),陆家嘴核心区江景大平层,无高端私密会所及管家式物业配套，圈层鱼龙混杂，高净值居住体验差。,要求有超大面宽南向双阳台（观景家政分离），主卧大飘窗能270度直面自然景观。,无需日常通勤，但要求30分钟内快捷通达凤凰机场或高铁站。,周末常去高端商圈消费，热衷打网球和马术，重度手冲咖啡及黑胶唱片发烧友。,名下已有企业股权套现或分红现金，一次性全款付清，基本不加杠杆,非仁恒、绿城、万科等金牌开发商不买，极度看重高端精装质量与顶级物业的增值口碑。,每年11月至次年3月到此度过漫长冬季，极其依赖周边的康养及适老化服务。
三_2011_02788,三亚,2011,本地改善,47,男,2.3,11.5,0.35,24.6,4,1,是,B,agent,0.7,0.54,0.58,0.5,0.45,0.64,0.59,0.6,0.41,自住-改善,一室一厅,66,3129,三甲医院主治医师,三口之家(学龄段),三亚中环品质两居，车位及空间极其拥挤,小区无地下车库且人车不分流，小孩在楼下玩耍或者推婴儿车极为不安全。,要求采光通透，全明户型，带多功能嵌入式收纳墙以最大化空间利用。,无需日常通勤，但要求30分钟内快捷通达凤凰机场或高铁站。,崇尚度假慢生活，清晨沙滩漫步，午后椰林下午茶，酷爱轻户外及后海冲浪。,名下持有一套旧两居，置换回款 65% + 个人理财储蓄补充 + 公积金商业贷,重性价比，不盲信大牌，但要求物业管理有序、绿化修剪及时、人防技防规范。,本地常住人口，四季生活规律，度假频次为常规年假出行。
三_2011_02789,三亚,2011,度假投资,40,女,5.3,51.1,0.4,95.9,3,1,否,A,research,0.96,0.47,0.85,0.49,0.51,0.45,0.01,0,0.78,投资-短期,两室两厅,55,11389,高端海景资产收藏家,三口之家(学龄段),市中心私密洋房住宅,无高端私密会所及管家式物业配套，圈层鱼龙混杂，高净值居住体验差。,要求有超大面宽南向双阳台（观景家政分离），主卧大飘窗能270度直面自然景观。,无需日常通勤，但要求30分钟内快捷通达凤凰机场或高铁站。,周末常去高端商圈消费，热衷打网球和马术，重度手冲咖啡及黑胶唱片发烧友。,名下已有企业股权套现或分红现金，一次性全款付清，基本不加杠杆,非仁恒、绿城、万科等金牌开发商不买，极度看重高端精装质量与顶级物业的增值口碑。,每年11月至次年3月到此度过漫长冬季，极其依赖周边的康养及适老化服务。
三_2011_02790,三亚,2011,度假投资,42,男,5.6,46.5,0.4,87.1,3,2,是,A,research,0.75,0.47,0.86,0.58,0.64,0.43,0,0,0.88,度假,一室一厅,81,6754,上市公司退休联合创始人,二胎黄金期中大户型,市中心私密洋房住宅,当前房屋属于旧多层无电梯房，父母年纪渐高每天爬楼梯极为吃力。,要求有超大面宽南向双阳台（观景家政分离），主卧大飘窗能270度直面自然景观。,无需日常通勤，但要求30分钟内快捷通达凤凰机场或高铁站。,周末常去高端商圈消费，热衷打网球和马术，重度手冲咖啡及黑胶唱片发烧友。,名下已有企业股权套现或分红现金，一次性全款付清，基本不加杠杆,非仁恒、绿城、万科等金牌开发商不买，极度看重高端精装质量与顶级物业的增值口碑。,每年11月至次年3月到此度过漫长冬季，极其依赖周边的康养及适老化服务。
三_2011_02791,三亚,2011,度假投资,44,男,4.0,49.3,0.4,92.4,3,1,否,A,research,0.86,0.24,0.83,0.63,0.6,0.57,0,0,0.88,投资-短期,两室两厅,70,9868,知名中医药连锁投资人,三口之家(学龄段),西湖边高精平层,无高端私密会所及管家式物业配套，圈层鱼龙混杂，高净值居住体验差。,要求有超大面宽南向双阳台（观景家政分离），主卧大飘窗能270度直面自然景观。,无需日常通勤，但要求30分钟内快捷通达凤凰机场或高铁站。,周末常去高端商圈消费，热衷打网球和马术，重度手冲咖啡及黑胶唱片发烧友。,名下已有企业股权套现或分红现金，一次性全款付清，基本不加杠杆,非仁恒、绿城、万科等金牌开发商不买，极度看重高端精装质量与顶级物业的增值口碑。,每年11月至次年3月到此度过漫长冬季，极其依赖周边的康养及适老化服务。
三_2011_02792,三亚,2011,外地候鸟-东北,72,男,3.9,27.8,0.5,41.8,2,0,否,C,network,0.12,0.7,0.82,0.62,0.43,0.32,0,0,0.46,度假,两室一厅,75,3762,沈阳大型重工企业退休副厂长,高知退休康养,与父母同住，三代人拥挤在旧区小户型老房中,老小区隔音差，邻里滋扰严重，且车位严重匮乏，每晚加班回来抢车位像打仗。,要求有超大面宽南向双阳台（观景家政分离），主卧大飘窗能270度直面自然景观。,无需日常通勤，但要求30分钟内快捷通达凤凰机场或高铁站。,崇尚度假慢生活，清晨沙滩漫步，午后椰林下午茶，酷爱轻户外及后海冲浪。,名下持有一套旧两居，置换回款 65% + 个人理财储蓄补充 + 公积金商业贷,重性价比，不盲信大牌，但要求物业管理有序、绿化修剪及时、人防技防规范。,每年11月至次年3月到此度过漫长冬季，极其依赖周边的康养及适老化服务。
三_2011_02793,三亚,2011,度假投资,49,男,6.7,67.5,0.4,126.5,3,0,否,A,research,0.91,0.31,0.78,0.47,0.51,0.51,0.1,0,0.8,投资-长持,两室一厅,100,8123,知名中医药连锁投资人,成熟期核心家庭,市中心私密洋房住宅,无高端私密会所及管家式物业配套，圈层鱼龙混杂，高净值居住体验差。,要求有超大面宽南向双阳台（观景家政分离），主卧大飘窗能270度直面自然景观。,无需日常通勤，但要求30分钟内快捷通达凤凰机场或高铁站。,周末常去高端商圈消费，热衷打网球和马术，重度手冲咖啡及黑胶唱片发烧友。,名下已有企业股权套现或分红现金，一次性全款付清，基本不加杠杆,非仁恒、绿城、万科等金牌开发商不买，极度看重高端精装质量与顶级物业的增值口碑。,每年11月至次年3月到此度过漫长冬季，极其依赖周边的康养及适老化服务。
三_2011_02794,三亚,2011,外地候鸟-西北,66,男,3.4,20.7,0.5,31.1,2,1,否,C,network,0.18,0.57,0.88,0.8,0.62,0.64,0,0.05,0.58,度假,两室两厅,100,2012,兰州煤炭物流运输企业主,三口之家(学龄段),与父母同住，三代人拥挤在旧区小户型老房中,小区无地下车库且人车不分流，小孩在楼下玩耍或者推婴儿车极为不安全。,要求独立电梯入户，主次卧动线分明，配备独立保姆房和私密后院。,无需日常通勤，但要求30分钟内快捷通达凤凰机场或高铁站。,崇尚度假慢生活，清晨沙滩漫步，午后椰林下午茶，酷爱轻户外及后海冲浪。,名下持有一套旧两居，置换回款 65% + 个人理财储蓄补充 + 公积金商业贷,重性价比，不盲信大牌，但要求物业管理有序、绿化修剪及时、人防技防规范。,每年11月至次年3月到此度过漫长冬季，极其依赖周边的康养及适老化服务。
三_2011_02795,三亚,2011,外地候鸟-华北,55,男,1.9,18.2,0.5,27.3,1,0,否,B,network,0.69,0.67,0.91,0.59,0.51,0.32,0,0,0.68,度假,两室一厅,81,1942,北京三甲医院退休教授,高知退休康养,三亚中环品质两居，车位及空间极其拥挤,老小区隔音差，邻里滋扰严重，且车位严重匮乏，每晚加班回来抢车位像打仗。,要求有超大面宽南向双阳台（观景家政分离），主卧大飘窗能270度直面自然景观。,无需日常通勤，但要求30分钟内快捷通达凤凰机场或高铁站。,崇尚度假慢生活，清晨沙滩漫步，午后椰林下午茶，酷爱轻户外及后海冲浪。,名下持有一套旧两居，置换回款 65% + 个人理财储蓄补充 + 公积金商业贷,重性价比，不盲信大牌，但要求物业管理有序、绿化修剪及时、人防技防规范。,每年11月至次年3月到此度过漫长冬季，极其依赖周边的康养及适老化服务。
三_2011_02796,三亚,2011,外地候鸟-华北,74,男,5.8,46.4,0.5,69.6,2,0,否,B,network,0.45,0.44,0.88,0.82,0.57,0.49,0,0,0.69,养老,一室一厅,94,6533,央企总部退休总工,高知退休康养,三亚中环品质两居，车位及空间极其拥挤,老小区隔音差，邻里滋扰严重，且车位严重匮乏，每晚加班回来抢车位像打仗。,要求独立电梯入户，主次卧动线分明，配备独立保姆房和私密后院。,无需日常通勤，但要求30分钟内快捷通达凤凰机场或高铁站。,崇尚度假慢生活，清晨沙滩漫步，午后椰林下午茶，酷爱轻户外及后海冲浪。,名下持有一套旧两居，置换回款 65% + 个人理财储蓄补充 + 公积金商业贷,重性价比，不盲信大牌，但要求物业管理有序、绿化修剪及时、人防技防规范。,每年11月至次年3月到此度过漫长冬季，极其依赖周边的康养及适老化服务。
三_2011_02797,三亚,2011,本地改善,38,女,2.3,10.8,0.35,23.1,4,0,是,B,agent,0.66,0.5,0.6,0.35,0.3,0.74,0.36,0.73,0.49,自住-改善,一室一厅,63,2058,区级税务局一级主办,成熟期核心家庭,三亚中环品质两居，车位及空间极其拥挤,当前房屋属于旧多层无电梯房，父母年纪渐高每天爬楼梯极为吃力。,讲究超高得房率（超85%），主卧套房必须配备独立步入式衣帽间与干湿分离双卫。,无需日常通勤，但要求30分钟内快捷通达凤凰机场或高铁站。,崇尚度假慢生活，清晨沙滩漫步，午后椰林下午茶，酷爱轻户外及后海冲浪。,名下持有一套旧两居，置换回款 65% + 个人理财储蓄补充 + 公积金商业贷,重性价比，不盲信大牌，但要求物业管理有序、绿化修剪及时、人防技防规范。,本地常住人口，四季生活规律，度假频次为常规年假出行。
三_2011_02798,三亚,2011,本地改善,48,女,2.2,14.0,0.35,30.1,4,1,否,B,agent,0.68,0.45,0.62,0.38,0.31,0.69,0.47,0.62,0.36,自住-改善,两室两厅,69,3304,三甲医院主治医师,三口之家(学龄段),三亚中环品质两居，车位及空间极其拥挤,小区无地下车库且人车不分流，小孩在楼下玩耍或者推婴儿车极为不安全。,要求采光通透，全明户型，带多功能嵌入式收纳墙以最大化空间利用。,无需日常通勤，但要求30分钟内快捷通达凤凰机场或高铁站。,崇尚度假慢生活，清晨沙滩漫步，午后椰林下午茶，酷爱轻户外及后海冲浪。,名下持有一套旧两居，置换回款 65% + 个人理财储蓄补充 + 公积金商业贷,重性价比，不盲信大牌，但要求物业管理有序、绿化修剪及时、人防技防规范。,本地常住人口，四季生活规律，度假频次为常规年假出行。
三_2011_02799,三亚,2011,度假投资,36,女,3.0,28.4,0.4,53.3,2,1,否,A,research,0.66,0.43,0.86,0.73,0.49,0.51,0.02,0,0.74,度假,两室两厅,65,4580,高端海景资产收藏家,三口之家(幼龄段),西湖边高精平层,无高端私密会所及管家式物业配套，圈层鱼龙混杂，高净值居住体验差。,要求独立电梯入户，主次卧动线分明，配备独立保姆房和私密后院。,无需日常通勤，但要求30分钟内快捷通达凤凰机场或高铁站。,周末常去高端商圈消费，热衷打网球和马术，重度手冲咖啡及黑胶唱片发烧友。,名下已有企业股权套现或分红现金，一次性全款付清，基本不加杠杆,非仁恒、绿城、万科等金牌开发商不买，极度看重高端精装质量与顶级物业的增值口碑。,每年11月至次年3月到此度过漫长冬季，极其依赖周边的康养及适老化服务。
三_2011_02800,三亚,2011,外地候鸟-东北,62,男,2.2,17.6,0.5,26.4,3,0,否,C,network,0.33,0.57,0.86,0.76,0.51,0.49,0,0.01,0.55,度假,两室两厅,59,3843,沈阳大型重工企业退休副厂长,高知退休康养,与父母同住，三代人拥挤在旧区小户型老房中,老小区隔音差，邻里滋扰严重，且车位严重匮乏，每晚加班回来抢车位像打仗。,要求独立电梯入户，主次卧动线分明，配备独立保姆房和私密后院。,无需日常通勤，但要求30分钟内快捷通达凤凰机场或高铁站。,崇尚度假慢生活，清晨沙滩漫步，午后椰林下午茶，酷爱轻户外及后海冲浪。,名下持有一套旧两居，置换回款 65% + 个人理财储蓄补充 + 公积金商业贷,重性价比，不盲信大牌，但要求物业管理有序、绿化修剪及时、人防技防规范。,每年11月至次年3月到此度过漫长冬季，极其依赖周边的康养及适老化服务。
三_2011_02801,三亚,2011,外地候鸟-西北,69,女,3.8,36.2,0.5,54.3,2,1,否,C,network,0.23,0.64,0.86,0.8,0.48,0.51,0.08,0.03,0.53,度假,一室一厅,85,4876,西安设计院退休总建筑师,三口之家(学龄段),与父母同住，三代人拥挤在旧区小户型老房中,小区无地下车库且人车不分流，小孩在楼下玩耍或者推婴儿车极为不安全。,要求独立电梯入户，主次卧动线分明，配备独立保姆房和私密后院。,无需日常通勤，但要求30分钟内快捷通达凤凰机场或高铁站。,崇尚度假慢生活，清晨沙滩漫步，午后椰林下午茶，酷爱轻户外及后海冲浪。,名下持有一套旧两居，置换回款 65% + 个人理财储蓄补充 + 公积金商业贷,重性价比，不盲信大牌，但要求物业管理有序、绿化修剪及时、人防技防规范。,每年11月至次年3月到此度过漫长冬季，极其依赖周边的康养及适老化服务。
三_2011_02802,三亚,2011,外地候鸟-华北,64,女,4.7,38.9,0.5,58.3,3,1,否,B,network,0.44,0.47,0.92,0.67,0.65,0.49,0,0.01,0.55,养老,一室一厅,64,5397,央企总部退休总工,三口之家(学龄段),三亚中环品质两居，车位及空间极其拥挤,小区无地下车库且人车不分流，小孩在楼下玩耍或者推婴儿车极为不安全。,要求有超大面宽南向双阳台（观景家政分离），主卧大飘窗能270度直面自然景观。,无需日常通勤，但要求30分钟内快捷通达凤凰机场或高铁站。,崇尚度假慢生活，清晨沙滩漫步，午后椰林下午茶，酷爱轻户外及后海冲浪。,名下持有一套旧两居，置换回款 65% + 个人理财储蓄补充 + 公积金商业贷,重性价比，不盲信大牌，但要求物业管理有序、绿化修剪及时、人防技防规范。,每年11月至次年3月到此度过漫长冬季，极其依赖周边的康养及适老化服务。
三_2011_02803,三亚,2011,度假投资,39,女,4.1,48.4,0.4,90.8,4,1,否,A,research,0.92,0.5,0.65,0.67,0.58,0.48,0.1,0,0.72,投资-长持,两室两厅,94,6038,高端海景资产收藏家,三口之家(学龄段),市中心私密洋房住宅,无高端私密会所及管家式物业配套，圈层鱼龙混杂，高净值居住体验差。,要求采光通透，全明户型，带多功能嵌入式收纳墙以最大化空间利用。,无需日常通勤，但要求30分钟内快捷通达凤凰机场或高铁站。,周末常去高端商圈消费，热衷打网球和马术，重度手冲咖啡及黑胶唱片发烧友。,名下已有企业股权套现或分红现金，一次性全款付清，基本不加杠杆,非仁恒、绿城、万科等金牌开发商不买，极度看重高端精装质量与顶级物业的增值口碑。,每年11月至次年3月到此度过漫长冬季，极其依赖周边的康养及适老化服务。
三_2011_02804,三亚,2011,本地改善,41,女,3.0,13.7,0.35,29.4,4,1,否,B,agent,0.71,0.4,0.47,0.44,0.27,0.66,0.36,0.61,0.51,自住-改善,两室两厅,53,4018,国企中层管理,三口之家(学龄段),三亚中环品质两居，车位及空间极其拥挤,小区无地下车库且人车不分流，小孩在楼下玩耍或者推婴儿车极为不安全。,要求采光通透，全明户型，带多功能嵌入式收纳墙以最大化空间利用。,无需日常通勤，但要求30分钟内快捷通达凤凰机场或高铁站。,崇尚度假慢生活，清晨沙滩漫步，午后椰林下午茶，酷爱轻户外及后海冲浪。,名下持有一套旧两居，置换回款 65% + 个人理财储蓄补充 + 公积金商业贷,重性价比，不盲信大牌，但要求物业管理有序、绿化修剪及时、人防技防规范。,本地常住人口，四季生活规律，度假频次为常规年假出行。
三_2011_02805,三亚,2011,本地改善,31,男,3.1,15.8,0.35,33.8,4,1,否,B,agent,0.86,0.56,0.67,0.35,0.44,0.71,0.45,0.81,0.4,自住-改善,一室一厅,59,2960,智能新能源车企研发骨干,三口之家(幼龄段),三亚中环品质两居，车位及空间极其拥挤,小区无地下车库且人车不分流，小孩在楼下玩耍或者推婴儿车极为不安全。,讲究超高得房率（超85%），主卧套房必须配备独立步入式衣帽间与干湿分离双卫。,无需日常通勤，但要求30分钟内快捷通达凤凰机场或高铁站。,崇尚度假慢生活，清晨沙滩漫步，午后椰林下午茶，酷爱轻户外及后海冲浪。,名下持有一套旧两居，置换回款 65% + 个人理财储蓄补充 + 公积金商业贷,重性价比，不盲信大牌，但要求物业管理有序、绿化修剪及时、人防技防规范。,本地常住人口，四季生活规律，度假频次为常规年假出行。
三_2011_02806,三亚,2011,外地候鸟-华北,65,男,4.9,43.7,0.5,65.5,2,0,否,B,network,0.86,0.63,0.7,0.78,0.59,0.49,0,0,0.55,养老,两室两厅,85,5588,北京三甲医院退休教授,高知退休康养,三亚中环品质两居，车位及空间极其拥挤,老小区隔音差，邻里滋扰严重，且车位严重匮乏，每晚加班回来抢车位像打仗。,要求独立电梯入户，主次卧动线分明，配备独立保姆房和私密后院。,无需日常通勤，但要求30分钟内快捷通达凤凰机场或高铁站。,崇尚度假慢生活，清晨沙滩漫步，午后椰林下午茶，酷爱轻户外及后海冲浪。,名下持有一套旧两居，置换回款 65% + 个人理财储蓄补充 + 公积金商业贷,重性价比，不盲信大牌，但要求物业管理有序、绿化修剪及时、人防技防规范。,每年11月至次年3月到此度过漫长冬季，极其依赖周边的康养及适老化服务。
三_2011_02807,三亚,2011,本地改善,43,男,2.8,12.4,0.35,26.6,3,0,是,B,agent,0.62,0.69,0.61,0.34,0.37,0.82,0.64,0.65,0.52,自住-改善,两室一厅,53,2670,区级税务局一级主办,成熟期核心家庭,三亚中环品质两居，车位及空间极其拥挤,当前房屋属于旧多层无电梯房，父母年纪渐高每天爬楼梯极为吃力。,讲究超高得房率（超85%），主卧套房必须配备独立步入式衣帽间与干湿分离双卫。,无需日常通勤，但要求30分钟内快捷通达凤凰机场或高铁站。,崇尚度假慢生活，清晨沙滩漫步，午后椰林下午茶，酷爱轻户外及后海冲浪。,名下持有一套旧两居，置换回款 65% + 个人理财储蓄补充 + 公积金商业贷,重性价比，不盲信大牌，但要求物业管理有序、绿化修剪及时、人防技防规范。,本地常住人口，四季生活规律，度假频次为常规年假出行。
三_2011_02808,三亚,2011,本地改善,36,女,2.2,14.3,0.35,30.7,4,1,是,B,agent,0.72,0.63,0.63,0.41,0.34,0.67,0.54,0.82,0.44,自住-改善,两室两厅,86,2678,区级税务局一级主办,三口之家(幼龄段),三亚中环品质两居，车位及空间极其拥挤,小区无地下车库且人车不分流，小孩在楼下玩耍或者推婴儿车极为不安全。,核心要求地块属于第一梯队名校学区，且周边500米内解决幼小衔接教育配套。,无需日常通勤，但要求30分钟内快捷通达凤凰机场或高铁站。,崇尚度假慢生活，清晨沙滩漫步，午后椰林下午茶，酷爱轻户外及后海冲浪。,名下持有一套旧两居，置换回款 65% + 个人理财储蓄补充 + 公积金商业贷,重性价比，不盲信大牌，但要求物业管理有序、绿化修剪及时、人防技防规范。,本地常住人口，四季生活规律，度假频次为常规年假出行。
三_2011_02809,三亚,2011,度假投资,44,女,12.0,145.0,0.4,271.9,4,1,否,A,research,0.72,0.4,0.89,0.44,0.67,0.43,0,0.09,0.8,度假,两室两厅,120,18537,上市公司退休联合创始人,三口之家(学龄段),西湖边高精平层,无高端私密会所及管家式物业配套，圈层鱼龙混杂，高净值居住体验差。,要求有超大面宽南向双阳台（观景家政分离），主卧大飘窗能270度直面自然景观。,无需日常通勤，但要求30分钟内快捷通达凤凰机场或高铁站。,周末常去高端商圈消费，热衷打网球和马术，重度手冲咖啡及黑胶唱片发烧友。,名下已有企业股权套现或分红现金，一次性全款付清，基本不加杠杆,非仁恒、绿城、万科等金牌开发商不买，极度看重高端精装质量与顶级物业的增值口碑。,每年11月至次年3月到此度过漫长冬季，极其依赖周边的康养及适老化服务。
三_2011_02810,三亚,2011,本地改善,31,男,4.2,21.8,0.35,46.7,4,0,否,B,agent,0.67,0.47,0.57,0.49,0.32,0.8,0.55,0.69,0.4,自住-改善,两室两厅,78,4327,三甲医院主治医师,新婚过渡两居,三亚中环品质两居，车位及空间极其拥挤,老小区隔音差，邻里滋扰严重，且车位严重匮乏，每晚加班回来抢车位像打仗。,讲究超高得房率（超85%），主卧套房必须配备独立步入式衣帽间与干湿分离双卫。,无需日常通勤，但要求30分钟内快捷通达凤凰机场或高铁站。,崇尚度假慢生活，清晨沙滩漫步，午后椰林下午茶，酷爱轻户外及后海冲浪。,名下持有一套旧两居，置换回款 65% + 个人理财储蓄补充 + 公积金商业贷,重性价比，不盲信大牌，但要求物业管理有序、绿化修剪及时、人防技防规范。,本地常住人口，四季生活规律，度假频次为常规年假出行。
三_2011_02811,三亚,2011,本地改善,37,男,1.2,8.5,0.35,18.3,4,0,否,B,agent,0.58,0.58,0.61,0.42,0.43,0.66,0.54,0.8,0.48,自住-改善,两室一厅,73,1417,三甲医院主治医师,成熟期核心家庭,三亚中环品质两居，车位及空间极其拥挤,老小区隔音差，邻里滋扰严重，且车位严重匮乏，每晚加班回来抢车位像打仗。,核心要求地块属于第一梯队名校学区，且周边500米内解决幼小衔接教育配套。,无需日常通勤，但要求30分钟内快捷通达凤凰机场或高铁站。,崇尚度假慢生活，清晨沙滩漫步，午后椰林下午茶，酷爱轻户外及后海冲浪。,名下持有一套旧两居，置换回款 65% + 个人理财储蓄补充 + 公积金商业贷,重性价比，不盲信大牌，但要求物业管理有序、绿化修剪及时、人防技防规范。,本地常住人口，四季生活规律，度假频次为常规年假出行。
三_2011_02812,三亚,2011,外地候鸟-华北,67,女,5.4,33.2,0.5,49.7,2,0,否,B,network,0.36,0.54,0.92,0.73,0.54,0.44,0.07,0,0.6,度假,两室一厅,61,7194,高校资深硕导,高知退休康养,三亚中环品质两居，车位及空间极其拥挤,老小区隔音差，邻里滋扰严重，且车位严重匮乏，每晚加班回来抢车位像打仗。,要求独立电梯入户，主次卧动线分明，配备独立保姆房和私密后院。,无需日常通勤，但要求30分钟内快捷通达凤凰机场或高铁站。,崇尚度假慢生活，清晨沙滩漫步，午后椰林下午茶，酷爱轻户外及后海冲浪。,名下持有一套旧两居，置换回款 65% + 个人理财储蓄补充 + 公积金商业贷,重性价比，不盲信大牌，但要求物业管理有序、绿化修剪及时、人防技防规范。,每年11月至次年3月到此度过漫长冬季，极其依赖周边的康养及适老化服务。
三_2011_02813,三亚,2011,度假投资,49,男,2.2,23.7,0.4,44.5,3,1,否,A,research,0.69,0.4,0.94,0.66,0.61,0.49,0,0,0.69,投资-短期,两室一厅,59,4220,知名中医药连锁投资人,三口之家(学龄段),西湖边高精平层,无高端私密会所及管家式物业配套，圈层鱼龙混杂，高净值居住体验差。,要求有超大面宽南向双阳台（观景家政分离），主卧大飘窗能270度直面自然景观。,无需日常通勤，但要求30分钟内快捷通达凤凰机场或高铁站。,周末常去高端商圈消费，热衷打网球和马术，重度手冲咖啡及黑胶唱片发烧友。,名下已有企业股权套现或分红现金，一次性全款付清，基本不加杠杆,重性价比，不盲信大牌，但要求物业管理有序、绿化修剪及时、人防技防规范。,每年11月至次年3月到此度过漫长冬季，极其依赖周边的康养及适老化服务。
三_2011_02814,三亚,2011,本地改善,44,女,2.0,12.7,0.35,27.1,4,0,否,B,agent,0.78,0.48,0.57,0.51,0.36,0.67,0.47,0.79,0.32,自住-改善,一室一厅,83,1964,国企中层管理,成熟期核心家庭,三亚中环品质两居，车位及空间极其拥挤,老小区隔音差，邻里滋扰严重，且车位严重匮乏，每晚加班回来抢车位像打仗。,核心要求地块属于第一梯队名校学区，且周边500米内解决幼小衔接教育配套。,无需日常通勤，但要求30分钟内快捷通达凤凰机场或高铁站。,崇尚度假慢生活，清晨沙滩漫步，午后椰林下午茶，酷爱轻户外及后海冲浪。,名下持有一套旧两居，置换回款 65% + 个人理财储蓄补充 + 公积金商业贷,重性价比，不盲信大牌，但要求物业管理有序、绿化修剪及时、人防技防规范。,本地常住人口，四季生活规律，度假频次为常规年假出行。
三_2011_02815,三亚,2011,本地改善,32,女,2.5,12.7,0.35,27.2,4,1,是,B,agent,0.59,0.58,0.49,0.35,0.39,0.79,0.32,0.65,0.35,自住-改善,一室一厅,73,2634,国企中层管理,三口之家(幼龄段),三亚中环品质两居，车位及空间极其拥挤,小区无地下车库且人车不分流，小孩在楼下玩耍或者推婴儿车极为不安全。,讲究超高得房率（超85%），主卧套房必须配备独立步入式衣帽间与干湿分离双卫。,无需日常通勤，但要求30分钟内快捷通达凤凰机场或高铁站。,崇尚度假慢生活，清晨沙滩漫步，午后椰林下午茶，酷爱轻户外及后海冲浪。,名下持有一套旧两居，置换回款 65% + 个人理财储蓄补充 + 公积金商业贷,重性价比，不盲信大牌，但要求物业管理有序、绿化修剪及时、人防技防规范。,本地常住人口，四季生活规律，度假频次为常规年假出行。
三_2011_02816,三亚,2011,本地改善,32,男,2.4,14.8,0.35,31.8,4,2,是,B,agent,0.61,0.49,0.68,0.44,0.31,0.78,0.39,0.71,0.38,自住-改善,一室一厅,62,3327,智能新能源车企研发骨干,二胎黄金期中大户型,三亚中环品质两居，车位及空间极其拥挤,小区无地下车库且人车不分流，小孩在楼下玩耍或者推婴儿车极为不安全。,讲究超高得房率（超85%），主卧套房必须配备独立步入式衣帽间与干湿分离双卫。,无需日常通勤，但要求30分钟内快捷通达凤凰机场或高铁站。,崇尚度假慢生活，清晨沙滩漫步，午后椰林下午茶，酷爱轻户外及后海冲浪。,名下持有一套旧两居，置换回款 65% + 个人理财储蓄补充 + 公积金商业贷,重性价比，不盲信大牌，但要求物业管理有序、绿化修剪及时、人防技防规范。,本地常住人口，四季生活规律，度假频次为常规年假出行。
三_2011_02817,三亚,2011,度假投资,53,女,3.2,38.7,0.4,72.7,3,1,否,A,research,0.69,0.39,0.94,0.65,0.51,0.56,0,0,0.68,度假,两室两厅,78,4794,知名中医药连锁投资人,三口之家(学龄段),市中心私密洋房住宅,无高端私密会所及管家式物业配套，圈层鱼龙混杂，高净值居住体验差。,要求有超大面宽南向双阳台（观景家政分离），主卧大飘窗能270度直面自然景观。,无需日常通勤，但要求30分钟内快捷通达凤凰机场或高铁站。,周末常去高端商圈消费，热衷打网球和马术，重度手冲咖啡及黑胶唱片发烧友。,名下已有企业股权套现或分红现金，一次性全款付清，基本不加杠杆,重性价比，不盲信大牌，但要求物业管理有序、绿化修剪及时、人防技防规范。,每年11月至次年3月到此度过漫长冬季，极其依赖周边的康养及适老化服务。
三_2011_02818,三亚,2011,外地候鸟-东北,66,女,5.2,38.7,0.5,58.1,1,0,否,C,network,0.36,0.66,1,0.69,0.4,0.51,0,0,0.46,度假,两室一厅,50,10333,哈尔滨高校退休处长,高知退休康养,与父母同住，三代人拥挤在旧区小户型老房中,老小区隔音差，邻里滋扰严重，且车位严重匮乏，每晚加班回来抢车位像打仗。,要求有超大面宽南向双阳台（观景家政分离），主卧大飘窗能270度直面自然景观。,无需日常通勤，但要求30分钟内快捷通达凤凰机场或高铁站。,崇尚度假慢生活，清晨沙滩漫步，午后椰林下午茶，酷爱轻户外及后海冲浪。,名下持有一套旧两居，置换回款 65% + 个人理财储蓄补充 + 公积金商业贷,重性价比，不盲信大牌，但要求物业管理有序、绿化修剪及时、人防技防规范。,每年11月至次年3月到此度过漫长冬季，极其依赖周边的康养及适老化服务。
三_2011_02819,三亚,2011,外地候鸟-东北,59,女,3.4,27.6,0.5,41.4,2,0,否,C,network,0.55,0.56,0.96,0.77,0.6,0.51,0,0,0.46,度假,两室一厅,59,5877,哈尔滨高校退休处长,高知退休康养,与父母同住，三代人拥挤在旧区小户型老房中,老小区隔音差，邻里滋扰严重，且车位严重匮乏，每晚加班回来抢车位像打仗。,要求独立电梯入户，主次卧动线分明，配备独立保姆房和私密后院。,无需日常通勤，但要求30分钟内快捷通达凤凰机场或高铁站。,崇尚度假慢生活，清晨沙滩漫步，午后椰林下午茶，酷爱轻户外及后海冲浪。,名下持有一套旧两居，置换回款 65% + 个人理财储蓄补充 + 公积金商业贷,重性价比，不盲信大牌，但要求物业管理有序、绿化修剪及时、人防技防规范。,每年11月至次年3月到此度过漫长冬季，极其依赖周边的康养及适老化服务。
三_2011_02820,三亚,2011,外地候鸟-东北,59,女,4.1,25.8,0.5,38.8,3,0,否,C,network,0.77,0.67,0.85,0.84,0.52,0.46,0,0,0.44,度假,两室一厅,65,3251,哈尔滨高校退休处长,高知退休康养,与父母同住，三代人拥挤在旧区小户型老房中,老小区隔音差，邻里滋扰严重，且车位严重匮乏，每晚加班回来抢车位像打仗。,要求独立电梯入户，主次卧动线分明，配备独立保姆房和私密后院。,无需日常通勤，但要求30分钟内快捷通达凤凰机场或高铁站。,崇尚度假慢生活，清晨沙滩漫步，午后椰林下午茶，酷爱轻户外及后海冲浪。,名下持有一套旧两居，置换回款 65% + 个人理财储蓄补充 + 公积金商业贷,重性价比，不盲信大牌，但要求物业管理有序、绿化修剪及时、人防技防规范。,每年11月至次年3月到此度过漫长冬季，极其依赖周边的康养及适老化服务。
三_2011_02821,三亚,2011,外地候鸟-西北,56,男,3.3,23.8,0.5,35.7,2,0,否,C,network,0.16,0.68,0.75,0.62,0.61,0.52,0,0.04,0.44,养老,两室两厅,80,2253,兰州煤炭物流运输企业主,高知退休康养,与父母同住，三代人拥挤在旧区小户型老房中,老小区隔音差，邻里滋扰严重，且车位严重匮乏，每晚加班回来抢车位像打仗。,要求有超大面宽南向双阳台（观景家政分离），主卧大飘窗能270度直面自然景观。,无需日常通勤，但要求30分钟内快捷通达凤凰机场或高铁站。,崇尚度假慢生活，清晨沙滩漫步，午后椰林下午茶，酷爱轻户外及后海冲浪。,名下持有一套旧两居，置换回款 65% + 个人理财储蓄补充 + 公积金商业贷,重性价比，不盲信大牌，但要求物业管理有序、绿化修剪及时、人防技防规范。,每年11月至次年3月到此度过漫长冬季，极其依赖周边的康养及适老化服务。
三_2011_02822,三亚,2011,外地候鸟-华北,59,女,5.0,45.7,0.5,68.5,3,0,否,B,network,0.58,0.55,0.85,0.8,0.72,0.47,0,0,0.49,度假,两室一厅,52,11272,高校资深硕导,高知退休康养,三亚中环品质两居，车位及空间极其拥挤,老小区隔音差，邻里滋扰严重，且车位严重匮乏，每晚加班回来抢车位像打仗。,要求独立电梯入户，主次卧动线分明，配备独立保姆房和私密后院。,无需日常通勤，但要求30分钟内快捷通达凤凰机场或高铁站。,崇尚度假慢生活，清晨沙滩漫步，午后椰林下午茶，酷爱轻户外及后海冲浪。,名下持有一套旧两居，置换回款 65% + 个人理财储蓄补充 + 公积金商业贷,重性价比，不盲信大牌，但要求物业管理有序、绿化修剪及时、人防技防规范。,每年11月至次年3月到此度过漫长冬季，极其依赖周边的康养及适老化服务。
三_2011_02823,三亚,2011,本地改善,44,男,2.0,10.9,0.35,23.3,4,2,是,B,agent,0.87,0.47,0.6,0.53,0.45,0.74,0.52,0.73,0.44,自住-改善,一室一厅,51,2930,区级税务局一级主办,二胎黄金期中大户型,三亚中环品质两居，车位及空间极其拥挤,小区无地下车库且人车不分流，小孩在楼下玩耍或者推婴儿车极为不安全。,讲究超高得房率（超85%），主卧套房必须配备独立步入式衣帽间与干湿分离双卫。,无需日常通勤，但要求30分钟内快捷通达凤凰机场或高铁站。,崇尚度假慢生活，清晨沙滩漫步，午后椰林下午茶，酷爱轻户外及后海冲浪。,名下持有一套旧两居，置换回款 65% + 个人理财储蓄补充 + 公积金商业贷,重性价比，不盲信大牌，但要求物业管理有序、绿化修剪及时、人防技防规范。,本地常住人口，四季生活规律，度假频次为常规年假出行。
三_2011_02824,三亚,2011,外地候鸟-华北,62,女,3.5,30.4,0.5,45.6,2,0,否,B,network,0.56,0.66,0.86,0.76,0.67,0.32,0.02,0,0.61,养老,两室两厅,95,3176,北京三甲医院退休教授,高知退休康养,三亚中环品质两居，车位及空间极其拥挤,老小区隔音差，邻里滋扰严重，且车位严重匮乏，每晚加班回来抢车位像打仗。,要求独立电梯入户，主次卧动线分明，配备独立保姆房和私密后院。,无需日常通勤，但要求30分钟内快捷通达凤凰机场或高铁站。,崇尚度假慢生活，清晨沙滩漫步，午后椰林下午茶，酷爱轻户外及后海冲浪。,名下持有一套旧两居，置换回款 65% + 个人理财储蓄补充 + 公积金商业贷,重性价比，不盲信大牌，但要求物业管理有序、绿化修剪及时、人防技防规范。,每年11月至次年3月到此度过漫长冬季，极其依赖周边的康养及适老化服务。
三_2011_02825,三亚,2011,度假投资,53,男,5.7,40.9,0.4,76.7,3,2,否,A,research,1,0.44,0.82,0.66,0.63,0.4,0,0,0.77,投资-长持,两室两厅,84,6608,上市公司退休联合创始人,二胎黄金期中大户型,陆家嘴核心区江景大平层,无高端私密会所及管家式物业配套，圈层鱼龙混杂，高净值居住体验差。,要求有超大面宽南向双阳台（观景家政分离），主卧大飘窗能270度直面自然景观。,无需日常通勤，但要求30分钟内快捷通达凤凰机场或高铁站。,周末常去高端商圈消费，热衷打网球和马术，重度手冲咖啡及黑胶唱片发烧友。,名下已有企业股权套现或分红现金，一次性全款付清，基本不加杠杆,非仁恒、绿城、万科等金牌开发商不买，极度看重高端精装质量与顶级物业的增值口碑。,每年11月至次年3月到此度过漫长冬季，极其依赖周边的康养及适老化服务。
三_2011_02826,三亚,2011,高净值康养,51,男,24.6,236.5,0.6,295.6,1,0,否,A,network,0.69,0.28,0.94,0.95,0.78,0.72,0.1,0.09,0.73,养老,两室两厅,141,13654,高端海景资产收藏家,成熟期核心家庭,陆家嘴核心区江景大平层,无高端私密会所及管家式物业配套，圈层鱼龙混杂，高净值居住体验差。,要求独立电梯入户，主次卧动线分明，配备独立保姆房和私密后院。,无需日常通勤，但要求30分钟内快捷通达凤凰机场或高铁站。,周末常去高端商圈消费，热衷打网球和马术，重度手冲咖啡及黑胶唱片发烧友。,名下已有企业股权套现或分红现金，一次性全款付清，基本不加杠杆,非仁恒、绿城、万科等金牌开发商不买，极度看重高端精装质量与顶级物业的增值口碑。,本地常住人口，四季生活规律，度假频次为常规年假出行。
三_2011_02827,三亚,2011,本地改善,30,女,1.8,9.2,0.35,19.7,3,0,是,B,agent,0.75,0.48,0.55,0.43,0.42,0.81,0.42,0.63,0.37,自住-改善,两室一厅,52,2725,智能新能源车企研发骨干,新婚过渡两居,三亚中环品质两居，车位及空间极其拥挤,当前房屋属于旧多层无电梯房，父母年纪渐高每天爬楼梯极为吃力。,讲究超高得房率（超85%），主卧套房必须配备独立步入式衣帽间与干湿分离双卫。,无需日常通勤，但要求30分钟内快捷通达凤凰机场或高铁站。,崇尚度假慢生活，清晨沙滩漫步，午后椰林下午茶，酷爱轻户外及后海冲浪。,名下持有一套旧两居，置换回款 65% + 个人理财储蓄补充 + 公积金商业贷,重性价比，不盲信大牌，但要求物业管理有序、绿化修剪及时、人防技防规范。,本地常住人口，四季生活规律，度假频次为常规年假出行。
三_2011_02828,三亚,2011,本地改善,32,女,2.8,13.7,0.35,29.3,3,1,是,B,agent,0.75,0.53,0.62,0.3,0.35,0.75,0.53,0.8,0.43,自住-改善,一室一厅,57,4026,智能新能源车企研发骨干,三口之家(幼龄段),三亚中环品质两居，车位及空间极其拥挤,小区无地下车库且人车不分流，小孩在楼下玩耍或者推婴儿车极为不安全。,讲究超高得房率（超85%），主卧套房必须配备独立步入式衣帽间与干湿分离双卫。,无需日常通勤，但要求30分钟内快捷通达凤凰机场或高铁站。,崇尚度假慢生活，清晨沙滩漫步，午后椰林下午茶，酷爱轻户外及后海冲浪。,名下持有一套旧两居，置换回款 65% + 个人理财储蓄补充 + 公积金商业贷,重性价比，不盲信大牌，但要求物业管理有序、绿化修剪及时、人防技防规范。,本地常住人口，四季生活规律，度假频次为常规年假出行。
三_2011_02829,三亚,2011,本地改善,33,男,1.6,10.0,0.35,21.4,4,0,否,B,agent,0.7,0.57,0.63,0.31,0.43,0.68,0.48,0.86,0.4,自住-改善,两室两厅,74,1752,区级税务局一级主办,新婚过渡两居,三亚中环品质两居，车位及空间极其拥挤,老小区隔音差，邻里滋扰严重，且车位严重匮乏，每晚加班回来抢车位像打仗。,核心要求地块属于第一梯队名校学区，且周边500米内解决幼小衔接教育配套。,无需日常通勤，但要求30分钟内快捷通达凤凰机场或高铁站。,崇尚度假慢生活，清晨沙滩漫步，午后椰林下午茶，酷爱轻户外及后海冲浪。,名下持有一套旧两居，置换回款 65% + 个人理财储蓄补充 + 公积金商业贷,重性价比，不盲信大牌，但要求物业管理有序、绿化修剪及时、人防技防规范。,本地常住人口，四季生活规律，度假频次为常规年假出行。
三_2011_02830,三亚,2011,外地候鸟-东北,76,女,3.1,21.9,0.5,32.9,3,0,是,C,network,0.41,0.55,0.87,0.8,0.5,0.5,0,0.04,0.52,度假,两室一厅,71,4057,哈尔滨高校退休处长,高知退休康养,与父母同住，三代人拥挤在旧区小户型老房中,当前房屋属于旧多层无电梯房，父母年纪渐高每天爬楼梯极为吃力。,要求独立电梯入户，主次卧动线分明，配备独立保姆房和私密后院。,无需日常通勤，但要求30分钟内快捷通达凤凰机场或高铁站。,崇尚度假慢生活，清晨沙滩漫步，午后椰林下午茶，酷爱轻户外及后海冲浪。,名下持有一套旧两居，置换回款 65% + 个人理财储蓄补充 + 公积金商业贷,重性价比，不盲信大牌，但要求物业管理有序、绿化修剪及时、人防技防规范。,每年11月至次年3月到此度过漫长冬季，极其依赖周边的康养及适老化服务。
三_2011_02831,三亚,2011,外地候鸟-东北,67,男,2.7,22.1,0.5,33.2,2,0,否,C,network,0.59,0.7,0.98,0.63,0.5,0.37,0,0,0.52,度假,两室两厅,77,3017,哈尔滨私营物流老板,高知退休康养,与父母同住，三代人拥挤在旧区小户型老房中,老小区隔音差，邻里滋扰严重，且车位严重匮乏，每晚加班回来抢车位像打仗。,要求有超大面宽南向双阳台（观景家政分离），主卧大飘窗能270度直面自然景观。,无需日常通勤，但要求30分钟内快捷通达凤凰机场或高铁站。,崇尚度假慢生活，清晨沙滩漫步，午后椰林下午茶，酷爱轻户外及后海冲浪。,名下持有一套旧两居，置换回款 65% + 个人理财储蓄补充 + 公积金商业贷,重性价比，不盲信大牌，但要求物业管理有序、绿化修剪及时、人防技防规范。,每年11月至次年3月到此度过漫长冬季，极其依赖周边的康养及适老化服务。
三_2011_02832,三亚,2011,度假投资,48,男,6.7,63.7,0.4,119.5,4,1,否,A,research,1,0.42,0.97,0.48,0.55,0.48,0,0,0.75,投资-短期,两室两厅,73,9806,知名中医药连锁投资人,三口之家(学龄段),西湖边高精平层,无高端私密会所及管家式物业配套，圈层鱼龙混杂，高净值居住体验差。,要求有超大面宽南向双阳台（观景家政分离），主卧大飘窗能270度直面自然景观。,无需日常通勤，但要求30分钟内快捷通达凤凰机场或高铁站。,周末常去高端商圈消费，热衷打网球和马术，重度手冲咖啡及黑胶唱片发烧友。,名下已有企业股权套现或分红现金，一次性全款付清，基本不加杠杆,非仁恒、绿城、万科等金牌开发商不买，极度看重高端精装质量与顶级物业的增值口碑。,每年11月至次年3月到此度过漫长冬季，极其依赖周边的康养及适老化服务。
三_2011_02833,三亚,2011,度假投资,39,男,6.9,70.7,0.4,132.5,4,0,是,A,research,0.89,0.32,0.72,0.57,0.58,0.43,0,0,0.67,度假,两室一厅,51,23318,高端海景资产收藏家,成熟期核心家庭,市中心私密洋房住宅,当前房屋属于旧多层无电梯房，父母年纪渐高每天爬楼梯极为吃力。,要求有超大面宽南向双阳台（观景家政分离），主卧大飘窗能270度直面自然景观。,无需日常通勤，但要求30分钟内快捷通达凤凰机场或高铁站。,周末常去高端商圈消费，热衷打网球和马术，重度手冲咖啡及黑胶唱片发烧友。,名下已有企业股权套现或分红现金，一次性全款付清，基本不加杠杆,重性价比，不盲信大牌，但要求物业管理有序、绿化修剪及时、人防技防规范。,每年11月至次年3月到此度过漫长冬季，极其依赖周边的康养及适老化服务。
三_2011_02834,三亚,2011,本地改善,48,男,3.7,28.4,0.35,60.8,3,1,是,B,agent,0.72,0.68,0.46,0.44,0.48,0.84,0.46,0.63,0.56,自住-改善,两室一厅,66,6602,国企中层管理,三口之家(学龄段),三亚中环品质两居，车位及空间极其拥挤,小区无地下车库且人车不分流，小孩在楼下玩耍或者推婴儿车极为不安全。,讲究超高得房率（超85%），主卧套房必须配备独立步入式衣帽间与干湿分离双卫。,无需日常通勤，但要求30分钟内快捷通达凤凰机场或高铁站。,崇尚度假慢生活，清晨沙滩漫步，午后椰林下午茶，酷爱轻户外及后海冲浪。,名下持有一套旧两居，置换回款 65% + 个人理财储蓄补充 + 公积金商业贷,重性价比，不盲信大牌，但要求物业管理有序、绿化修剪及时、人防技防规范。,本地常住人口，四季生活规律，度假频次为常规年假出行。
三_2011_02835,三亚,2011,本地改善,30,男,3.7,25.6,0.35,54.9,3,1,是,B,agent,0.51,0.43,0.65,0.36,0.39,0.86,0.32,0.59,0.55,自住-改善,两室两厅,80,5717,国企中层管理,三口之家(幼龄段),三亚中环品质两居，车位及空间极其拥挤,小区无地下车库且人车不分流，小孩在楼下玩耍或者推婴儿车极为不安全。,讲究超高得房率（超85%），主卧套房必须配备独立步入式衣帽间与干湿分离双卫。,无需日常通勤，但要求30分钟内快捷通达凤凰机场或高铁站。,崇尚度假慢生活，清晨沙滩漫步，午后椰林下午茶，酷爱轻户外及后海冲浪。,名下持有一套旧两居，置换回款 65% + 个人理财储蓄补充 + 公积金商业贷,重性价比，不盲信大牌，但要求物业管理有序、绿化修剪及时、人防技防规范。,本地常住人口，四季生活规律，度假频次为常规年假出行。
三_2011_02836,三亚,2011,本地改善,32,男,1.3,6.2,0.35,13.2,4,1,否,B,agent,0.77,0.59,0.66,0.42,0.41,0.74,0.4,0.64,0.44,自住-改善,两室一厅,93,763,智能新能源车企研发骨干,三口之家(幼龄段),三亚中环品质两居，车位及空间极其拥挤,小区无地下车库且人车不分流，小孩在楼下玩耍或者推婴儿车极为不安全。,讲究超高得房率（超85%），主卧套房必须配备独立步入式衣帽间与干湿分离双卫。,无需日常通勤，但要求30分钟内快捷通达凤凰机场或高铁站。,崇尚度假慢生活，清晨沙滩漫步，午后椰林下午茶，酷爱轻户外及后海冲浪。,名下持有一套旧两居，置换回款 65% + 个人理财储蓄补充 + 公积金商业贷,重性价比，不盲信大牌，但要求物业管理有序、绿化修剪及时、人防技防规范。,本地常住人口，四季生活规律，度假频次为常规年假出行。
三_2011_02837,三亚,2011,外地候鸟-西北,72,男,3.6,35.5,0.5,53.2,1,0,否,C,network,0.54,0.38,0.88,0.66,0.61,0.44,0.18,0,0.56,度假,两室两厅,68,5951,西安设计院退休总建筑师,高知退休康养,与父母同住，三代人拥挤在旧区小户型老房中,老小区隔音差，邻里滋扰严重，且车位严重匮乏，每晚加班回来抢车位像打仗。,要求有超大面宽南向双阳台（观景家政分离），主卧大飘窗能270度直面自然景观。,无需日常通勤，但要求30分钟内快捷通达凤凰机场或高铁站。,崇尚度假慢生活，清晨沙滩漫步，午后椰林下午茶，酷爱轻户外及后海冲浪。,名下持有一套旧两居，置换回款 65% + 个人理财储蓄补充 + 公积金商业贷,重性价比，不盲信大牌，但要求物业管理有序、绿化修剪及时、人防技防规范。,每年11月至次年3月到此度过漫长冬季，极其依赖周边的康养及适老化服务。
三_2011_02838,三亚,2011,本地改善,42,男,2.1,14.3,0.35,30.6,3,1,是,B,agent,0.77,0.4,0.69,0.31,0.34,0.83,0.31,0.7,0.42,自住-改善,两室一厅,68,2461,国企中层管理,三口之家(学龄段),三亚中环品质两居，车位及空间极其拥挤,小区无地下车库且人车不分流，小孩在楼下玩耍或者推婴儿车极为不安全。,讲究超高得房率（超85%），主卧套房必须配备独立步入式衣帽间与干湿分离双卫。,无需日常通勤，但要求30分钟内快捷通达凤凰机场或高铁站。,崇尚度假慢生活，清晨沙滩漫步，午后椰林下午茶，酷爱轻户外及后海冲浪。,名下持有一套旧两居，置换回款 65% + 个人理财储蓄补充 + 公积金商业贷,重性价比，不盲信大牌，但要求物业管理有序、绿化修剪及时、人防技防规范。,本地常住人口，四季生活规律，度假频次为常规年假出行。
三_2011_02839,三亚,2011,外地候鸟-东北,59,女,2.4,11.9,0.5,17.9,2,0,否,C,network,0.1,0.64,0.93,0.75,0.61,0.36,0,0,0.43,养老,两室两厅,62,1769,沈阳大型重工企业退休副厂长,高知退休康养,与父母同住，三代人拥挤在旧区小户型老房中,老小区隔音差，邻里滋扰严重，且车位严重匮乏，每晚加班回来抢车位像打仗。,要求独立电梯入户，主次卧动线分明，配备独立保姆房和私密后院。,无需日常通勤，但要求30分钟内快捷通达凤凰机场或高铁站。,崇尚度假慢生活，清晨沙滩漫步，午后椰林下午茶，酷爱轻户外及后海冲浪。,名下持有一套旧两居，置换回款 65% + 个人理财储蓄补充 + 公积金商业贷,重性价比，不盲信大牌，但要求物业管理有序、绿化修剪及时、人防技防规范。,每年11月至次年3月到此度过漫长冬季，极其依赖周边的康养及适老化服务。
三_2011_02840,三亚,2011,外地候鸟-东北,61,男,3.1,22.8,0.5,34.2,2,0,否,C,network,0.34,0.71,0.96,0.78,0.62,0.38,0,0,0.51,度假,两室两厅,62,4658,哈尔滨高校退休处长,高知退休康养,与父母同住，三代人拥挤在旧区小户型老房中,老小区隔音差，邻里滋扰严重，且车位严重匮乏，每晚加班回来抢车位像打仗。,要求独立电梯入户，主次卧动线分明，配备独立保姆房和私密后院。,无需日常通勤，但要求30分钟内快捷通达凤凰机场或高铁站。,崇尚度假慢生活，清晨沙滩漫步，午后椰林下午茶，酷爱轻户外及后海冲浪。,名下持有一套旧两居，置换回款 65% + 个人理财储蓄补充 + 公积金商业贷,重性价比，不盲信大牌，但要求物业管理有序、绿化修剪及时、人防技防规范。,每年11月至次年3月到此度过漫长冬季，极其依赖周边的康养及适老化服务。
三_2011_02841,三亚,2011,外地候鸟-西北,74,女,4.5,46.1,0.5,69.1,1,1,是,C,network,0.4,0.68,0.87,0.56,0.28,0.5,0,0,0.59,养老,两室两厅,59,10511,兰州煤炭物流运输企业主,三口之家(学龄段),与父母同住，三代人拥挤在旧区小户型老房中,小区无地下车库且人车不分流，小孩在楼下玩耍或者推婴儿车极为不安全。,要求有超大面宽南向双阳台（观景家政分离），主卧大飘窗能270度直面自然景观。,无需日常通勤，但要求30分钟内快捷通达凤凰机场或高铁站。,崇尚度假慢生活，清晨沙滩漫步，午后椰林下午茶，酷爱轻户外及后海冲浪。,名下持有一套旧两居，置换回款 65% + 个人理财储蓄补充 + 公积金商业贷,重性价比，不盲信大牌，但要求物业管理有序、绿化修剪及时、人防技防规范。,每年11月至次年3月到此度过漫长冬季，极其依赖周边的康养及适老化服务。
三_2011_02842,三亚,2011,度假投资,52,男,7.5,63.7,0.4,119.4,3,1,否,A,research,0.73,0.48,1,0.56,0.69,0.47,0.04,0.05,0.83,投资-短期,两室两厅,100,9588,上市公司退休联合创始人,三口之家(学龄段),市中心私密洋房住宅,无高端私密会所及管家式物业配套，圈层鱼龙混杂，高净值居住体验差。,要求有超大面宽南向双阳台（观景家政分离），主卧大飘窗能270度直面自然景观。,无需日常通勤，但要求30分钟内快捷通达凤凰机场或高铁站。,周末常去高端商圈消费，热衷打网球和马术，重度手冲咖啡及黑胶唱片发烧友。,名下已有企业股权套现或分红现金，一次性全款付清，基本不加杠杆,非仁恒、绿城、万科等金牌开发商不买，极度看重高端精装质量与顶级物业的增值口碑。,每年11月至次年3月到此度过漫长冬季，极其依赖周边的康养及适老化服务。
三_2011_02843,三亚,2011,度假投资,46,男,8.5,70.0,0.4,131.2,3,1,否,A,research,0.79,0.28,0.94,0.49,0.59,0.43,0.0,0,0.85,投资-长持,两室两厅,96,8155,知名中医药连锁投资人,三口之家(学龄段),市中心私密洋房住宅,无高端私密会所及管家式物业配套，圈层鱼龙混杂，高净值居住体验差。,要求有超大面宽南向双阳台（观景家政分离），主卧大飘窗能270度直面自然景观。,无需日常通勤，但要求30分钟内快捷通达凤凰机场或高铁站。,周末常去高端商圈消费，热衷打网球和马术，重度手冲咖啡及黑胶唱片发烧友。,名下已有企业股权套现或分红现金，一次性全款付清，基本不加杠杆,非仁恒、绿城、万科等金牌开发商不买，极度看重高端精装质量与顶级物业的增值口碑。,每年11月至次年3月到此度过漫长冬季，极其依赖周边的康养及适老化服务。
三_2011_02844,三亚,2011,度假投资,43,女,10.3,82.3,0.4,154.3,2,1,否,A,research,0.83,0.38,0.83,0.56,0.53,0.48,0,0.09,0.65,投资-短期,三室一厅,148,5391,高端海景资产收藏家,三口之家(学龄段),市中心私密洋房住宅,无高端私密会所及管家式物业配套，圈层鱼龙混杂，高净值居住体验差。,要求有超大面宽南向双阳台（观景家政分离），主卧大飘窗能270度直面自然景观。,无需日常通勤，但要求30分钟内快捷通达凤凰机场或高铁站。,周末常去高端商圈消费，热衷打网球和马术，重度手冲咖啡及黑胶唱片发烧友。,名下已有企业股权套现或分红现金，一次性全款付清，基本不加杠杆,重性价比，不盲信大牌，但要求物业管理有序、绿化修剪及时、人防技防规范。,每年11月至次年3月到此度过漫长冬季，极其依赖周边的康养及适老化服务。
三_2011_02845,三亚,2011,本地改善,35,女,2.4,16.3,0.35,35.0,5,1,是,B,agent,0.8,0.56,0.58,0.56,0.39,0.78,0.48,0.72,0.27,自住-改善,一室一厅,75,4080,国企中层管理,三口之家(幼龄段),三亚中环品质两居，车位及空间极其拥挤,小区无地下车库且人车不分流，小孩在楼下玩耍或者推婴儿车极为不安全。,讲究超高得房率（超85%），主卧套房必须配备独立步入式衣帽间与干湿分离双卫。,无需日常通勤，但要求30分钟内快捷通达凤凰机场或高铁站。,崇尚度假慢生活，清晨沙滩漫步，午后椰林下午茶，酷爱轻户外及后海冲浪。,名下持有一套旧两居，置换回款 65% + 个人理财储蓄补充 + 公积金商业贷,重性价比，不盲信大牌，但要求物业管理有序、绿化修剪及时、人防技防规范。,本地常住人口，四季生活规律，度假频次为常规年假出行。
三_2011_02846,三亚,2011,本地改善,45,女,3.1,15.6,0.35,33.4,4,1,否,B,agent,0.88,0.61,0.54,0.41,0.42,0.83,0.49,0.65,0.43,自住-改善,两室一厅,79,2384,智能新能源车企研发骨干,三口之家(学龄段),三亚中环品质两居，车位及空间极其拥挤,小区无地下车库且人车不分流，小孩在楼下玩耍或者推婴儿车极为不安全。,讲究超高得房率（超85%），主卧套房必须配备独立步入式衣帽间与干湿分离双卫。,无需日常通勤，但要求30分钟内快捷通达凤凰机场或高铁站。,崇尚度假慢生活，清晨沙滩漫步，午后椰林下午茶，酷爱轻户外及后海冲浪。,名下持有一套旧两居，置换回款 65% + 个人理财储蓄补充 + 公积金商业贷,重性价比，不盲信大牌，但要求物业管理有序、绿化修剪及时、人防技防规范。,本地常住人口，四季生活规律，度假频次为常规年假出行。
三_2011_02847,三亚,2011,度假投资,45,女,9.8,108.5,0.4,203.5,3,2,否,A,research,0.77,0.49,0.87,0.57,0.7,0.43,0.06,0.01,0.81,投资-短期,三室一厅,113,11131,高端海景资产收藏家,二胎黄金期中大户型,市中心私密洋房住宅,无高端私密会所及管家式物业配套，圈层鱼龙混杂，高净值居住体验差。,要求有超大面宽南向双阳台（观景家政分离），主卧大飘窗能270度直面自然景观。,无需日常通勤，但要求30分钟内快捷通达凤凰机场或高铁站。,周末常去高端商圈消费，热衷打网球和马术，重度手冲咖啡及黑胶唱片发烧友。,名下已有企业股权套现或分红现金，一次性全款付清，基本不加杠杆,非仁恒、绿城、万科等金牌开发商不买，极度看重高端精装质量与顶级物业的增值口碑。,每年11月至次年3月到此度过漫长冬季，极其依赖周边的康养及适老化服务。
三_2011_02848,三亚,2011,外地候鸟-西北,68,男,3.2,30.3,0.5,45.4,2,1,是,C,network,0.41,0.66,0.88,0.62,0.54,0.34,0.06,0,0.48,养老,两室一厅,100,3673,西安设计院退休总建筑师,三口之家(学龄段),与父母同住，三代人拥挤在旧区小户型老房中,小区无地下车库且人车不分流，小孩在楼下玩耍或者推婴儿车极为不安全。,要求有超大面宽南向双阳台（观景家政分离），主卧大飘窗能270度直面自然景观。,无需日常通勤，但要求30分钟内快捷通达凤凰机场或高铁站。,崇尚度假慢生活，清晨沙滩漫步，午后椰林下午茶，酷爱轻户外及后海冲浪。,名下持有一套旧两居，置换回款 65% + 个人理财储蓄补充 + 公积金商业贷,重性价比，不盲信大牌，但要求物业管理有序、绿化修剪及时、人防技防规范。,每年11月至次年3月到此度过漫长冬季，极其依赖周边的康养及适老化服务。
三_2011_02849,三亚,2011,本地改善,39,男,3.8,18.1,0.35,38.8,4,1,否,B,agent,0.71,0.62,0.6,0.46,0.48,0.77,0.58,0.64,0.5,自住-改善,两室两厅,94,3321,区级税务局一级主办,三口之家(学龄段),三亚中环品质两居，车位及空间极其拥挤,小区无地下车库且人车不分流，小孩在楼下玩耍或者推婴儿车极为不安全。,讲究超高得房率（超85%），主卧套房必须配备独立步入式衣帽间与干湿分离双卫。,无需日常通勤，但要求30分钟内快捷通达凤凰机场或高铁站。,崇尚度假慢生活，清晨沙滩漫步，午后椰林下午茶，酷爱轻户外及后海冲浪。,名下持有一套旧两居，置换回款 65% + 个人理财储蓄补充 + 公积金商业贷,重性价比，不盲信大牌，但要求物业管理有序、绿化修剪及时、人防技防规范。,本地常住人口，四季生活规律，度假频次为常规年假出行。
三_2011_02850,三亚,2011,本地改善,45,男,1.8,10.8,0.35,23.1,4,2,否,B,agent,0.64,0.53,0.42,0.59,0.5,0.7,0.71,0.69,0.54,自住-改善,一室一厅,91,1778,区级税务局一级主办,二胎黄金期中大户型,三亚中环品质两居，车位及空间极其拥挤,小区无地下车库且人车不分流，小孩在楼下玩耍或者推婴儿车极为不安全。,要求采光通透，全明户型，带多功能嵌入式收纳墙以最大化空间利用。,无需日常通勤，但要求30分钟内快捷通达凤凰机场或高铁站。,崇尚度假慢生活，清晨沙滩漫步，午后椰林下午茶，酷爱轻户外及后海冲浪。,名下持有一套旧两居，置换回款 65% + 个人理财储蓄补充 + 公积金商业贷,重性价比，不盲信大牌，但要求物业管理有序、绿化修剪及时、人防技防规范。,本地常住人口，四季生活规律，度假频次为常规年假出行。
三_2011_02851,三亚,2011,外地候鸟-东北,66,男,2.6,24.0,0.5,36.0,2,0,否,C,network,0.36,0.57,1,0.58,0.46,0.51,0,0.01,0.58,养老,两室两厅,96,2317,哈尔滨私营物流老板,高知退休康养,与父母同住，三代人拥挤在旧区小户型老房中,老小区隔音差，邻里滋扰严重，且车位严重匮乏，每晚加班回来抢车位像打仗。,要求有超大面宽南向双阳台（观景家政分离），主卧大飘窗能270度直面自然景观。,无需日常通勤，但要求30分钟内快捷通达凤凰机场或高铁站。,崇尚度假慢生活，清晨沙滩漫步，午后椰林下午茶，酷爱轻户外及后海冲浪。,名下持有一套旧两居，置换回款 65% + 个人理财储蓄补充 + 公积金商业贷,重性价比，不盲信大牌，但要求物业管理有序、绿化修剪及时、人防技防规范。,每年11月至次年3月到此度过漫长冬季，极其依赖周边的康养及适老化服务。
三_2011_02852,三亚,2011,度假投资,52,女,5.1,54.7,0.4,102.6,4,2,否,A,research,0.83,0.34,0.86,0.54,0.55,0.55,0.11,0,0.77,投资-长持,一室一厅,86,7624,知名中医药连锁投资人,二胎黄金期中大户型,陆家嘴核心区江景大平层,无高端私密会所及管家式物业配套，圈层鱼龙混杂，高净值居住体验差。,要求有超大面宽南向双阳台（观景家政分离），主卧大飘窗能270度直面自然景观。,无需日常通勤，但要求30分钟内快捷通达凤凰机场或高铁站。,周末常去高端商圈消费，热衷打网球和马术，重度手冲咖啡及黑胶唱片发烧友。,名下已有企业股权套现或分红现金，一次性全款付清，基本不加杠杆,非仁恒、绿城、万科等金牌开发商不买，极度看重高端精装质量与顶级物业的增值口碑。,每年11月至次年3月到此度过漫长冬季，极其依赖周边的康养及适老化服务。
三_2011_02853,三亚,2011,本地改善,34,男,1.7,7.7,0.35,16.6,5,0,否,B,agent,0.87,0.72,0.58,0.33,0.31,0.76,0.62,0.77,0.43,自住-改善,两室一厅,69,1487,区级税务局一级主办,新婚过渡两居,三亚中环品质两居，车位及空间极其拥挤,老小区隔音差，邻里滋扰严重，且车位严重匮乏，每晚加班回来抢车位像打仗。,讲究超高得房率（超85%），主卧套房必须配备独立步入式衣帽间与干湿分离双卫。,无需日常通勤，但要求30分钟内快捷通达凤凰机场或高铁站。,崇尚度假慢生活，清晨沙滩漫步，午后椰林下午茶，酷爱轻户外及后海冲浪。,名下持有一套旧两居，置换回款 65% + 个人理财储蓄补充 + 公积金商业贷,重性价比，不盲信大牌，但要求物业管理有序、绿化修剪及时、人防技防规范。,本地常住人口，四季生活规律，度假频次为常规年假出行。
三_2011_02854,三亚,2011,外地候鸟-华北,55,女,4.6,46.8,0.5,70.2,2,0,否,B,network,0.3,0.58,0.78,0.77,0.59,0.52,0,0.01,0.43,养老,两室两厅,60,6257,央企总部退休总工,高知退休康养,三亚中环品质两居，车位及空间极其拥挤,老小区隔音差，邻里滋扰严重，且车位严重匮乏，每晚加班回来抢车位像打仗。,要求独立电梯入户，主次卧动线分明，配备独立保姆房和私密后院。,无需日常通勤，但要求30分钟内快捷通达凤凰机场或高铁站。,崇尚度假慢生活，清晨沙滩漫步，午后椰林下午茶，酷爱轻户外及后海冲浪。,名下持有一套旧两居，置换回款 65% + 个人理财储蓄补充 + 公积金商业贷,重性价比，不盲信大牌，但要求物业管理有序、绿化修剪及时、人防技防规范。,每年11月至次年3月到此度过漫长冬季，极其依赖周边的康养及适老化服务。
三_2011_02855,三亚,2011,本地改善,39,女,3.3,23.0,0.35,49.2,5,1,是,B,agent,0.72,0.63,0.56,0.46,0.48,0.8,0.47,0.77,0.39,自住-改善,两室两厅,74,3984,重点中学高级教师,三口之家(学龄段),三亚中环品质两居，车位及空间极其拥挤,小区无地下车库且人车不分流，小孩在楼下玩耍或者推婴儿车极为不安全。,讲究超高得房率（超85%），主卧套房必须配备独立步入式衣帽间与干湿分离双卫。,无需日常通勤，但要求30分钟内快捷通达凤凰机场或高铁站。,崇尚度假慢生活，清晨沙滩漫步，午后椰林下午茶，酷爱轻户外及后海冲浪。,名下持有一套旧两居，置换回款 65% + 个人理财储蓄补充 + 公积金商业贷,重性价比，不盲信大牌，但要求物业管理有序、绿化修剪及时、人防技防规范。,本地常住人口，四季生活规律，度假频次为常规年假出行。
三_2011_02856,三亚,2011,外地候鸟-华北,63,女,3.0,17.0,0.5,25.5,2,0,否,B,network,0.36,0.53,0.82,0.65,0.55,0.48,0.07,0,0.61,养老,两室一厅,95,2172,北京三甲医院退休教授,高知退休康养,三亚中环品质两居，车位及空间极其拥挤,老小区隔音差，邻里滋扰严重，且车位严重匮乏，每晚加班回来抢车位像打仗。,要求有超大面宽南向双阳台（观景家政分离），主卧大飘窗能270度直面自然景观。,无需日常通勤，但要求30分钟内快捷通达凤凰机场或高铁站。,崇尚度假慢生活，清晨沙滩漫步，午后椰林下午茶，酷爱轻户外及后海冲浪。,名下持有一套旧两居，置换回款 65% + 个人理财储蓄补充 + 公积金商业贷,重性价比，不盲信大牌，但要求物业管理有序、绿化修剪及时、人防技防规范。,每年11月至次年3月到此度过漫长冬季，极其依赖周边的康养及适老化服务。
三_2011_02857,三亚,2011,外地候鸟-东北,59,男,4.7,38.5,0.5,57.7,3,0,否,C,network,0.62,0.69,1,0.67,0.47,0.57,0.05,0,0.48,度假,两室两厅,75,3911,沈阳大型重工企业退休副厂长,高知退休康养,与父母同住，三代人拥挤在旧区小户型老房中,老小区隔音差，邻里滋扰严重，且车位严重匮乏，每晚加班回来抢车位像打仗。,要求有超大面宽南向双阳台（观景家政分离），主卧大飘窗能270度直面自然景观。,无需日常通勤，但要求30分钟内快捷通达凤凰机场或高铁站。,崇尚度假慢生活，清晨沙滩漫步，午后椰林下午茶，酷爱轻户外及后海冲浪。,名下持有一套旧两居，置换回款 65% + 个人理财储蓄补充 + 公积金商业贷,重性价比，不盲信大牌，但要求物业管理有序、绿化修剪及时、人防技防规范。,每年11月至次年3月到此度过漫长冬季，极其依赖周边的康养及适老化服务。
三_2011_02858,三亚,2011,外地候鸟-华北,73,女,3.6,23.6,0.5,35.4,3,1,否,B,network,0.59,0.45,0.9,0.74,0.5,0.55,0,0.09,0.52,养老,一室一厅,80,2248,央企总部退休总工,三口之家(学龄段),三亚中环品质两居，车位及空间极其拥挤,小区无地下车库且人车不分流，小孩在楼下玩耍或者推婴儿车极为不安全。,要求独立电梯入户，主次卧动线分明，配备独立保姆房和私密后院。,无需日常通勤，但要求30分钟内快捷通达凤凰机场或高铁站。,崇尚度假慢生活，清晨沙滩漫步，午后椰林下午茶，酷爱轻户外及后海冲浪。,名下持有一套旧两居，置换回款 65% + 个人理财储蓄补充 + 公积金商业贷,重性价比，不盲信大牌，但要求物业管理有序、绿化修剪及时、人防技防规范。,每年11月至次年3月到此度过漫长冬季，极其依赖周边的康养及适老化服务。
三_2011_02859,三亚,2011,外地候鸟-东北,60,女,3.5,23.2,0.5,34.8,1,0,否,C,network,0.27,0.59,0.76,0.89,0.37,0.6,0,0.06,0.39,度假,一室一厅,57,3810,沈阳大型重工企业退休副厂长,高知退休康养,与父母同住，三代人拥挤在旧区小户型老房中,老小区隔音差，邻里滋扰严重，且车位严重匮乏，每晚加班回来抢车位像打仗。,要求独立电梯入户，主次卧动线分明，配备独立保姆房和私密后院。,无需日常通勤，但要求30分钟内快捷通达凤凰机场或高铁站。,崇尚度假慢生活，清晨沙滩漫步，午后椰林下午茶，酷爱轻户外及后海冲浪。,名下持有一套旧两居，置换回款 65% + 个人理财储蓄补充 + 公积金商业贷,重性价比，不盲信大牌，但要求物业管理有序、绿化修剪及时、人防技防规范。,每年11月至次年3月到此度过漫长冬季，极其依赖周边的康养及适老化服务。
三_2011_02860,三亚,2011,外地候鸟-西北,69,男,1.6,14.9,0.5,22.4,3,0,是,C,network,0.39,0.59,0.88,0.71,0.6,0.56,0,0.04,0.43,养老,两室两厅,71,2097,西安设计院退休总建筑师,高知退休康养,与父母同住，三代人拥挤在旧区小户型老房中,当前房屋属于旧多层无电梯房，父母年纪渐高每天爬楼梯极为吃力。,要求独立电梯入户，主次卧动线分明，配备独立保姆房和私密后院。,无需日常通勤，但要求30分钟内快捷通达凤凰机场或高铁站。,崇尚度假慢生活，清晨沙滩漫步，午后椰林下午茶，酷爱轻户外及后海冲浪。,名下持有一套旧两居，置换回款 65% + 个人理财储蓄补充 + 公积金商业贷,重性价比，不盲信大牌，但要求物业管理有序、绿化修剪及时、人防技防规范。,每年11月至次年3月到此度过漫长冬季，极其依赖周边的康养及适老化服务。
三_2011_02861,三亚,2011,外地候鸟-华北,68,男,3.7,33.3,0.5,50.0,1,0,否,B,network,0.63,0.49,0.93,0.82,0.52,0.37,0.03,0,0.61,养老,两室两厅,84,3329,央企总部退休总工,高知退休康养,三亚中环品质两居，车位及空间极其拥挤,老小区隔音差，邻里滋扰严重，且车位严重匮乏，每晚加班回来抢车位像打仗。,要求独立电梯入户，主次卧动线分明，配备独立保姆房和私密后院。,无需日常通勤，但要求30分钟内快捷通达凤凰机场或高铁站。,崇尚度假慢生活，清晨沙滩漫步，午后椰林下午茶，酷爱轻户外及后海冲浪。,名下持有一套旧两居，置换回款 65% + 个人理财储蓄补充 + 公积金商业贷,重性价比，不盲信大牌，但要求物业管理有序、绿化修剪及时、人防技防规范。,每年11月至次年3月到此度过漫长冬季，极其依赖周边的康养及适老化服务。
三_2011_02862,三亚,2011,外地候鸟-华北,63,女,4.0,32.3,0.5,48.5,2,1,否,B,network,0.55,0.47,0.99,0.78,0.49,0.4,0.04,0,0.55,养老,一室一厅,73,5268,北京三甲医院退休教授,三口之家(学龄段),三亚中环品质两居，车位及空间极其拥挤,小区无地下车库且人车不分流，小孩在楼下玩耍或者推婴儿车极为不安全。,要求独立电梯入户，主次卧动线分明，配备独立保姆房和私密后院。,无需日常通勤，但要求30分钟内快捷通达凤凰机场或高铁站。,崇尚度假慢生活，清晨沙滩漫步，午后椰林下午茶，酷爱轻户外及后海冲浪。,名下持有一套旧两居，置换回款 65% + 个人理财储蓄补充 + 公积金商业贷,重性价比，不盲信大牌，但要求物业管理有序、绿化修剪及时、人防技防规范。,每年11月至次年3月到此度过漫长冬季，极其依赖周边的康养及适老化服务。
三_2011_02863,三亚,2011,度假投资,51,女,3.8,35.2,0.4,66.1,2,1,否,A,research,0.77,0.49,0.75,0.61,0.72,0.48,0,0,0.74,投资-长持,两室一厅,94,4340,知名中医药连锁投资人,三口之家(学龄段),市中心私密洋房住宅,无高端私密会所及管家式物业配套，圈层鱼龙混杂，高净值居住体验差。,要求有超大面宽南向双阳台（观景家政分离），主卧大飘窗能270度直面自然景观。,无需日常通勤，但要求30分钟内快捷通达凤凰机场或高铁站。,周末常去高端商圈消费，热衷打网球和马术，重度手冲咖啡及黑胶唱片发烧友。,名下已有企业股权套现或分红现金，一次性全款付清，基本不加杠杆,非仁恒、绿城、万科等金牌开发商不买，极度看重高端精装质量与顶级物业的增值口碑。,每年11月至次年3月到此度过漫长冬季，极其依赖周边的康养及适老化服务。
三_2011_02864,三亚,2011,外地候鸟-华北,65,女,4.3,29.9,0.5,44.9,2,0,否,B,network,0.55,0.58,0.95,0.74,0.54,0.52,0,0.03,0.69,养老,两室一厅,77,4575,央企总部退休总工,高知退休康养,三亚中环品质两居，车位及空间极其拥挤,老小区隔音差，邻里滋扰严重，且车位严重匮乏，每晚加班回来抢车位像打仗。,要求独立电梯入户，主次卧动线分明，配备独立保姆房和私密后院。,无需日常通勤，但要求30分钟内快捷通达凤凰机场或高铁站。,崇尚度假慢生活，清晨沙滩漫步，午后椰林下午茶，酷爱轻户外及后海冲浪。,名下持有一套旧两居，置换回款 65% + 个人理财储蓄补充 + 公积金商业贷,重性价比，不盲信大牌，但要求物业管理有序、绿化修剪及时、人防技防规范。,每年11月至次年3月到此度过漫长冬季，极其依赖周边的康养及适老化服务。
三_2011_02865,三亚,2011,度假投资,46,女,9.5,113.1,0.4,212.0,3,1,否,A,research,1,0.23,0.95,0.63,0.56,0.48,0,0,0.77,度假,两室两厅,108,11181,高端海景资产收藏家,三口之家(学龄段),陆家嘴核心区江景大平层,无高端私密会所及管家式物业配套，圈层鱼龙混杂，高净值居住体验差。,要求有超大面宽南向双阳台（观景家政分离），主卧大飘窗能270度直面自然景观。,无需日常通勤，但要求30分钟内快捷通达凤凰机场或高铁站。,周末常去高端商圈消费，热衷打网球和马术，重度手冲咖啡及黑胶唱片发烧友。,名下已有企业股权套现或分红现金，一次性全款付清，基本不加杠杆,非仁恒、绿城、万科等金牌开发商不买，极度看重高端精装质量与顶级物业的增值口碑。,每年11月至次年3月到此度过漫长冬季，极其依赖周边的康养及适老化服务。
三_2011_02866,三亚,2011,本地改善,50,女,2.8,18.6,0.35,39.8,4,0,是,B,agent,0.84,0.47,0.88,0.41,0.34,0.78,0.5,0.76,0.44,自住-改善,两室一厅,58,4037,三甲医院主治医师,成熟期核心家庭,三亚中环品质两居，车位及空间极其拥挤,当前房屋属于旧多层无电梯房，父母年纪渐高每天爬楼梯极为吃力。,要求有超大面宽南向双阳台（观景家政分离），主卧大飘窗能270度直面自然景观。,无需日常通勤，但要求30分钟内快捷通达凤凰机场或高铁站。,崇尚度假慢生活，清晨沙滩漫步，午后椰林下午茶，酷爱轻户外及后海冲浪。,名下持有一套旧两居，置换回款 65% + 个人理财储蓄补充 + 公积金商业贷,重性价比，不盲信大牌，但要求物业管理有序、绿化修剪及时、人防技防规范。,本地常住人口，四季生活规律，度假频次为常规年假出行。
三_2011_02867,三亚,2011,外地候鸟-华北,66,男,3.1,28.0,0.5,41.9,2,0,否,B,network,0.49,0.58,0.93,0.63,0.43,0.47,0,0,0.5,度假,两室一厅,59,4438,央企总部退休总工,高知退休康养,三亚中环品质两居，车位及空间极其拥挤,老小区隔音差，邻里滋扰严重，且车位严重匮乏，每晚加班回来抢车位像打仗。,要求有超大面宽南向双阳台（观景家政分离），主卧大飘窗能270度直面自然景观。,无需日常通勤，但要求30分钟内快捷通达凤凰机场或高铁站。,崇尚度假慢生活，清晨沙滩漫步，午后椰林下午茶，酷爱轻户外及后海冲浪。,名下持有一套旧两居，置换回款 65% + 个人理财储蓄补充 + 公积金商业贷,重性价比，不盲信大牌，但要求物业管理有序、绿化修剪及时、人防技防规范。,每年11月至次年3月到此度过漫长冬季，极其依赖周边的康养及适老化服务。
三_2011_02868,三亚,2011,度假投资,45,女,6.5,78.5,0.4,147.2,3,1,否,A,research,0.33,0.56,1,0.66,0.62,0.59,0,0,0.77,投资-短期,两室两厅,66,16859,高端海景资产收藏家,三口之家(学龄段),西湖边高精平层,无高端私密会所及管家式物业配套，圈层鱼龙混杂，高净值居住体验差。,要求有超大面宽南向双阳台（观景家政分离），主卧大飘窗能270度直面自然景观。,无需日常通勤，但要求30分钟内快捷通达凤凰机场或高铁站。,周末常去高端商圈消费，热衷打网球和马术，重度手冲咖啡及黑胶唱片发烧友。,名下已有企业股权套现或分红现金，一次性全款付清，基本不加杠杆,非仁恒、绿城、万科等金牌开发商不买，极度看重高端精装质量与顶级物业的增值口碑。,每年11月至次年3月到此度过漫长冬季，极其依赖周边的康养及适老化服务。
三_2011_02869,三亚,2011,外地候鸟-华北,61,男,3.4,20.3,0.5,30.5,3,1,否,B,network,0.31,0.62,1,0.77,0.81,0.4,0,0,0.55,养老,两室一厅,74,2304,高校资深硕导,三口之家(学龄段),三亚中环品质两居，车位及空间极其拥挤,小区无地下车库且人车不分流，小孩在楼下玩耍或者推婴儿车极为不安全。,要求独立电梯入户，主次卧动线分明，配备独立保姆房和私密后院。,无需日常通勤，但要求30分钟内快捷通达凤凰机场或高铁站。,崇尚度假慢生活，清晨沙滩漫步，午后椰林下午茶，酷爱轻户外及后海冲浪。,名下持有一套旧两居，置换回款 65% + 个人理财储蓄补充 + 公积金商业贷,重性价比，不盲信大牌，但要求物业管理有序、绿化修剪及时、人防技防规范。,每年11月至次年3月到此度过漫长冬季，极其依赖周边的康养及适老化服务。
三_2011_02870,三亚,2011,度假投资,40,女,7.6,89.5,0.4,167.9,3,1,是,A,research,0.72,0.47,0.88,0.67,0.58,0.5,0,0.12,0.83,投资-短期,三室一厅,148,8061,高端海景资产收藏家,三口之家(学龄段),市中心私密洋房住宅,当前房屋属于旧多层无电梯房，父母年纪渐高每天爬楼梯极为吃力。,要求有超大面宽南向双阳台（观景家政分离），主卧大飘窗能270度直面自然景观。,无需日常通勤，但要求30分钟内快捷通达凤凰机场或高铁站。,周末常去高端商圈消费，热衷打网球和马术，重度手冲咖啡及黑胶唱片发烧友。,名下已有企业股权套现或分红现金，一次性全款付清，基本不加杠杆,非仁恒、绿城、万科等金牌开发商不买，极度看重高端精装质量与顶级物业的增值口碑。,每年11月至次年3月到此度过漫长冬季，极其依赖周边的康养及适老化服务。
三_2011_02871,三亚,2011,本地改善,36,女,2.7,14.4,0.35,30.8,5,0,否,B,agent,0.91,0.65,0.56,0.42,0.45,0.74,0.42,0.56,0.5,自住-改善,两室一厅,58,4339,智能新能源车企研发骨干,成熟期核心家庭,三亚中环品质两居，车位及空间极其拥挤,老小区隔音差，邻里滋扰严重，且车位严重匮乏，每晚加班回来抢车位像打仗。,讲究超高得房率（超85%），主卧套房必须配备独立步入式衣帽间与干湿分离双卫。,无需日常通勤，但要求30分钟内快捷通达凤凰机场或高铁站。,崇尚度假慢生活，清晨沙滩漫步，午后椰林下午茶，酷爱轻户外及后海冲浪。,名下持有一套旧两居，置换回款 65% + 个人理财储蓄补充 + 公积金商业贷,重性价比，不盲信大牌，但要求物业管理有序、绿化修剪及时、人防技防规范。,本地常住人口，四季生活规律，度假频次为常规年假出行。
三_2011_02872,三亚,2011,本地改善,35,男,2.7,16.1,0.35,34.4,3,1,否,B,agent,0.92,0.5,0.51,0.46,0.42,0.83,0.36,0.75,0.46,自住-改善,两室一厅,93,2682,重点中学高级教师,三口之家(幼龄段),三亚中环品质两居，车位及空间极其拥挤,小区无地下车库且人车不分流，小孩在楼下玩耍或者推婴儿车极为不安全。,讲究超高得房率（超85%），主卧套房必须配备独立步入式衣帽间与干湿分离双卫。,无需日常通勤，但要求30分钟内快捷通达凤凰机场或高铁站。,崇尚度假慢生活，清晨沙滩漫步，午后椰林下午茶，酷爱轻户外及后海冲浪。,名下持有一套旧两居，置换回款 65% + 个人理财储蓄补充 + 公积金商业贷,重性价比，不盲信大牌，但要求物业管理有序、绿化修剪及时、人防技防规范。,本地常住人口，四季生活规律，度假频次为常规年假出行。
三_2011_02873,三亚,2011,本地改善,32,女,2.7,13.4,0.35,28.7,3,3,是,B,agent,0.78,0.43,0.51,0.42,0.4,0.9,0.54,0.8,0.56,自住-改善,两室一厅,83,1838,国企中层管理,二胎黄金期中大户型,三亚中环品质两居，车位及空间极其拥挤,小区无地下车库且人车不分流，小孩在楼下玩耍或者推婴儿车极为不安全。,讲究超高得房率（超85%），主卧套房必须配备独立步入式衣帽间与干湿分离双卫。,无需日常通勤，但要求30分钟内快捷通达凤凰机场或高铁站。,崇尚度假慢生活，清晨沙滩漫步，午后椰林下午茶，酷爱轻户外及后海冲浪。,名下持有一套旧两居，置换回款 65% + 个人理财储蓄补充 + 公积金商业贷,重性价比，不盲信大牌，但要求物业管理有序、绿化修剪及时、人防技防规范。,本地常住人口，四季生活规律，度假频次为常规年假出行。
三_2011_02874,三亚,2011,度假投资,40,女,7.8,55.6,0.4,104.3,3,1,否,A,research,1,0.33,0.9,0.47,0.44,0.3,0,0,0.85,度假,两室一厅,97,7317,上市公司退休联合创始人,三口之家(学龄段),西湖边高精平层,无高端私密会所及管家式物业配套，圈层鱼龙混杂，高净值居住体验差。,要求有超大面宽南向双阳台（观景家政分离），主卧大飘窗能270度直面自然景观。,无需日常通勤，但要求30分钟内快捷通达凤凰机场或高铁站。,周末常去高端商圈消费，热衷打网球和马术，重度手冲咖啡及黑胶唱片发烧友。,名下已有企业股权套现或分红现金，一次性全款付清，基本不加杠杆,非仁恒、绿城、万科等金牌开发商不买，极度看重高端精装质量与顶级物业的增值口碑。,每年11月至次年3月到此度过漫长冬季，极其依赖周边的康养及适老化服务。
三_2011_02875,三亚,2011,度假投资,50,女,1.6,19.2,0.4,35.9,2,0,否,A,research,0.74,0.41,0.87,0.56,0.5,0.56,0,0.03,0.72,投资-短期,两室两厅,91,3551,上市公司退休联合创始人,成熟期核心家庭,西湖边高精平层,无高端私密会所及管家式物业配套，圈层鱼龙混杂，高净值居住体验差。,要求有超大面宽南向双阳台（观景家政分离），主卧大飘窗能270度直面自然景观。,无需日常通勤，但要求30分钟内快捷通达凤凰机场或高铁站。,周末常去高端商圈消费，热衷打网球和马术，重度手冲咖啡及黑胶唱片发烧友。,名下已有企业股权套现或分红现金，一次性全款付清，基本不加杠杆,非仁恒、绿城、万科等金牌开发商不买，极度看重高端精装质量与顶级物业的增值口碑。,每年11月至次年3月到此度过漫长冬季，极其依赖周边的康养及适老化服务。
三_2011_02876,三亚,2011,外地候鸟-华北,60,女,3.7,27.2,0.5,40.8,2,0,否,B,network,0.72,0.57,0.93,0.62,0.45,0.63,0,0.01,0.39,度假,一室一厅,59,3775,高校资深硕导,高知退休康养,三亚中环品质两居，车位及空间极其拥挤,老小区隔音差，邻里滋扰严重，且车位严重匮乏，每晚加班回来抢车位像打仗。,要求有超大面宽南向双阳台（观景家政分离），主卧大飘窗能270度直面自然景观。,无需日常通勤，但要求30分钟内快捷通达凤凰机场或高铁站。,崇尚度假慢生活，清晨沙滩漫步，午后椰林下午茶，酷爱轻户外及后海冲浪。,名下持有一套旧两居，置换回款 65% + 个人理财储蓄补充 + 公积金商业贷,重性价比，不盲信大牌，但要求物业管理有序、绿化修剪及时、人防技防规范。,每年11月至次年3月到此度过漫长冬季，极其依赖周边的康养及适老化服务。
三_2011_02877,三亚,2011,度假投资,52,男,12.4,121.1,0.4,227.1,3,1,是,A,research,0.5,0.35,0.87,0.52,0.59,0.4,0.15,0,0.62,投资-短期,三室两厅,144,9601,高端海景资产收藏家,三口之家(学龄段),市中心私密洋房住宅,当前房屋属于旧多层无电梯房，父母年纪渐高每天爬楼梯极为吃力。,要求有超大面宽南向双阳台（观景家政分离），主卧大飘窗能270度直面自然景观。,无需日常通勤，但要求30分钟内快捷通达凤凰机场或高铁站。,周末常去高端商圈消费，热衷打网球和马术，重度手冲咖啡及黑胶唱片发烧友。,名下已有企业股权套现或分红现金，一次性全款付清，基本不加杠杆,重性价比，不盲信大牌，但要求物业管理有序、绿化修剪及时、人防技防规范。,每年11月至次年3月到此度过漫长冬季，极其依赖周边的康养及适老化服务。
三_2011_02878,三亚,2011,本地改善,43,女,4.3,18.6,0.35,39.9,4,1,是,B,agent,1,0.61,0.57,0.46,0.56,0.78,0.52,0.75,0.41,自住-改善,一室一厅,95,2342,重点中学高级教师,三口之家(学龄段),三亚中环品质两居，车位及空间极其拥挤,小区无地下车库且人车不分流，小孩在楼下玩耍或者推婴儿车极为不安全。,讲究超高得房率（超85%），主卧套房必须配备独立步入式衣帽间与干湿分离双卫。,无需日常通勤，但要求30分钟内快捷通达凤凰机场或高铁站。,崇尚度假慢生活，清晨沙滩漫步，午后椰林下午茶，酷爱轻户外及后海冲浪。,名下持有一套旧两居，置换回款 65% + 个人理财储蓄补充 + 公积金商业贷,重性价比，不盲信大牌，但要求物业管理有序、绿化修剪及时、人防技防规范。,本地常住人口，四季生活规律，度假频次为常规年假出行。
三_2011_02879,三亚,2011,本地改善,42,女,1.3,8.8,0.35,18.9,4,1,否,B,agent,0.97,0.57,0.58,0.51,0.36,0.74,0.58,0.69,0.54,自住-改善,两室一厅,65,1455,智能新能源车企研发骨干,三口之家(学龄段),三亚中环品质两居，车位及空间极其拥挤,小区无地下车库且人车不分流，小孩在楼下玩耍或者推婴儿车极为不安全。,讲究超高得房率（超85%），主卧套房必须配备独立步入式衣帽间与干湿分离双卫。,无需日常通勤，但要求30分钟内快捷通达凤凰机场或高铁站。,崇尚度假慢生活，清晨沙滩漫步，午后椰林下午茶，酷爱轻户外及后海冲浪。,名下持有一套旧两居，置换回款 65% + 个人理财储蓄补充 + 公积金商业贷,重性价比，不盲信大牌，但要求物业管理有序、绿化修剪及时、人防技防规范。,本地常住人口，四季生活规律，度假频次为常规年假出行。
三_2011_02880,三亚,2011,外地候鸟-华北,64,男,5.2,44.4,0.5,66.5,2,0,否,B,network,0.6,0.56,0.88,0.75,0.63,0.47,0.04,0,0.54,度假,一室一厅,70,6547,高校资深硕导,高知退休康养,三亚中环品质两居，车位及空间极其拥挤,老小区隔音差，邻里滋扰严重，且车位严重匮乏，每晚加班回来抢车位像打仗。,要求独立电梯入户，主次卧动线分明，配备独立保姆房和私密后院。,无需日常通勤，但要求30分钟内快捷通达凤凰机场或高铁站。,崇尚度假慢生活，清晨沙滩漫步，午后椰林下午茶，酷爱轻户外及后海冲浪。,名下持有一套旧两居，置换回款 65% + 个人理财储蓄补充 + 公积金商业贷,重性价比，不盲信大牌，但要求物业管理有序、绿化修剪及时、人防技防规范。,每年11月至次年3月到此度过漫长冬季，极其依赖周边的康养及适老化服务。
三_2011_02881,三亚,2011,度假投资,54,男,10.3,91.6,0.4,171.8,3,2,否,A,research,0.78,0.36,0.77,0.7,0.5,0.44,0,0.04,0.76,度假,三室两厅,95,10119,上市公司退休联合创始人,二胎黄金期中大户型,陆家嘴核心区江景大平层,无高端私密会所及管家式物业配套，圈层鱼龙混杂，高净值居住体验差。,要求独立电梯入户，主次卧动线分明，配备独立保姆房和私密后院。,无需日常通勤，但要求30分钟内快捷通达凤凰机场或高铁站。,周末常去高端商圈消费，热衷打网球和马术，重度手冲咖啡及黑胶唱片发烧友。,名下已有企业股权套现或分红现金，一次性全款付清，基本不加杠杆,非仁恒、绿城、万科等金牌开发商不买，极度看重高端精装质量与顶级物业的增值口碑。,每年11月至次年3月到此度过漫长冬季，极其依赖周边的康养及适老化服务。
三_2011_02882,三亚,2011,本地改善,30,男,3.1,15.6,0.35,33.4,4,0,是,B,agent,0.71,0.58,0.57,0.47,0.33,0.67,0.64,0.73,0.43,自住-改善,两室一厅,65,3846,三甲医院主治医师,新婚过渡两居,三亚中环品质两居，车位及空间极其拥挤,当前房屋属于旧多层无电梯房，父母年纪渐高每天爬楼梯极为吃力。,核心要求地块属于第一梯队名校学区，且周边500米内解决幼小衔接教育配套。,无需日常通勤，但要求30分钟内快捷通达凤凰机场或高铁站。,崇尚度假慢生活，清晨沙滩漫步，午后椰林下午茶，酷爱轻户外及后海冲浪。,名下持有一套旧两居，置换回款 65% + 个人理财储蓄补充 + 公积金商业贷,重性价比，不盲信大牌，但要求物业管理有序、绿化修剪及时、人防技防规范。,本地常住人口，四季生活规律，度假频次为常规年假出行。
三_2011_02883,三亚,2011,外地候鸟-西北,64,女,1.8,14.3,0.5,21.5,1,1,否,C,network,0.58,0.68,0.89,0.62,0.56,0.42,0,0,0.3,度假,两室两厅,86,2221,西安设计院退休总建筑师,三口之家(学龄段),与父母同住，三代人拥挤在旧区小户型老房中,小区无地下车库且人车不分流，小孩在楼下玩耍或者推婴儿车极为不安全。,要求有超大面宽南向双阳台（观景家政分离），主卧大飘窗能270度直面自然景观。,无需日常通勤，但要求30分钟内快捷通达凤凰机场或高铁站。,崇尚度假慢生活，清晨沙滩漫步，午后椰林下午茶，酷爱轻户外及后海冲浪。,名下持有一套旧两居，置换回款 65% + 个人理财储蓄补充 + 公积金商业贷,重性价比，不盲信大牌，但要求物业管理有序、绿化修剪及时、人防技防规范。,每年11月至次年3月到此度过漫长冬季，极其依赖周边的康养及适老化服务。
三_2011_02884,三亚,2011,本地改善,34,男,2.9,18.4,0.35,39.5,4,1,是,B,agent,0.8,0.68,0.67,0.53,0.29,0.7,0.55,0.72,0.36,自住-改善,一室一厅,98,2834,重点中学高级教师,三口之家(幼龄段),三亚中环品质两居，车位及空间极其拥挤,小区无地下车库且人车不分流，小孩在楼下玩耍或者推婴儿车极为不安全。,讲究超高得房率（超85%），主卧套房必须配备独立步入式衣帽间与干湿分离双卫。,无需日常通勤，但要求30分钟内快捷通达凤凰机场或高铁站。,崇尚度假慢生活，清晨沙滩漫步，午后椰林下午茶，酷爱轻户外及后海冲浪。,名下持有一套旧两居，置换回款 65% + 个人理财储蓄补充 + 公积金商业贷,重性价比，不盲信大牌，但要求物业管理有序、绿化修剪及时、人防技防规范。,本地常住人口，四季生活规律，度假频次为常规年假出行。
三_2011_02885,三亚,2011,本地改善,40,女,2.4,10.2,0.35,21.9,6,2,是,B,agent,0.93,0.59,0.7,0.44,0.26,0.87,0.47,0.7,0.53,自住-改善,两室一厅,95,1168,区级税务局一级主办,二胎黄金期中大户型,三亚中环品质两居，车位及空间极其拥挤,小区无地下车库且人车不分流，小孩在楼下玩耍或者推婴儿车极为不安全。,要求有超大面宽南向双阳台（观景家政分离），主卧大飘窗能270度直面自然景观。,无需日常通勤，但要求30分钟内快捷通达凤凰机场或高铁站。,崇尚度假慢生活，清晨沙滩漫步，午后椰林下午茶，酷爱轻户外及后海冲浪。,名下持有一套旧两居，置换回款 65% + 个人理财储蓄补充 + 公积金商业贷,重性价比，不盲信大牌，但要求物业管理有序、绿化修剪及时、人防技防规范。,本地常住人口，四季生活规律，度假频次为常规年假出行。
三_2011_02886,三亚,2011,外地候鸟-华北,61,女,2.3,19.3,0.5,28.9,2,0,否,B,network,0.42,0.69,0.94,0.77,0.73,0.4,0.11,0.01,0.64,养老,一室一厅,51,4937,央企总部退休总工,高知退休康养,三亚中环品质两居，车位及空间极其拥挤,老小区隔音差，邻里滋扰严重，且车位严重匮乏，每晚加班回来抢车位像打仗。,要求独立电梯入户，主次卧动线分明，配备独立保姆房和私密后院。,无需日常通勤，但要求30分钟内快捷通达凤凰机场或高铁站。,崇尚度假慢生活，清晨沙滩漫步，午后椰林下午茶，酷爱轻户外及后海冲浪。,名下持有一套旧两居，置换回款 65% + 个人理财储蓄补充 + 公积金商业贷,重性价比，不盲信大牌，但要求物业管理有序、绿化修剪及时、人防技防规范。,每年11月至次年3月到此度过漫长冬季，极其依赖周边的康养及适老化服务。
三_2011_02887,三亚,2011,外地候鸟-东北,78,男,3.9,27.1,0.5,40.7,2,0,否,C,network,0.45,0.58,0.95,0.74,0.51,0.44,0.01,0.0,0.49,度假,两室两厅,97,2390,沈阳大型重工企业退休副厂长,高知退休康养,与父母同住，三代人拥挤在旧区小户型老房中,老小区隔音差，邻里滋扰严重，且车位严重匮乏，每晚加班回来抢车位像打仗。,要求独立电梯入户，主次卧动线分明，配备独立保姆房和私密后院。,无需日常通勤，但要求30分钟内快捷通达凤凰机场或高铁站。,崇尚度假慢生活，清晨沙滩漫步，午后椰林下午茶，酷爱轻户外及后海冲浪。,名下持有一套旧两居，置换回款 65% + 个人理财储蓄补充 + 公积金商业贷,重性价比，不盲信大牌，但要求物业管理有序、绿化修剪及时、人防技防规范。,每年11月至次年3月到此度过漫长冬季，极其依赖周边的康养及适老化服务。
三_2011_02888,三亚,2011,高净值康养,64,男,15.3,129.2,0.6,161.5,1,1,否,A,network,0.47,0.24,0.86,1,0.82,0.58,0,0.16,0.94,度假,三室一厅,92,9776,高端海景资产收藏家,三口之家(学龄段),市中心私密洋房住宅,无高端私密会所及管家式物业配套，圈层鱼龙混杂，高净值居住体验差。,要求独立电梯入户，主次卧动线分明，配备独立保姆房和私密后院。,无需日常通勤，但要求30分钟内快捷通达凤凰机场或高铁站。,周末常去高端商圈消费，热衷打网球和马术，重度手冲咖啡及黑胶唱片发烧友。,名下已有企业股权套现或分红现金，一次性全款付清，基本不加杠杆,非仁恒、绿城、万科等金牌开发商不买，极度看重高端精装质量与顶级物业的增值口碑。,本地常住人口，四季生活规律，度假频次为常规年假出行。
三_2011_02889,三亚,2011,度假投资,40,男,5.3,42.3,0.4,79.3,3,0,否,A,research,0.77,0.36,0.76,0.46,0.62,0.3,0.16,0.04,0.83,投资-短期,两室一厅,52,12359,上市公司退休联合创始人,成熟期核心家庭,市中心私密洋房住宅,无高端私密会所及管家式物业配套，圈层鱼龙混杂，高净值居住体验差。,要求有超大面宽南向双阳台（观景家政分离），主卧大飘窗能270度直面自然景观。,无需日常通勤，但要求30分钟内快捷通达凤凰机场或高铁站。,周末常去高端商圈消费，热衷打网球和马术，重度手冲咖啡及黑胶唱片发烧友。,名下已有企业股权套现或分红现金，一次性全款付清，基本不加杠杆,非仁恒、绿城、万科等金牌开发商不买，极度看重高端精装质量与顶级物业的增值口碑。,每年11月至次年3月到此度过漫长冬季，极其依赖周边的康养及适老化服务。
三_2011_02890,三亚,2011,外地候鸟-东北,58,男,5.3,26.2,0.5,39.2,2,0,否,C,network,0.4,0.7,1,0.63,0.62,0.56,0.02,0.02,0.49,养老,两室两厅,58,3588,哈尔滨高校退休处长,高知退休康养,与父母同住，三代人拥挤在旧区小户型老房中,老小区隔音差，邻里滋扰严重，且车位严重匮乏，每晚加班回来抢车位像打仗。,要求有超大面宽南向双阳台（观景家政分离），主卧大飘窗能270度直面自然景观。,无需日常通勤，但要求30分钟内快捷通达凤凰机场或高铁站。,崇尚度假慢生活，清晨沙滩漫步，午后椰林下午茶，酷爱轻户外及后海冲浪。,名下持有一套旧两居，置换回款 65% + 个人理财储蓄补充 + 公积金商业贷,重性价比，不盲信大牌，但要求物业管理有序、绿化修剪及时、人防技防规范。,每年11月至次年3月到此度过漫长冬季，极其依赖周边的康养及适老化服务。
三_2011_02891,三亚,2011,外地候鸟-华北,64,男,4.5,35.5,0.5,53.2,2,0,否,B,network,0.53,0.64,0.89,0.97,0.66,0.59,0.06,0,0.55,度假,两室两厅,88,4635,央企总部退休总工,高知退休康养,三亚中环品质两居，车位及空间极其拥挤,老小区隔音差，邻里滋扰严重，且车位严重匮乏，每晚加班回来抢车位像打仗。,要求独立电梯入户，主次卧动线分明，配备独立保姆房和私密后院。,无需日常通勤，但要求30分钟内快捷通达凤凰机场或高铁站。,崇尚度假慢生活，清晨沙滩漫步，午后椰林下午茶，酷爱轻户外及后海冲浪。,名下持有一套旧两居，置换回款 65% + 个人理财储蓄补充 + 公积金商业贷,重性价比，不盲信大牌，但要求物业管理有序、绿化修剪及时、人防技防规范。,每年11月至次年3月到此度过漫长冬季，极其依赖周边的康养及适老化服务。
三_2011_02892,三亚,2011,外地候鸟-东北,74,男,3.2,26.1,0.5,39.2,2,0,否,C,network,0.37,0.5,0.93,0.78,0.64,0.56,0,0.01,0.65,度假,两室两厅,56,6243,沈阳大型重工企业退休副厂长,高知退休康养,与父母同住，三代人拥挤在旧区小户型老房中,老小区隔音差，邻里滋扰严重，且车位严重匮乏，每晚加班回来抢车位像打仗。,要求独立电梯入户，主次卧动线分明，配备独立保姆房和私密后院。,无需日常通勤，但要求30分钟内快捷通达凤凰机场或高铁站。,崇尚度假慢生活，清晨沙滩漫步，午后椰林下午茶，酷爱轻户外及后海冲浪。,名下持有一套旧两居，置换回款 65% + 个人理财储蓄补充 + 公积金商业贷,重性价比，不盲信大牌，但要求物业管理有序、绿化修剪及时、人防技防规范。,每年11月至次年3月到此度过漫长冬季，极其依赖周边的康养及适老化服务。
三_2011_02893,三亚,2011,本地改善,35,男,2.8,15.2,0.35,32.5,4,0,否,B,agent,0.95,0.55,0.67,0.41,0.32,0.84,0.47,0.64,0.48,自住-改善,一室一厅,66,2536,智能新能源车企研发骨干,新婚过渡两居,三亚中环品质两居，车位及空间极其拥挤,老小区隔音差，邻里滋扰严重，且车位严重匮乏，每晚加班回来抢车位像打仗。,讲究超高得房率（超85%），主卧套房必须配备独立步入式衣帽间与干湿分离双卫。,无需日常通勤，但要求30分钟内快捷通达凤凰机场或高铁站。,崇尚度假慢生活，清晨沙滩漫步，午后椰林下午茶，酷爱轻户外及后海冲浪。,名下持有一套旧两居，置换回款 65% + 个人理财储蓄补充 + 公积金商业贷,重性价比，不盲信大牌，但要求物业管理有序、绿化修剪及时、人防技防规范。,本地常住人口，四季生活规律，度假频次为常规年假出行。
三_2011_02894,三亚,2011,本地改善,36,女,1.8,11.7,0.35,25.1,5,2,否,B,agent,0.67,0.53,0.62,0.44,0.5,0.74,0.39,0.58,0.37,自住-改善,一室一厅,80,2368,重点中学高级教师,二胎黄金期中大户型,三亚中环品质两居，车位及空间极其拥挤,小区无地下车库且人车不分流，小孩在楼下玩耍或者推婴儿车极为不安全。,讲究超高得房率（超85%），主卧套房必须配备独立步入式衣帽间与干湿分离双卫。,无需日常通勤，但要求30分钟内快捷通达凤凰机场或高铁站。,崇尚度假慢生活，清晨沙滩漫步，午后椰林下午茶，酷爱轻户外及后海冲浪。,名下持有一套旧两居，置换回款 65% + 个人理财储蓄补充 + 公积金商业贷,重性价比，不盲信大牌，但要求物业管理有序、绿化修剪及时、人防技防规范。,本地常住人口，四季生活规律，度假频次为常规年假出行。
三_2011_02895,三亚,2011,本地改善,33,女,2.0,14.5,0.35,31.0,4,1,是,B,agent,0.51,0.5,0.37,0.48,0.23,0.71,0.7,0.71,0.42,自住-改善,两室两厅,51,5096,三甲医院主治医师,三口之家(幼龄段),三亚中环品质两居，车位及空间极其拥挤,小区无地下车库且人车不分流，小孩在楼下玩耍或者推婴儿车极为不安全。,讲究超高得房率（超85%），主卧套房必须配备独立步入式衣帽间与干湿分离双卫。,无需日常通勤，但要求30分钟内快捷通达凤凰机场或高铁站。,崇尚度假慢生活，清晨沙滩漫步，午后椰林下午茶，酷爱轻户外及后海冲浪。,名下持有一套旧两居，置换回款 65% + 个人理财储蓄补充 + 公积金商业贷,重性价比，不盲信大牌，但要求物业管理有序、绿化修剪及时、人防技防规范。,本地常住人口，四季生活规律，度假频次为常规年假出行。
三_2011_02896,三亚,2011,本地改善,36,女,1.5,8.9,0.35,19.1,6,1,否,B,agent,0.81,0.69,0.59,0.43,0.45,0.83,0.45,0.5,0.56,自住-改善,一室一厅,58,2880,智能新能源车企研发骨干,三口之家(幼龄段),三亚中环品质两居，车位及空间极其拥挤,小区无地下车库且人车不分流，小孩在楼下玩耍或者推婴儿车极为不安全。,讲究超高得房率（超85%），主卧套房必须配备独立步入式衣帽间与干湿分离双卫。,无需日常通勤，但要求30分钟内快捷通达凤凰机场或高铁站。,崇尚度假慢生活，清晨沙滩漫步，午后椰林下午茶，酷爱轻户外及后海冲浪。,名下持有一套旧两居，置换回款 65% + 个人理财储蓄补充 + 公积金商业贷,重性价比，不盲信大牌，但要求物业管理有序、绿化修剪及时、人防技防规范。,本地常住人口，四季生活规律，度假频次为常规年假出行。
三_2011_02897,三亚,2011,外地候鸟-华北,64,男,4.6,34.1,0.5,51.2,1,0,否,B,network,0.4,0.58,1,0.7,0.64,0.49,0,0.03,0.57,度假,一室一厅,95,3455,北京三甲医院退休教授,高知退休康养,三亚中环品质两居，车位及空间极其拥挤,老小区隔音差，邻里滋扰严重，且车位严重匮乏，每晚加班回来抢车位像打仗。,要求独立电梯入户，主次卧动线分明，配备独立保姆房和私密后院。,无需日常通勤，但要求30分钟内快捷通达凤凰机场或高铁站。,崇尚度假慢生活，清晨沙滩漫步，午后椰林下午茶，酷爱轻户外及后海冲浪。,名下持有一套旧两居，置换回款 65% + 个人理财储蓄补充 + 公积金商业贷,重性价比，不盲信大牌，但要求物业管理有序、绿化修剪及时、人防技防规范。,每年11月至次年3月到此度过漫长冬季，极其依赖周边的康养及适老化服务。
三_2011_02898,三亚,2011,本地改善,50,女,1.2,6.5,0.35,13.9,5,1,是,B,agent,0.63,0.61,0.55,0.41,0.32,0.68,0.55,0.79,0.44,自住-改善,一室一厅,78,1156,区级税务局一级主办,三口之家(学龄段),三亚中环品质两居，车位及空间极其拥挤,小区无地下车库且人车不分流，小孩在楼下玩耍或者推婴儿车极为不安全。,核心要求地块属于第一梯队名校学区，且周边500米内解决幼小衔接教育配套。,无需日常通勤，但要求30分钟内快捷通达凤凰机场或高铁站。,崇尚度假慢生活，清晨沙滩漫步，午后椰林下午茶，酷爱轻户外及后海冲浪。,名下持有一套旧两居，置换回款 65% + 个人理财储蓄补充 + 公积金商业贷,重性价比，不盲信大牌，但要求物业管理有序、绿化修剪及时、人防技防规范。,本地常住人口，四季生活规律，度假频次为常规年假出行。
三_2011_02899,三亚,2011,度假投资,37,女,8.4,77.9,0.4,146.0,3,1,是,A,research,0.96,0.44,0.82,0.63,0.56,0.51,0,0,0.86,投资-短期,一室一厅,74,12916,上市公司退休联合创始人,三口之家(幼龄段),市中心私密洋房住宅,当前房屋属于旧多层无电梯房，父母年纪渐高每天爬楼梯极为吃力。,要求有超大面宽南向双阳台（观景家政分离），主卧大飘窗能270度直面自然景观。,无需日常通勤，但要求30分钟内快捷通达凤凰机场或高铁站。,周末常去高端商圈消费，热衷打网球和马术，重度手冲咖啡及黑胶唱片发烧友。,名下已有企业股权套现或分红现金，一次性全款付清，基本不加杠杆,非仁恒、绿城、万科等金牌开发商不买，极度看重高端精装质量与顶级物业的增值口碑。,每年11月至次年3月到此度过漫长冬季，极其依赖周边的康养及适老化服务。
三_2011_02900,三亚,2011,外地候鸟-东北,78,女,5.6,50.1,0.5,75.1,1,0,否,C,network,0.38,0.59,0.8,0.67,0.51,0.47,0.03,0,0.39,养老,两室两厅,57,11567,哈尔滨私营物流老板,高知退休康养,与父母同住，三代人拥挤在旧区小户型老房中,老小区隔音差，邻里滋扰严重，且车位严重匮乏，每晚加班回来抢车位像打仗。,要求有超大面宽南向双阳台（观景家政分离），主卧大飘窗能270度直面自然景观。,无需日常通勤，但要求30分钟内快捷通达凤凰机场或高铁站。,崇尚度假慢生活，清晨沙滩漫步，午后椰林下午茶，酷爱轻户外及后海冲浪。,名下持有一套旧两居，置换回款 65% + 个人理财储蓄补充 + 公积金商业贷,重性价比，不盲信大牌，但要求物业管理有序、绿化修剪及时、人防技防规范。,每年11月至次年3月到此度过漫长冬季，极其依赖周边的康养及适老化服务。
三_2011_02901,三亚,2011,本地改善,31,男,3.3,22.4,0.35,48.0,4,1,否,B,agent,0.59,0.42,0.48,0.45,0.48,0.61,0.54,0.71,0.36,自住-改善,两室两厅,63,4887,国企中层管理,三口之家(幼龄段),三亚中环品质两居，车位及空间极其拥挤,小区无地下车库且人车不分流，小孩在楼下玩耍或者推婴儿车极为不安全。,核心要求地块属于第一梯队名校学区，且周边500米内解决幼小衔接教育配套。,无需日常通勤，但要求30分钟内快捷通达凤凰机场或高铁站。,崇尚度假慢生活，清晨沙滩漫步，午后椰林下午茶，酷爱轻户外及后海冲浪。,名下持有一套旧两居，置换回款 65% + 个人理财储蓄补充 + 公积金商业贷,重性价比，不盲信大牌，但要求物业管理有序、绿化修剪及时、人防技防规范。,本地常住人口，四季生活规律，度假频次为常规年假出行。
三_2011_02902,三亚,2011,度假投资,52,女,1.6,18.1,0.4,34.0,2,0,否,A,research,0.84,0.45,0.82,0.61,0.47,0.53,0.06,0.11,0.72,投资-长持,两室一厅,91,2985,上市公司退休联合创始人,成熟期核心家庭,西湖边高精平层,无高端私密会所及管家式物业配套，圈层鱼龙混杂，高净值居住体验差。,要求有超大面宽南向双阳台（观景家政分离），主卧大飘窗能270度直面自然景观。,无需日常通勤，但要求30分钟内快捷通达凤凰机场或高铁站。,周末常去高端商圈消费，热衷打网球和马术，重度手冲咖啡及黑胶唱片发烧友。,名下已有企业股权套现或分红现金，一次性全款付清，基本不加杠杆,非仁恒、绿城、万科等金牌开发商不买，极度看重高端精装质量与顶级物业的增值口碑。,每年11月至次年3月到此度过漫长冬季，极其依赖周边的康养及适老化服务。
三_2011_02903,三亚,2011,度假投资,46,女,9.1,116.2,0.4,217.8,3,2,是,A,research,0.81,0.48,0.87,0.64,0.46,0.58,0.03,0,0.77,投资-长持,三室一厅,124,10089,高端海景资产收藏家,二胎黄金期中大户型,陆家嘴核心区江景大平层,当前房屋属于旧多层无电梯房，父母年纪渐高每天爬楼梯极为吃力。,要求有超大面宽南向双阳台（观景家政分离），主卧大飘窗能270度直面自然景观。,无需日常通勤，但要求30分钟内快捷通达凤凰机场或高铁站。,周末常去高端商圈消费，热衷打网球和马术，重度手冲咖啡及黑胶唱片发烧友。,名下已有企业股权套现或分红现金，一次性全款付清，基本不加杠杆,非仁恒、绿城、万科等金牌开发商不买，极度看重高端精装质量与顶级物业的增值口碑。,每年11月至次年3月到此度过漫长冬季，极其依赖周边的康养及适老化服务。
三_2011_02904,三亚,2011,本地改善,32,男,1.6,12.1,0.35,25.9,3,1,是,B,agent,0.73,0.55,0.56,0.38,0.36,0.79,0.52,0.63,0.58,自住-改善,两室两厅,94,1837,国企中层管理,三口之家(幼龄段),三亚中环品质两居，车位及空间极其拥挤,小区无地下车库且人车不分流，小孩在楼下玩耍或者推婴儿车极为不安全。,讲究超高得房率（超85%），主卧套房必须配备独立步入式衣帽间与干湿分离双卫。,无需日常通勤，但要求30分钟内快捷通达凤凰机场或高铁站。,崇尚度假慢生活，清晨沙滩漫步，午后椰林下午茶，酷爱轻户外及后海冲浪。,名下持有一套旧两居，置换回款 65% + 个人理财储蓄补充 + 公积金商业贷,重性价比，不盲信大牌，但要求物业管理有序、绿化修剪及时、人防技防规范。,本地常住人口，四季生活规律，度假频次为常规年假出行。
三_2011_02905,三亚,2011,外地候鸟-华北,65,男,6.3,43.3,0.5,65.0,2,0,否,B,network,0.67,0.48,0.94,0.51,0.61,0.53,0,0,0.47,养老,两室两厅,81,4383,北京三甲医院退休教授,高知退休康养,三亚中环品质两居，车位及空间极其拥挤,老小区隔音差，邻里滋扰严重，且车位严重匮乏，每晚加班回来抢车位像打仗。,要求有超大面宽南向双阳台（观景家政分离），主卧大飘窗能270度直面自然景观。,无需日常通勤，但要求30分钟内快捷通达凤凰机场或高铁站。,崇尚度假慢生活，清晨沙滩漫步，午后椰林下午茶，酷爱轻户外及后海冲浪。,名下持有一套旧两居，置换回款 65% + 个人理财储蓄补充 + 公积金商业贷,重性价比，不盲信大牌，但要求物业管理有序、绿化修剪及时、人防技防规范。,每年11月至次年3月到此度过漫长冬季，极其依赖周边的康养及适老化服务。
三_2011_02906,三亚,2011,本地改善,31,男,1.3,9.6,0.35,20.6,4,1,是,B,agent,0.74,0.51,0.73,0.5,0.37,0.7,0.38,0.65,0.44,自住-改善,两室一厅,89,1842,国企中层管理,三口之家(幼龄段),三亚中环品质两居，车位及空间极其拥挤,小区无地下车库且人车不分流，小孩在楼下玩耍或者推婴儿车极为不安全。,要求有超大面宽南向双阳台（观景家政分离），主卧大飘窗能270度直面自然景观。,无需日常通勤，但要求30分钟内快捷通达凤凰机场或高铁站。,崇尚度假慢生活，清晨沙滩漫步，午后椰林下午茶，酷爱轻户外及后海冲浪。,名下持有一套旧两居，置换回款 65% + 个人理财储蓄补充 + 公积金商业贷,重性价比，不盲信大牌，但要求物业管理有序、绿化修剪及时、人防技防规范。,本地常住人口，四季生活规律，度假频次为常规年假出行。
三_2011_02907,三亚,2011,本地改善,41,男,2.1,13.8,0.35,29.6,5,1,否,B,agent,0.68,0.46,0.5,0.47,0.32,0.8,0.5,0.6,0.2,自住-改善,两室两厅,95,1734,区级税务局一级主办,三口之家(学龄段),三亚中环品质两居，车位及空间极其拥挤,小区无地下车库且人车不分流，小孩在楼下玩耍或者推婴儿车极为不安全。,讲究超高得房率（超85%），主卧套房必须配备独立步入式衣帽间与干湿分离双卫。,无需日常通勤，但要求30分钟内快捷通达凤凰机场或高铁站。,崇尚度假慢生活，清晨沙滩漫步，午后椰林下午茶，酷爱轻户外及后海冲浪。,名下持有一套旧两居，置换回款 65% + 个人理财储蓄补充 + 公积金商业贷,重性价比，不盲信大牌，但要求物业管理有序、绿化修剪及时、人防技防规范。,本地常住人口，四季生活规律，度假频次为常规年假出行。
三_2011_02908,三亚,2011,本地改善,31,女,3.8,21.1,0.35,45.2,4,1,否,B,agent,0.69,0.68,0.59,0.44,0.2,0.79,0.55,0.77,0.51,自住-改善,两室一厅,65,5270,三甲医院主治医师,三口之家(幼龄段),三亚中环品质两居，车位及空间极其拥挤,小区无地下车库且人车不分流，小孩在楼下玩耍或者推婴儿车极为不安全。,讲究超高得房率（超85%），主卧套房必须配备独立步入式衣帽间与干湿分离双卫。,无需日常通勤，但要求30分钟内快捷通达凤凰机场或高铁站。,崇尚度假慢生活，清晨沙滩漫步，午后椰林下午茶，酷爱轻户外及后海冲浪。,名下持有一套旧两居，置换回款 65% + 个人理财储蓄补充 + 公积金商业贷,重性价比，不盲信大牌，但要求物业管理有序、绿化修剪及时、人防技防规范。,本地常住人口，四季生活规律，度假频次为常规年假出行。
三_2011_02909,三亚,2011,本地改善,36,女,1.7,7.6,0.35,16.3,5,1,是,B,agent,0.75,0.65,0.57,0.44,0.37,0.76,0.46,0.73,0.57,自住-改善,一室一厅,92,913,三甲医院主治医师,三口之家(幼龄段),三亚中环品质两居，车位及空间极其拥挤,小区无地下车库且人车不分流，小孩在楼下玩耍或者推婴儿车极为不安全。,讲究超高得房率（超85%），主卧套房必须配备独立步入式衣帽间与干湿分离双卫。,无需日常通勤，但要求30分钟内快捷通达凤凰机场或高铁站。,崇尚度假慢生活，清晨沙滩漫步，午后椰林下午茶，酷爱轻户外及后海冲浪。,名下持有一套旧两居，置换回款 65% + 个人理财储蓄补充 + 公积金商业贷,重性价比，不盲信大牌，但要求物业管理有序、绿化修剪及时、人防技防规范。,本地常住人口，四季生活规律，度假频次为常规年假出行。
三_2011_02910,三亚,2011,本地改善,33,女,2.4,18.2,0.35,39.0,4,1,是,B,agent,0.68,0.63,0.72,0.34,0.5,0.87,0.49,0.71,0.44,自住-改善,两室两厅,59,4408,重点中学高级教师,三口之家(幼龄段),三亚中环品质两居，车位及空间极其拥挤,小区无地下车库且人车不分流，小孩在楼下玩耍或者推婴儿车极为不安全。,要求有超大面宽南向双阳台（观景家政分离），主卧大飘窗能270度直面自然景观。,无需日常通勤，但要求30分钟内快捷通达凤凰机场或高铁站。,崇尚度假慢生活，清晨沙滩漫步，午后椰林下午茶，酷爱轻户外及后海冲浪。,名下持有一套旧两居，置换回款 65% + 个人理财储蓄补充 + 公积金商业贷,重性价比，不盲信大牌，但要求物业管理有序、绿化修剪及时、人防技防规范。,本地常住人口，四季生活规律，度假频次为常规年假出行。
三_2011_02911,三亚,2011,外地候鸟-华北,74,女,5.9,40.3,0.5,60.5,1,1,否,B,network,0.56,0.52,0.93,0.61,0.53,0.35,0,0,0.44,养老,一室一厅,97,4577,高校资深硕导,三口之家(学龄段),三亚中环品质两居，车位及空间极其拥挤,小区无地下车库且人车不分流，小孩在楼下玩耍或者推婴儿车极为不安全。,要求有超大面宽南向双阳台（观景家政分离），主卧大飘窗能270度直面自然景观。,无需日常通勤，但要求30分钟内快捷通达凤凰机场或高铁站。,崇尚度假慢生活，清晨沙滩漫步，午后椰林下午茶，酷爱轻户外及后海冲浪。,名下持有一套旧两居，置换回款 65% + 个人理财储蓄补充 + 公积金商业贷,重性价比，不盲信大牌，但要求物业管理有序、绿化修剪及时、人防技防规范。,每年11月至次年3月到此度过漫长冬季，极其依赖周边的康养及适老化服务。
三_2011_02912,三亚,2011,本地改善,50,女,1.7,12.8,0.35,27.4,5,1,是,B,agent,0.79,0.62,0.71,0.37,0.38,0.74,0.47,0.58,0.48,自住-改善,两室一厅,71,3055,三甲医院主治医师,三口之家(学龄段),三亚中环品质两居，车位及空间极其拥挤,小区无地下车库且人车不分流，小孩在楼下玩耍或者推婴儿车极为不安全。,要求有超大面宽南向双阳台（观景家政分离），主卧大飘窗能270度直面自然景观。,无需日常通勤，但要求30分钟内快捷通达凤凰机场或高铁站。,崇尚度假慢生活，清晨沙滩漫步，午后椰林下午茶，酷爱轻户外及后海冲浪。,名下持有一套旧两居，置换回款 65% + 个人理财储蓄补充 + 公积金商业贷,重性价比，不盲信大牌，但要求物业管理有序、绿化修剪及时、人防技防规范。,本地常住人口，四季生活规律，度假频次为常规年假出行。
三_2011_02913,三亚,2011,本地改善,37,女,1.4,8.4,0.35,18.0,3,1,否,B,agent,0.78,0.43,0.56,0.47,0.43,0.85,0.48,0.65,0.35,自住-改善,两室两厅,88,1639,三甲医院主治医师,三口之家(幼龄段),三亚中环品质两居，车位及空间极其拥挤,小区无地下车库且人车不分流，小孩在楼下玩耍或者推婴儿车极为不安全。,讲究超高得房率（超85%），主卧套房必须配备独立步入式衣帽间与干湿分离双卫。,无需日常通勤，但要求30分钟内快捷通达凤凰机场或高铁站。,崇尚度假慢生活，清晨沙滩漫步，午后椰林下午茶，酷爱轻户外及后海冲浪。,名下持有一套旧两居，置换回款 65% + 个人理财储蓄补充 + 公积金商业贷,重性价比，不盲信大牌，但要求物业管理有序、绿化修剪及时、人防技防规范。,本地常住人口，四季生活规律，度假频次为常规年假出行。
三_2011_02914,三亚,2011,度假投资,50,男,8.3,94.8,0.4,177.8,4,1,否,A,research,0.95,0.35,0.69,0.57,0.42,0.39,0.01,0,0.68,投资-短期,三室一厅,106,13197,上市公司退休联合创始人,三口之家(学龄段),西湖边高精平层,无高端私密会所及管家式物业配套，圈层鱼龙混杂，高净值居住体验差。,要求采光通透，全明户型，带多功能嵌入式收纳墙以最大化空间利用。,无需日常通勤，但要求30分钟内快捷通达凤凰机场或高铁站。,周末常去高端商圈消费，热衷打网球和马术，重度手冲咖啡及黑胶唱片发烧友。,名下已有企业股权套现或分红现金，一次性全款付清，基本不加杠杆,重性价比，不盲信大牌，但要求物业管理有序、绿化修剪及时、人防技防规范。,每年11月至次年3月到此度过漫长冬季，极其依赖周边的康养及适老化服务。
三_2011_02915,三亚,2011,外地候鸟-西北,59,女,3.8,33.2,0.5,49.9,2,0,否,C,network,0.14,0.54,0.74,0.74,0.45,0.44,0,0,0.6,度假,两室一厅,59,7441,西安设计院退休总建筑师,高知退休康养,与父母同住，三代人拥挤在旧区小户型老房中,老小区隔音差，邻里滋扰严重，且车位严重匮乏，每晚加班回来抢车位像打仗。,要求独立电梯入户，主次卧动线分明，配备独立保姆房和私密后院。,无需日常通勤，但要求30分钟内快捷通达凤凰机场或高铁站。,崇尚度假慢生活，清晨沙滩漫步，午后椰林下午茶，酷爱轻户外及后海冲浪。,名下持有一套旧两居，置换回款 65% + 个人理财储蓄补充 + 公积金商业贷,重性价比，不盲信大牌，但要求物业管理有序、绿化修剪及时、人防技防规范。,每年11月至次年3月到此度过漫长冬季，极其依赖周边的康养及适老化服务。
三_2011_02916,三亚,2011,外地候鸟-西北,65,男,3.9,39.8,0.5,59.8,1,0,否,C,network,0.42,0.67,0.89,0.63,0.56,0.52,0.09,0,0.54,度假,一室一厅,86,4540,兰州煤炭物流运输企业主,高知退休康养,与父母同住，三代人拥挤在旧区小户型老房中,老小区隔音差，邻里滋扰严重，且车位严重匮乏，每晚加班回来抢车位像打仗。,要求有超大面宽南向双阳台（观景家政分离），主卧大飘窗能270度直面自然景观。,无需日常通勤，但要求30分钟内快捷通达凤凰机场或高铁站。,崇尚度假慢生活，清晨沙滩漫步，午后椰林下午茶，酷爱轻户外及后海冲浪。,名下持有一套旧两居，置换回款 65% + 个人理财储蓄补充 + 公积金商业贷,重性价比，不盲信大牌，但要求物业管理有序、绿化修剪及时、人防技防规范。,每年11月至次年3月到此度过漫长冬季，极其依赖周边的康养及适老化服务。
三_2011_02917,三亚,2011,本地改善,47,女,1.8,11.9,0.35,25.5,4,1,否,B,agent,0.86,0.5,0.69,0.47,0.32,0.66,0.41,0.6,0.52,自住-改善,两室一厅,51,3780,国企中层管理,三口之家(学龄段),三亚中环品质两居，车位及空间极其拥挤,小区无地下车库且人车不分流，小孩在楼下玩耍或者推婴儿车极为不安全。,要求采光通透，全明户型，带多功能嵌入式收纳墙以最大化空间利用。,无需日常通勤，但要求30分钟内快捷通达凤凰机场或高铁站。,崇尚度假慢生活，清晨沙滩漫步，午后椰林下午茶，酷爱轻户外及后海冲浪。,名下持有一套旧两居，置换回款 65% + 个人理财储蓄补充 + 公积金商业贷,重性价比，不盲信大牌，但要求物业管理有序、绿化修剪及时、人防技防规范。,本地常住人口，四季生活规律，度假频次为常规年假出行。
三_2011_02918,三亚,2011,外地候鸟-华北,55,女,7.7,60.8,0.5,91.2,3,1,是,B,network,0.3,0.62,1,0.71,0.68,0.39,0,0.04,0.42,度假,两室一厅,67,8543,北京三甲医院退休教授,三口之家(学龄段),三亚中环品质两居，车位及空间极其拥挤,小区无地下车库且人车不分流，小孩在楼下玩耍或者推婴儿车极为不安全。,要求独立电梯入户，主次卧动线分明，配备独立保姆房和私密后院。,无需日常通勤，但要求30分钟内快捷通达凤凰机场或高铁站。,崇尚度假慢生活，清晨沙滩漫步，午后椰林下午茶，酷爱轻户外及后海冲浪。,名下持有一套旧两居，置换回款 65% + 个人理财储蓄补充 + 公积金商业贷,重性价比，不盲信大牌，但要求物业管理有序、绿化修剪及时、人防技防规范。,每年11月至次年3月到此度过漫长冬季，极其依赖周边的康养及适老化服务。
三_2011_02919,三亚,2011,本地改善,41,男,2.5,14.4,0.35,30.8,3,1,否,B,agent,0.63,0.63,0.62,0.47,0.57,0.87,0.56,0.71,0.35,自住-改善,一室一厅,95,2232,智能新能源车企研发骨干,三口之家(学龄段),三亚中环品质两居，车位及空间极其拥挤,小区无地下车库且人车不分流，小孩在楼下玩耍或者推婴儿车极为不安全。,讲究超高得房率（超85%），主卧套房必须配备独立步入式衣帽间与干湿分离双卫。,无需日常通勤，但要求30分钟内快捷通达凤凰机场或高铁站。,崇尚度假慢生活，清晨沙滩漫步，午后椰林下午茶，酷爱轻户外及后海冲浪。,名下持有一套旧两居，置换回款 65% + 个人理财储蓄补充 + 公积金商业贷,重性价比，不盲信大牌，但要求物业管理有序、绿化修剪及时、人防技防规范。,本地常住人口，四季生活规律，度假频次为常规年假出行。
三_2011_02920,三亚,2011,外地候鸟-东北,59,男,2.9,20.7,0.5,31.0,2,0,否,C,network,0.48,0.56,0.93,0.83,0.45,0.32,0.12,0.01,0.5,度假,一室一厅,76,3309,哈尔滨私营物流老板,高知退休康养,与父母同住，三代人拥挤在旧区小户型老房中,老小区隔音差，邻里滋扰严重，且车位严重匮乏，每晚加班回来抢车位像打仗。,要求独立电梯入户，主次卧动线分明，配备独立保姆房和私密后院。,无需日常通勤，但要求30分钟内快捷通达凤凰机场或高铁站。,崇尚度假慢生活，清晨沙滩漫步，午后椰林下午茶，酷爱轻户外及后海冲浪。,名下持有一套旧两居，置换回款 65% + 个人理财储蓄补充 + 公积金商业贷,重性价比，不盲信大牌，但要求物业管理有序、绿化修剪及时、人防技防规范。,每年11月至次年3月到此度过漫长冬季，极其依赖周边的康养及适老化服务。
三_2011_02921,三亚,2011,外地候鸟-华北,61,男,5.3,34.8,0.5,52.1,1,1,否,B,network,0.58,0.45,0.9,0.68,0.64,0.5,0.04,0.02,0.46,养老,一室一厅,100,3764,央企总部退休总工,三口之家(学龄段),三亚中环品质两居，车位及空间极其拥挤,小区无地下车库且人车不分流，小孩在楼下玩耍或者推婴儿车极为不安全。,要求有超大面宽南向双阳台（观景家政分离），主卧大飘窗能270度直面自然景观。,无需日常通勤，但要求30分钟内快捷通达凤凰机场或高铁站。,崇尚度假慢生活，清晨沙滩漫步，午后椰林下午茶，酷爱轻户外及后海冲浪。,名下持有一套旧两居，置换回款 65% + 个人理财储蓄补充 + 公积金商业贷,重性价比，不盲信大牌，但要求物业管理有序、绿化修剪及时、人防技防规范。,每年11月至次年3月到此度过漫长冬季，极其依赖周边的康养及适老化服务。
三_2011_02922,三亚,2011,度假投资,50,女,2.0,16.9,0.4,31.7,3,1,是,A,research,0.63,0.41,0.86,0.49,0.4,0.65,0,0,0.65,投资-短期,两室一厅,91,2419,知名中医药连锁投资人,三口之家(学龄段),市中心私密洋房住宅,当前房屋属于旧多层无电梯房，父母年纪渐高每天爬楼梯极为吃力。,要求有超大面宽南向双阳台（观景家政分离），主卧大飘窗能270度直面自然景观。,无需日常通勤，但要求30分钟内快捷通达凤凰机场或高铁站。,周末常去高端商圈消费，热衷打网球和马术，重度手冲咖啡及黑胶唱片发烧友。,名下已有企业股权套现或分红现金，一次性全款付清，基本不加杠杆,重性价比，不盲信大牌，但要求物业管理有序、绿化修剪及时、人防技防规范。,每年11月至次年3月到此度过漫长冬季，极其依赖周边的康养及适老化服务。
三_2011_02923,三亚,2011,外地候鸟-华北,64,男,1.9,18.4,0.5,27.6,1,0,否,B,network,0.61,0.53,0.87,0.71,0.56,0.49,0,0,0.46,养老,一室一厅,85,2292,高校资深硕导,高知退休康养,三亚中环品质两居，车位及空间极其拥挤,老小区隔音差，邻里滋扰严重，且车位严重匮乏，每晚加班回来抢车位像打仗。,要求独立电梯入户，主次卧动线分明，配备独立保姆房和私密后院。,无需日常通勤，但要求30分钟内快捷通达凤凰机场或高铁站。,崇尚度假慢生活，清晨沙滩漫步，午后椰林下午茶，酷爱轻户外及后海冲浪。,名下持有一套旧两居，置换回款 65% + 个人理财储蓄补充 + 公积金商业贷,重性价比，不盲信大牌，但要求物业管理有序、绿化修剪及时、人防技防规范。,每年11月至次年3月到此度过漫长冬季，极其依赖周边的康养及适老化服务。
三_2011_02924,三亚,2011,度假投资,51,女,7.8,90.9,0.4,170.4,4,1,否,A,research,0.61,0.41,0.93,0.64,0.3,0.46,0.09,0,0.88,度假,两室两厅,98,10190,高端海景资产收藏家,三口之家(学龄段),陆家嘴核心区江景大平层,无高端私密会所及管家式物业配套，圈层鱼龙混杂，高净值居住体验差。,要求有超大面宽南向双阳台（观景家政分离），主卧大飘窗能270度直面自然景观。,无需日常通勤，但要求30分钟内快捷通达凤凰机场或高铁站。,周末常去高端商圈消费，热衷打网球和马术，重度手冲咖啡及黑胶唱片发烧友。,名下已有企业股权套现或分红现金，一次性全款付清，基本不加杠杆,非仁恒、绿城、万科等金牌开发商不买，极度看重高端精装质量与顶级物业的增值口碑。,每年11月至次年3月到此度过漫长冬季，极其依赖周边的康养及适老化服务。
三_2011_02925,三亚,2011,本地改善,31,男,3.7,18.5,0.35,39.7,4,1,否,B,agent,0.7,0.49,0.52,0.5,0.59,0.79,0.59,0.68,0.45,自住-改善,两室两厅,52,5072,国企中层管理,三口之家(幼龄段),三亚中环品质两居，车位及空间极其拥挤,小区无地下车库且人车不分流，小孩在楼下玩耍或者推婴儿车极为不安全。,讲究超高得房率（超85%），主卧套房必须配备独立步入式衣帽间与干湿分离双卫。,无需日常通勤，但要求30分钟内快捷通达凤凰机场或高铁站。,崇尚度假慢生活，清晨沙滩漫步，午后椰林下午茶，酷爱轻户外及后海冲浪。,名下持有一套旧两居，置换回款 65% + 个人理财储蓄补充 + 公积金商业贷,重性价比，不盲信大牌，但要求物业管理有序、绿化修剪及时、人防技防规范。,本地常住人口，四季生活规律，度假频次为常规年假出行。
三_2011_02926,三亚,2011,度假投资,42,男,10.7,79.5,0.4,149.1,3,1,否,A,research,0.75,0.47,0.94,0.54,0.43,0.43,0,0.08,0.73,度假,两室一厅,90,10042,高端海景资产收藏家,三口之家(学龄段),陆家嘴核心区江景大平层,无高端私密会所及管家式物业配套，圈层鱼龙混杂，高净值居住体验差。,要求有超大面宽南向双阳台（观景家政分离），主卧大飘窗能270度直面自然景观。,无需日常通勤，但要求30分钟内快捷通达凤凰机场或高铁站。,周末常去高端商圈消费，热衷打网球和马术，重度手冲咖啡及黑胶唱片发烧友。,名下已有企业股权套现或分红现金，一次性全款付清，基本不加杠杆,非仁恒、绿城、万科等金牌开发商不买，极度看重高端精装质量与顶级物业的增值口碑。,每年11月至次年3月到此度过漫长冬季，极其依赖周边的康养及适老化服务。
三_2011_02927,三亚,2011,度假投资,48,男,3.9,42.7,0.4,80.1,3,0,否,A,research,0.77,0.27,0.84,0.52,0.64,0.26,0.09,0.05,0.69,度假,一室一厅,65,8377,高端海景资产收藏家,成熟期核心家庭,西湖边高精平层,无高端私密会所及管家式物业配套，圈层鱼龙混杂，高净值居住体验差。,要求有超大面宽南向双阳台（观景家政分离），主卧大飘窗能270度直面自然景观。,无需日常通勤，但要求30分钟内快捷通达凤凰机场或高铁站。,周末常去高端商圈消费，热衷打网球和马术，重度手冲咖啡及黑胶唱片发烧友。,名下已有企业股权套现或分红现金，一次性全款付清，基本不加杠杆,重性价比，不盲信大牌，但要求物业管理有序、绿化修剪及时、人防技防规范。,每年11月至次年3月到此度过漫长冬季，极其依赖周边的康养及适老化服务。
三_2011_02928,三亚,2011,度假投资,47,男,6.0,57.9,0.4,108.6,3,1,是,A,research,0.97,0.3,0.89,0.46,0.53,0.49,0.07,0.09,0.74,投资-短期,两室一厅,80,7036,知名中医药连锁投资人,三口之家(学龄段),陆家嘴核心区江景大平层,当前房屋属于旧多层无电梯房，父母年纪渐高每天爬楼梯极为吃力。,要求有超大面宽南向双阳台（观景家政分离），主卧大飘窗能270度直面自然景观。,无需日常通勤，但要求30分钟内快捷通达凤凰机场或高铁站。,周末常去高端商圈消费，热衷打网球和马术，重度手冲咖啡及黑胶唱片发烧友。,名下已有企业股权套现或分红现金，一次性全款付清，基本不加杠杆,非仁恒、绿城、万科等金牌开发商不买，极度看重高端精装质量与顶级物业的增值口碑。,每年11月至次年3月到此度过漫长冬季，极其依赖周边的康养及适老化服务。
三_2011_02929,三亚,2011,外地候鸟-华北,69,女,3.3,28.7,0.5,43.1,2,0,否,B,network,0.19,0.72,1,0.75,0.74,0.44,0.05,0.1,0.47,度假,两室一厅,70,3913,北京三甲医院退休教授,高知退休康养,三亚中环品质两居，车位及空间极其拥挤,老小区隔音差，邻里滋扰严重，且车位严重匮乏，每晚加班回来抢车位像打仗。,要求独立电梯入户，主次卧动线分明，配备独立保姆房和私密后院。,无需日常通勤，但要求30分钟内快捷通达凤凰机场或高铁站。,崇尚度假慢生活，清晨沙滩漫步，午后椰林下午茶，酷爱轻户外及后海冲浪。,名下持有一套旧两居，置换回款 65% + 个人理财储蓄补充 + 公积金商业贷,重性价比，不盲信大牌，但要求物业管理有序、绿化修剪及时、人防技防规范。,每年11月至次年3月到此度过漫长冬季，极其依赖周边的康养及适老化服务。
三_2011_02930,三亚,2011,外地候鸟-东北,75,女,1.8,9.6,0.5,14.4,3,0,否,C,network,0.28,0.76,1,0.71,0.53,0.45,0,0.08,0.53,养老,一室一厅,84,1128,沈阳大型重工企业退休副厂长,高知退休康养,与父母同住，三代人拥挤在旧区小户型老房中,老小区隔音差，邻里滋扰严重，且车位严重匮乏，每晚加班回来抢车位像打仗。,要求独立电梯入户，主次卧动线分明，配备独立保姆房和私密后院。,无需日常通勤，但要求30分钟内快捷通达凤凰机场或高铁站。,崇尚度假慢生活，清晨沙滩漫步，午后椰林下午茶，酷爱轻户外及后海冲浪。,名下持有一套旧两居，置换回款 65% + 个人理财储蓄补充 + 公积金商业贷,重性价比，不盲信大牌，但要求物业管理有序、绿化修剪及时、人防技防规范。,每年11月至次年3月到此度过漫长冬季，极其依赖周边的康养及适老化服务。
三_2011_02931,三亚,2011,外地候鸟-华北,74,男,3.6,37.6,0.5,56.4,2,0,是,B,network,0.07,0.58,0.95,0.71,0.55,0.6,0.01,0,0.53,养老,两室两厅,62,5522,央企总部退休总工,高知退休康养,三亚中环品质两居，车位及空间极其拥挤,当前房屋属于旧多层无电梯房，父母年纪渐高每天爬楼梯极为吃力。,要求独立电梯入户，主次卧动线分明，配备独立保姆房和私密后院。,无需日常通勤，但要求30分钟内快捷通达凤凰机场或高铁站。,崇尚度假慢生活，清晨沙滩漫步，午后椰林下午茶，酷爱轻户外及后海冲浪。,名下持有一套旧两居，置换回款 65% + 个人理财储蓄补充 + 公积金商业贷,重性价比，不盲信大牌，但要求物业管理有序、绿化修剪及时、人防技防规范。,每年11月至次年3月到此度过漫长冬季，极其依赖周边的康养及适老化服务。
三_2011_02932,三亚,2011,外地候鸟-华北,62,女,4.1,42.5,0.5,63.8,2,0,否,B,network,0.31,0.53,0.92,0.82,0.59,0.45,0,0.01,0.52,度假,一室一厅,58,9837,北京三甲医院退休教授,高知退休康养,三亚中环品质两居，车位及空间极其拥挤,老小区隔音差，邻里滋扰严重，且车位严重匮乏，每晚加班回来抢车位像打仗。,要求独立电梯入户，主次卧动线分明，配备独立保姆房和私密后院。,无需日常通勤，但要求30分钟内快捷通达凤凰机场或高铁站。,崇尚度假慢生活，清晨沙滩漫步，午后椰林下午茶，酷爱轻户外及后海冲浪。,名下持有一套旧两居，置换回款 65% + 个人理财储蓄补充 + 公积金商业贷,重性价比，不盲信大牌，但要求物业管理有序、绿化修剪及时、人防技防规范。,每年11月至次年3月到此度过漫长冬季，极其依赖周边的康养及适老化服务。
三_2011_02933,三亚,2011,本地改善,43,男,1.5,11.3,0.35,24.2,3,1,是,B,agent,0.76,0.59,0.81,0.68,0.47,0.77,0.33,0.6,0.39,自住-改善,一室一厅,88,1557,区级税务局一级主办,三口之家(学龄段),三亚中环品质两居，车位及空间极其拥挤,小区无地下车库且人车不分流，小孩在楼下玩耍或者推婴儿车极为不安全。,要求有超大面宽南向双阳台（观景家政分离），主卧大飘窗能270度直面自然景观。,无需日常通勤，但要求30分钟内快捷通达凤凰机场或高铁站。,崇尚度假慢生活，清晨沙滩漫步，午后椰林下午茶，酷爱轻户外及后海冲浪。,名下持有一套旧两居，置换回款 65% + 个人理财储蓄补充 + 公积金商业贷,重性价比，不盲信大牌，但要求物业管理有序、绿化修剪及时、人防技防规范。,本地常住人口，四季生活规律，度假频次为常规年假出行。
三_2011_02934,三亚,2011,外地候鸟-西北,75,女,3.0,26.0,0.5,38.9,2,1,否,C,network,0.78,0.7,0.84,0.5,0.53,0.45,0.06,0.1,0.58,养老,两室一厅,66,3734,西安设计院退休总建筑师,三口之家(学龄段),与父母同住，三代人拥挤在旧区小户型老房中,小区无地下车库且人车不分流，小孩在楼下玩耍或者推婴儿车极为不安全。,要求有超大面宽南向双阳台（观景家政分离），主卧大飘窗能270度直面自然景观。,无需日常通勤，但要求30分钟内快捷通达凤凰机场或高铁站。,崇尚度假慢生活，清晨沙滩漫步，午后椰林下午茶，酷爱轻户外及后海冲浪。,名下持有一套旧两居，置换回款 65% + 个人理财储蓄补充 + 公积金商业贷,重性价比，不盲信大牌，但要求物业管理有序、绿化修剪及时、人防技防规范。,每年11月至次年3月到此度过漫长冬季，极其依赖周边的康养及适老化服务。
三_2011_02935,三亚,2011,外地候鸟-华北,57,男,5.2,31.1,0.5,46.7,2,0,否,B,network,0.38,0.47,0.82,0.68,0.45,0.49,0.02,0.08,0.59,养老,一室一厅,74,4383,北京三甲医院退休教授,高知退休康养,三亚中环品质两居，车位及空间极其拥挤,老小区隔音差，邻里滋扰严重，且车位严重匮乏，每晚加班回来抢车位像打仗。,要求有超大面宽南向双阳台（观景家政分离），主卧大飘窗能270度直面自然景观。,无需日常通勤，但要求30分钟内快捷通达凤凰机场或高铁站。,崇尚度假慢生活，清晨沙滩漫步，午后椰林下午茶，酷爱轻户外及后海冲浪。,名下持有一套旧两居，置换回款 65% + 个人理财储蓄补充 + 公积金商业贷,重性价比，不盲信大牌，但要求物业管理有序、绿化修剪及时、人防技防规范。,每年11月至次年3月到此度过漫长冬季，极其依赖周边的康养及适老化服务。
三_2011_02936,三亚,2011,度假投资,52,女,8.1,100.5,0.4,188.4,3,1,否,A,research,0.91,0.43,0.82,0.46,0.58,0.5,0.04,0.02,0.71,度假,三室两厅,114,13065,知名中医药连锁投资人,三口之家(学龄段),陆家嘴核心区江景大平层,无高端私密会所及管家式物业配套，圈层鱼龙混杂，高净值居住体验差。,要求有超大面宽南向双阳台（观景家政分离），主卧大飘窗能270度直面自然景观。,无需日常通勤，但要求30分钟内快捷通达凤凰机场或高铁站。,周末常去高端商圈消费，热衷打网球和马术，重度手冲咖啡及黑胶唱片发烧友。,名下已有企业股权套现或分红现金，一次性全款付清，基本不加杠杆,非仁恒、绿城、万科等金牌开发商不买，极度看重高端精装质量与顶级物业的增值口碑。,每年11月至次年3月到此度过漫长冬季，极其依赖周边的康养及适老化服务。
三_2011_02937,三亚,2011,度假投资,39,男,9.5,83.2,0.4,155.9,3,1,是,A,research,0.9,0.39,0.93,0.56,0.53,0.42,0.05,0,0.82,度假,两室两厅,102,11083,上市公司退休联合创始人,三口之家(学龄段),西湖边高精平层,当前房屋属于旧多层无电梯房，父母年纪渐高每天爬楼梯极为吃力。,要求有超大面宽南向双阳台（观景家政分离），主卧大飘窗能270度直面自然景观。,无需日常通勤，但要求30分钟内快捷通达凤凰机场或高铁站。,周末常去高端商圈消费，热衷打网球和马术，重度手冲咖啡及黑胶唱片发烧友。,名下已有企业股权套现或分红现金，一次性全款付清，基本不加杠杆,非仁恒、绿城、万科等金牌开发商不买，极度看重高端精装质量与顶级物业的增值口碑。,每年11月至次年3月到此度过漫长冬季，极其依赖周边的康养及适老化服务。
三_2011_02938,三亚,2011,度假投资,39,女,7.3,52.7,0.4,98.9,4,0,是,A,research,0.96,0.41,0.76,0.59,0.59,0.39,0.08,0.03,0.62,投资-短期,两室一厅,55,11809,上市公司退休联合创始人,成熟期核心家庭,市中心私密洋房住宅,当前房屋属于旧多层无电梯房，父母年纪渐高每天爬楼梯极为吃力。,要求有超大面宽南向双阳台（观景家政分离），主卧大飘窗能270度直面自然景观。,无需日常通勤，但要求30分钟内快捷通达凤凰机场或高铁站。,周末常去高端商圈消费，热衷打网球和马术，重度手冲咖啡及黑胶唱片发烧友。,名下已有企业股权套现或分红现金，一次性全款付清，基本不加杠杆,重性价比，不盲信大牌，但要求物业管理有序、绿化修剪及时、人防技防规范。,每年11月至次年3月到此度过漫长冬季，极其依赖周边的康养及适老化服务。
三_2011_02939,三亚,2011,本地改善,45,男,2.5,14.2,0.35,30.5,5,0,是,B,agent,0.82,0.44,0.62,0.53,0.44,0.83,0.53,0.77,0.41,自住-改善,两室两厅,91,2777,国企中层管理,成熟期核心家庭,三亚中环品质两居，车位及空间极其拥挤,当前房屋属于旧多层无电梯房，父母年纪渐高每天爬楼梯极为吃力。,讲究超高得房率（超85%），主卧套房必须配备独立步入式衣帽间与干湿分离双卫。,无需日常通勤，但要求30分钟内快捷通达凤凰机场或高铁站。,崇尚度假慢生活，清晨沙滩漫步，午后椰林下午茶，酷爱轻户外及后海冲浪。,名下持有一套旧两居，置换回款 65% + 个人理财储蓄补充 + 公积金商业贷,重性价比，不盲信大牌，但要求物业管理有序、绿化修剪及时、人防技防规范。,本地常住人口，四季生活规律，度假频次为常规年假出行。
三_2011_02940,三亚,2011,外地候鸟-西北,60,女,4.2,30.2,0.5,45.2,1,0,否,C,network,0.5,0.6,0.84,0.54,0.3,0.46,0.08,0,0.48,度假,一室一厅,51,5123,兰州煤炭物流运输企业主,高知退休康养,与父母同住，三代人拥挤在旧区小户型老房中,老小区隔音差，邻里滋扰严重，且车位严重匮乏，每晚加班回来抢车位像打仗。,要求有超大面宽南向双阳台（观景家政分离），主卧大飘窗能270度直面自然景观。,无需日常通勤，但要求30分钟内快捷通达凤凰机场或高铁站。,崇尚度假慢生活，清晨沙滩漫步，午后椰林下午茶，酷爱轻户外及后海冲浪。,名下持有一套旧两居，置换回款 65% + 个人理财储蓄补充 + 公积金商业贷,重性价比，不盲信大牌，但要求物业管理有序、绿化修剪及时、人防技防规范。,每年11月至次年3月到此度过漫长冬季，极其依赖周边的康养及适老化服务。
三_2011_02941,三亚,2011,度假投资,49,女,10.3,100.0,0.4,187.6,2,1,否,A,research,0.92,0.48,0.69,0.57,0.67,0.3,0.1,0,0.8,投资-长持,两室两厅,103,15092,知名中医药连锁投资人,三口之家(学龄段),陆家嘴核心区江景大平层,无高端私密会所及管家式物业配套，圈层鱼龙混杂，高净值居住体验差。,要求采光通透，全明户型，带多功能嵌入式收纳墙以最大化空间利用。,无需日常通勤，但要求30分钟内快捷通达凤凰机场或高铁站。,周末常去高端商圈消费，热衷打网球和马术，重度手冲咖啡及黑胶唱片发烧友。,名下已有企业股权套现或分红现金，一次性全款付清，基本不加杠杆,非仁恒、绿城、万科等金牌开发商不买，极度看重高端精装质量与顶级物业的增值口碑。,每年11月至次年3月到此度过漫长冬季，极其依赖周边的康养及适老化服务。
三_2011_02942,三亚,2011,本地改善,39,女,2.8,20.0,0.35,42.9,4,1,是,B,agent,0.73,0.45,0.58,0.31,0.26,0.79,0.42,0.6,0.42,自住-改善,一室一厅,54,5899,区级税务局一级主办,三口之家(学龄段),三亚中环品质两居，车位及空间极其拥挤,小区无地下车库且人车不分流，小孩在楼下玩耍或者推婴儿车极为不安全。,讲究超高得房率（超85%），主卧套房必须配备独立步入式衣帽间与干湿分离双卫。,无需日常通勤，但要求30分钟内快捷通达凤凰机场或高铁站。,崇尚度假慢生活，清晨沙滩漫步，午后椰林下午茶，酷爱轻户外及后海冲浪。,名下持有一套旧两居，置换回款 65% + 个人理财储蓄补充 + 公积金商业贷,重性价比，不盲信大牌，但要求物业管理有序、绿化修剪及时、人防技防规范。,本地常住人口，四季生活规律，度假频次为常规年假出行。
三_2011_02943,三亚,2011,外地候鸟-华北,63,女,4.6,28.2,0.5,42.4,2,0,否,B,network,0.43,0.41,0.93,0.78,0.66,0.39,0.01,0.08,0.46,度假,两室一厅,93,3653,央企总部退休总工,高知退休康养,三亚中环品质两居，车位及空间极其拥挤,老小区隔音差，邻里滋扰严重，且车位严重匮乏，每晚加班回来抢车位像打仗。,要求独立电梯入户，主次卧动线分明，配备独立保姆房和私密后院。,无需日常通勤，但要求30分钟内快捷通达凤凰机场或高铁站。,崇尚度假慢生活，清晨沙滩漫步，午后椰林下午茶，酷爱轻户外及后海冲浪。,名下持有一套旧两居，置换回款 65% + 个人理财储蓄补充 + 公积金商业贷,重性价比，不盲信大牌，但要求物业管理有序、绿化修剪及时、人防技防规范。,每年11月至次年3月到此度过漫长冬季，极其依赖周边的康养及适老化服务。
三_2011_02944,三亚,2011,本地改善,37,男,1.8,12.4,0.35,26.5,4,0,是,B,agent,0.63,0.6,0.63,0.36,0.44,0.76,0.53,0.76,0.36,自住-改善,一室一厅,72,3094,三甲医院主治医师,成熟期核心家庭,三亚中环品质两居，车位及空间极其拥挤,当前房屋属于旧多层无电梯房，父母年纪渐高每天爬楼梯极为吃力。,讲究超高得房率（超85%），主卧套房必须配备独立步入式衣帽间与干湿分离双卫。,无需日常通勤，但要求30分钟内快捷通达凤凰机场或高铁站。,崇尚度假慢生活，清晨沙滩漫步，午后椰林下午茶，酷爱轻户外及后海冲浪。,名下持有一套旧两居，置换回款 65% + 个人理财储蓄补充 + 公积金商业贷,重性价比，不盲信大牌，但要求物业管理有序、绿化修剪及时、人防技防规范。,本地常住人口，四季生活规律，度假频次为常规年假出行。
三_2011_02945,三亚,2011,本地改善,46,女,1.7,10.3,0.35,22.1,3,1,否,B,agent,0.83,0.53,0.7,0.43,0.57,0.76,0.49,0.69,0.43,自住-改善,两室一厅,79,1435,重点中学高级教师,三口之家(学龄段),三亚中环品质两居，车位及空间极其拥挤,小区无地下车库且人车不分流，小孩在楼下玩耍或者推婴儿车极为不安全。,讲究超高得房率（超85%），主卧套房必须配备独立步入式衣帽间与干湿分离双卫。,无需日常通勤，但要求30分钟内快捷通达凤凰机场或高铁站。,崇尚度假慢生活，清晨沙滩漫步，午后椰林下午茶，酷爱轻户外及后海冲浪。,名下持有一套旧两居，置换回款 65% + 个人理财储蓄补充 + 公积金商业贷,重性价比，不盲信大牌，但要求物业管理有序、绿化修剪及时、人防技防规范。,本地常住人口，四季生活规律，度假频次为常规年假出行。
三_2011_02946,三亚,2011,本地改善,45,男,1.5,9.9,0.35,21.3,3,0,否,B,agent,0.57,0.55,0.77,0.46,0.47,0.86,0.5,0.9,0.54,自住-改善,两室一厅,62,2450,三甲医院主治医师,成熟期核心家庭,三亚中环品质两居，车位及空间极其拥挤,老小区隔音差，邻里滋扰严重，且车位严重匮乏，每晚加班回来抢车位像打仗。,要求有超大面宽南向双阳台（观景家政分离），主卧大飘窗能270度直面自然景观。,无需日常通勤，但要求30分钟内快捷通达凤凰机场或高铁站。,崇尚度假慢生活，清晨沙滩漫步，午后椰林下午茶，酷爱轻户外及后海冲浪。,名下持有一套旧两居，置换回款 65% + 个人理财储蓄补充 + 公积金商业贷,重性价比，不盲信大牌，但要求物业管理有序、绿化修剪及时、人防技防规范。,本地常住人口，四季生活规律，度假频次为常规年假出行。
三_2011_02947,三亚,2011,外地候鸟-华北,70,女,1.7,9.8,0.5,14.7,1,0,否,B,network,0.3,0.54,0.9,0.74,0.6,0.59,0.12,0.07,0.68,养老,两室两厅,63,1620,央企总部退休总工,高知退休康养,三亚中环品质两居，车位及空间极其拥挤,老小区隔音差，邻里滋扰严重，且车位严重匮乏，每晚加班回来抢车位像打仗。,要求独立电梯入户，主次卧动线分明，配备独立保姆房和私密后院。,无需日常通勤，但要求30分钟内快捷通达凤凰机场或高铁站。,崇尚度假慢生活，清晨沙滩漫步，午后椰林下午茶，酷爱轻户外及后海冲浪。,名下持有一套旧两居，置换回款 65% + 个人理财储蓄补充 + 公积金商业贷,重性价比，不盲信大牌，但要求物业管理有序、绿化修剪及时、人防技防规范。,每年11月至次年3月到此度过漫长冬季，极其依赖周边的康养及适老化服务。
三_2011_02948,三亚,2011,本地改善,50,女,3.2,23.1,0.35,49.6,5,1,是,B,agent,0.66,0.59,0.46,0.47,0.52,0.79,0.47,0.79,0.4,自住-改善,一室一厅,87,4460,三甲医院主治医师,三口之家(学龄段),三亚中环品质两居，车位及空间极其拥挤,小区无地下车库且人车不分流，小孩在楼下玩耍或者推婴儿车极为不安全。,讲究超高得房率（超85%），主卧套房必须配备独立步入式衣帽间与干湿分离双卫。,无需日常通勤，但要求30分钟内快捷通达凤凰机场或高铁站。,崇尚度假慢生活，清晨沙滩漫步，午后椰林下午茶，酷爱轻户外及后海冲浪。,名下持有一套旧两居，置换回款 65% + 个人理财储蓄补充 + 公积金商业贷,重性价比，不盲信大牌，但要求物业管理有序、绿化修剪及时、人防技防规范。,本地常住人口，四季生活规律，度假频次为常规年假出行。
三_2011_02949,三亚,2011,本地改善,38,女,2.5,19.3,0.35,41.4,4,1,是,B,agent,0.66,0.38,0.63,0.4,0.39,0.73,0.5,0.7,0.27,自住-改善,一室一厅,56,6601,三甲医院主治医师,三口之家(学龄段),三亚中环品质两居，车位及空间极其拥挤,小区无地下车库且人车不分流，小孩在楼下玩耍或者推婴儿车极为不安全。,讲究超高得房率（超85%），主卧套房必须配备独立步入式衣帽间与干湿分离双卫。,无需日常通勤，但要求30分钟内快捷通达凤凰机场或高铁站。,崇尚度假慢生活，清晨沙滩漫步，午后椰林下午茶，酷爱轻户外及后海冲浪。,名下持有一套旧两居，置换回款 65% + 个人理财储蓄补充 + 公积金商业贷,重性价比，不盲信大牌，但要求物业管理有序、绿化修剪及时、人防技防规范。,本地常住人口，四季生活规律，度假频次为常规年假出行。
三_2011_02950,三亚,2011,本地改善,46,女,2.9,15.4,0.35,33.1,5,1,是,B,agent,0.91,0.67,0.68,0.37,0.39,0.67,0.54,0.81,0.5,自住-改善,两室一厅,69,2562,三甲医院主治医师,三口之家(学龄段),三亚中环品质两居，车位及空间极其拥挤,小区无地下车库且人车不分流，小孩在楼下玩耍或者推婴儿车极为不安全。,核心要求地块属于第一梯队名校学区，且周边500米内解决幼小衔接教育配套。,无需日常通勤，但要求30分钟内快捷通达凤凰机场或高铁站。,崇尚度假慢生活，清晨沙滩漫步，午后椰林下午茶，酷爱轻户外及后海冲浪。,名下持有一套旧两居，置换回款 65% + 个人理财储蓄补充 + 公积金商业贷,重性价比，不盲信大牌，但要求物业管理有序、绿化修剪及时、人防技防规范。,本地常住人口，四季生活规律，度假频次为常规年假出行。
三_2011_02951,三亚,2011,外地候鸟-东北,76,男,3.6,19.9,0.5,29.9,2,0,否,C,network,0.01,0.54,0.88,0.66,0.69,0.46,0,0,0.69,度假,两室一厅,50,4334,哈尔滨私营物流老板,高知退休康养,与父母同住，三代人拥挤在旧区小户型老房中,老小区隔音差，邻里滋扰严重，且车位严重匮乏，每晚加班回来抢车位像打仗。,要求有超大面宽南向双阳台（观景家政分离），主卧大飘窗能270度直面自然景观。,无需日常通勤，但要求30分钟内快捷通达凤凰机场或高铁站。,崇尚度假慢生活，清晨沙滩漫步，午后椰林下午茶，酷爱轻户外及后海冲浪。,名下持有一套旧两居，置换回款 65% + 个人理财储蓄补充 + 公积金商业贷,重性价比，不盲信大牌，但要求物业管理有序、绿化修剪及时、人防技防规范。,每年11月至次年3月到此度过漫长冬季，极其依赖周边的康养及适老化服务。
三_2011_02952,三亚,2011,度假投资,48,男,8.5,94.9,0.4,178.0,2,2,是,A,research,0.88,0.44,0.86,0.59,0.58,0.35,0,0.05,0.73,度假,三室两厅,111,11403,高端海景资产收藏家,二胎黄金期中大户型,西湖边高精平层,当前房屋属于旧多层无电梯房，父母年纪渐高每天爬楼梯极为吃力。,要求有超大面宽南向双阳台（观景家政分离），主卧大飘窗能270度直面自然景观。,无需日常通勤，但要求30分钟内快捷通达凤凰机场或高铁站。,周末常去高端商圈消费，热衷打网球和马术，重度手冲咖啡及黑胶唱片发烧友。,名下已有企业股权套现或分红现金，一次性全款付清，基本不加杠杆,非仁恒、绿城、万科等金牌开发商不买，极度看重高端精装质量与顶级物业的增值口碑。,每年11月至次年3月到此度过漫长冬季，极其依赖周边的康养及适老化服务。
三_2011_02953,三亚,2011,本地改善,37,男,1.8,7.7,0.35,16.5,4,0,是,B,agent,0.66,0.66,0.67,0.46,0.36,0.67,0.6,0.5,0.51,自住-改善,两室两厅,62,2063,重点中学高级教师,成熟期核心家庭,三亚中环品质两居，车位及空间极其拥挤,当前房屋属于旧多层无电梯房，父母年纪渐高每天爬楼梯极为吃力。,要求采光通透，全明户型，带多功能嵌入式收纳墙以最大化空间利用。,无需日常通勤，但要求30分钟内快捷通达凤凰机场或高铁站。,崇尚度假慢生活，清晨沙滩漫步，午后椰林下午茶，酷爱轻户外及后海冲浪。,名下持有一套旧两居，置换回款 65% + 个人理财储蓄补充 + 公积金商业贷,重性价比，不盲信大牌，但要求物业管理有序、绿化修剪及时、人防技防规范。,本地常住人口，四季生活规律，度假频次为常规年假出行。
三_2011_02954,三亚,2011,外地候鸟-华北,64,女,5.0,38.2,0.5,57.4,2,1,否,B,network,0.55,0.55,1,0.68,0.68,0.6,0.08,0,0.64,养老,两室一厅,92,4121,央企总部退休总工,三口之家(学龄段),三亚中环品质两居，车位及空间极其拥挤,小区无地下车库且人车不分流，小孩在楼下玩耍或者推婴儿车极为不安全。,要求有超大面宽南向双阳台（观景家政分离），主卧大飘窗能270度直面自然景观。,无需日常通勤，但要求30分钟内快捷通达凤凰机场或高铁站。,崇尚度假慢生活，清晨沙滩漫步，午后椰林下午茶，酷爱轻户外及后海冲浪。,名下持有一套旧两居，置换回款 65% + 个人理财储蓄补充 + 公积金商业贷,重性价比，不盲信大牌，但要求物业管理有序、绿化修剪及时、人防技防规范。,每年11月至次年3月到此度过漫长冬季，极其依赖周边的康养及适老化服务。
三_2011_02955,三亚,2011,本地改善,33,男,2.2,10.1,0.35,21.6,5,1,否,B,agent,0.65,0.65,0.67,0.42,0.51,0.85,0.58,0.69,0.31,自住-改善,两室两厅,97,1959,重点中学高级教师,三口之家(幼龄段),三亚中环品质两居，车位及空间极其拥挤,小区无地下车库且人车不分流，小孩在楼下玩耍或者推婴儿车极为不安全。,讲究超高得房率（超85%），主卧套房必须配备独立步入式衣帽间与干湿分离双卫。,无需日常通勤，但要求30分钟内快捷通达凤凰机场或高铁站。,崇尚度假慢生活，清晨沙滩漫步，午后椰林下午茶，酷爱轻户外及后海冲浪。,名下持有一套旧两居，置换回款 65% + 个人理财储蓄补充 + 公积金商业贷,重性价比，不盲信大牌，但要求物业管理有序、绿化修剪及时、人防技防规范。,本地常住人口，四季生活规律，度假频次为常规年假出行。
三_2011_02956,三亚,2011,外地候鸟-华北,72,男,2.5,22.2,0.5,33.3,1,0,否,B,network,0.56,0.56,0.94,0.72,0.66,0.6,0,0,0.59,养老,两室两厅,70,4135,北京三甲医院退休教授,高知退休康养,三亚中环品质两居，车位及空间极其拥挤,老小区隔音差，邻里滋扰严重，且车位严重匮乏，每晚加班回来抢车位像打仗。,要求独立电梯入户，主次卧动线分明，配备独立保姆房和私密后院。,无需日常通勤，但要求30分钟内快捷通达凤凰机场或高铁站。,崇尚度假慢生活，清晨沙滩漫步，午后椰林下午茶，酷爱轻户外及后海冲浪。,名下持有一套旧两居，置换回款 65% + 个人理财储蓄补充 + 公积金商业贷,重性价比，不盲信大牌，但要求物业管理有序、绿化修剪及时、人防技防规范。,每年11月至次年3月到此度过漫长冬季，极其依赖周边的康养及适老化服务。
三_2011_02957,三亚,2011,外地候鸟-华北,66,男,2.9,19.0,0.5,28.5,2,0,否,B,network,0.54,0.52,0.9,0.79,0.63,0.49,0,0.07,0.61,度假,两室两厅,60,2722,央企总部退休总工,高知退休康养,三亚中环品质两居，车位及空间极其拥挤,老小区隔音差，邻里滋扰严重，且车位严重匮乏，每晚加班回来抢车位像打仗。,要求独立电梯入户，主次卧动线分明，配备独立保姆房和私密后院。,无需日常通勤，但要求30分钟内快捷通达凤凰机场或高铁站。,崇尚度假慢生活，清晨沙滩漫步，午后椰林下午茶，酷爱轻户外及后海冲浪。,名下持有一套旧两居，置换回款 65% + 个人理财储蓄补充 + 公积金商业贷,重性价比，不盲信大牌，但要求物业管理有序、绿化修剪及时、人防技防规范。,每年11月至次年3月到此度过漫长冬季，极其依赖周边的康养及适老化服务。
三_2011_02958,三亚,2011,外地候鸟-东北,60,男,2.5,16.9,0.5,25.3,1,0,否,C,network,0.3,0.5,0.91,0.71,0.56,0.38,0,0,0.48,养老,两室两厅,62,2314,哈尔滨高校退休处长,高知退休康养,与父母同住，三代人拥挤在旧区小户型老房中,老小区隔音差，邻里滋扰严重，且车位严重匮乏，每晚加班回来抢车位像打仗。,要求独立电梯入户，主次卧动线分明，配备独立保姆房和私密后院。,无需日常通勤，但要求30分钟内快捷通达凤凰机场或高铁站。,崇尚度假慢生活，清晨沙滩漫步，午后椰林下午茶，酷爱轻户外及后海冲浪。,名下持有一套旧两居，置换回款 65% + 个人理财储蓄补充 + 公积金商业贷,重性价比，不盲信大牌，但要求物业管理有序、绿化修剪及时、人防技防规范。,每年11月至次年3月到此度过漫长冬季，极其依赖周边的康养及适老化服务。
三_2011_02959,三亚,2011,外地候鸟-西北,69,女,4.4,45.7,0.5,68.5,2,0,否,C,network,0.18,0.63,0.85,0.67,0.43,0.42,0.04,0.14,0.47,养老,两室一厅,88,5583,西安设计院退休总建筑师,高知退休康养,与父母同住，三代人拥挤在旧区小户型老房中,老小区隔音差，邻里滋扰严重，且车位严重匮乏，每晚加班回来抢车位像打仗。,要求有超大面宽南向双阳台（观景家政分离），主卧大飘窗能270度直面自然景观。,无需日常通勤，但要求30分钟内快捷通达凤凰机场或高铁站。,崇尚度假慢生活，清晨沙滩漫步，午后椰林下午茶，酷爱轻户外及后海冲浪。,名下持有一套旧两居，置换回款 65% + 个人理财储蓄补充 + 公积金商业贷,重性价比，不盲信大牌，但要求物业管理有序、绿化修剪及时、人防技防规范。,每年11月至次年3月到此度过漫长冬季，极其依赖周边的康养及适老化服务。
三_2011_02960,三亚,2011,外地候鸟-西北,64,女,2.5,20.6,0.5,31.0,1,0,否,C,network,0.41,0.66,1,0.59,0.48,0.37,0.05,0.09,0.48,度假,两室一厅,97,1916,兰州煤炭物流运输企业主,高知退休康养,与父母同住，三代人拥挤在旧区小户型老房中,老小区隔音差，邻里滋扰严重，且车位严重匮乏，每晚加班回来抢车位像打仗。,要求有超大面宽南向双阳台（观景家政分离），主卧大飘窗能270度直面自然景观。,无需日常通勤，但要求30分钟内快捷通达凤凰机场或高铁站。,崇尚度假慢生活，清晨沙滩漫步，午后椰林下午茶，酷爱轻户外及后海冲浪。,名下持有一套旧两居，置换回款 65% + 个人理财储蓄补充 + 公积金商业贷,重性价比，不盲信大牌，但要求物业管理有序、绿化修剪及时、人防技防规范。,每年11月至次年3月到此度过漫长冬季，极其依赖周边的康养及适老化服务。
三_2011_02961,三亚,2011,度假投资,44,男,2.1,25.2,0.4,47.3,2,1,否,A,research,0.91,0.46,0.87,0.6,0.5,0.44,0,0.07,0.59,投资-长持,一室一厅,63,6052,知名中医药连锁投资人,三口之家(学龄段),西湖边高精平层,无高端私密会所及管家式物业配套，圈层鱼龙混杂，高净值居住体验差。,要求有超大面宽南向双阳台（观景家政分离），主卧大飘窗能270度直面自然景观。,无需日常通勤，但要求30分钟内快捷通达凤凰机场或高铁站。,周末常去高端商圈消费，热衷打网球和马术，重度手冲咖啡及黑胶唱片发烧友。,名下已有企业股权套现或分红现金，一次性全款付清，基本不加杠杆,重性价比，不盲信大牌，但要求物业管理有序、绿化修剪及时、人防技防规范。,每年11月至次年3月到此度过漫长冬季，极其依赖周边的康养及适老化服务。
三_2011_02962,三亚,2011,本地改善,36,女,1.8,11.6,0.35,24.9,3,1,是,B,agent,0.53,0.48,0.7,0.34,0.31,0.77,0.7,0.72,0.43,自住-改善,两室两厅,57,2299,三甲医院主治医师,三口之家(幼龄段),三亚中环品质两居，车位及空间极其拥挤,小区无地下车库且人车不分流，小孩在楼下玩耍或者推婴儿车极为不安全。,要求有超大面宽南向双阳台（观景家政分离），主卧大飘窗能270度直面自然景观。,无需日常通勤，但要求30分钟内快捷通达凤凰机场或高铁站。,崇尚度假慢生活，清晨沙滩漫步，午后椰林下午茶，酷爱轻户外及后海冲浪。,名下持有一套旧两居，置换回款 65% + 个人理财储蓄补充 + 公积金商业贷,重性价比，不盲信大牌，但要求物业管理有序、绿化修剪及时、人防技防规范。,本地常住人口，四季生活规律，度假频次为常规年假出行。
三_2011_02963,三亚,2011,外地候鸟-华北,64,女,4.4,30.6,0.5,45.9,2,1,是,B,network,0.52,0.56,0.93,0.71,0.59,0.63,0.09,0.12,0.55,度假,两室两厅,81,3148,央企总部退休总工,三口之家(学龄段),三亚中环品质两居，车位及空间极其拥挤,小区无地下车库且人车不分流，小孩在楼下玩耍或者推婴儿车极为不安全。,要求独立电梯入户，主次卧动线分明，配备独立保姆房和私密后院。,无需日常通勤，但要求30分钟内快捷通达凤凰机场或高铁站。,崇尚度假慢生活，清晨沙滩漫步，午后椰林下午茶，酷爱轻户外及后海冲浪。,名下持有一套旧两居，置换回款 65% + 个人理财储蓄补充 + 公积金商业贷,重性价比，不盲信大牌，但要求物业管理有序、绿化修剪及时、人防技防规范。,每年11月至次年3月到此度过漫长冬季，极其依赖周边的康养及适老化服务。
三_2011_02964,三亚,2011,本地改善,35,男,4.5,19.8,0.35,42.3,5,2,是,B,agent,0.79,0.51,0.57,0.41,0.41,0.68,0.37,0.77,0.51,自住-改善,两室一厅,64,5455,智能新能源车企研发骨干,二胎黄金期中大户型,三亚中环品质两居，车位及空间极其拥挤,小区无地下车库且人车不分流，小孩在楼下玩耍或者推婴儿车极为不安全。,核心要求地块属于第一梯队名校学区，且周边500米内解决幼小衔接教育配套。,无需日常通勤，但要求30分钟内快捷通达凤凰机场或高铁站。,崇尚度假慢生活，清晨沙滩漫步，午后椰林下午茶，酷爱轻户外及后海冲浪。,名下持有一套旧两居，置换回款 65% + 个人理财储蓄补充 + 公积金商业贷,重性价比，不盲信大牌，但要求物业管理有序、绿化修剪及时、人防技防规范。,本地常住人口，四季生活规律，度假频次为常规年假出行。
三_2011_02965,三亚,2011,本地改善,38,女,2.1,10.6,0.35,22.8,4,1,否,B,agent,0.89,0.73,0.66,0.54,0.21,0.7,0.59,0.82,0.33,自住-改善,两室两厅,85,2200,国企中层管理,三口之家(学龄段),三亚中环品质两居，车位及空间极其拥挤,小区无地下车库且人车不分流，小孩在楼下玩耍或者推婴儿车极为不安全。,核心要求地块属于第一梯队名校学区，且周边500米内解决幼小衔接教育配套。,无需日常通勤，但要求30分钟内快捷通达凤凰机场或高铁站。,崇尚度假慢生活，清晨沙滩漫步，午后椰林下午茶，酷爱轻户外及后海冲浪。,名下持有一套旧两居，置换回款 65% + 个人理财储蓄补充 + 公积金商业贷,重性价比，不盲信大牌，但要求物业管理有序、绿化修剪及时、人防技防规范。,本地常住人口，四季生活规律，度假频次为常规年假出行。
三_2011_02966,三亚,2011,本地改善,31,男,2.2,10.6,0.35,22.8,4,1,是,B,agent,0.62,0.47,0.58,0.4,0.27,0.57,0.62,0.79,0.39,自住-改善,两室一厅,76,2398,国企中层管理,三口之家(幼龄段),三亚中环品质两居，车位及空间极其拥挤,小区无地下车库且人车不分流，小孩在楼下玩耍或者推婴儿车极为不安全。,核心要求地块属于第一梯队名校学区，且周边500米内解决幼小衔接教育配套。,无需日常通勤，但要求30分钟内快捷通达凤凰机场或高铁站。,崇尚度假慢生活，清晨沙滩漫步，午后椰林下午茶，酷爱轻户外及后海冲浪。,名下持有一套旧两居，置换回款 65% + 个人理财储蓄补充 + 公积金商业贷,重性价比，不盲信大牌，但要求物业管理有序、绿化修剪及时、人防技防规范。,本地常住人口，四季生活规律，度假频次为常规年假出行。
三_2011_02967,三亚,2011,外地候鸟-东北,68,男,2.7,18.2,0.5,27.3,2,0,否,C,network,0.31,0.66,1,0.69,0.54,0.48,0.06,0,0.55,养老,两室一厅,79,3007,哈尔滨高校退休处长,高知退休康养,与父母同住，三代人拥挤在旧区小户型老房中,老小区隔音差，邻里滋扰严重，且车位严重匮乏，每晚加班回来抢车位像打仗。,要求有超大面宽南向双阳台（观景家政分离），主卧大飘窗能270度直面自然景观。,无需日常通勤，但要求30分钟内快捷通达凤凰机场或高铁站。,崇尚度假慢生活，清晨沙滩漫步，午后椰林下午茶，酷爱轻户外及后海冲浪。,名下持有一套旧两居，置换回款 65% + 个人理财储蓄补充 + 公积金商业贷,重性价比，不盲信大牌，但要求物业管理有序、绿化修剪及时、人防技防规范。,每年11月至次年3月到此度过漫长冬季，极其依赖周边的康养及适老化服务。
三_2011_02968,三亚,2011,外地候鸟-西北,64,女,1.9,18.8,0.5,28.2,2,0,否,C,network,0.52,0.64,0.79,0.59,0.4,0.44,0,0,0.35,养老,两室一厅,82,2910,西安设计院退休总建筑师,高知退休康养,与父母同住，三代人拥挤在旧区小户型老房中,老小区隔音差，邻里滋扰严重，且车位严重匮乏，每晚加班回来抢车位像打仗。,要求有超大面宽南向双阳台（观景家政分离），主卧大飘窗能270度直面自然景观。,无需日常通勤，但要求30分钟内快捷通达凤凰机场或高铁站。,崇尚度假慢生活，清晨沙滩漫步，午后椰林下午茶，酷爱轻户外及后海冲浪。,名下持有一套旧两居，置换回款 65% + 个人理财储蓄补充 + 公积金商业贷,重性价比，不盲信大牌，但要求物业管理有序、绿化修剪及时、人防技防规范。,每年11月至次年3月到此度过漫长冬季，极其依赖周边的康养及适老化服务。
三_2011_02969,三亚,2011,外地候鸟-华北,74,男,5.0,30.0,0.5,45.1,2,0,否,B,network,0.74,0.57,0.93,0.66,0.67,0.54,0.13,0,0.58,养老,两室一厅,70,3990,央企总部退休总工,高知退休康养,三亚中环品质两居，车位及空间极其拥挤,老小区隔音差，邻里滋扰严重，且车位严重匮乏，每晚加班回来抢车位像打仗。,要求有超大面宽南向双阳台（观景家政分离），主卧大飘窗能270度直面自然景观。,无需日常通勤，但要求30分钟内快捷通达凤凰机场或高铁站。,崇尚度假慢生活，清晨沙滩漫步，午后椰林下午茶，酷爱轻户外及后海冲浪。,名下持有一套旧两居，置换回款 65% + 个人理财储蓄补充 + 公积金商业贷,重性价比，不盲信大牌，但要求物业管理有序、绿化修剪及时、人防技防规范。,每年11月至次年3月到此度过漫长冬季，极其依赖周边的康养及适老化服务。
三_2011_02970,三亚,2011,外地候鸟-华北,58,男,4.8,48.2,0.5,72.3,2,0,否,B,network,0.46,0.56,1,0.64,0.5,0.36,0.07,0,0.47,度假,一室一厅,74,8662,高校资深硕导,高知退休康养,三亚中环品质两居，车位及空间极其拥挤,老小区隔音差，邻里滋扰严重，且车位严重匮乏，每晚加班回来抢车位像打仗。,要求有超大面宽南向双阳台（观景家政分离），主卧大飘窗能270度直面自然景观。,无需日常通勤，但要求30分钟内快捷通达凤凰机场或高铁站。,崇尚度假慢生活，清晨沙滩漫步，午后椰林下午茶，酷爱轻户外及后海冲浪。,名下持有一套旧两居，置换回款 65% + 个人理财储蓄补充 + 公积金商业贷,重性价比，不盲信大牌，但要求物业管理有序、绿化修剪及时、人防技防规范。,每年11月至次年3月到此度过漫长冬季，极其依赖周边的康养及适老化服务。
三_2011_02971,三亚,2011,本地改善,30,男,2.2,9.5,0.35,20.3,5,1,是,B,agent,0.63,0.56,0.6,0.4,0.32,0.63,0.59,0.58,0.3,自住-改善,一室一厅,81,1408,智能新能源车企研发骨干,三口之家(幼龄段),三亚中环品质两居，车位及空间极其拥挤,小区无地下车库且人车不分流，小孩在楼下玩耍或者推婴儿车极为不安全。,要求采光通透，全明户型，带多功能嵌入式收纳墙以最大化空间利用。,无需日常通勤，但要求30分钟内快捷通达凤凰机场或高铁站。,崇尚度假慢生活，清晨沙滩漫步，午后椰林下午茶，酷爱轻户外及后海冲浪。,名下持有一套旧两居，置换回款 65% + 个人理财储蓄补充 + 公积金商业贷,重性价比，不盲信大牌，但要求物业管理有序、绿化修剪及时、人防技防规范。,本地常住人口，四季生活规律，度假频次为常规年假出行。
三_2011_02972,三亚,2011,度假投资,44,女,9.6,111.5,0.4,209.0,2,1,否,A,research,1,0.36,0.78,0.68,0.58,0.59,0,0.11,0.69,投资-短期,两室两厅,140,10468,知名中医药连锁投资人,三口之家(学龄段),市中心私密洋房住宅,无高端私密会所及管家式物业配套，圈层鱼龙混杂，高净值居住体验差。,要求有超大面宽南向双阳台（观景家政分离），主卧大飘窗能270度直面自然景观。,无需日常通勤，但要求30分钟内快捷通达凤凰机场或高铁站。,周末常去高端商圈消费，热衷打网球和马术，重度手冲咖啡及黑胶唱片发烧友。,名下已有企业股权套现或分红现金，一次性全款付清，基本不加杠杆,重性价比，不盲信大牌，但要求物业管理有序、绿化修剪及时、人防技防规范。,每年11月至次年3月到此度过漫长冬季，极其依赖周边的康养及适老化服务。
三_2011_02973,三亚,2011,本地改善,35,女,3.7,20.1,0.35,43.0,4,1,是,B,agent,0.61,0.45,0.65,0.33,0.46,0.82,0.45,0.6,0.42,自住-改善,两室一厅,63,5351,区级税务局一级主办,三口之家(幼龄段),三亚中环品质两居，车位及空间极其拥挤,小区无地下车库且人车不分流，小孩在楼下玩耍或者推婴儿车极为不安全。,讲究超高得房率（超85%），主卧套房必须配备独立步入式衣帽间与干湿分离双卫。,无需日常通勤，但要求30分钟内快捷通达凤凰机场或高铁站。,崇尚度假慢生活，清晨沙滩漫步，午后椰林下午茶，酷爱轻户外及后海冲浪。,名下持有一套旧两居，置换回款 65% + 个人理财储蓄补充 + 公积金商业贷,重性价比，不盲信大牌，但要求物业管理有序、绿化修剪及时、人防技防规范。,本地常住人口，四季生活规律，度假频次为常规年假出行。
三_2011_02974,三亚,2011,度假投资,45,男,3.5,36.1,0.4,67.7,3,1,否,A,research,0.83,0.45,0.79,0.64,0.64,0.38,0,0.08,0.88,度假,两室两厅,82,6095,上市公司退休联合创始人,三口之家(学龄段),市中心私密洋房住宅,无高端私密会所及管家式物业配套，圈层鱼龙混杂，高净值居住体验差。,要求有超大面宽南向双阳台（观景家政分离），主卧大飘窗能270度直面自然景观。,无需日常通勤，但要求30分钟内快捷通达凤凰机场或高铁站。,周末常去高端商圈消费，热衷打网球和马术，重度手冲咖啡及黑胶唱片发烧友。,名下已有企业股权套现或分红现金，一次性全款付清，基本不加杠杆,非仁恒、绿城、万科等金牌开发商不买，极度看重高端精装质量与顶级物业的增值口碑。,每年11月至次年3月到此度过漫长冬季，极其依赖周边的康养及适老化服务。
三_2011_02975,三亚,2011,本地改善,49,男,1.5,6.7,0.35,14.3,5,1,是,B,agent,0.82,0.64,0.58,0.43,0.49,0.82,0.6,0.77,0.43,自住-改善,一室一厅,67,1065,国企中层管理,三口之家(学龄段),三亚中环品质两居，车位及空间极其拥挤,小区无地下车库且人车不分流，小孩在楼下玩耍或者推婴儿车极为不安全。,讲究超高得房率（超85%），主卧套房必须配备独立步入式衣帽间与干湿分离双卫。,无需日常通勤，但要求30分钟内快捷通达凤凰机场或高铁站。,崇尚度假慢生活，清晨沙滩漫步，午后椰林下午茶，酷爱轻户外及后海冲浪。,名下持有一套旧两居，置换回款 65% + 个人理财储蓄补充 + 公积金商业贷,重性价比，不盲信大牌，但要求物业管理有序、绿化修剪及时、人防技防规范。,本地常住人口，四季生活规律，度假频次为常规年假出行。
三_2011_02976,三亚,2011,外地候鸟-华北,55,男,3.5,26.0,0.5,39.0,3,0,否,B,network,0.56,0.41,0.87,0.61,0.71,0.6,0.01,0.05,0.7,度假,一室一厅,91,2782,北京三甲医院退休教授,高知退休康养,三亚中环品质两居，车位及空间极其拥挤,老小区隔音差，邻里滋扰严重，且车位严重匮乏，每晚加班回来抢车位像打仗。,要求有超大面宽南向双阳台（观景家政分离），主卧大飘窗能270度直面自然景观。,无需日常通勤，但要求30分钟内快捷通达凤凰机场或高铁站。,崇尚度假慢生活，清晨沙滩漫步，午后椰林下午茶，酷爱轻户外及后海冲浪。,名下持有一套旧两居，置换回款 65% + 个人理财储蓄补充 + 公积金商业贷,重性价比，不盲信大牌，但要求物业管理有序、绿化修剪及时、人防技防规范。,每年11月至次年3月到此度过漫长冬季，极其依赖周边的康养及适老化服务。
三_2011_02977,三亚,2011,度假投资,44,女,6.0,56.9,0.4,106.7,3,1,否,A,research,0.85,0.37,0.74,0.56,0.74,0.41,0,0.11,0.87,投资-短期,两室一厅,73,13095,知名中医药连锁投资人,三口之家(学龄段),陆家嘴核心区江景大平层,无高端私密会所及管家式物业配套，圈层鱼龙混杂，高净值居住体验差。,要求有超大面宽南向双阳台（观景家政分离），主卧大飘窗能270度直面自然景观。,无需日常通勤，但要求30分钟内快捷通达凤凰机场或高铁站。,周末常去高端商圈消费，热衷打网球和马术，重度手冲咖啡及黑胶唱片发烧友。,名下已有企业股权套现或分红现金，一次性全款付清，基本不加杠杆,非仁恒、绿城、万科等金牌开发商不买，极度看重高端精装质量与顶级物业的增值口碑。,每年11月至次年3月到此度过漫长冬季，极其依赖周边的康养及适老化服务。
三_2011_02978,三亚,2011,外地候鸟-华北,60,男,3.7,21.8,0.5,32.7,3,0,否,B,network,0.53,0.59,0.94,0.57,0.53,0.67,0.06,0.09,0.44,度假,一室一厅,89,2949,央企总部退休总工,高知退休康养,三亚中环品质两居，车位及空间极其拥挤,老小区隔音差，邻里滋扰严重，且车位严重匮乏，每晚加班回来抢车位像打仗。,要求有超大面宽南向双阳台（观景家政分离），主卧大飘窗能270度直面自然景观。,无需日常通勤，但要求30分钟内快捷通达凤凰机场或高铁站。,崇尚度假慢生活，清晨沙滩漫步，午后椰林下午茶，酷爱轻户外及后海冲浪。,名下持有一套旧两居，置换回款 65% + 个人理财储蓄补充 + 公积金商业贷,重性价比，不盲信大牌，但要求物业管理有序、绿化修剪及时、人防技防规范。,每年11月至次年3月到此度过漫长冬季，极其依赖周边的康养及适老化服务。
三_2011_02979,三亚,2011,度假投资,36,男,4.8,55.3,0.4,103.8,2,0,是,A,research,0.98,0.34,0.84,0.51,0.51,0.34,0,0,0.78,度假,两室一厅,74,7113,高端海景资产收藏家,成熟期核心家庭,西湖边高精平层,当前房屋属于旧多层无电梯房，父母年纪渐高每天爬楼梯极为吃力。,要求有超大面宽南向双阳台（观景家政分离），主卧大飘窗能270度直面自然景观。,无需日常通勤，但要求30分钟内快捷通达凤凰机场或高铁站。,周末常去高端商圈消费，热衷打网球和马术，重度手冲咖啡及黑胶唱片发烧友。,名下已有企业股权套现或分红现金，一次性全款付清，基本不加杠杆,非仁恒、绿城、万科等金牌开发商不买，极度看重高端精装质量与顶级物业的增值口碑。,每年11月至次年3月到此度过漫长冬季，极其依赖周边的康养及适老化服务。
三_2011_02980,三亚,2011,本地改善,31,男,1.7,12.4,0.35,26.5,5,1,否,B,agent,0.94,0.54,0.51,0.39,0.34,0.7,0.52,0.5,0.56,自住-改善,两室一厅,91,2377,重点中学高级教师,三口之家(幼龄段),三亚中环品质两居，车位及空间极其拥挤,小区无地下车库且人车不分流，小孩在楼下玩耍或者推婴儿车极为不安全。,要求采光通透，全明户型，带多功能嵌入式收纳墙以最大化空间利用。,无需日常通勤，但要求30分钟内快捷通达凤凰机场或高铁站。,崇尚度假慢生活，清晨沙滩漫步，午后椰林下午茶，酷爱轻户外及后海冲浪。,名下持有一套旧两居，置换回款 65% + 个人理财储蓄补充 + 公积金商业贷,重性价比，不盲信大牌，但要求物业管理有序、绿化修剪及时、人防技防规范。,本地常住人口，四季生活规律，度假频次为常规年假出行。
三_2011_02981,三亚,2011,本地改善,33,男,1.5,9.6,0.35,20.5,4,1,否,B,agent,0.75,0.54,0.67,0.36,0.46,0.78,0.54,0.65,0.37,自住-改善,两室两厅,72,2186,国企中层管理,三口之家(幼龄段),三亚中环品质两居，车位及空间极其拥挤,小区无地下车库且人车不分流，小孩在楼下玩耍或者推婴儿车极为不安全。,讲究超高得房率（超85%），主卧套房必须配备独立步入式衣帽间与干湿分离双卫。,无需日常通勤，但要求30分钟内快捷通达凤凰机场或高铁站。,崇尚度假慢生活，清晨沙滩漫步，午后椰林下午茶，酷爱轻户外及后海冲浪。,名下持有一套旧两居，置换回款 65% + 个人理财储蓄补充 + 公积金商业贷,重性价比，不盲信大牌，但要求物业管理有序、绿化修剪及时、人防技防规范。,本地常住人口，四季生活规律，度假频次为常规年假出行。
三_2011_02982,三亚,2011,度假投资,47,女,11.1,80.4,0.4,150.7,4,1,否,A,research,1,0.35,0.87,0.52,0.52,0.47,0.03,0,0.67,投资-长持,两室两厅,117,8417,知名中医药连锁投资人,三口之家(学龄段),市中心私密洋房住宅,无高端私密会所及管家式物业配套，圈层鱼龙混杂，高净值居住体验差。,要求有超大面宽南向双阳台（观景家政分离），主卧大飘窗能270度直面自然景观。,无需日常通勤，但要求30分钟内快捷通达凤凰机场或高铁站。,周末常去高端商圈消费，热衷打网球和马术，重度手冲咖啡及黑胶唱片发烧友。,名下已有企业股权套现或分红现金，一次性全款付清，基本不加杠杆,重性价比，不盲信大牌，但要求物业管理有序、绿化修剪及时、人防技防规范。,每年11月至次年3月到此度过漫长冬季，极其依赖周边的康养及适老化服务。
三_2011_02983,三亚,2011,本地改善,50,女,3.0,19.4,0.35,41.5,4,1,否,B,agent,0.96,0.45,0.57,0.58,0.45,0.9,0.57,0.59,0.31,自住-改善,两室两厅,68,5374,三甲医院主治医师,三口之家(学龄段),三亚中环品质两居，车位及空间极其拥挤,小区无地下车库且人车不分流，小孩在楼下玩耍或者推婴儿车极为不安全。,讲究超高得房率（超85%），主卧套房必须配备独立步入式衣帽间与干湿分离双卫。,无需日常通勤，但要求30分钟内快捷通达凤凰机场或高铁站。,崇尚度假慢生活，清晨沙滩漫步，午后椰林下午茶，酷爱轻户外及后海冲浪。,名下持有一套旧两居，置换回款 65% + 个人理财储蓄补充 + 公积金商业贷,重性价比，不盲信大牌，但要求物业管理有序、绿化修剪及时、人防技防规范。,本地常住人口，四季生活规律，度假频次为常规年假出行。
三_2011_02984,三亚,2011,外地候鸟-西北,64,男,4.1,30.5,0.5,45.7,3,0,否,C,network,0.33,0.49,0.89,0.65,0.59,0.57,0.2,0,0.46,度假,两室一厅,53,6486,西安设计院退休总建筑师,高知退休康养,与父母同住，三代人拥挤在旧区小户型老房中,老小区隔音差，邻里滋扰严重，且车位严重匮乏，每晚加班回来抢车位像打仗。,要求有超大面宽南向双阳台（观景家政分离），主卧大飘窗能270度直面自然景观。,无需日常通勤，但要求30分钟内快捷通达凤凰机场或高铁站。,崇尚度假慢生活，清晨沙滩漫步，午后椰林下午茶，酷爱轻户外及后海冲浪。,名下持有一套旧两居，置换回款 65% + 个人理财储蓄补充 + 公积金商业贷,重性价比，不盲信大牌，但要求物业管理有序、绿化修剪及时、人防技防规范。,每年11月至次年3月到此度过漫长冬季，极其依赖周边的康养及适老化服务。
三_2011_02985,三亚,2011,外地候鸟-华北,75,男,5.7,37.4,0.5,56.1,2,0,否,B,network,0.89,0.53,1,0.64,0.57,0.6,0,0.03,0.56,养老,两室两厅,69,4627,北京三甲医院退休教授,高知退休康养,三亚中环品质两居，车位及空间极其拥挤,老小区隔音差，邻里滋扰严重，且车位严重匮乏，每晚加班回来抢车位像打仗。,要求有超大面宽南向双阳台（观景家政分离），主卧大飘窗能270度直面自然景观。,无需日常通勤，但要求30分钟内快捷通达凤凰机场或高铁站。,崇尚度假慢生活，清晨沙滩漫步，午后椰林下午茶，酷爱轻户外及后海冲浪。,名下持有一套旧两居，置换回款 65% + 个人理财储蓄补充 + 公积金商业贷,重性价比，不盲信大牌，但要求物业管理有序、绿化修剪及时、人防技防规范。,每年11月至次年3月到此度过漫长冬季，极其依赖周边的康养及适老化服务。
三_2011_02986,三亚,2011,本地改善,42,男,2.3,15.0,0.35,32.1,4,1,否,B,agent,0.94,0.61,0.6,0.44,0.51,0.88,0.53,0.82,0.53,自住-改善,两室两厅,57,4916,三甲医院主治医师,三口之家(学龄段),三亚中环品质两居，车位及空间极其拥挤,小区无地下车库且人车不分流，小孩在楼下玩耍或者推婴儿车极为不安全。,讲究超高得房率（超85%），主卧套房必须配备独立步入式衣帽间与干湿分离双卫。,无需日常通勤，但要求30分钟内快捷通达凤凰机场或高铁站。,崇尚度假慢生活，清晨沙滩漫步，午后椰林下午茶，酷爱轻户外及后海冲浪。,名下持有一套旧两居，置换回款 65% + 个人理财储蓄补充 + 公积金商业贷,重性价比，不盲信大牌，但要求物业管理有序、绿化修剪及时、人防技防规范。,本地常住人口，四季生活规律，度假频次为常规年假出行。
三_2011_02987,三亚,2011,外地候鸟-西北,75,女,2.4,17.9,0.5,26.9,2,0,否,C,network,0.31,0.73,0.91,0.69,0.55,0.54,0.11,0.07,0.54,度假,一室一厅,87,2427,兰州煤炭物流运输企业主,高知退休康养,与父母同住，三代人拥挤在旧区小户型老房中,老小区隔音差，邻里滋扰严重，且车位严重匮乏，每晚加班回来抢车位像打仗。,要求有超大面宽南向双阳台（观景家政分离），主卧大飘窗能270度直面自然景观。,无需日常通勤，但要求30分钟内快捷通达凤凰机场或高铁站。,崇尚度假慢生活，清晨沙滩漫步，午后椰林下午茶，酷爱轻户外及后海冲浪。,名下持有一套旧两居，置换回款 65% + 个人理财储蓄补充 + 公积金商业贷,重性价比，不盲信大牌，但要求物业管理有序、绿化修剪及时、人防技防规范。,每年11月至次年3月到此度过漫长冬季，极其依赖周边的康养及适老化服务。
三_2011_02988,三亚,2011,本地改善,41,男,3.7,23.9,0.35,51.3,3,1,否,B,agent,0.92,0.59,0.61,0.4,0.47,0.7,0.44,0.49,0.56,自住-改善,两室一厅,89,4878,区级税务局一级主办,三口之家(学龄段),三亚中环品质两居，车位及空间极其拥挤,小区无地下车库且人车不分流，小孩在楼下玩耍或者推婴儿车极为不安全。,要求采光通透，全明户型，带多功能嵌入式收纳墙以最大化空间利用。,无需日常通勤，但要求30分钟内快捷通达凤凰机场或高铁站。,崇尚度假慢生活，清晨沙滩漫步，午后椰林下午茶，酷爱轻户外及后海冲浪。,名下持有一套旧两居，置换回款 65% + 个人理财储蓄补充 + 公积金商业贷,重性价比，不盲信大牌，但要求物业管理有序、绿化修剪及时、人防技防规范。,本地常住人口，四季生活规律，度假频次为常规年假出行。
三_2011_02989,三亚,2011,本地改善,31,男,2.9,14.9,0.35,32.0,4,1,是,B,agent,0.61,0.55,0.74,0.44,0.49,0.77,0.6,0.73,0.47,自住-改善,两室一厅,82,2480,区级税务局一级主办,三口之家(幼龄段),三亚中环品质两居，车位及空间极其拥挤,小区无地下车库且人车不分流，小孩在楼下玩耍或者推婴儿车极为不安全。,要求有超大面宽南向双阳台（观景家政分离），主卧大飘窗能270度直面自然景观。,无需日常通勤，但要求30分钟内快捷通达凤凰机场或高铁站。,崇尚度假慢生活，清晨沙滩漫步，午后椰林下午茶，酷爱轻户外及后海冲浪。,名下持有一套旧两居，置换回款 65% + 个人理财储蓄补充 + 公积金商业贷,重性价比，不盲信大牌，但要求物业管理有序、绿化修剪及时、人防技防规范。,本地常住人口，四季生活规律，度假频次为常规年假出行。
三_2011_02990,三亚,2011,度假投资,53,女,9.9,72.2,0.4,135.3,3,2,否,A,research,0.77,0.57,0.83,0.59,0.56,0.4,0,0,0.81,投资-长持,一室一厅,87,12733,知名中医药连锁投资人,二胎黄金期中大户型,市中心私密洋房住宅,无高端私密会所及管家式物业配套，圈层鱼龙混杂，高净值居住体验差。,要求有超大面宽南向双阳台（观景家政分离），主卧大飘窗能270度直面自然景观。,无需日常通勤，但要求30分钟内快捷通达凤凰机场或高铁站。,周末常去高端商圈消费，热衷打网球和马术，重度手冲咖啡及黑胶唱片发烧友。,名下已有企业股权套现或分红现金，一次性全款付清，基本不加杠杆,非仁恒、绿城、万科等金牌开发商不买，极度看重高端精装质量与顶级物业的增值口碑。,每年11月至次年3月到此度过漫长冬季，极其依赖周边的康养及适老化服务。
三_2011_02991,三亚,2011,本地改善,41,男,2.5,17.9,0.35,38.3,4,1,是,B,agent,1,0.53,0.49,0.46,0.53,0.8,0.5,0.8,0.6,自住-改善,一室一厅,82,4043,区级税务局一级主办,三口之家(学龄段),三亚中环品质两居，车位及空间极其拥挤,小区无地下车库且人车不分流，小孩在楼下玩耍或者推婴儿车极为不安全。,讲究超高得房率（超85%），主卧套房必须配备独立步入式衣帽间与干湿分离双卫。,无需日常通勤，但要求30分钟内快捷通达凤凰机场或高铁站。,崇尚度假慢生活，清晨沙滩漫步，午后椰林下午茶，酷爱轻户外及后海冲浪。,名下持有一套旧两居，置换回款 65% + 个人理财储蓄补充 + 公积金商业贷,重性价比，不盲信大牌，但要求物业管理有序、绿化修剪及时、人防技防规范。,本地常住人口，四季生活规律，度假频次为常规年假出行。
三_2011_02992,三亚,2011,本地改善,48,女,2.2,15.4,0.35,33.1,3,1,是,B,agent,0.66,0.54,0.65,0.43,0.35,0.68,0.56,0.75,0.48,自住-改善,两室一厅,67,2573,国企中层管理,三口之家(学龄段),三亚中环品质两居，车位及空间极其拥挤,小区无地下车库且人车不分流，小孩在楼下玩耍或者推婴儿车极为不安全。,核心要求地块属于第一梯队名校学区，且周边500米内解决幼小衔接教育配套。,无需日常通勤，但要求30分钟内快捷通达凤凰机场或高铁站。,崇尚度假慢生活，清晨沙滩漫步，午后椰林下午茶，酷爱轻户外及后海冲浪。,名下持有一套旧两居，置换回款 65% + 个人理财储蓄补充 + 公积金商业贷,重性价比，不盲信大牌，但要求物业管理有序、绿化修剪及时、人防技防规范。,本地常住人口，四季生活规律，度假频次为常规年假出行。
三_2011_02993,三亚,2011,外地候鸟-华北,71,女,5.9,38.4,0.5,57.6,2,1,否,B,network,0.57,0.61,0.88,0.67,0.58,0.61,0,0,0.63,养老,两室一厅,83,6005,央企总部退休总工,三口之家(学龄段),三亚中环品质两居，车位及空间极其拥挤,小区无地下车库且人车不分流，小孩在楼下玩耍或者推婴儿车极为不安全。,要求有超大面宽南向双阳台（观景家政分离），主卧大飘窗能270度直面自然景观。,无需日常通勤，但要求30分钟内快捷通达凤凰机场或高铁站。,崇尚度假慢生活，清晨沙滩漫步，午后椰林下午茶，酷爱轻户外及后海冲浪。,名下持有一套旧两居，置换回款 65% + 个人理财储蓄补充 + 公积金商业贷,重性价比，不盲信大牌，但要求物业管理有序、绿化修剪及时、人防技防规范。,每年11月至次年3月到此度过漫长冬季，极其依赖周边的康养及适老化服务。
三_2011_02994,三亚,2011,高净值康养,67,女,21.6,305.7,0.6,382.1,1,0,否,A,network,0.8,0.31,1,0.88,0.82,0.55,0,0.08,0.84,度假,三室两厅,140,17338,上市公司退休联合创始人,高知退休康养,陆家嘴核心区江景大平层,无高端私密会所及管家式物业配套，圈层鱼龙混杂，高净值居住体验差。,要求独立电梯入户，主次卧动线分明，配备独立保姆房和私密后院。,无需日常通勤，但要求30分钟内快捷通达凤凰机场或高铁站。,周末常去高端商圈消费，热衷打网球和马术，重度手冲咖啡及黑胶唱片发烧友。,名下已有企业股权套现或分红现金，一次性全款付清，基本不加杠杆,非仁恒、绿城、万科等金牌开发商不买，极度看重高端精装质量与顶级物业的增值口碑。,本地常住人口，四季生活规律，度假频次为常规年假出行。
三_2011_02995,三亚,2011,度假投资,40,男,6.6,72.4,0.4,135.8,3,1,否,A,research,0.94,0.5,0.9,0.62,0.58,0.49,0.02,0.04,0.8,度假,两室两厅,64,18676,上市公司退休联合创始人,三口之家(学龄段),市中心私密洋房住宅,无高端私密会所及管家式物业配套，圈层鱼龙混杂，高净值居住体验差。,要求有超大面宽南向双阳台（观景家政分离），主卧大飘窗能270度直面自然景观。,无需日常通勤，但要求30分钟内快捷通达凤凰机场或高铁站。,周末常去高端商圈消费，热衷打网球和马术，重度手冲咖啡及黑胶唱片发烧友。,名下已有企业股权套现或分红现金，一次性全款付清，基本不加杠杆,非仁恒、绿城、万科等金牌开发商不买，极度看重高端精装质量与顶级物业的增值口碑。,每年11月至次年3月到此度过漫长冬季，极其依赖周边的康养及适老化服务。
三_2011_02996,三亚,2011,外地候鸟-华北,59,男,1.6,14.7,0.5,22.1,3,0,否,B,network,0.56,0.56,0.9,0.71,0.64,0.49,0.07,0,0.64,度假,两室两厅,86,1312,北京三甲医院退休教授,高知退休康养,三亚中环品质两居，车位及空间极其拥挤,老小区隔音差，邻里滋扰严重，且车位严重匮乏，每晚加班回来抢车位像打仗。,要求独立电梯入户，主次卧动线分明，配备独立保姆房和私密后院。,无需日常通勤，但要求30分钟内快捷通达凤凰机场或高铁站。,崇尚度假慢生活，清晨沙滩漫步，午后椰林下午茶，酷爱轻户外及后海冲浪。,名下持有一套旧两居，置换回款 65% + 个人理财储蓄补充 + 公积金商业贷,重性价比，不盲信大牌，但要求物业管理有序、绿化修剪及时、人防技防规范。,每年11月至次年3月到此度过漫长冬季，极其依赖周边的康养及适老化服务。
三_2011_02997,三亚,2011,外地候鸟-东北,63,男,4.0,30.9,0.5,46.3,3,0,否,C,network,0.4,0.47,0.93,0.72,0.49,0.61,0.08,0,0.51,养老,两室一厅,60,6310,哈尔滨高校退休处长,高知退休康养,与父母同住，三代人拥挤在旧区小户型老房中,老小区隔音差，邻里滋扰严重，且车位严重匮乏，每晚加班回来抢车位像打仗。,要求独立电梯入户，主次卧动线分明，配备独立保姆房和私密后院。,无需日常通勤，但要求30分钟内快捷通达凤凰机场或高铁站。,崇尚度假慢生活，清晨沙滩漫步，午后椰林下午茶，酷爱轻户外及后海冲浪。,名下持有一套旧两居，置换回款 65% + 个人理财储蓄补充 + 公积金商业贷,重性价比，不盲信大牌，但要求物业管理有序、绿化修剪及时、人防技防规范。,每年11月至次年3月到此度过漫长冬季，极其依赖周边的康养及适老化服务。
三_2011_02998,三亚,2011,度假投资,40,男,4.9,58.6,0.4,109.8,3,1,否,A,research,0.75,0.45,0.92,0.59,0.47,0.42,0.11,0,0.83,度假,两室一厅,76,9061,知名中医药连锁投资人,三口之家(学龄段),市中心私密洋房住宅,无高端私密会所及管家式物业配套，圈层鱼龙混杂，高净值居住体验差。,要求有超大面宽南向双阳台（观景家政分离），主卧大飘窗能270度直面自然景观。,无需日常通勤，但要求30分钟内快捷通达凤凰机场或高铁站。,周末常去高端商圈消费，热衷打网球和马术，重度手冲咖啡及黑胶唱片发烧友。,名下已有企业股权套现或分红现金，一次性全款付清，基本不加杠杆,非仁恒、绿城、万科等金牌开发商不买，极度看重高端精装质量与顶级物业的增值口碑。,每年11月至次年3月到此度过漫长冬季，极其依赖周边的康养及适老化服务。
三_2011_02999,三亚,2011,本地改善,43,男,2.7,13.1,0.35,28.1,5,1,是,B,agent,0.64,0.66,0.43,0.43,0.39,0.8,0.43,0.72,0.41,自住-改善,一室一厅,79,2877,三甲医院主治医师,三口之家(学龄段),三亚中环品质两居，车位及空间极其拥挤,小区无地下车库且人车不分流，小孩在楼下玩耍或者推婴儿车极为不安全。,讲究超高得房率（超85%），主卧套房必须配备独立步入式衣帽间与干湿分离双卫。,无需日常通勤，但要求30分钟内快捷通达凤凰机场或高铁站。,崇尚度假慢生活，清晨沙滩漫步，午后椰林下午茶，酷爱轻户外及后海冲浪。,名下持有一套旧两居，置换回款 65% + 个人理财储蓄补充 + 公积金商业贷,重性价比，不盲信大牌，但要求物业管理有序、绿化修剪及时、人防技防规范。,本地常住人口，四季生活规律，度假频次为常规年假出行。
三_2011_03000,三亚,2011,本地改善,31,女,2.0,8.9,0.35,19.1,5,1,是,B,agent,0.74,0.32,0.42,0.37,0.26,0.73,0.37,0.77,0.44,自住-改善,一室一厅,82,2078,重点中学高级教师,三口之家(幼龄段),三亚中环品质两居，车位及空间极其拥挤,小区无地下车库且人车不分流，小孩在楼下玩耍或者推婴儿车极为不安全。,讲究超高得房率（超85%），主卧套房必须配备独立步入式衣帽间与干湿分离双卫。,无需日常通勤，但要求30分钟内快捷通达凤凰机场或高铁站。,崇尚度假慢生活，清晨沙滩漫步，午后椰林下午茶，酷爱轻户外及后海冲浪。,名下持有一套旧两居，置换回款 65% + 个人理财储蓄补充 + 公积金商业贷,重性价比，不盲信大牌，但要求物业管理有序、绿化修剪及时、人防技防规范。,本地常住人口，四季生活规律，度假频次为常规年假出行。
