楼盘ID,楼盘名称,城市名称,城市ID,区域名称,区域ID,子区域名称,子区域ID,地址,环线位置,最新价格,参考价格,房贷计算信息,面积范围,占地面积,建筑面积,房间面积信息,户型文本描述,全部户型,开盘日期,开盘日期备注,开盘时间,交房时间,发证时间,建筑类型,建筑类型.1,产权年限,容积率,绿化率,规划户数,装修情况,工程进度,物业类型,物业公司,物业管理费,物业特色,车位数,车位比,销售状态,销售标题,租售标题,预售证号,绑定楼栋,开发商,开发商品牌,投资商,供电,供水,百度地图纬度,百度地图经度,400电话,所有标签列表,标签列表,默认图片,规交信息,售楼处地址
3619078,平度月亮翠苑,青岛,30,平度市,3649,平度,3722,青岛平度市平度苏州南路27号,,,,,,7650m²,37750m²,[],,,2001-01-10,,2001年,2002年,[],别墅,小高层,70年,1.4,40%,523,毛坯,,住宅,旭辉永升,0.95元/㎡/月,,100,1:0.2,售罄,售罄,售罄,"[""平房注字(2017)595""]",[],金茂,,,民电,民水,36.754706,119.977517,"""""","{""57"": ""人车分流"", ""53"": ""高绿化率"", ""52"": ""低容积"", ""71"": ""便利店"", ""69"": ""学校"", ""68"": ""医院"", ""638"": ""民办中学"", ""637"": ""公办中学"", ""636"": ""公办小学"", ""635"": ""民办小学"", ""598"": ""民办幼儿园"", ""597"": ""公办幼儿园""}","[""人车分流"", ""高绿化率"", ""低容积"", ""便利店"", ""学校""]",https://pic4.ajkimg.com/display/xinfang/48be29fa73ef255a87b1852677b04bcb/275x206n.jpg,[],平度市厦门路与苏州路交汇处向南300米路西
6809590,雅坊A区,青岛,30,李沧区,3642,世园,5195,青岛李沧区世园青岛市李沧区铜川路121号,,,,,119-139㎡,19245.4m²,63947.27m²,"[{""id"": 890117, ""rooms"": 3, ""room_alias"": ""三室"", ""area"": 119}, {""id"": 890118, ""rooms"": 3, ""room_alias"": ""三室"", ""area"": 121}, {""id"": 890116, ""rooms"": 3, ""room_alias"": ""三室"", ""area"": 139}, {""id"": 890119, ""rooms"": 4, ""room_alias"": ""四室"", ""area"": 121}, {""id"": 890120, ""rooms"": 4, ""room_alias"": ""四室"", ""area"": 139}]",3/4室,"3室户型,4室户型",2001-10-20,2026年03月28日,2001年,2002年,"[""2026-03-26"", ""2026-03-26""]",{多层},多层,70年,2.4,30%,374,毛坯,,住宅,融创服务,,,,,售罄,售罄,售罄,"[""青房预字（2026）第011号"", ""青房预字（2026）第012号""]","[""2#"", ""6#""]",正荣,青特集团,青岛丰茂置业有限公司,民电,民水,36.165165,120.474984,"{""service_num"": ""4006708287"", ""num"": ""72125""}","{""80"": ""得房率高"", ""9"": ""轨交房"", ""72"": ""配套纯熟"", ""71"": ""便利店"", ""70"": ""银行"", ""69"": ""学校"", ""68"": ""医院"", ""67"": ""生态绿地"", ""66"": ""公园"", ""65"": ""商业街"", ""64"": ""购物中心"", ""78"": ""大户型"", ""92"": ""热搜盘"", ""90"": ""人气楼盘"", ""638"": ""民办中学"", ""637"": ""公办中学"", ""636"": ""公办小学"", ""599"": ""省级示范园"", ""598"": ""民办幼儿园"", ""597"": ""公办幼儿园"", ""422"": ""30日内开盘"", ""55"": ""小型社区"", ""50"": ""品牌开发商""}","[""得房率高"", ""轨交房"", ""配套纯熟"", ""便利店"", ""银行""]",https://pic4.ajkimg.com/display/xinfang/86235fec385ef0c7f2c1fa74efeb0191/275x206n.jpg,"[{""id"": ""7337420"", ""loupan_id"": ""533907"", ""station_id"": ""121230"", ""subway_id"": ""126"", ""city_id"": ""30"", ""distance"": ""1363米"", ""status"": ""1"", ""last_update_time"": ""1774212707"", ""is_rail_loupan"": ""1"", ""subway_name"": ""2号线"", ""station_name"": ""合川路"", ""distance_raw"": ""1363""}, {""id"": ""7337421"", ""loupan_id"": ""533907"", ""station_id"": ""121229"", ""subway_id"": ""126"", ""city_id"": ""30"", ""distance"": ""1370米"", ""status"": ""1"", ""last_update_time"": ""1774212707"", ""is_rail_loupan"": ""1"", ""subway_name"": ""2号线"", ""station_name"": ""佛耳崖"", ""distance_raw"": ""1370""}]",青岛市李沧区铜川路117号（原青特璟誉生活馆）
6759669,博半岛谷,青岛,30,莱西市,3648,莱西,3720,青岛莱西市莱西烟台南路88号,,1549元/㎡,1549元/㎡,首付7万，月供1756元,87-134㎡,180000m²,260000m²,"[{""id"": 345635, ""rooms"": 2, ""room_alias"": ""二室"", ""area"": 87.19}, {""id"": 345636, ""rooms"": 2, ""room_alias"": ""二室"", ""area"": 88.02}, {""id"": 345638, ""rooms"": 2, ""room_alias"": ""二室"", ""area"": 88.02}, {""id"": 423275, ""rooms"": 2, ""room_alias"": ""二室"", ""area"": 90}, {""id"": 423277, ""rooms"": 3, ""room_alias"": ""三室"", ""area"": 101}, {""id"": 345639, ""rooms"": 3, ""room_alias"": ""三室"", ""area"": 117.19}, {""id"": 345640, ""rooms"": 3, ""room_alias"": ""三室"", ""area"": 117.19}, {""id"": 423273, ""rooms"": 3, ""room_alias"": ""三室"", ""area"": 130}, {""id"": 345641, ""rooms"": 3, ""room_alias"": ""三室"", ""area"": 130.49}, {""id"": 423280, ""rooms"": 3, ""room_alias"": ""三室"", ""area"": 134}]",2/3室,"2室户型,3室户型",2001-07-16,2019年01月04日,2001年,2002年,"[""2019-01-04"", ""2018-09-18"", ""2018-06-26""]","{多层,小高层}",多层、小高层,70年,1.4,40%,2500,毛坯,已竣工，竣工时间：2019-12-31,住宅,新城悦服务,0.5~1元/㎡/月,,2000,1:0.8,售罄,售罄,售罄,"[""西房注字（2018）059"", ""西房注字(2018)031"", ""西房注字(2018)026""]","[""44#、45#、46#、47#、48#"", ""43#"", ""1#""]",朗诗,中国铁建地产,中铁十四局集团凯华置业有限公司,民电,民水,36.86097,120.5058,"{""service_num"": ""4006708287"", ""num"": """"}","{""559"": ""现房"", ""557"": ""项目竣工"", ""53"": ""高绿化率"", ""52"": ""低容积"", ""72"": ""配套纯熟"", ""71"": ""便利店"", ""70"": ""银行"", ""69"": ""学校"", ""68"": ""医院"", ""66"": ""公园"", ""65"": ""商业街"", ""637"": ""公办中学"", ""636"": ""公办小学"", ""598"": ""民办幼儿园"", ""597"": ""公办幼儿园"", ""263"": ""VR看房"", ""54"": ""大型社区"", ""50"": ""品牌开发商""}","[""现房"", ""项目竣工"", ""高绿化率"", ""低容积"", ""配套纯熟""]",https://pic4.ajkimg.com/display/xinfang/38d529a7ed4824c048bf633d297ed4b6/275x206n.jpg,[],青岛莱西市烟台南路115号(房管局南50米)
6363222,山海春天宅,青岛,30,市北区,3640,浮山后,3667,青岛市北区浮山后市北富源一路86号,,,,,55-141㎡,5662m²,34494m²,"[{""id"": 71066, ""rooms"": 1, ""room_alias"": ""一室"", ""area"": 55}, {""id"": 68971, ""rooms"": 1, ""room_alias"": ""一室"", ""area"": 60}, {""id"": 68970, ""rooms"": 2, ""room_alias"": ""二室"", ""area"": 85}, {""id"": 68972, ""rooms"": 2, ""room_alias"": ""二室"", ""area"": 85}, {""id"": 71068, ""rooms"": 2, ""room_alias"": ""二室"", ""area"": 91}, {""id"": 71069, ""rooms"": 3, ""room_alias"": ""三室"", ""area"": 110}, {""id"": 71067, ""rooms"": 4, ""room_alias"": ""四室"", ""area"": 141}]",1/2/3/4室,"1室户型,2室户型,3室户型,4室户型",2001-11-11,,2001年,2002年,[],超高层,高层,70年,4.92,30%,292,毛坯,,住宅,金地智慧服务,2元/㎡/月,,150,,售罄,售罄,售罄,[],[],招商蛇口,,青岛泰诺置业有限公司,民电,民水,36.1079,120.424488,"{""service_num"": ""4006708287"", ""num"": """"}","{""9"": ""轨交房"", ""10"": ""多轨交"", ""72"": ""配套纯熟"", ""70"": ""银行"", ""69"": ""学校"", ""68"": ""医院"", ""66"": ""公园"", ""65"": ""商业街"", ""64"": ""购物中心"", ""79"": ""小户型"", ""78"": ""大户型"", ""638"": ""民办中学"", ""637"": ""公办中学"", ""636"": ""公办小学"", ""635"": ""民办小学"", ""599"": ""省级示范园"", ""598"": ""民办幼儿园"", ""597"": ""公办幼儿园"", ""55"": ""小型社区""}","[""轨交房"", ""多轨交"", ""配套纯熟"", ""银行"", ""学校""]",https://pic4.ajkimg.com/display/xinfang/1880fa7ec3c1edea75d6768d25e8a061/275x206n.jpg,"[{""id"": ""7316107"", ""loupan_id"": ""247651"", ""station_id"": ""120734"", ""subway_id"": ""12051"", ""city_id"": ""30"", ""distance"": ""842米"", ""status"": ""1"", ""last_update_time"": ""1774212708"", ""is_rail_loupan"": ""1"", ""subway_name"": ""4号线"", ""station_name"": ""埠西"", ""distance_raw"": ""842""}, {""id"": ""7316128"", ""loupan_id"": ""247651"", ""station_id"": ""120747"", ""subway_id"": ""12051"", ""city_id"": ""30"", ""distance"": ""849米"", ""status"": ""1"", ""last_update_time"": ""1774212708"", ""is_rail_loupan"": ""1"", ""subway_name"": ""4号线"", ""station_name"": ""劲松三路"", ""distance_raw"": ""849""}, {""id"": ""7316056"", ""loupan_id"": ""247651"", ""station_id"": ""121187"", ""subway_id"": ""12068"", ""city_id"": ""30"", ""distance"": ""1406米"", ""status"": ""1"", ""last_update_time"": ""1774212708"", ""is_rail_loupan"": ""1"", ""subway_name"": ""5号线"", ""station_name"": ""合肥路"", ""distance_raw"": ""1406""}]",市北区合肥路856-23
2028858,华台二期,青岛,30,市南区,3639,西镇,3660,青岛市南区西镇冠县路西侧,,,,,140-237㎡,住宅：60557m² 别墅：60557m²,住宅：240000m² 别墅：240000m²,"[{""id"": 50191, ""rooms"": 3, ""room_alias"": ""三室"", ""area"": 140}, {""id"": 39473, ""rooms"": 3, ""room_alias"": ""三室"", ""area"": 145}, {""id"": 50190, ""rooms"": 3, ""room_alias"": ""三室"", ""area"": 170}, {""id"": 50192, ""rooms"": 4, ""room_alias"": ""四室"", ""area"": 237}]",3/4室,"3室户型,4室户型",2001-11-15,,2001年,2002年,[],高层,住宅：多层、高层 别墅：独栋别墅、联排别墅,住宅：70年 别墅：70年,住宅：3.96 别墅：3.96,住宅：30% 别墅：30%,住宅：1200 别墅：1200,住宅：毛坯 别墅：毛坯,,住宅,龙湖智慧服务,住宅：2.8元/㎡/月,,住宅：800 别墅：800,住宅：1：1 别墅：1：1,售罄,售罄,售罄,"[""青房注字(2011)080号"", ""青房注字(2011)079号"", ""青房注字(2011)103号"", ""青房注字(2012)第070号"", ""青房注字(2012)第069号"", ""青房注字(2013)第041号"", ""青房注字(2014)第006号"", ""青房注字(2014)第005号"", ""青房注字(2014)第043号"", ""青房注字(2014)第042号"", ""青房注字(2015)第018号"", ""青房注字(2015)第017号"", ""青房注字(2016)第070号"", ""青房注字(2016)第069号"", ""青房注字(2016)第094号""]",[],大华,,和记黄埔地产集团,住宅：民电,住宅：民水,36.090487,120.30645,"""""","{""9"": ""轨交房"", ""72"": ""配套纯熟"", ""71"": ""便利店"", ""70"": ""银行"", ""69"": ""学校"", ""68"": ""医院"", ""66"": ""公园"", ""65"": ""商业街"", ""64"": ""购物中心"", ""78"": ""大户型"", ""638"": ""民办中学"", ""637"": ""公办中学"", ""636"": ""公办小学"", ""635"": ""民办小学"", ""598"": ""民办幼儿园"", ""597"": ""公办幼儿园""}","[""轨交房"", ""配套纯熟"", ""便利店"", ""银行"", ""学校""]",https://pic4.ajkimg.com/display/xinfang/f9dcdff9db32682424e40a32bf92222b/275x206n.jpg,"[{""id"": ""7316637"", ""loupan_id"": ""241903"", ""station_id"": ""121226"", ""subway_id"": ""126"", ""city_id"": ""30"", ""distance"": ""597米"", ""status"": ""1"", ""last_update_time"": ""1774212709"", ""is_rail_loupan"": ""1"", ""subway_name"": ""2号线"", ""station_name"": ""小港"", ""distance_raw"": ""597""}, {""id"": ""7316639"", ""loupan_id"": ""241903"", ""station_id"": ""121227"", ""subway_id"": ""126"", ""city_id"": ""30"", ""distance"": ""674米"", ""status"": ""1"", ""last_update_time"": ""1774212709"", ""is_rail_loupan"": ""1"", ""subway_name"": ""2号线"", ""station_name"": ""国际邮轮港"", ""distance_raw"": ""674""}]",新疆路2号
7218233,新玉兰雅居,青岛,30,胶州市,3647,新城,17477,青岛胶州市新城香港路与温州路路口南400米路东,,3043元/㎡,3043元/㎡,首付14万，月供3440元,87-169㎡,26666.66m²,68600m²,"[{""id"": 637562, ""rooms"": 2, ""room_alias"": ""二室"", ""area"": 87}, {""id"": 637560, ""rooms"": 3, ""room_alias"": ""三室"", ""area"": 121}, {""id"": 637559, ""rooms"": 3, ""room_alias"": ""三室"", ""area"": 122}, {""id"": 637566, ""rooms"": 3, ""room_alias"": ""三室"", ""area"": 143}, {""id"": 637567, ""rooms"": 3, ""room_alias"": ""三室"", ""area"": 166}, {""id"": 637565, ""rooms"": 4, ""room_alias"": ""四室"", ""area"": 169}]",2/3/4室,"2室户型,3室户型,4室户型",2001-01-14,2021年04月28日,2001年,2002年,"[""2021-04-28"", ""2020-12-31""]",高层,多层、小高层,70年,1.7,35%,326,毛坯,,住宅,保利物业,2.6元/㎡/月,,417,1:1.27,售罄,售罄,售罄,"[""青房注字（胶州）第2021034号"", ""青房注字（胶州）第2020152号""]","[""7#、8#、9#"", ""1#、2#、3#、5#""]",万科,,青岛恒翔永基置业有限公司,民电,民水,36.267843,120.033588,"""""","{""559"": ""现房"", ""56"": ""车位充足"", ""52"": ""低容积"", ""76"": ""厨卫全明"", ""74"": ""南北通透"", ""73"": ""卧室全朝南"", ""78"": ""大户型"", ""404"": ""客餐厅相连"", ""402"": ""玄关入户"", ""401"": ""户型方正"", ""85"": ""主卧套房"", ""637"": ""公办中学"", ""636"": ""公办小学"", ""598"": ""民办幼儿园"", ""597"": ""公办幼儿园"", ""540"": ""日照模拟"", ""263"": ""VR看房""}","[""现房"", ""车位充足"", ""低容积"", ""厨卫全明"", ""南北通透""]",https://pic4.ajkimg.com/display/xinfang/fbf019444d19233e07e8313505170297/275x206n.jpg,[],青岛市胶州市香港路与温州路路口南400米路东
4164740,阳光世纪名城,青岛,30,胶州市,3647,新城,17477,青岛胶州市新城北京路222号,,3458元/㎡,3458元/㎡,首付22万，月供5375元,120-160㎡,38000m²,135000m²,"[{""id"": 765612, ""rooms"": 3, ""room_alias"": ""三室"", ""area"": 120}, {""id"": 767002, ""rooms"": 3, ""room_alias"": ""三室"", ""area"": 140}, {""id"": 769272, ""rooms"": 3, ""room_alias"": ""三室"", ""area"": 160}]",3室,3室户型,2001-10-10,2022年12月,2001年,2002年,[],{高层},高层,70年,2.6,40%,548,毛坯,,住宅,金地智慧服务,2.77元/㎡/月,,548,,售罄,售罄,售罄,"[""青房注字（胶州）第2022053号""]","[""1#、2#、3#、4#、5#、6#""]",招商蛇口,,阳光新天地控股集团有限公司,民电,民水,36.283046,120.052072,"{""service_num"": ""4006708287"", ""num"": ""15573""}","{""53"": ""高绿化率"", ""76"": ""厨卫全明"", ""74"": ""南北通透"", ""73"": ""卧室全朝南"", ""5"": ""低单价"", ""4"": ""低总价"", ""69"": ""学校"", ""65"": ""商业街"", ""78"": ""大户型"", ""402"": ""玄关入户"", ""401"": ""户型方正"", ""397"": ""动静分离"", ""85"": ""主卧套房"", ""90"": ""人气楼盘"", ""637"": ""公办中学"", ""636"": ""公办小学"", ""598"": ""民办幼儿园"", ""597"": ""公办幼儿园"", ""263"": ""VR看房""}","[""高绿化率"", ""厨卫全明"", ""南北通透"", ""卧室全朝南"", ""低单价""]",https://pic4.ajkimg.com/display/xinfang/c5dc401533a9fd5f6a8785faf4b1c509/275x206n.jpg,[],青岛市胶州市北京路与海尔大道交汇处
3402218,绿北辰豪庭,青岛,30,市南区,3639,香港路沿线,3653,青岛市南区香港路沿线燕儿岛路23号,,,,,240-260㎡,42463m²,121225m²,"[{""id"": 110676, ""rooms"": 4, ""room_alias"": ""四室"", ""area"": 240}, {""id"": 105644, ""rooms"": 4, ""room_alias"": ""四室"", ""area"": 260}]",4室,4室户型,2001-08-27,,2001年,2002年,[],别墅,高层,70年,1.88,30%,228,毛坯,,住宅,金地智慧服务,9元/㎡/月,,630,,售罄,售罄,售罄,"[""青房注字(2016)第013号"", ""青房注字(2015)第042号"", ""青房注字(2014)第033号""]",[],朗诗,,北京远坤房地产开发有限公司,民电,民水,36.076027,120.402923,"{""service_num"": ""4006708287"", ""num"": """"}","{""52"": ""低容积"", ""9"": ""轨交房"", ""10"": ""多轨交"", ""72"": ""配套纯熟"", ""71"": ""便利店"", ""70"": ""银行"", ""69"": ""学校"", ""68"": ""医院"", ""67"": ""生态绿地"", ""66"": ""公园"", ""65"": ""商业街"", ""64"": ""购物中心"", ""78"": ""大户型"", ""638"": ""民办中学"", ""637"": ""公办中学"", ""636"": ""公办小学"", ""635"": ""民办小学"", ""598"": ""民办幼儿园"", ""597"": ""公办幼儿园"", ""55"": ""小型社区""}","[""低容积"", ""轨交房"", ""多轨交"", ""配套纯熟"", ""便利店""]",https://pic4.ajkimg.com/display/xinfang/91715d2325282faa0e4e55a0c601ea3e/275x206n.jpg,"[{""id"": ""7316087"", ""loupan_id"": ""242009"", ""station_id"": ""4480"", ""subway_id"": ""126"", ""city_id"": ""30"", ""distance"": ""730米"", ""status"": ""1"", ""last_update_time"": ""1774212708"", ""is_rail_loupan"": ""1"", ""subway_name"": ""2号线"", ""station_name"": ""燕儿岛路"", ""distance_raw"": ""730""}, {""id"": ""7316086"", ""loupan_id"": ""242009"", ""station_id"": ""4481"", ""subway_id"": ""126"", ""city_id"": ""30"", ""distance"": ""792米"", ""status"": ""1"", ""last_update_time"": ""1774212708"", ""is_rail_loupan"": ""1"", ""subway_name"": ""2号线"", ""station_name"": ""高雄路"", ""distance_raw"": ""792""}, {""id"": ""7314988"", ""loupan_id"": ""242009"", ""station_id"": ""121166"", ""subway_id"": ""12068"", ""city_id"": ""30"", ""distance"": ""1350米"", ""status"": ""1"", ""last_update_time"": ""1774212707"", ""is_rail_loupan"": ""1"", ""subway_name"": ""5号线"", ""station_name"": ""北山公园"", ""distance_raw"": ""1350""}]",市南区燕儿岛路23号
1480574,中梁时代庄,青岛,30,市北区,3640,台东,3674,青岛市北区台东昌乐路与曹县路交汇处,,7884元/㎡,7884元/㎡,首付44万，月供10536元,103-126㎡,22500m²,91800m²,"[{""id"": 664498, ""rooms"": 3, ""room_alias"": ""三室"", ""area"": 103}, {""id"": 664520, ""rooms"": 3, ""room_alias"": ""三室"", ""area"": 118}, {""id"": 664503, ""rooms"": 3, ""room_alias"": ""三室"", ""area"": 126}]",3室,3室户型,2001-07-15,2021年06月30日,2001年,2002年,"[""2021-10-28"", ""2021-06-30""]",{小高层},小高层,70年,2.5,25%,332,,在建中，竣工时间：暂无数据,住宅,金地智慧服务,3.02元/㎡/月,,413,,售罄,售罄,售罄,"[""青房预字(2021)第068号"", ""青房预字(2021)第045号""]","[""2地块1#、2地块2#"", ""1#、2#""]",大华,中梁地产,青岛世华茂悦企业管理有限公司,民电,民水,36.097911,120.342449,"""""","{""81"": ""大阳台"", ""9"": ""轨交房"", ""76"": ""厨卫全明"", ""74"": ""南北通透"", ""73"": ""卧室全朝南"", ""7"": ""项目在建"", ""10"": ""多轨交"", ""78"": ""大户型"", ""404"": ""客餐厅相连"", ""402"": ""玄关入户"", ""401"": ""户型方正"", ""397"": ""动静分离"", ""85"": ""主卧套房"", ""83"": ""双阳台"", ""638"": ""民办中学"", ""637"": ""公办中学"", ""636"": ""公办小学"", ""635"": ""民办小学"", ""598"": ""民办幼儿园"", ""597"": ""公办幼儿园"", ""540"": ""日照模拟"", ""263"": ""VR看房"", ""50"": ""品牌开发商""}","[""大阳台"", ""轨交房"", ""厨卫全明"", ""南北通透"", ""卧室全朝南""]",https://pic4.ajkimg.com/display/xinfang/bc61807db1150a1595dc5b8b95300392/275x206n.jpg,"[{""id"": ""7314264"", ""loupan_id"": ""489858"", ""station_id"": ""121172"", ""subway_id"": ""12068"", ""city_id"": ""30"", ""distance"": ""156米"", ""status"": ""1"", ""last_update_time"": ""1774212706"", ""is_rail_loupan"": ""1"", ""subway_name"": ""5号线"", ""station_name"": ""昌乐路"", ""distance_raw"": ""156""}, {""id"": ""7314572"", ""loupan_id"": ""489858"", ""station_id"": ""120729"", ""subway_id"": ""12051"", ""city_id"": ""30"", ""distance"": ""243米"", ""status"": ""1"", ""last_update_time"": ""1774212706"", ""is_rail_loupan"": ""1"", ""subway_name"": ""4号线"", ""station_name"": ""昌乐路"", ""distance_raw"": ""243""}, {""id"": ""7315502"", ""loupan_id"": ""489858"", ""station_id"": ""4474"", ""subway_id"": ""126"", ""city_id"": ""30"", ""distance"": ""669米"", ""status"": ""1"", ""last_update_time"": ""1774212707"", ""is_rail_loupan"": ""1"", ""subway_name"": ""2号线"", ""station_name"": ""利津路"", ""distance_raw"": ""669""}, {""id"": ""7316191"", ""loupan_id"": ""489858"", ""station_id"": ""120399"", ""subway_id"": ""1045"", ""city_id"": ""30"", ""distance"": ""990米"", ""status"": ""1"", ""last_update_time"": ""1774212708"", ""is_rail_loupan"": ""1"", ""subway_name"": ""1号线"", ""station_name"": ""台东"", ""distance_raw"": ""990""}, {""id"": ""7315507"", ""loupan_id"": ""489858"", ""station_id"": ""4475"", ""subway_id"": ""126"", ""city_id"": ""30"", ""distance"": ""1118米"", ""status"": ""1"", ""last_update_time"": ""1774212707"", ""is_rail_loupan"": ""1"", ""subway_name"": ""2号线"", ""station_name"": ""台东"", ""distance_raw"": ""1118""}, {""id"": ""7315504"", ""loupan_id"": ""489858"", ""station_id"": ""4473"", ""subway_id"": ""126"", ""city_id"": ""30"", ""distance"": ""1128米"", ""status"": ""1"", ""last_update_time"": ""1774212707"", ""is_rail_loupan"": ""1"", ""subway_name"": ""2号线"", ""station_name"": ""泰山路"", ""distance_raw"": ""1128""}, {""id"": ""7314555"", ""loupan_id"": ""489858"", ""station_id"": ""120730"", ""subway_id"": ""12051"", ""city_id"": ""30"", ""distance"": ""1134米"", ""status"": ""1"", ""last_update_time"": ""1774212706"", ""is_rail_loupan"": ""1"", ""subway_name"": ""4号线"", ""station_name"": ""泰山路"", ""distance_raw"": ""1134""}, {""id"": ""7316256"", ""loupan_id"": ""489858"", ""station_id"": ""120355"", ""subway_id"": ""1045"", ""city_id"": ""30"", ""distance"": ""1319米"", ""status"": ""1"", ""last_update_time"": ""1774212708"", ""is_rail_loupan"": ""1"", ""subway_name"": ""1号线"", ""station_name"": ""广饶路"", ""distance_raw"": ""1319""}]",青岛市市北区昌乐路与曹县路交汇处中梁拾光映象营销中心
9841991,御都一期,青岛,30,崂山区,3643,张村河,25580,青岛崂山区张村河长丰路9号,,11619元/㎡,11619元/㎡,首付82万，月供19710元,142-198㎡,39100m²,131500m²,"[{""id"": 819954, ""rooms"": 3, ""room_alias"": ""三室"", ""area"": 142}, {""id"": 818946, ""rooms"": 3, ""room_alias"": ""三室"", ""area"": 158}, {""id"": 824151, ""rooms"": 4, ""room_alias"": ""四室"", ""area"": 178}, {""id"": 837403, ""rooms"": 4, ""room_alias"": ""四室"", ""area"": 198}]",3/4室,"3室户型,4室户型",2001-03-05,2023年10月15日,2001年,2002年,"[""2025-03-03"", ""2024-07-01"", ""2024-04-06"", ""2023-09-23""]",{小高层},小高层,70年,2.5,35%,569,带装修,,住宅,龙湖智慧服务,4.86元/㎡/月,,963,1:1.7,售罄,售罄,售罄,"[""青崂房预字（2024）第0013号"", ""青崂房预字（2024）第0009号"", ""青崂房预字(2024)第0005号"", ""青崂房预字（2023）第0011号""]","[""11#、12#、13#"", ""9#"", ""7#、10#、3#"", ""4#、1#""]",正荣,越秀地产,,民电,民水,36.150725,120.458667,"{""service_num"": ""4006708287"", ""num"": ""100248""}","{""559"": ""现房"", ""56"": ""车位充足"", ""29"": ""装修交付"", ""9"": ""轨交房"", ""76"": ""厨卫全明"", ""74"": ""南北通透"", ""73"": ""卧室全朝南"", ""277"": ""特价房源"", ""276"": ""一房一价"", ""72"": ""配套纯熟"", ""70"": ""银行"", ""69"": ""学校"", ""68"": ""医院"", ""67"": ""生态绿地"", ""65"": ""商业街"", ""78"": ""大户型"", ""402"": ""玄关入户"", ""401"": ""户型方正"", ""397"": ""动静分离"", ""85"": ""主卧套房"", ""83"": ""双阳台"", ""744"": ""好房子"", ""638"": ""民办中学"", ""637"": ""公办中学"", ""636"": ""公办小学"", ""635"": ""民办小学"", ""598"": ""民办幼儿园"", ""597"": ""公办幼儿园"", ""541"": ""3D沙盘"", ""540"": ""日照模拟"", ""263"": ""VR看房"", ""50"": ""品牌开发商""}","[""现房"", ""车位充足"", ""装修交付"", ""轨交房"", ""厨卫全明""]",https://pic4.ajkimg.com/display/xinfang/db1072f81c9060c7d63c5304db415b91/275x206n.jpg,"[{""id"": ""7251756"", ""loupan_id"": ""521756"", ""station_id"": ""120740"", ""subway_id"": ""12051"", ""city_id"": ""30"", ""distance"": ""993米"", ""status"": ""1"", ""last_update_time"": ""1774212708"", ""is_rail_loupan"": ""1"", ""subway_name"": ""4号线"", ""station_name"": ""科苑经七路"", ""distance_raw"": ""993""}, {""id"": ""7251755"", ""loupan_id"": ""521756"", ""station_id"": ""120736"", ""subway_id"": ""12051"", ""city_id"": ""30"", ""distance"": ""1430米"", ""status"": ""1"", ""last_update_time"": ""1774212708"", ""is_rail_loupan"": ""1"", ""subway_name"": ""4号线"", ""station_name"": ""张村"", ""distance_raw"": ""1430""}]",崂山区长丰路9号
1800849,御玉兰坊,青岛,30,平度市,3649,平度,3722,青岛平度市平度平度市南京路619号,,,,,,住宅：53328m² 别墅：53328m²,住宅：64644m² 别墅：64644m²,[],,,2001-04-18,,2001年,2002年,[],{多层},住宅：多层,住宅：70年 别墅：70年,住宅：1.6,住宅：40% 别墅：40%,住宅：800 别墅：800,住宅：毛坯 别墅：毛坯,,住宅,雅生活服务,住宅：0.3元/㎡/月,,,,售罄,售罄,售罄,[],[],中南,,青岛鑫海联置业有限公司,住宅：民电,住宅：民水,36.784854,119.960338,"""""","{""53"": ""高绿化率"", ""52"": ""低容积"", ""72"": ""配套纯熟"", ""71"": ""便利店"", ""70"": ""银行"", ""69"": ""学校"", ""68"": ""医院"", ""66"": ""公园"", ""65"": ""商业街"", ""64"": ""购物中心"", ""638"": ""民办中学"", ""637"": ""公办中学"", ""636"": ""公办小学"", ""635"": ""民办小学"", ""598"": ""民办幼儿园"", ""597"": ""公办幼儿园""}","[""高绿化率"", ""低容积"", ""配套纯熟"", ""便利店"", ""银行""]",https://pic4.ajkimg.com/display/xinfang/ca769fd91c7311078a1f3b217888c233/275x206n.jpg,[],平度市南京路与兰州路交叉路口
3400793,环海玉兰嘉园,青岛,30,黄岛区,4516,石雀滩,5216,青岛黄岛区石雀滩石雀滩路北，南岭路东,,,,,127-185㎡,28455m²,27057m²,"[{""id"": 67941, ""rooms"": 2, ""room_alias"": ""二室"", ""area"": 131.6}, {""id"": 67936, ""rooms"": 3, ""room_alias"": ""三室"", ""area"": 127.4}, {""id"": 67937, ""rooms"": 3, ""room_alias"": ""三室"", ""area"": 163.3}, {""id"": 67938, ""rooms"": 3, ""room_alias"": ""三室"", ""area"": 184.7}, {""id"": 67940, ""rooms"": 4, ""room_alias"": ""四室"", ""area"": 168.95}]",2/3/4室,"2室户型,3室户型,4室户型",2001-04-03,,2001年,2002年,[],{多层},多层,70年,0.88,40%,167,毛坯,,住宅,雅生活服务,,,131,,售罄,售罄,售罄,[],[],华侨城,,青岛环海房地产发展有限公司,民电,民水,35.971941,120.233524,"""""","{""53"": ""高绿化率"", ""52"": ""低容积"", ""63"": ""旅游地产"", ""72"": ""配套纯熟"", ""71"": ""便利店"", ""70"": ""银行"", ""69"": ""学校"", ""68"": ""医院"", ""67"": ""生态绿地"", ""66"": ""公园"", ""78"": ""大户型"", ""637"": ""公办中学"", ""636"": ""公办小学"", ""599"": ""省级示范园"", ""598"": ""民办幼儿园"", ""597"": ""公办幼儿园"", ""55"": ""小型社区""}","[""高绿化率"", ""低容积"", ""旅游地产"", ""配套纯熟"", ""便利店""]",https://pic4.ajkimg.com/display/xinfang/69a2de1321287fad9a38dff733571fe1/275x206n.jpg,[],石雀滩路北，南岭路东
2542978,华阁,青岛,30,市南区,3639,香港路沿线,3653,青岛市南区香港路沿线漳州二路19号（佳世客步行街与漳州二路交界处）,,,,,100-132㎡,25640m²,22859m²,"[{""id"": 51965, ""rooms"": 2, ""room_alias"": ""二室"", ""area"": 115.35}, {""id"": 51964, ""rooms"": 3, ""room_alias"": ""三室"", ""area"": 100.28}, {""id"": 51963, ""rooms"": 3, ""room_alias"": ""三室"", ""area"": 131.89}]",2/3室,"2室户型,3室户型",2001-08-05,,2001年,2002年,[],"{多层,小高层,高层}",多层、小高层、高层,70年,5.9,25%,173,带装修,,住宅,绿城服务,,,,,售罄,售罄,售罄,[],[],朗诗,,,民电,民水,36.080976,120.418612,"{""service_num"": ""4006708287"", ""num"": """"}","{""29"": ""装修交付"", ""9"": ""轨交房"", ""63"": ""旅游地产"", ""72"": ""配套纯熟"", ""71"": ""便利店"", ""70"": ""银行"", ""69"": ""学校"", ""68"": ""医院"", ""67"": ""生态绿地"", ""66"": ""公园"", ""65"": ""商业街"", ""64"": ""购物中心"", ""78"": ""大户型"", ""638"": ""民办中学"", ""637"": ""公办中学"", ""636"": ""公办小学"", ""635"": ""民办小学"", ""598"": ""民办幼儿园"", ""597"": ""公办幼儿园"", ""55"": ""小型社区""}","[""装修交付"", ""轨交房"", ""旅游地产"", ""配套纯熟"", ""便利店""]",https://pic4.ajkimg.com/display/xinfang/ebccc1bf9274e7b5ef1e5d9f5711b88d/275x206n.jpg,"[{""id"": ""7315684"", ""loupan_id"": ""241818"", ""station_id"": ""4480"", ""subway_id"": ""126"", ""city_id"": ""30"", ""distance"": ""399米"", ""status"": ""1"", ""last_update_time"": ""1774212708"", ""is_rail_loupan"": ""1"", ""subway_name"": ""2号线"", ""station_name"": ""燕儿岛路"", ""distance_raw"": ""399""}, {""id"": ""7315666"", ""loupan_id"": ""241818"", ""station_id"": ""4479"", ""subway_id"": ""126"", ""city_id"": ""30"", ""distance"": ""1038米"", ""status"": ""1"", ""last_update_time"": ""1774212708"", ""is_rail_loupan"": ""1"", ""subway_name"": ""2号线"", ""station_name"": ""浮山所"", ""distance_raw"": ""1038""}, {""id"": ""7315685"", ""loupan_id"": ""241818"", ""station_id"": ""4481"", ""subway_id"": ""126"", ""city_id"": ""30"", ""distance"": ""1114米"", ""status"": ""1"", ""last_update_time"": ""1774212708"", ""is_rail_loupan"": ""1"", ""subway_name"": ""2号线"", ""station_name"": ""高雄路"", ""distance_raw"": ""1114""}]",市南区漳州二路19号（佳世客步行街与漳州二路交界处）
7541183,世白鸽新村,青岛,30,市南区,3639,二轻新村,5182,青岛市南区二轻新村延吉路181、183、185号,,,,,,12774.19m²,52237.39m²,[],,,2001-08-18,,2001年,2002年,[],"{小高层,高层}",小高层、高层,70年,2,20%,334,毛坯,,住宅,保利物业,2元/㎡/月,,247,1:0.8,售罄,售罄,售罄,"[""青房注字(2016)第001号"", ""青房注字(2016)第002号""]",[],雅居乐,,,民电,民水,36.102944,120.401868,"""""","{""9"": ""轨交房"", ""10"": ""多轨交"", ""72"": ""配套纯熟"", ""71"": ""便利店"", ""70"": ""银行"", ""69"": ""学校"", ""68"": ""医院"", ""638"": ""民办中学"", ""637"": ""公办中学"", ""636"": ""公办小学"", ""635"": ""民办小学"", ""624"": ""九年一贯制"", ""598"": ""民办幼儿园"", ""597"": ""公办幼儿园""}","[""轨交房"", ""多轨交"", ""配套纯熟"", ""便利店"", ""银行""]",https://pic4.ajkimg.com/display/xinfang/7a39248f53fc02f443c7a27713f2f40f/275x206n.jpg,"[{""id"": ""7316636"", ""loupan_id"": ""409332"", ""station_id"": ""4369"", ""subway_id"": ""121"", ""city_id"": ""30"", ""distance"": ""590米"", ""status"": ""1"", ""last_update_time"": ""1774212709"", ""is_rail_loupan"": ""1"", ""subway_name"": ""3号线"", ""station_name"": ""敦化路"", ""distance_raw"": ""590""}, {""id"": ""7316349"", ""loupan_id"": ""409332"", ""station_id"": ""121168"", ""subway_id"": ""12068"", ""city_id"": ""30"", ""distance"": ""764米"", ""status"": ""1"", ""last_update_time"": ""1774212708"", ""is_rail_loupan"": ""1"", ""subway_name"": ""5号线"", ""station_name"": ""宁夏路"", ""distance_raw"": ""764""}, {""id"": ""7316644"", ""loupan_id"": ""409332"", ""station_id"": ""4370"", ""subway_id"": ""121"", ""city_id"": ""30"", ""distance"": ""873米"", ""status"": ""1"", ""last_update_time"": ""1774212709"", ""is_rail_loupan"": ""1"", ""subway_name"": ""3号线"", ""station_name"": ""宁夏路"", ""distance_raw"": ""873""}, {""id"": ""7316635"", ""loupan_id"": ""409332"", ""station_id"": ""4368"", ""subway_id"": ""121"", ""city_id"": ""30"", ""distance"": ""1376米"", ""status"": ""1"", ""last_update_time"": ""1774212709"", ""is_rail_loupan"": ""1"", ""subway_name"": ""3号线"", ""station_name"": ""错埠岭"", ""distance_raw"": ""1376""}]",市南区延吉路181、183、185号
5422087,中城半岛都,青岛,30,市南区,3639,二轻新村,5182,青岛市南区二轻新村青田路19号,,,,,87-149㎡,56000m²,158000m²,"[{""id"": 186005, ""rooms"": 2, ""room_alias"": ""二室"", ""area"": 87}, {""id"": 186007, ""rooms"": 2, ""room_alias"": ""二室"", ""area"": 91}, {""id"": 186008, ""rooms"": 2, ""room_alias"": ""二室"", ""area"": 92}, {""id"": 134660, ""rooms"": 2, ""room_alias"": ""二室"", ""area"": 93}, {""id"": 134661, ""rooms"": 2, ""room_alias"": ""二室"", ""area"": 93}, {""id"": 134659, ""rooms"": 2, ""room_alias"": ""二室"", ""area"": 94}, {""id"": 186010, ""rooms"": 3, ""room_alias"": ""三室"", ""area"": 95}, {""id"": 186011, ""rooms"": 4, ""room_alias"": ""四室"", ""area"": 149}]",2/3/4室,"2室户型,3室户型,4室户型",2001-08-13,,2001年,2002年,[],{高层},高层,70年,2.8,30%,1453,毛坯,,住宅,绿城服务,2.9元/㎡/月,,,1:1,售罄,售罄,售罄,"[""青房注字(2015)第043号"", ""青房注字(2015)第099号"", ""青房注字(2015)第133号"", ""青经房注字(2014)第22号"", ""青房注字(2015)第161号"", ""青房注字(2016)第026号"", ""青房注字(2016)第038号"", ""青房注字(2016)第044号"", ""青房注字(2016)第082号""]",[],建发,,青岛商业网点集团有限公司,民电,民水,36.102912,120.414187,"""""","{""9"": ""轨交房"", ""10"": ""多轨交"", ""72"": ""配套纯熟"", ""71"": ""便利店"", ""70"": ""银行"", ""69"": ""学校"", ""68"": ""医院"", ""66"": ""公园"", ""65"": ""商业街"", ""64"": ""购物中心"", ""78"": ""大户型"", ""638"": ""民办中学"", ""637"": ""公办中学"", ""636"": ""公办小学"", ""635"": ""民办小学"", ""624"": ""九年一贯制"", ""598"": ""民办幼儿园"", ""597"": ""公办幼儿园""}","[""轨交房"", ""多轨交"", ""配套纯熟"", ""便利店"", ""银行""]",https://pic4.ajkimg.com/display/xinfang/632eca8368e39c4f0d8bbeecaae5b925/275x206n.jpg,"[{""id"": ""7313552"", ""loupan_id"": ""242079"", ""station_id"": ""4369"", ""subway_id"": ""121"", ""city_id"": ""30"", ""distance"": ""995米"", ""status"": ""1"", ""last_update_time"": ""1774212705"", ""is_rail_loupan"": ""1"", ""subway_name"": ""3号线"", ""station_name"": ""敦化路"", ""distance_raw"": ""995""}, {""id"": ""7313836"", ""loupan_id"": ""242079"", ""station_id"": ""121168"", ""subway_id"": ""12068"", ""city_id"": ""30"", ""distance"": ""1288米"", ""status"": ""1"", ""last_update_time"": ""1774212705"", ""is_rail_loupan"": ""1"", ""subway_name"": ""5号线"", ""station_name"": ""宁夏路"", ""distance_raw"": ""1288""}, {""id"": ""7313549"", ""loupan_id"": ""242079"", ""station_id"": ""4368"", ""subway_id"": ""121"", ""city_id"": ""30"", ""distance"": ""1313米"", ""status"": ""1"", ""last_update_time"": ""1774212705"", ""is_rail_loupan"": ""1"", ""subway_name"": ""3号线"", ""station_name"": ""错埠岭"", ""distance_raw"": ""1313""}, {""id"": ""7313546"", ""loupan_id"": ""242079"", ""station_id"": ""4370"", ""subway_id"": ""121"", ""city_id"": ""30"", ""distance"": ""1397米"", ""status"": ""1"", ""last_update_time"": ""1774212705"", ""is_rail_loupan"": ""1"", ""subway_name"": ""3号线"", ""station_name"": ""宁夏路"", ""distance_raw"": ""1397""}, {""id"": ""7314048"", ""loupan_id"": ""242079"", ""station_id"": ""120733"", ""subway_id"": ""12051"", ""city_id"": ""30"", ""distance"": ""1420米"", ""status"": ""1"", ""last_update_time"": ""1774212706"", ""is_rail_loupan"": ""1"", ""subway_name"": ""4号线"", ""station_name"": ""福辽立交桥"", ""distance_raw"": ""1420""}]",市北区绍兴路49号甲（延吉路与绍兴路交汇处）
1292532,雅坊,青岛,30,莱西市,3648,莱西,3720,青岛莱西市莱西沽河办事处（紧邻209国道）,,,,,310-360㎡,800000m²,200000m²,"[{""id"": 88933, ""rooms"": 2, ""room_alias"": ""二室"", ""area"": 310}, {""id"": 88932, ""rooms"": 6, ""room_alias"": ""六室"", ""area"": 360}]",别墅,别墅户型,2001-11-13,,2001年,2002年,"[""2015-05-14""]",{独栋别墅},独栋别墅,70年,0.33,70%,600,毛坯,,别墅,世茂服务,2.5元/㎡/月,,1800,1：3,售罄,售罄,售罄,"[""西房注字(2015)009""]","[""1#""]",远洋,,青岛宏景房地产开发有限公司,民电,民水,36.846353,120.44656,"""""","{""53"": ""高绿化率"", ""70"": ""银行"", ""69"": ""学校"", ""68"": ""医院"", ""78"": ""大户型"", ""598"": ""民办幼儿园""}","[""高绿化率"", ""银行"", ""学校"", ""医院"", ""大户型""]",https://pic4.ajkimg.com/display/xinfang/2027924afe5d0a5b61b68e6d5d4e390c/275x206n.jpg,[],香港中路88号白鹭湖温泉度假区接待会所
156802,龙碧水翠苑,青岛,30,李沧区,3642,金水路,5196,青岛李沧区金水路金川路1号,,9959元/㎡,9959元/㎡,首付68万，月供16377元,127-190㎡,16200m²,27500m²,"[{""id"": 746161, ""rooms"": 3, ""room_alias"": ""三室"", ""area"": 127}, {""id"": 746165, ""rooms"": 3, ""room_alias"": ""三室"", ""area"": 132}, {""id"": 746155, ""rooms"": 4, ""room_alias"": ""四室"", ""area"": 156}, {""id"": 746153, ""rooms"": 4, ""room_alias"": ""四室"", ""area"": 160}, {""id"": 746168, ""rooms"": 4, ""room_alias"": ""四室"", ""area"": 175}, {""id"": 746158, ""rooms"": 4, ""room_alias"": ""四室"", ""area"": 190}]",3/4室,"3室户型,4室户型",2001-05-04,2022年03月05日,2001年,2002年,"[""2022-03-03""]",超高层,花园洋房,70年,1.2,30%,125,,在建中，竣工时间：2024-08-30,住宅,金地智慧服务,3元/㎡/月,,201,1:1.5,售罄,售罄,售罄,"[""青房预字（2022）第009号""]","[""1#、2#、3#、4#、5#、6#""]",融创,绿城集团,青岛绿城华川置业有限公司,民电,民水,36.180248,120.443724,"{""service_num"": ""4006708287"", ""num"": """"}","{""559"": ""现房"", ""56"": ""车位充足"", ""52"": ""低容积"", ""9"": ""轨交房"", ""76"": ""厨卫全明"", ""74"": ""南北通透"", ""7"": ""项目在建"", ""10"": ""多轨交"", ""72"": ""配套纯熟"", ""70"": ""银行"", ""69"": ""学校"", ""68"": ""医院"", ""66"": ""公园"", ""65"": ""商业街"", ""78"": ""大户型"", ""404"": ""客餐厅相连"", ""403"": ""私密性好"", ""402"": ""玄关入户"", ""401"": ""户型方正"", ""85"": ""主卧套房"", ""83"": ""双阳台"", ""638"": ""民办中学"", ""637"": ""公办中学"", ""636"": ""公办小学"", ""635"": ""民办小学"", ""599"": ""省级示范园"", ""598"": ""民办幼儿园"", ""597"": ""公办幼儿园"", ""540"": ""日照模拟"", ""263"": ""VR看房"", ""55"": ""小型社区"", ""50"": ""品牌开发商""}","[""现房"", ""车位充足"", ""低容积"", ""轨交房"", ""厨卫全明""]",https://pic4.ajkimg.com/display/xinfang/f421224f5613cbecb9cf02eede551d10/275x206n.jpg,"[{""id"": ""7315873"", ""loupan_id"": ""511251"", ""station_id"": ""121229"", ""subway_id"": ""126"", ""city_id"": ""30"", ""distance"": ""430米"", ""status"": ""1"", ""last_update_time"": ""1774212708"", ""is_rail_loupan"": ""1"", ""subway_name"": ""2号线"", ""station_name"": ""佛耳崖"", ""distance_raw"": ""430""}, {""id"": ""7315952"", ""loupan_id"": ""511251"", ""station_id"": ""121206"", ""subway_id"": ""12070"", ""city_id"": ""30"", ""distance"": ""1078米"", ""status"": ""1"", ""last_update_time"": ""1774212708"", ""is_rail_loupan"": ""1"", ""subway_name"": ""15号线"", ""station_name"": ""下王埠"", ""distance_raw"": ""1078""}, {""id"": ""7315872"", ""loupan_id"": ""511251"", ""station_id"": ""121228"", ""subway_id"": ""126"", ""city_id"": ""30"", ""distance"": ""1434米"", ""status"": ""1"", ""last_update_time"": ""1774212708"", ""is_rail_loupan"": ""1"", ""subway_name"": ""2号线"", ""station_name"": ""下王埠"", ""distance_raw"": ""1434""}]",李沧区铜川路223号绿城理想之城生活馆
2877316,融海北辰雅居,青岛,30,李沧区,3642,世园,5195,青岛李沧区世园金水路与汉川路交界处,,4979元/㎡,4979元/㎡,首付26万，月供6379元,89-155㎡,115340m²,406213m²,"[{""id"": 762509, ""rooms"": 3, ""room_alias"": ""三室"", ""area"": 89}, {""id"": 762508, ""rooms"": 3, ""room_alias"": ""三室"", ""area"": 108}, {""id"": 762507, ""rooms"": 3, ""room_alias"": ""三室"", ""area"": 116}, {""id"": 762505, ""rooms"": 3, ""room_alias"": ""三室"", ""area"": 124}, {""id"": 762504, ""rooms"": 3, ""room_alias"": ""三室"", ""area"": 155}]",3室,3室户型,2001-09-16,2023年01月08日,2001年,2002年,"[""2024-05-20"", ""2023-04-26"", ""2023-01-04""]",别墅,小高层、高层,70年,2.5,30%,1638,毛坯,已竣工，竣工时间：2025-12-31,住宅,雅生活服务,,,2852,1:1.2,售罄,售罄,售罄,"[""青房预字(2024)第019号"", ""青房预字2023（第036）号"", ""青房预字（2003）第001号""]","[""4#"", ""7#"", ""10#、11#、13#、12#""]",远洋,,青岛智谷源建设投资有限公司,民电,民水,36.182503,120.462828,"""""","{""557"": ""项目竣工"", ""56"": ""车位充足"", ""9"": ""轨交房"", ""76"": ""厨卫全明"", ""74"": ""南北通透"", ""396"": ""河景地产"", ""547"": ""地铁"", ""72"": ""配套纯熟"", ""71"": ""便利店"", ""70"": ""银行"", ""69"": ""学校"", ""68"": ""医院"", ""67"": ""生态绿地"", ""66"": ""公园"", ""65"": ""商业街"", ""64"": ""购物中心"", ""78"": ""大户型"", ""402"": ""玄关入户"", ""401"": ""户型方正"", ""397"": ""动静分离"", ""85"": ""主卧套房"", ""92"": ""热搜盘"", ""90"": ""人气楼盘"", ""638"": ""民办中学"", ""637"": ""公办中学"", ""636"": ""公办小学"", ""635"": ""民办小学"", ""598"": ""民办幼儿园"", ""597"": ""公办幼儿园"", ""541"": ""3D沙盘"", ""263"": ""VR看房"", ""54"": ""大型社区"", ""50"": ""品牌开发商""}","[""项目竣工"", ""车位充足"", ""轨交房"", ""厨卫全明"", ""南北通透""]",https://pic4.ajkimg.com/display/xinfang/d4f103af3b9cbc62bc586c7a91234540/275x206n.jpg,"[{""id"": ""7275280"", ""loupan_id"": ""513538"", ""station_id"": ""121231"", ""subway_id"": ""126"", ""city_id"": ""30"", ""distance"": ""479米"", ""status"": ""1"", ""last_update_time"": ""1774212709"", ""is_rail_loupan"": ""1"", ""subway_name"": ""2号线"", ""station_name"": ""汉川路"", ""distance_raw"": ""479""}, {""id"": ""7275281"", ""loupan_id"": ""513538"", ""station_id"": ""121232"", ""subway_id"": ""126"", ""city_id"": ""30"", ""distance"": ""1436米"", ""status"": ""1"", ""last_update_time"": ""1774212709"", ""is_rail_loupan"": ""1"", ""subway_name"": ""2号线"", ""station_name"": ""东川路"", ""distance_raw"": ""1436""}]",李沧区金水路与汉川路交界处
8174494,鑫景二期,青岛,30,李沧区,3642,李村,3690,青岛李沧区李村李沧区京口路以北、重庆中路以东,,3096元/㎡,3096元/㎡,首付12万，月供3010元,75-108㎡,61800m²,230300m²,"[{""id"": 860131, ""rooms"": 2, ""room_alias"": ""二室"", ""area"": 75}, {""id"": 860130, ""rooms"": 2, ""room_alias"": ""二室"", ""area"": 78}, {""id"": 860129, ""rooms"": 3, ""room_alias"": ""三室"", ""area"": 99}, {""id"": 860128, ""rooms"": 3, ""room_alias"": ""三室"", ""area"": 100}, {""id"": 878810, ""rooms"": 3, ""room_alias"": ""三室"", ""area"": 101}]",2/3室,"2室户型,3室户型",2001-01-28,2025年03月27日,2001年,2002年,"[""2025-03-26"", ""2025-03-26"", ""2025-03-26""]",{高层},高层,70年,2.7,30%,1801,,在建中，竣工时间：暂无数据,住宅,融创服务,1.96元/㎡/月,,1891,,售罄,售罄,售罄,"[""青保售房注字（2025）第01号"", ""青保售房注字（2025）第03号"", ""青保售房注字（2025）第02号""]","[""16#、12#、13#、14#、15#"", ""2#、1#、5#、6#、3#、4#"", ""7#、8#、10#、11#、9#""]",美的置业,青岛城市发展,,民电,民水,36.179216,120.394925,"{""service_num"": ""4006708287"", ""num"": ""24535""}","{""9"": ""轨交房"", ""76"": ""厨卫全明"", ""75"": ""三房朝南"", ""74"": ""南北通透"", ""73"": ""卧室全朝南"", ""7"": ""项目在建"", ""10"": ""多轨交"", ""72"": ""配套纯熟"", ""71"": ""便利店"", ""70"": ""银行"", ""69"": ""学校"", ""68"": ""医院"", ""67"": ""生态绿地"", ""66"": ""公园"", ""65"": ""商业街"", ""64"": ""购物中心"", ""402"": ""玄关入户"", ""401"": ""户型方正"", ""397"": ""动静分离"", ""85"": ""主卧套房"", ""90"": ""人气楼盘"", ""638"": ""民办中学"", ""637"": ""公办中学"", ""636"": ""公办小学"", ""635"": ""民办小学"", ""624"": ""九年一贯制"", ""599"": ""省级示范园"", ""598"": ""民办幼儿园"", ""597"": ""公办幼儿园"", ""541"": ""3D沙盘"", ""263"": ""VR看房"", ""54"": ""大型社区"", ""50"": ""品牌开发商""}","[""轨交房"", ""厨卫全明"", ""三房朝南"", ""南北通透"", ""卧室全朝南""]",https://pic4.ajkimg.com/display/xinfang/922fb4a7cb3f59a3b3ba5cfd940a313e/275x206n.jpg,"[{""id"": ""7303229"", ""loupan_id"": ""529439"", ""station_id"": ""121279"", ""subway_id"": ""124"", ""city_id"": ""30"", ""distance"": ""136米"", ""status"": ""1"", ""last_update_time"": ""1774212706"", ""is_rail_loupan"": ""1"", ""subway_name"": ""7号线"", ""station_name"": ""振华路"", ""distance_raw"": ""136""}, {""id"": ""7303232"", ""loupan_id"": ""529439"", ""station_id"": ""4359"", ""subway_id"": ""121"", ""city_id"": ""30"", ""distance"": ""236米"", ""status"": ""1"", ""last_update_time"": ""1774212709"", ""is_rail_loupan"": ""1"", ""subway_name"": ""3号线"", ""station_name"": ""振华路"", ""distance_raw"": ""236""}, {""id"": ""7303234"", ""loupan_id"": ""529439"", ""station_id"": ""4360"", ""subway_id"": ""121"", ""city_id"": ""30"", ""distance"": ""952米"", ""status"": ""1"", ""last_update_time"": ""1774212709"", ""is_rail_loupan"": ""1"", ""subway_name"": ""3号线"", ""station_name"": ""君峰路"", ""distance_raw"": ""952""}, {""id"": ""7303228"", ""loupan_id"": ""529439"", ""station_id"": ""121278"", ""subway_id"": ""124"", ""city_id"": ""30"", ""distance"": ""1335米"", ""status"": ""1"", ""last_update_time"": ""1774212706"", ""is_rail_loupan"": ""1"", ""subway_name"": ""7号线"", ""station_name"": ""文安路"", ""distance_raw"": ""1335""}, {""id"": ""7303233"", ""loupan_id"": ""529439"", ""station_id"": ""4358"", ""subway_id"": ""121"", ""city_id"": ""30"", ""distance"": ""1462米"", ""status"": ""1"", ""last_update_time"": ""1774212709"", ""is_rail_loupan"": ""1"", ""subway_name"": ""3号线"", ""station_name"": ""永平路"", ""distance_raw"": ""1462""}, {""id"": ""7303231"", ""loupan_id"": ""529439"", ""station_id"": ""121282"", ""subway_id"": ""1044"", ""city_id"": ""30"", ""distance"": ""1491米"", ""status"": ""1"", ""last_update_time"": ""1774212706"", ""is_rail_loupan"": ""1"", ""subway_name"": ""8号线"", ""station_name"": ""曲戈庄"", ""distance_raw"": ""1491""}]",青岛市市北区长沙路46号
4708682,雅桃源小区,青岛,30,市北区,3640,山东路,5185,青岛市北区山东路敦化路与南京路交汇处,,,,,92-156㎡,12369m²,78798m²,"[{""id"": 38437, ""rooms"": 2, ""room_alias"": ""二室"", ""area"": 92}, {""id"": 38438, ""rooms"": 2, ""room_alias"": ""二室"", ""area"": 95}, {""id"": 38439, ""rooms"": 3, ""room_alias"": ""三室"", ""area"": 129}, {""id"": 38440, ""rooms"": 3, ""room_alias"": ""三室"", ""area"": 156}]",2/3室,"2室户型,3室户型",2001-02-07,,2001年,2002年,[],{高层},高层,70年,4.5,40%,474,带装修,,住宅,旭辉永升,2.92元/㎡/月,,474,1:1,售罄,售罄,售罄,[],[],中海,,华仁世纪集团有限公司,民电,民水,36.108556,120.401163,"""""","{""53"": ""高绿化率"", ""29"": ""装修交付"", ""9"": ""轨交房"", ""10"": ""多轨交"", ""72"": ""配套纯熟"", ""71"": ""便利店"", ""70"": ""银行"", ""69"": ""学校"", ""68"": ""医院"", ""66"": ""公园"", ""65"": ""商业街"", ""64"": ""购物中心"", ""78"": ""大户型"", ""638"": ""民办中学"", ""637"": ""公办中学"", ""636"": ""公办小学"", ""635"": ""民办小学"", ""624"": ""九年一贯制"", ""598"": ""民办幼儿园"", ""597"": ""公办幼儿园""}","[""高绿化率"", ""装修交付"", ""轨交房"", ""多轨交"", ""配套纯熟""]",https://pic4.ajkimg.com/display/xinfang/2624f53309baf8a6fb5b385e6040dffb/275x206n.jpg,"[{""id"": ""7315716"", ""loupan_id"": ""241729"", ""station_id"": ""4369"", ""subway_id"": ""121"", ""city_id"": ""30"", ""distance"": ""445米"", ""status"": ""1"", ""last_update_time"": ""1774212708"", ""is_rail_loupan"": ""1"", ""subway_name"": ""3号线"", ""station_name"": ""敦化路"", ""distance_raw"": ""445""}, {""id"": ""7315715"", ""loupan_id"": ""241729"", ""station_id"": ""4368"", ""subway_id"": ""121"", ""city_id"": ""30"", ""distance"": ""725米"", ""status"": ""1"", ""last_update_time"": ""1774212708"", ""is_rail_loupan"": ""1"", ""subway_name"": ""3号线"", ""station_name"": ""错埠岭"", ""distance_raw"": ""725""}, {""id"": ""7315663"", ""loupan_id"": ""241729"", ""station_id"": ""120732"", ""subway_id"": ""12051"", ""city_id"": ""30"", ""distance"": ""943米"", ""status"": ""1"", ""last_update_time"": ""1774212708"", ""is_rail_loupan"": ""1"", ""subway_name"": ""4号线"", ""station_name"": ""错埠岭"", ""distance_raw"": ""943""}, {""id"": ""7314487"", ""loupan_id"": ""241729"", ""station_id"": ""121168"", ""subway_id"": ""12068"", ""city_id"": ""30"", ""distance"": ""1115米"", ""status"": ""1"", ""last_update_time"": ""1774212706"", ""is_rail_loupan"": ""1"", ""subway_name"": ""5号线"", ""station_name"": ""宁夏路"", ""distance_raw"": ""1115""}, {""id"": ""7315734"", ""loupan_id"": ""241729"", ""station_id"": ""4370"", ""subway_id"": ""121"", ""city_id"": ""30"", ""distance"": ""1224米"", ""status"": ""1"", ""last_update_time"": ""1774212708"", ""is_rail_loupan"": ""1"", ""subway_name"": ""3号线"", ""station_name"": ""宁夏路"", ""distance_raw"": ""1224""}, {""id"": ""7315893"", ""loupan_id"": ""241729"", ""station_id"": ""121286"", ""subway_id"": ""1044"", ""city_id"": ""30"", ""distance"": ""1385米"", ""status"": ""1"", ""last_update_time"": ""1774212708"", ""is_rail_loupan"": ""1"", ""subway_name"": ""8号线"", ""station_name"": ""西吴家村"", ""distance_raw"": ""1385""}]",市北区敦化路336号（延吉路万达广场北）
6867854,我家半岛居,青岛,30,西海岸新区,3646,珠山路,5208,青岛西海岸新区珠山路大珠山中路西海岸汽车总站东北300米,,,,,79-90㎡,54177m²,171849.9m²,"[{""id"": 135214, ""rooms"": 2, ""room_alias"": ""二室"", ""area"": 79}, {""id"": 135215, ""rooms"": 2, ""room_alias"": ""二室"", ""area"": 79}, {""id"": 205611, ""rooms"": 3, ""room_alias"": ""三室"", ""area"": 90}]",2/3室,"2室户型,3室户型",2001-06-09,,2001年,2002年,[],{高层},高层,70年,2.6,30%,1503,毛坯,,住宅,龙湖智慧服务,1.6元/㎡/月,,1503,1:1,售罄,售罄,售罄,"[""青房注字黄岛(2016)第115"", ""青房注字青开(2015)第053""]",[],远洋,,,民电,民水,35.911475,120.040105,"""""","{""72"": ""配套纯熟"", ""70"": ""银行"", ""69"": ""学校"", ""68"": ""医院"", ""65"": ""商业街"", ""64"": ""购物中心"", ""637"": ""公办中学"", ""636"": ""公办小学"", ""598"": ""民办幼儿园"", ""597"": ""公办幼儿园"", ""54"": ""大型社区""}","[""配套纯熟"", ""银行"", ""学校"", ""医院"", ""商业街""]",https://pic4.ajkimg.com/display/xinfang/dc71dfed051e7ed852398439385a4602/275x206n.jpg,[],大珠山中路西海岸汽车总站东北300米
8039285,金邸,青岛,30,黄岛区,4516,漓江路,5218,青岛黄岛区漓江路漓江东路与华顶山路交界处东,,,,,93-194㎡,37000m²,100000m²,"[{""id"": 448154, ""rooms"": 2, ""room_alias"": ""二室"", ""area"": 93}, {""id"": 448153, ""rooms"": 3, ""room_alias"": ""三室"", ""area"": 98}, {""id"": 448150, ""rooms"": 3, ""room_alias"": ""三室"", ""area"": 115}, {""id"": 448151, ""rooms"": 4, ""room_alias"": ""四室"", ""area"": 143}, {""id"": 448152, ""rooms"": 4, ""room_alias"": ""四室"", ""area"": 143}, {""id"": 448158, ""rooms"": 4, ""room_alias"": ""四室"", ""area"": 194}]",2/3/4室,"2室户型,3室户型,4室户型",2001-02-01,,2001年,2002年,"[""2019-07-11"", ""2019-09-23""]","{高层,花园洋房}",高层、花园洋房,70年,1.9,40%,549,带装修,,住宅,世茂服务,3.02元/㎡/月,,739,1:1.35,售罄,售罄,售罄,"[""青房注字 青黄19第067号"", ""青房注字青黄（2019）第124号""]","[""5#、6#、7#"", ""2#、3#、8#、9#、10#""]",佳兆业,卓越置业,青岛卓越金海岸置业有限公司,民电,民水,35.961622,120.247127,"{""service_num"": ""4006708287"", ""num"": """"}","{""81"": ""大阳台"", ""56"": ""车位充足"", ""53"": ""高绿化率"", ""52"": ""低容积"", ""29"": ""装修交付"", ""76"": ""厨卫全明"", ""74"": ""南北通透"", ""71"": ""便利店"", ""70"": ""银行"", ""69"": ""学校"", ""78"": ""大户型"", ""402"": ""玄关入户"", ""401"": ""户型方正"", ""85"": ""主卧套房"", ""83"": ""双阳台"", ""82"": ""双卫生间"", ""637"": ""公办中学"", ""636"": ""公办小学"", ""599"": ""省级示范园"", ""598"": ""民办幼儿园"", ""597"": ""公办幼儿园"", ""263"": ""VR看房"", ""50"": ""品牌开发商""}","[""大阳台"", ""车位充足"", ""高绿化率"", ""低容积"", ""装修交付""]",https://pic4.ajkimg.com/display/xinfang/23047d191e9ff8247cb431936ed407b1/275x206n.jpg,[],黄岛区金沙滩路与华顶山路交汇北侧100米
1434903,瑞玉兰阁,青岛,30,莱西市,3648,莱西,3720,青岛莱西市莱西烟台南路88号,,1549元/㎡,1549元/㎡,首付7万，月供1756元,87-134㎡,180000m²,260000m²,"[{""id"": 345635, ""rooms"": 2, ""room_alias"": ""二室"", ""area"": 87.19}, {""id"": 345636, ""rooms"": 2, ""room_alias"": ""二室"", ""area"": 88.02}, {""id"": 345638, ""rooms"": 2, ""room_alias"": ""二室"", ""area"": 88.02}, {""id"": 423275, ""rooms"": 2, ""room_alias"": ""二室"", ""area"": 90}, {""id"": 423277, ""rooms"": 3, ""room_alias"": ""三室"", ""area"": 101}, {""id"": 345639, ""rooms"": 3, ""room_alias"": ""三室"", ""area"": 117.19}, {""id"": 345640, ""rooms"": 3, ""room_alias"": ""三室"", ""area"": 117.19}, {""id"": 423273, ""rooms"": 3, ""room_alias"": ""三室"", ""area"": 130}, {""id"": 345641, ""rooms"": 3, ""room_alias"": ""三室"", ""area"": 130.49}, {""id"": 423280, ""rooms"": 3, ""room_alias"": ""三室"", ""area"": 134}]",2/3室,"2室户型,3室户型",2001-11-08,2019年01月04日,2001年,2002年,"[""2019-01-04"", ""2018-09-18"", ""2018-06-26""]",小高层,多层、小高层,70年,1.4,40%,2500,毛坯,已竣工，竣工时间：2019-12-31,住宅,融创服务,0.5~1元/㎡/月,,2000,1:0.8,售罄,售罄,售罄,"[""西房注字（2018）059"", ""西房注字(2018)031"", ""西房注字(2018)026""]","[""44#、45#、46#、47#、48#"", ""43#"", ""1#""]",雅居乐,中国铁建地产,中铁十四局集团凯华置业有限公司,民电,民水,36.85939,120.528015,"{""service_num"": ""4006708287"", ""num"": """"}","{""559"": ""现房"", ""557"": ""项目竣工"", ""53"": ""高绿化率"", ""52"": ""低容积"", ""72"": ""配套纯熟"", ""71"": ""便利店"", ""70"": ""银行"", ""69"": ""学校"", ""68"": ""医院"", ""66"": ""公园"", ""65"": ""商业街"", ""637"": ""公办中学"", ""636"": ""公办小学"", ""598"": ""民办幼儿园"", ""597"": ""公办幼儿园"", ""263"": ""VR看房"", ""54"": ""大型社区"", ""50"": ""品牌开发商""}","[""现房"", ""项目竣工"", ""高绿化率"", ""低容积"", ""配套纯熟""]",https://pic4.ajkimg.com/display/xinfang/38d529a7ed4824c048bf633d297ed4b6/275x206n.jpg,[],青岛莱西市烟台南路115号(房管局南50米)
3868266,中海阳光名城,青岛,30,市北区,3640,湖岛,5193,青岛市北区湖岛海岸路22乙板块,,,,,80-115㎡,70756.39m²,198117.9m²,"[{""id"": 183557, ""rooms"": 2, ""room_alias"": ""二室"", ""area"": 80}, {""id"": 149918, ""rooms"": 2, ""room_alias"": ""二室"", ""area"": 85}, {""id"": 183555, ""rooms"": 2, ""room_alias"": ""二室"", ""area"": 105}, {""id"": 149931, ""rooms"": 3, ""room_alias"": ""三室"", ""area"": 95}, {""id"": 183558, ""rooms"": 3, ""room_alias"": ""三室"", ""area"": 99}, {""id"": 149927, ""rooms"": 3, ""room_alias"": ""三室"", ""area"": 100}, {""id"": 149930, ""rooms"": 3, ""room_alias"": ""三室"", ""area"": 100}, {""id"": 149932, ""rooms"": 3, ""room_alias"": ""三室"", ""area"": 110}, {""id"": 149933, ""rooms"": 3, ""room_alias"": ""三室"", ""area"": 110}, {""id"": 149934, ""rooms"": 3, ""room_alias"": ""三室"", ""area"": 115}]",2/3室,"2室户型,3室户型",2001-11-25,,2001年,2002年,[],"{多层,高层,花园洋房}",多层、高层、花园洋房,70年,2.8,30%,1800,"毛坯,带装修",,住宅,龙湖智慧服务,2.8元/㎡/月,,1800,1:1,售罄,售罄,售罄,"[""青房注字(2015)第148号"", ""青房注字(2015)第147号"", ""青房注字(2016)第014号"", ""青房注字(2016)第091号""]",[],象屿,,中海地产,民电,民水,36.101752,120.364381,"""""","{""29"": ""装修交付"", ""9"": ""轨交房"", ""72"": ""配套纯熟"", ""70"": ""银行"", ""69"": ""学校"", ""68"": ""医院"", ""66"": ""公园"", ""65"": ""商业街"", ""64"": ""购物中心"", ""78"": ""大户型"", ""638"": ""民办中学"", ""637"": ""公办中学"", ""636"": ""公办小学"", ""635"": ""民办小学"", ""598"": ""民办幼儿园"", ""597"": ""公办幼儿园"", ""54"": ""大型社区""}","[""装修交付"", ""轨交房"", ""配套纯熟"", ""银行"", ""学校""]",https://pic4.ajkimg.com/display/xinfang/61c08cfc95dc3eab218ad809f2966222/275x206n.jpg,"[{""id"": ""7313408"", ""loupan_id"": ""389871"", ""station_id"": ""121176"", ""subway_id"": ""12068"", ""city_id"": ""30"", ""distance"": ""1112米"", ""status"": ""1"", ""last_update_time"": ""1774212705"", ""is_rail_loupan"": ""1"", ""subway_name"": ""5号线"", ""station_name"": ""海云庵"", ""distance_raw"": ""1112""}]",青岛市市北区杭州路9-14号，四方长途汽车站北600米
3223380,碧府一期,青岛,30,市南区,3639,香港路沿线,3653,青岛市南区香港路沿线燕儿岛路23号,,,,,240-260㎡,42463m²,121225m²,"[{""id"": 110676, ""rooms"": 4, ""room_alias"": ""四室"", ""area"": 240}, {""id"": 105644, ""rooms"": 4, ""room_alias"": ""四室"", ""area"": 260}]",4室,4室户型,2001-10-06,,2001年,2002年,[],{高层},高层,70年,1.88,30%,228,毛坯,,住宅,万科物业,9元/㎡/月,,630,,售罄,售罄,售罄,"[""青房注字(2016)第013号"", ""青房注字(2015)第042号"", ""青房注字(2014)第033号""]",[],远洋,,北京远坤房地产开发有限公司,民电,民水,36.090162,120.410244,"{""service_num"": ""4006708287"", ""num"": """"}","{""52"": ""低容积"", ""9"": ""轨交房"", ""10"": ""多轨交"", ""72"": ""配套纯熟"", ""71"": ""便利店"", ""70"": ""银行"", ""69"": ""学校"", ""68"": ""医院"", ""67"": ""生态绿地"", ""66"": ""公园"", ""65"": ""商业街"", ""64"": ""购物中心"", ""78"": ""大户型"", ""638"": ""民办中学"", ""637"": ""公办中学"", ""636"": ""公办小学"", ""635"": ""民办小学"", ""598"": ""民办幼儿园"", ""597"": ""公办幼儿园"", ""55"": ""小型社区""}","[""低容积"", ""轨交房"", ""多轨交"", ""配套纯熟"", ""便利店""]",https://pic4.ajkimg.com/display/xinfang/91715d2325282faa0e4e55a0c601ea3e/275x206n.jpg,"[{""id"": ""7316087"", ""loupan_id"": ""242009"", ""station_id"": ""4480"", ""subway_id"": ""126"", ""city_id"": ""30"", ""distance"": ""730米"", ""status"": ""1"", ""last_update_time"": ""1774212708"", ""is_rail_loupan"": ""1"", ""subway_name"": ""2号线"", ""station_name"": ""燕儿岛路"", ""distance_raw"": ""730""}, {""id"": ""7316086"", ""loupan_id"": ""242009"", ""station_id"": ""4481"", ""subway_id"": ""126"", ""city_id"": ""30"", ""distance"": ""792米"", ""status"": ""1"", ""last_update_time"": ""1774212708"", ""is_rail_loupan"": ""1"", ""subway_name"": ""2号线"", ""station_name"": ""高雄路"", ""distance_raw"": ""792""}, {""id"": ""7314988"", ""loupan_id"": ""242009"", ""station_id"": ""121166"", ""subway_id"": ""12068"", ""city_id"": ""30"", ""distance"": ""1350米"", ""status"": ""1"", ""last_update_time"": ""1774212707"", ""is_rail_loupan"": ""1"", ""subway_name"": ""5号线"", ""station_name"": ""北山公园"", ""distance_raw"": ""1350""}]",市南区燕儿岛路23号
1705728,鑫春天堂,青岛,30,崂山区,3643,其他,10175,青岛崂山区其他松岭路169号,,,,,,36667m²,170000m²,[],,,2001-01-24,,2001年,2002年,[],{},,40年,,,,,,标准写字楼,万科物业,,,,,售罄,售罄,售罄,[],[],金地,,,商电,商水,36.168526,120.495931,"""""","{""9"": ""轨交房"", ""10"": ""多轨交"", ""72"": ""配套纯熟"", ""71"": ""便利店"", ""70"": ""银行"", ""65"": ""商业街""}","[""轨交房"", ""多轨交"", ""配套纯熟"", ""便利店"", ""银行""]",https://pic4.ajkimg.com/display/xinfang/98a5ef7373e89e32eb612840dc3dfc34/275x206n.jpg,"[{""id"": ""7313301"", ""loupan_id"": ""413162"", ""station_id"": ""4384"", ""subway_id"": ""122"", ""city_id"": ""30"", ""distance"": ""235米"", ""status"": ""1"", ""last_update_time"": ""1774212705"", ""is_rail_loupan"": ""1"", ""subway_name"": ""蓝谷快线"", ""station_name"": ""枯桃"", ""distance_raw"": ""235""}, {""id"": ""7313297"", ""loupan_id"": ""413162"", ""station_id"": ""4383"", ""subway_id"": ""122"", ""city_id"": ""30"", ""distance"": ""671米"", ""status"": ""1"", ""last_update_time"": ""1774212705"", ""is_rail_loupan"": ""1"", ""subway_name"": ""蓝谷快线"", ""station_name"": ""张村"", ""distance_raw"": ""671""}, {""id"": ""7316367"", ""loupan_id"": ""413162"", ""station_id"": ""120736"", ""subway_id"": ""12051"", ""city_id"": ""30"", ""distance"": ""786米"", ""status"": ""1"", ""last_update_time"": ""1774212708"", ""is_rail_loupan"": ""1"", ""subway_name"": ""4号线"", ""station_name"": ""张村"", ""distance_raw"": ""786""}]",青岛市崂山区松岭路169号
9885442,锦江和平峰,青岛,30,西海岸新区,3646,珠山路,5208,青岛西海岸新区珠山路泰山路与泉城路交汇,,,,,,10553m²,18855m²,[],,,2001-11-09,,2001年,2002年,[],{},,40年,,15%,246,毛坯,,商业街,万科物业,2.6元/㎡/月,,,,售罄,售罄,售罄,[],[],金茂,,,商电,商水,35.887882,120.025534,"""""","{""9"": ""轨交房"", ""72"": ""配套纯熟"", ""70"": ""银行"", ""68"": ""医院"", ""66"": ""公园"", ""65"": ""商业街"", ""216"": ""社区底商"", ""55"": ""小型社区""}","[""轨交房"", ""配套纯熟"", ""银行"", ""医院"", ""公园""]",https://pic4.ajkimg.com/display/xinfang/8b0f33534eaf7fe9bdd9c13391bc1b02/275x206n.jpg,"[{""id"": ""7313343"", ""loupan_id"": ""423848"", ""station_id"": ""4410"", ""subway_id"": ""123"", ""city_id"": ""30"", ""distance"": ""519米"", ""status"": ""1"", ""last_update_time"": ""1774212705"", ""is_rail_loupan"": ""1"", ""subway_name"": ""西海岸快线"", ""station_name"": ""隐珠"", ""distance_raw"": ""519""}]",胶南市泰山路与泉城路交汇处，隐珠文化艺术中心正南
6165441,和岸,青岛,30,城阳区,3644,流亭,3709,青岛城阳区流亭文阳路717号,,,,,25-47㎡,91912m²,172334m²,"[{""id"": 288815, ""rooms"": 1, ""room_alias"": ""一室"", ""area"": 25.37}, {""id"": 290149, ""rooms"": 1, ""room_alias"": ""一室"", ""area"": 46.55}]",1室,商业户型,2001-10-15,,2001年,2002年,"[""2014-10-17"", ""2016-11-17""]",{小高层},小高层,50年,1.5,15%,1401,"毛坯,带装修",,商业,龙湖智慧服务,2.5元/㎡/月,,1401,1:1,售罄,售罄,售罄,"[""青房注字 城16第23号"", ""青房注字 城16第24号"", ""即房(2014)注字053"", ""青房注字(城16)第129""]",[],华侨城,,青岛城阳长安房地产开发有限公司,商电,商水,36.316501,120.365223,"""""","{""29"": ""装修交付"", ""9"": ""轨交房"", ""10"": ""多轨交"", ""71"": ""便利店"", ""65"": ""商业街""}","[""装修交付"", ""轨交房"", ""多轨交"", ""便利店"", ""商业街""]",https://pic4.ajkimg.com/display/xinfang/c368ab032763e9ef880f80f0084730cc/275x206n.jpg,"[{""id"": ""7313536"", ""loupan_id"": ""410293"", ""station_id"": ""4431"", ""subway_id"": ""124"", ""city_id"": ""30"", ""distance"": ""1366米"", ""status"": ""1"", ""last_update_time"": ""1774212705"", ""is_rail_loupan"": ""1"", ""subway_name"": ""7号线"", ""station_name"": ""文阳路"", ""distance_raw"": ""1366""}, {""id"": ""7314698"", ""loupan_id"": ""410293"", ""station_id"": ""121277"", ""subway_id"": ""124"", ""city_id"": ""30"", ""distance"": ""1401米"", ""status"": ""1"", ""last_update_time"": ""1774212706"", ""is_rail_loupan"": ""1"", ""subway_name"": ""7号线"", ""station_name"": ""小寨子"", ""distance_raw"": ""1401""}, {""id"": ""7315306"", ""loupan_id"": ""410293"", ""station_id"": ""11026"", ""subway_id"": ""1045"", ""city_id"": ""30"", ""distance"": ""1449米"", ""status"": ""1"", ""last_update_time"": ""1774212707"", ""is_rail_loupan"": ""1"", ""subway_name"": ""1号线"", ""station_name"": ""小寨子"", ""distance_raw"": ""1449""}]",文阳路与河城路交汇处
8419062,翠云天府,青岛,30,崂山区,3643,汽车东站,5200,青岛崂山区汽车东站新利路2号,,,,,,90755m²,30917m²,[],,,2001-07-08,,2001年,2002年,[],小高层,,40年,,,,,,标准写字楼,招商积余,,,,,售罄,售罄,售罄,[],[],新城控股,,,商电,商水,36.134506,120.473403,"{""service_num"": ""4006708287"", ""num"": """"}","{""9"": ""轨交房"", ""10"": ""多轨交"", ""71"": ""便利店"", ""70"": ""银行""}","[""轨交房"", ""多轨交"", ""便利店"", ""银行""]",https://pic4.ajkimg.com/display/xinfang/080c99c9de90fd13693c74f21447d699/275x206n.jpg,"[{""id"": ""7315746"", ""loupan_id"": ""413118"", ""station_id"": ""4384"", ""subway_id"": ""122"", ""city_id"": ""30"", ""distance"": ""781米"", ""status"": ""1"", ""last_update_time"": ""1774212708"", ""is_rail_loupan"": ""1"", ""subway_name"": ""蓝谷快线"", ""station_name"": ""枯桃"", ""distance_raw"": ""781""}, {""id"": ""7315000"", ""loupan_id"": ""413118"", ""station_id"": ""120736"", ""subway_id"": ""12051"", ""city_id"": ""30"", ""distance"": ""835米"", ""status"": ""1"", ""last_update_time"": ""1774212707"", ""is_rail_loupan"": ""1"", ""subway_name"": ""4号线"", ""station_name"": ""张村"", ""distance_raw"": ""835""}, {""id"": ""7315748"", ""loupan_id"": ""413118"", ""station_id"": ""4383"", ""subway_id"": ""122"", ""city_id"": ""30"", ""distance"": ""950米"", ""status"": ""1"", ""last_update_time"": ""1774212708"", ""is_rail_loupan"": ""1"", ""subway_name"": ""蓝谷快线"", ""station_name"": ""张村"", ""distance_raw"": ""950""}]",青岛崂山区株洲路以南、软件园二路以北（滨海大道旁）
9862638,远洋和平豪庭,青岛,30,市南区,3639,香港路沿线,3653,青岛市南区香港路沿线燕儿岛路23号,,,,,240-260㎡,42463m²,121225m²,"[{""id"": 110676, ""rooms"": 4, ""room_alias"": ""四室"", ""area"": 240}, {""id"": 105644, ""rooms"": 4, ""room_alias"": ""四室"", ""area"": 260}]",4室,4室户型,2001-01-10,,2001年,2002年,[],{高层},高层,70年,1.88,30%,228,毛坯,,住宅,融创服务,9元/㎡/月,,630,,售罄,售罄,售罄,"[""青房注字(2016)第013号"", ""青房注字(2015)第042号"", ""青房注字(2014)第033号""]",[],世茂,,北京远坤房地产开发有限公司,民电,民水,36.060002,120.399249,"{""service_num"": ""4006708287"", ""num"": """"}","{""52"": ""低容积"", ""9"": ""轨交房"", ""10"": ""多轨交"", ""72"": ""配套纯熟"", ""71"": ""便利店"", ""70"": ""银行"", ""69"": ""学校"", ""68"": ""医院"", ""67"": ""生态绿地"", ""66"": ""公园"", ""65"": ""商业街"", ""64"": ""购物中心"", ""78"": ""大户型"", ""638"": ""民办中学"", ""637"": ""公办中学"", ""636"": ""公办小学"", ""635"": ""民办小学"", ""598"": ""民办幼儿园"", ""597"": ""公办幼儿园"", ""55"": ""小型社区""}","[""低容积"", ""轨交房"", ""多轨交"", ""配套纯熟"", ""便利店""]",https://pic4.ajkimg.com/display/xinfang/91715d2325282faa0e4e55a0c601ea3e/275x206n.jpg,"[{""id"": ""7316087"", ""loupan_id"": ""242009"", ""station_id"": ""4480"", ""subway_id"": ""126"", ""city_id"": ""30"", ""distance"": ""730米"", ""status"": ""1"", ""last_update_time"": ""1774212708"", ""is_rail_loupan"": ""1"", ""subway_name"": ""2号线"", ""station_name"": ""燕儿岛路"", ""distance_raw"": ""730""}, {""id"": ""7316086"", ""loupan_id"": ""242009"", ""station_id"": ""4481"", ""subway_id"": ""126"", ""city_id"": ""30"", ""distance"": ""792米"", ""status"": ""1"", ""last_update_time"": ""1774212708"", ""is_rail_loupan"": ""1"", ""subway_name"": ""2号线"", ""station_name"": ""高雄路"", ""distance_raw"": ""792""}, {""id"": ""7314988"", ""loupan_id"": ""242009"", ""station_id"": ""121166"", ""subway_id"": ""12068"", ""city_id"": ""30"", ""distance"": ""1350米"", ""status"": ""1"", ""last_update_time"": ""1774212707"", ""is_rail_loupan"": ""1"", ""subway_name"": ""5号线"", ""station_name"": ""北山公园"", ""distance_raw"": ""1350""}]",市南区燕儿岛路23号
8889140,紫林一期,青岛,30,西海岸新区,3646,滨海大道,5211,青岛西海岸新区滨海大道滨海大道与海尔路交汇处,,,,,67-104㎡,88224m²,144900m²,"[{""id"": 63044, ""rooms"": 1, ""room_alias"": ""一室"", ""area"": 69.65}, {""id"": 63045, ""rooms"": 2, ""room_alias"": ""二室"", ""area"": 66.6}, {""id"": 63046, ""rooms"": 2, ""room_alias"": ""二室"", ""area"": 68.89}, {""id"": 63047, ""rooms"": 2, ""room_alias"": ""二室"", ""area"": 87.37}, {""id"": 63048, ""rooms"": 2, ""room_alias"": ""二室"", ""area"": 94}, {""id"": 63049, ""rooms"": 3, ""room_alias"": ""三室"", ""area"": 104}]",1/2/3室,"1室户型,2室户型,3室户型",2001-04-20,,2001年,2002年,[],别墅,小高层、高层,70年,0.99,35%,1530,毛坯,,住宅,绿城服务,1.7元/㎡/月,,1197,1:0.8,售罄,售罄,售罄,[],[],禹洲,,青岛西海岸投资开发有限公司,民电,民水,35.926356,120.149507,"{""service_num"": ""4006708287"", ""num"": """"}","{""52"": ""低容积"", ""9"": ""轨交房"", ""72"": ""配套纯熟"", ""71"": ""便利店"", ""70"": ""银行"", ""69"": ""学校"", ""68"": ""医院"", ""66"": ""公园"", ""65"": ""商业街"", ""64"": ""购物中心"", ""79"": ""小户型"", ""638"": ""民办中学"", ""637"": ""公办中学"", ""636"": ""公办小学"", ""598"": ""民办幼儿园"", ""597"": ""公办幼儿园"", ""54"": ""大型社区""}","[""低容积"", ""轨交房"", ""配套纯熟"", ""便利店"", ""银行""]",https://pic4.ajkimg.com/display/xinfang/efc3536bf259bb809533ab8cf7be2e9b/275x206n.jpg,"[{""id"": ""7315675"", ""loupan_id"": ""241868"", ""station_id"": ""4404"", ""subway_id"": ""123"", ""city_id"": ""30"", ""distance"": ""955米"", ""status"": ""1"", ""last_update_time"": ""1774212708"", ""is_rail_loupan"": ""1"", ""subway_name"": ""西海岸快线"", ""station_name"": ""积米崖"", ""distance_raw"": ""955""}]",胶南滨海大道与海尔路交汇处
9127929,恒北辰新村,青岛,30,即墨区,3645,温泉镇,5207,青岛即墨区温泉镇天泰温泉高尔夫景区,,,,,80-960㎡,73372m²,25887m²,[],别墅,别墅户型,2001-04-02,,2001年,2002年,[],多层,独栋别墅、双拼别墅,70年,0.28,70%,160,毛坯,,别墅,旭辉永升,3元/㎡/月,,160,1:1,售罄,售罄,售罄,"[""即房(2011)注字015"", ""即房(2011)注字038""]",[],保利,,青岛天泰集团,民电,民水,36.443313,120.664145,"{""service_num"": ""4006708287"", ""num"": """"}","{""53"": ""高绿化率"", ""63"": ""旅游地产"", ""72"": ""配套纯熟"", ""70"": ""银行"", ""69"": ""学校"", ""68"": ""医院"", ""66"": ""公园"", ""64"": ""购物中心"", ""79"": ""小户型"", ""78"": ""大户型"", ""637"": ""公办中学"", ""636"": ""公办小学"", ""598"": ""民办幼儿园"", ""597"": ""公办幼儿园"", ""55"": ""小型社区""}","[""高绿化率"", ""旅游地产"", ""配套纯熟"", ""银行"", ""学校""]",https://pic4.ajkimg.com/display/xinfang/6d231585005a037d1573091574173181/275x206n.jpg,[],青岛天泰温泉高尔夫景区
42857,利群翠竹谷,青岛,30,即墨区,3645,即墨市,3714,青岛即墨区即墨市鹤山路939号(小商品城南侧),,,,,,51340m²,215434m²,[],,,2001-02-11,,2001年,2002年,[],{},,40年,,,,,,标准写字楼,碧桂园服务,,,,,售罄,售罄,售罄,[],[],象屿,,,商电,商水,36.415948,120.42091,"""""","{""72"": ""配套纯熟"", ""70"": ""银行"", ""68"": ""医院"", ""65"": ""商业街"", ""64"": ""购物中心""}","[""配套纯熟"", ""银行"", ""医院"", ""商业街"", ""购物中心""]",https://pic4.ajkimg.com/display/xinfang/73a25b5ba78793ab3765e1a51b8de1a9/275x206n.jpg,[],即墨市鹤山路939号(小商品城南侧)
3076963,天丽景A区,青岛,30,胶州市,3647,新城,17477,"青岛胶州市新城辽河路,近交大大道",,,,,86-130㎡,102862m²,264426m²,"[{""id"": 307540, ""rooms"": 2, ""room_alias"": ""二室"", ""area"": 95}, {""id"": 377507, ""rooms"": 2, ""room_alias"": ""二室"", ""area"": 103}, {""id"": 476931, ""rooms"": 3, ""room_alias"": ""三室"", ""area"": 86}, {""id"": 476926, ""rooms"": 3, ""room_alias"": ""三室"", ""area"": 105}, {""id"": 476928, ""rooms"": 3, ""room_alias"": ""三室"", ""area"": 107}, {""id"": 377457, ""rooms"": 3, ""room_alias"": ""三室"", ""area"": 112}, {""id"": 377416, ""rooms"": 3, ""room_alias"": ""三室"", ""area"": 114}, {""id"": 377364, ""rooms"": 3, ""room_alias"": ""三室"", ""area"": 115}, {""id"": 377435, ""rooms"": 3, ""room_alias"": ""三室"", ""area"": 116}, {""id"": 377336, ""rooms"": 3, ""room_alias"": ""三室"", ""area"": 125}, {""id"": 377346, ""rooms"": 3, ""room_alias"": ""三室"", ""area"": 130}, {""id"": 377382, ""rooms"": 4, ""room_alias"": ""四室"", ""area"": 117}, {""id"": 377399, ""rooms"": 4, ""room_alias"": ""四室"", ""area"": 117}, {""id"": 377352, ""rooms"": 4, ""room_alias"": ""四室"", ""area"": 123}, {""id"": 476934, ""rooms"": 4, ""room_alias"": ""四室"", ""area"": 124}, {""id"": 377319, ""rooms"": 4, ""room_alias"": ""四室"", ""area"": 127}]",2/3/4室,"2室户型,3室户型,4室户型",2001-05-07,2019年08月08日,2001年,2002年,"[""2019-01-04""]","{高层,花园洋房}",高层、花园洋房,70年,2,35%,1944,毛坯,,住宅,万科物业,2.15元/㎡/月,,2049,1:1.1,售罄,售罄,售罄,"[""青房注字（胶州）第2018096号"", ""青房注字（胶州）第2017074"", ""青房注字(胶州)第2018062"", ""青房注字(胶州)第2018040"", ""青房注字(胶州)第2018025""]","[""18#""]",华侨城,三木集团,青岛城森房地产开发有限公司,民电,民水,36.184741,120.093871,"{""service_num"": ""4006708287"", ""num"": """"}","{""559"": ""现房"", ""57"": ""人车分流"", ""56"": ""车位充足"", ""76"": ""厨卫全明"", ""74"": ""南北通透"", ""73"": ""卧室全朝南"", ""78"": ""大户型"", ""401"": ""户型方正"", ""397"": ""动静分离"", ""85"": ""主卧套房"", ""83"": ""双阳台"", ""82"": ""双卫生间"", ""637"": ""公办中学"", ""636"": ""公办小学"", ""598"": ""民办幼儿园"", ""597"": ""公办幼儿园"", ""263"": ""VR看房"", ""54"": ""大型社区"", ""50"": ""品牌开发商""}","[""现房"", ""人车分流"", ""车位充足"", ""厨卫全明"", ""南北通透""]",https://pic4.ajkimg.com/display/xinfang/ea604ca78cb7fc795028164a0da06ec7/275x206n.jpg,[],胶州市经济开发区双积公路与辽河路交汇处
7452176,博月亮源,青岛,30,城阳区,3644,流亭,3709,青岛城阳区流亭仙山东路与南流路交汇处,,2711元/㎡,2711元/㎡,首付18万，月供4372元,87-139㎡,16500m²,57000m²,"[{""id"": 777457, ""rooms"": 2, ""room_alias"": ""二室"", ""area"": 87}, {""id"": 777460, ""rooms"": 3, ""room_alias"": ""三室"", ""area"": 99}, {""id"": 777458, ""rooms"": 3, ""room_alias"": ""三室"", ""area"": 108}, {""id"": 777459, ""rooms"": 3, ""room_alias"": ""三室"", ""area"": 118}, {""id"": 777461, ""rooms"": 4, ""room_alias"": ""四室"", ""area"": 139}]",2/3/4室,"2室户型,3室户型,4室户型",2001-01-23,2023年03月11日,2001年,2002年,"[""2023-03-10""]","{小高层,花园洋房}",小高层、花园洋房,70年,2.29,30%,312,毛坯,已竣工，竣工时间：2024-06-30,住宅,融创服务,3.02元/㎡/月,,418,,售罄,售罄,售罄,"[""城行审三（2023）130号""]","[""1#、3#、2#、5#、4#、6#""]",绿城,,青岛海业能源科技发展有限公司,民电,民水,36.237381,120.41146,"{""service_num"": ""4006708287"", ""num"": ""37912""}","{""557"": ""项目竣工"", ""76"": ""厨卫全明"", ""74"": ""南北通透"", ""73"": ""卧室全朝南"", ""276"": ""一房一价"", ""5"": ""低单价"", ""4"": ""低总价"", ""72"": ""配套纯熟"", ""70"": ""银行"", ""69"": ""学校"", ""68"": ""医院"", ""66"": ""公园"", ""78"": ""大户型"", ""402"": ""玄关入户"", ""401"": ""户型方正"", ""397"": ""动静分离"", ""85"": ""主卧套房"", ""637"": ""公办中学"", ""636"": ""公办小学"", ""624"": ""九年一贯制"", ""598"": ""民办幼儿园"", ""597"": ""公办幼儿园"", ""541"": ""3D沙盘"", ""263"": ""VR看房"", ""50"": ""品牌开发商""}","[""项目竣工"", ""厨卫全明"", ""南北通透"", ""卧室全朝南"", ""一房一价""]",https://pic4.ajkimg.com/display/xinfang/79b093be0575ab8d6bf020580284ed30/275x206n.jpg,[],青岛市城阳区仙山东路66号
8766470,TA蓝湾都,青岛,30,城阳区,3644,正阳路,3712,青岛城阳区正阳路崇阳路158号,,,,,55-100㎡,71525m²,173402m²,"[{""id"": 61622, ""rooms"": 1, ""room_alias"": ""一室"", ""area"": 55}, {""id"": 61623, ""rooms"": 1, ""room_alias"": ""一室"", ""area"": 74}, {""id"": 61624, ""rooms"": 1, ""room_alias"": ""一室"", ""area"": 79}, {""id"": 39469, ""rooms"": 2, ""room_alias"": ""二室"", ""area"": 89}, {""id"": 38980, ""rooms"": 2, ""room_alias"": ""二室"", ""area"": 90}, {""id"": 50337, ""rooms"": 3, ""room_alias"": ""三室"", ""area"": 88}, {""id"": 50482, ""rooms"": 3, ""room_alias"": ""三室"", ""area"": 100}]",1/2/3室,"1室户型,2室户型,3室户型",2001-02-15,,2001年,2002年,[],"{小高层,高层}",小高层、高层,70年,1.8,40%,1292,毛坯,,住宅,华润万象生活,1.4元/㎡/月,,1345,,售罄,售罄,售罄,[],[],龙湖,,青岛啤酒地产控股有限公司,民电,民水,36.298521,120.411337,"""""","{""53"": ""高绿化率"", ""52"": ""低容积"", ""9"": ""轨交房"", ""72"": ""配套纯熟"", ""71"": ""便利店"", ""70"": ""银行"", ""69"": ""学校"", ""68"": ""医院"", ""66"": ""公园"", ""65"": ""商业街"", ""64"": ""购物中心"", ""79"": ""小户型"", ""638"": ""民办中学"", ""637"": ""公办中学"", ""636"": ""公办小学"", ""598"": ""民办幼儿园"", ""597"": ""公办幼儿园""}","[""高绿化率"", ""低容积"", ""轨交房"", ""配套纯熟"", ""便利店""]",https://pic4.ajkimg.com/display/xinfang/2d8fb974ec0da60efd4bc246355722a2/275x206n.jpg,"[{""id"": ""7316467"", ""loupan_id"": ""241740"", ""station_id"": ""121215"", ""subway_id"": ""12070"", ""city_id"": ""30"", ""distance"": ""583米"", ""status"": ""1"", ""last_update_time"": ""1774212708"", ""is_rail_loupan"": ""1"", ""subway_name"": ""15号线"", ""station_name"": ""文阳路"", ""distance_raw"": ""583""}]",青威路407号，城阳桃源居东区北侧
9951946,博小区一期,青岛,30,市南区,3639,八大峡,5183,青岛市南区八大峡团岛三路10号,,9129元/㎡,9129元/㎡,首付52万，月供12543元,110-204㎡,24400m²,93600m²,"[{""id"": 779515, ""rooms"": 3, ""room_alias"": ""三室"", ""area"": 110}, {""id"": 779786, ""rooms"": 3, ""room_alias"": ""三室"", ""area"": 110}, {""id"": 779516, ""rooms"": 3, ""room_alias"": ""三室"", ""area"": 117}, {""id"": 847359, ""rooms"": 3, ""room_alias"": ""三室"", ""area"": 117}, {""id"": 845922, ""rooms"": 3, ""room_alias"": ""三室"", ""area"": 120}, {""id"": 847360, ""rooms"": 3, ""room_alias"": ""三室"", ""area"": 120}, {""id"": 779517, ""rooms"": 3, ""room_alias"": ""三室"", ""area"": 134}, {""id"": 779512, ""rooms"": 3, ""room_alias"": ""三室"", ""area"": 140}, {""id"": 779510, ""rooms"": 3, ""room_alias"": ""三室"", ""area"": 141}, {""id"": 847361, ""rooms"": 4, ""room_alias"": ""四室"", ""area"": 141}, {""id"": 845916, ""rooms"": 4, ""room_alias"": ""四室"", ""area"": 142}, {""id"": 847362, ""rooms"": 4, ""room_alias"": ""四室"", ""area"": 142}, {""id"": 779513, ""rooms"": 4, ""room_alias"": ""四室"", ""area"": 168}, {""id"": 845925, ""rooms"": 4, ""room_alias"": ""四室"", ""area"": 173}, {""id"": 779514, ""rooms"": 4, ""room_alias"": ""四室"", ""area"": 204}]",3/4室,"3室户型,4室户型",2001-03-03,2022年12月13日,2001年,2002年,"[""2023-08-03"", ""2022-12-09""]",超高层,小高层、高层,70年,3.83,35%,715,带装修,已竣工，竣工时间：2025-06-30,住宅,合景悠活,3.02元/㎡/月,,970,1:1.35,售罄,售罄,售罄,"[""青房预字（2023）第068号"", ""青房预字（2022）第094号""]","[""5#、1#、2#"", ""4#、6#、7#""]",碧桂园,中瑞鼎峰,青岛青铁南岛置业有限公司,民电,民水,36.062807,120.288564,"""""","{""559"": ""现房"", ""557"": ""项目竣工"", ""56"": ""车位充足"", ""29"": ""装修交付"", ""9"": ""轨交房"", ""76"": ""厨卫全明"", ""74"": ""南北通透"", ""73"": ""卧室全朝南"", ""276"": ""一房一价"", ""72"": ""配套纯熟"", ""71"": ""便利店"", ""70"": ""银行"", ""69"": ""学校"", ""68"": ""医院"", ""66"": ""公园"", ""65"": ""商业街"", ""64"": ""购物中心"", ""78"": ""大户型"", ""402"": ""玄关入户"", ""401"": ""户型方正"", ""397"": ""动静分离"", ""85"": ""主卧套房"", ""83"": ""双阳台"", ""92"": ""热搜盘"", ""90"": ""人气楼盘"", ""638"": ""民办中学"", ""637"": ""公办中学"", ""636"": ""公办小学"", ""635"": ""民办小学"", ""598"": ""民办幼儿园"", ""597"": ""公办幼儿园"", ""541"": ""3D沙盘"", ""540"": ""日照模拟"", ""263"": ""VR看房"", ""50"": ""品牌开发商""}","[""现房"", ""项目竣工"", ""车位充足"", ""装修交付"", ""轨交房""]",https://pic4.ajkimg.com/display/xinfang/98aa6c36acd5089ca72b84b64b71c103/275x206n.jpg,"[{""id"": ""7192809"", ""loupan_id"": ""515250"", ""station_id"": ""120422"", ""subway_id"": ""1045"", ""city_id"": ""30"", ""distance"": ""746米"", ""status"": ""1"", ""last_update_time"": ""1774212706"", ""is_rail_loupan"": ""1"", ""subway_name"": ""1号线"", ""station_name"": ""团岛"", ""distance_raw"": ""746""}, {""id"": ""7274307"", ""loupan_id"": ""515250"", ""station_id"": ""120339"", ""subway_id"": ""1045"", ""city_id"": ""30"", ""distance"": ""1318米"", ""status"": ""1"", ""last_update_time"": ""1774212706"", ""is_rail_loupan"": ""1"", ""subway_name"": ""1号线"", ""station_name"": ""西镇"", ""distance_raw"": ""1318""}]",青岛市市南区团岛三路16号 针路航海博物馆旁10米
2875252,海银河锦园,青岛,30,李沧区,3642,李村,3690,青岛李沧区李村巨峰路与大崂路交汇处,,9682元/㎡,9682元/㎡,首付60万，月供14550元,116-200㎡,52275m²,248675m²,"[{""id"": 575571, ""rooms"": 3, ""room_alias"": ""三室"", ""area"": 116}, {""id"": 505109, ""rooms"": 3, ""room_alias"": ""三室"", ""area"": 126}, {""id"": 660440, ""rooms"": 3, ""room_alias"": ""三室"", ""area"": 136}, {""id"": 575575, ""rooms"": 3, ""room_alias"": ""三室"", ""area"": 171}, {""id"": 577820, ""rooms"": 4, ""room_alias"": ""四室"", ""area"": 200}]",3/4室,"3室户型,4室户型",2001-03-14,2019年10月31日,2001年,2002年,"[""2021-07-20""]",高层,高层,70年,2.29,46%,1035,带装修,已封顶，竣工时间：2022-07-31,住宅,龙湖智慧服务,3元/㎡/月,,1748,1:1.69,售罄,售罄,售罄,"[""青房预字（2021）第044号""]","[""天屿墅2#、天屿墅1#、天屿墅3#、天屿墅4#""]",碧桂园,金水集团,青岛金水控股集团,民电,民水,36.154105,120.454642,"{""service_num"": ""4006708287"", ""num"": ""31145""}","{""559"": ""现房"", ""56"": ""车位充足"", ""53"": ""高绿化率"", ""29"": ""装修交付"", ""8"": ""项目封顶"", ""76"": ""厨卫全明"", ""74"": ""南北通透"", ""73"": ""卧室全朝南"", ""78"": ""大户型"", ""404"": ""客餐厅相连"", ""402"": ""玄关入户"", ""401"": ""户型方正"", ""397"": ""动静分离"", ""85"": ""主卧套房"", ""83"": ""双阳台"", ""638"": ""民办中学"", ""637"": ""公办中学"", ""636"": ""公办小学"", ""635"": ""民办小学"", ""599"": ""省级示范园"", ""598"": ""民办幼儿园"", ""597"": ""公办幼儿园"", ""541"": ""3D沙盘"", ""540"": ""日照模拟"", ""263"": ""VR看房"", ""50"": ""品牌开发商""}","[""现房"", ""车位充足"", ""高绿化率"", ""装修交付"", ""项目封顶""]",https://pic4.ajkimg.com/display/xinfang/89ee84ae7b358139c3fb982e9eb41201/275x206n.jpg,[],青岛市李沧区大崂路信联天地营销中心（万达广场南）
2982200,中信银河里,青岛,30,西海岸新区,3646,滨海大道,5211,青岛西海岸新区滨海大道滨海大道与龙福路交汇处,,2074元/㎡,2074元/㎡,首付10万，月供2401元,89-155㎡,住宅：189416m² 别墅：189416m²,住宅：300081m² 别墅：300081m²,"[{""id"": 597042, ""rooms"": 3, ""room_alias"": ""三室"", ""area"": 89}, {""id"": 597041, ""rooms"": 3, ""room_alias"": ""三室"", ""area"": 107}, {""id"": 597039, ""rooms"": 3, ""room_alias"": ""三室"", ""area"": 119}, {""id"": 598816, ""rooms"": 3, ""room_alias"": ""三室"", ""area"": 135}, {""id"": 598812, ""rooms"": 3, ""room_alias"": ""三室"", ""area"": 155}, {""id"": 598814, ""rooms"": 4, ""room_alias"": ""四室"", ""area"": 155}]",3室、别墅,"3室户型,别墅户型",2001-06-26,2020年11月07日,2001年,2002年,"[""2020-10-30""]",多层,住宅：花园洋房 别墅：叠加别墅,住宅：70年 别墅：70年,住宅：1.2 别墅：1.2,住宅：35% 别墅：35%,住宅：1797 别墅：1797,住宅：毛坯 别墅：毛坯,,住宅,华润万象生活,住宅：1.89元/㎡/月,,住宅：2342 别墅：2342,住宅：1:1.3 别墅：1:1.3,售罄,售罄,售罄,"[""青房注字（青黄20）第265号""]","[""42#、43#、44#、46#、47#、48#、57#、58#、59#""]",建发,中信泰富地产,青岛信富开发投资有限公司,住宅：民电,住宅：民水,35.712935,119.913287,"""""","{""559"": ""现房"", ""56"": ""车位充足"", ""52"": ""低容积"", ""9"": ""轨交房"", ""276"": ""一房一价"", ""404"": ""客餐厅相连"", ""636"": ""公办小学"", ""598"": ""民办幼儿园"", ""597"": ""公办幼儿园"", ""279"": ""品质好房"", ""278"": ""高性价比"", ""263"": ""VR看房"", ""213"": ""地铁沿线"", ""98"": ""改善置业"", ""97"": ""刚需直选"", ""54"": ""大型社区"", ""50"": ""品牌开发商""}","[""现房"", ""车位充足"", ""低容积"", ""轨交房"", ""一房一价""]",https://pic4.ajkimg.com/display/xinfang/600ec0fd6b889d9b932e8b5a57f0f962/275x206n.jpg,"[{""id"": ""7316539"", ""loupan_id"": ""480897"", ""station_id"": ""4418"", ""subway_id"": ""123"", ""city_id"": ""30"", ""distance"": ""1147米"", ""status"": ""1"", ""last_update_time"": ""1774212709"", ""is_rail_loupan"": ""1"", ""subway_name"": ""西海岸快线"", ""station_name"": ""龙湾"", ""distance_raw"": ""1147""}]",青岛市黄岛区滨海大道与龙福路交汇处
9689892,碧湾一期,青岛,30,胶州市,3647,新城,17477,青岛胶州市新城温州路1888号,,2628元/㎡,2628元/㎡,首付14万，月供3512元,87-145㎡,63157m²,212160m²,"[{""id"": 570134, ""rooms"": 3, ""room_alias"": ""三室"", ""area"": 87}, {""id"": 570131, ""rooms"": 3, ""room_alias"": ""三室"", ""area"": 90}, {""id"": 570133, ""rooms"": 3, ""room_alias"": ""三室"", ""area"": 90}, {""id"": 570138, ""rooms"": 3, ""room_alias"": ""三室"", ""area"": 100}, {""id"": 570135, ""rooms"": 3, ""room_alias"": ""三室"", ""area"": 103}, {""id"": 717823, ""rooms"": 3, ""room_alias"": ""三室"", ""area"": 113}, {""id"": 570139, ""rooms"": 3, ""room_alias"": ""三室"", ""area"": 118}, {""id"": 717824, ""rooms"": 3, ""room_alias"": ""三室"", ""area"": 120}, {""id"": 717825, ""rooms"": 3, ""room_alias"": ""三室"", ""area"": 133}, {""id"": 570140, ""rooms"": 4, ""room_alias"": ""四室"", ""area"": 145}]",3/4室,"3室户型,4室户型",2001-02-18,2021年06月22日,2001年,2002年,"[""2021-06-22"", ""2021-11-02"", ""2021-04-09"", ""2021-04-09"", ""2021-01-08"", ""2020-10-21"", ""2020-06-12""]",{高层},高层,70年,2.4,35%,1374,毛坯,,住宅,碧桂园服务,2.31元/㎡/月,,1702,1:1,售罄,售罄,售罄,"[""青房注字（胶州）第2021054号"", ""青岛注字（胶州）第2021083号"", ""青房注字（胶州）第2021018号"", ""青房注字（胶州）第2021010号"", ""青房注字（胶州）第2020145号"", ""青房注字（胶州）第2020112号"", ""青房注字（胶州）第2020058""]","[""10#、9#"", ""11#"", ""15#、8#"", ""3#、7#"", ""13#、14#"", ""5#、6#"", ""1#、2#""]",金地,融创中国,青岛中晟国恒房地产开发有限公司,民电,民水,36.23897,120.058472,"""""","{""559"": ""现房"", ""76"": ""厨卫全明"", ""74"": ""南北通透"", ""73"": ""卧室全朝南"", ""78"": ""大户型"", ""404"": ""客餐厅相连"", ""403"": ""私密性好"", ""402"": ""玄关入户"", ""401"": ""户型方正"", ""397"": ""动静分离"", ""85"": ""主卧套房"", ""83"": ""双阳台"", ""636"": ""公办小学"", ""598"": ""民办幼儿园"", ""597"": ""公办幼儿园"", ""263"": ""VR看房"", ""50"": ""品牌开发商""}","[""现房"", ""厨卫全明"", ""南北通透"", ""卧室全朝南"", ""大户型""]",https://pic4.ajkimg.com/display/xinfang/4f98bf6a3f060ad5af1149cf383ffa34/275x206n.jpg,[],青岛胶州市新城区温州路1888号
1650011,锦乐居堂,青岛,30,平度市,3649,平度,3722,青岛平度市平度紫荆路57号,,,,,85-97㎡,31812m²,16724m²,"[{""id"": 328448, ""rooms"": 2, ""room_alias"": ""二室"", ""area"": 84.57}, {""id"": 328477, ""rooms"": 2, ""room_alias"": ""二室"", ""area"": 87.45}, {""id"": 328488, ""rooms"": 3, ""room_alias"": ""三室"", ""area"": 84.57}, {""id"": 328468, ""rooms"": 3, ""room_alias"": ""三室"", ""area"": 96.68}]",2/3室,"2室户型,3室户型",2001-06-05,,2001年,2002年,[],{多层},多层,70年,0.8,35%,436,毛坯,,住宅,万科物业,0.8元/㎡/月,,,1:1,售罄,售罄,售罄,"[""鲁（2018）平度市不动产权第0000269号""]",[],仁恒,,,民电,民水,36.830679,119.9657,"{""service_num"": ""4006708287"", ""num"": """"}","{""52"": ""低容积"", ""65"": ""商业街"", ""598"": ""民办幼儿园"", ""597"": ""公办幼儿园""}","[""低容积"", ""商业街"", ""民办幼儿园"", ""公办幼儿园""]",https://pic4.ajkimg.com/display/xinfang/326d30b0772b4a7b083eb87655bf602e/275x206n.jpg,[],平度市东阁街道办事处紫荆路仁和集团北100米
5158053,鲁商阳光雅居,青岛,30,城阳区,3644,高新区,6139,青岛城阳区高新区新业路与岙东路交汇处,,3043元/㎡,3043元/㎡,首付5万，月供1398元,35-926㎡,7397.26m²,65000m²,[],,,2001-06-07,2025年07月20日,2001年,2002年,[],{},,40年,,,,毛坯,在建中，竣工时间：2026-03-31,临街店铺,合景悠活,35元/㎡/月,,,,售罄,售罄,售罄,[],[],中铁建,鲁商置业,青岛鲁商蓝岸地产有限公司,商电,商水,36.264373,120.239037,"""""","{""7"": ""项目在建"", ""5"": ""低单价"", ""55"": ""小型社区"", ""50"": ""品牌开发商""}","[""项目在建"", ""低单价"", ""小型社区"", ""品牌开发商""]",https://pic4.ajkimg.com/display/xinfang/66ffe4d2f92d4248d9dab81770587721/275x206n.jpg,[],青岛市城阳区新业路123号
4953901,翠坊,青岛,30,市北区,3640,山东路,5185,青岛市北区山东路敦化路328号,,,,,40-117㎡,18828m²,18828m²,"[{""id"": 42017, ""rooms"": 1, ""room_alias"": ""一室"", ""area"": 40}, {""id"": 42009, ""rooms"": 1, ""room_alias"": ""一室"", ""area"": 51}, {""id"": 42019, ""rooms"": 1, ""room_alias"": ""一室"", ""area"": 53}, {""id"": 42015, ""rooms"": 1, ""room_alias"": ""一室"", ""area"": 56}, {""id"": 42012, ""rooms"": 1, ""room_alias"": ""一室"", ""area"": 62}, {""id"": 42016, ""rooms"": 1, ""room_alias"": ""一室"", ""area"": 63}, {""id"": 42011, ""rooms"": 2, ""room_alias"": ""二室"", ""area"": 117}]",1/2室,商业户型,2001-06-17,,2001年,2002年,[],洋房,高层,40年,6,40%,880,带装修,,商业,融创服务,3.4~3.8元/㎡/月,,906,1:1.2,售罄,售罄,售罄,"[""青房注字(2011)064号""]",[],中南,,青岛中联盈地置业有限公司,商电,商水,36.085927,120.393961,"""""","{""56"": ""车位充足"", ""29"": ""装修交付"", ""9"": ""轨交房"", ""10"": ""多轨交"", ""72"": ""配套纯熟"", ""71"": ""便利店"", ""70"": ""银行"", ""68"": ""医院"", ""66"": ""公园"", ""65"": ""商业街"", ""64"": ""购物中心""}","[""车位充足"", ""装修交付"", ""轨交房"", ""多轨交"", ""配套纯熟""]",https://pic4.ajkimg.com/display/xinfang/c620ad90b562b139a01da7d697c313dd/275x206n.jpg,"[{""id"": ""7315201"", ""loupan_id"": ""245435"", ""station_id"": ""4369"", ""subway_id"": ""121"", ""city_id"": ""30"", ""distance"": ""585米"", ""status"": ""1"", ""last_update_time"": ""1774212707"", ""is_rail_loupan"": ""1"", ""subway_name"": ""3号线"", ""station_name"": ""敦化路"", ""distance_raw"": ""585""}, {""id"": ""7315347"", ""loupan_id"": ""245435"", ""station_id"": ""120732"", ""subway_id"": ""12051"", ""city_id"": ""30"", ""distance"": ""830米"", ""status"": ""1"", ""last_update_time"": ""1774212707"", ""is_rail_loupan"": ""1"", ""subway_name"": ""4号线"", ""station_name"": ""错埠岭"", ""distance_raw"": ""830""}, {""id"": ""7315202"", ""loupan_id"": ""245435"", ""station_id"": ""4368"", ""subway_id"": ""121"", ""city_id"": ""30"", ""distance"": ""865米"", ""status"": ""1"", ""last_update_time"": ""1774212707"", ""is_rail_loupan"": ""1"", ""subway_name"": ""3号线"", ""station_name"": ""错埠岭"", ""distance_raw"": ""865""}, {""id"": ""7315606"", ""loupan_id"": ""245435"", ""station_id"": ""121286"", ""subway_id"": ""1044"", ""city_id"": ""30"", ""distance"": ""1235米"", ""status"": ""1"", ""last_update_time"": ""1774212707"", ""is_rail_loupan"": ""1"", ""subway_name"": ""8号线"", ""station_name"": ""西吴家村"", ""distance_raw"": ""1235""}, {""id"": ""7315154"", ""loupan_id"": ""245435"", ""station_id"": ""121168"", ""subway_id"": ""12068"", ""city_id"": ""30"", ""distance"": ""1255米"", ""status"": ""1"", ""last_update_time"": ""1774212707"", ""is_rail_loupan"": ""1"", ""subway_name"": ""5号线"", ""station_name"": ""宁夏路"", ""distance_raw"": ""1255""}, {""id"": ""7315213"", ""loupan_id"": ""245435"", ""station_id"": ""4370"", ""subway_id"": ""121"", ""city_id"": ""30"", ""distance"": ""1364米"", ""status"": ""1"", ""last_update_time"": ""1774212707"", ""is_rail_loupan"": ""1"", ""subway_name"": ""3号线"", ""station_name"": ""宁夏路"", ""distance_raw"": ""1364""}]",青岛市市北区敦化路328号
2952173,紫金色谷,青岛,30,市北区,3640,水清沟,5189,青岛市北区水清沟长沙路114号,,4841元/㎡,4841元/㎡,首付24万，月供5734元,95-121㎡,25233m²,112503m²,"[{""id"": 845447, ""rooms"": 3, ""room_alias"": ""三室"", ""area"": 95}, {""id"": 845448, ""rooms"": 3, ""room_alias"": ""三室"", ""area"": 107}, {""id"": 845445, ""rooms"": 3, ""room_alias"": ""三室"", ""area"": 109}, {""id"": 845444, ""rooms"": 3, ""room_alias"": ""三室"", ""area"": 120}, {""id"": 845446, ""rooms"": 3, ""room_alias"": ""三室"", ""area"": 121}]",3室,3室户型,2001-05-04,2024年09月22日,2001年,2002年,"[""2025-07-15"", ""2025-07-15"", ""2025-04-22"", ""2024-09-10"", ""2024-09-23""]",别墅,高层,70年,4.45,30%,1072,毛坯,在建中，竣工时间：2026-12-30,住宅,中海物业,2.77元/㎡/月,,933,,售罄,售罄,售罄,"[""青房预字（2025）第028号"", ""青房预字（2025）第027号"", ""青房预字（2025）第012号"", ""青房预字（2024）第053号"", ""青房预字（2024）第060号""]","[""4#"", ""3#"", ""1#"", ""2#"", ""5#""]",绿城,,,民电,民水,36.138988,120.393726,"{""service_num"": ""4006708287"", ""num"": ""108795""}","{""9"": ""轨交房"", ""76"": ""厨卫全明"", ""74"": ""南北通透"", ""73"": ""卧室全朝南"", ""7"": ""项目在建"", ""10"": ""多轨交"", ""72"": ""配套纯熟"", ""71"": ""便利店"", ""70"": ""银行"", ""69"": ""学校"", ""68"": ""医院"", ""66"": ""公园"", ""65"": ""商业街"", ""64"": ""购物中心"", ""78"": ""大户型"", ""402"": ""玄关入户"", ""401"": ""户型方正"", ""397"": ""动静分离"", ""85"": ""主卧套房"", ""638"": ""民办中学"", ""637"": ""公办中学"", ""636"": ""公办小学"", ""624"": ""九年一贯制"", ""600"": ""市级示范园"", ""598"": ""民办幼儿园"", ""597"": ""公办幼儿园"", ""541"": ""3D沙盘"", ""540"": ""日照模拟"", ""263"": ""VR看房""}","[""轨交房"", ""厨卫全明"", ""南北通透"", ""卧室全朝南"", ""项目在建""]",https://pic4.ajkimg.com/display/xinfang/930aa00bf029a217439982dfd51111e8/275x206n.jpg,"[{""id"": ""7292970"", ""loupan_id"": ""526718"", ""station_id"": ""121284"", ""subway_id"": ""1044"", ""city_id"": ""30"", ""distance"": ""1005米"", ""status"": ""1"", ""last_update_time"": ""1774212707"", ""is_rail_loupan"": ""1"", ""subway_name"": ""8号线"", ""station_name"": ""南昌路北"", ""distance_raw"": ""1005""}, {""id"": ""7292969"", ""loupan_id"": ""526718"", ""station_id"": ""120398"", ""subway_id"": ""1045"", ""city_id"": ""30"", ""distance"": ""1153米"", ""status"": ""1"", ""last_update_time"": ""1774212705"", ""is_rail_loupan"": ""1"", ""subway_name"": ""1号线"", ""station_name"": ""水清沟"", ""distance_raw"": ""1153""}]",四流南路与河清路东南侧
5652793,君一青山花园,青岛,30,崂山区,3643,海尔路,3697,青岛崂山区海尔路海尔路1号,,9406元/㎡,9406元/㎡,首付55万，月供13331元,118-348㎡,58000m²,203800m²,"[{""id"": 842751, ""rooms"": 3, ""room_alias"": ""三室"", ""area"": 118}, {""id"": 842752, ""rooms"": 3, ""room_alias"": ""三室"", ""area"": 118}, {""id"": 833958, ""rooms"": 3, ""room_alias"": ""三室"", ""area"": 119}, {""id"": 694780, ""rooms"": 3, ""room_alias"": ""三室"", ""area"": 128}, {""id"": 833959, ""rooms"": 3, ""room_alias"": ""三室"", ""area"": 140}, {""id"": 833960, ""rooms"": 4, ""room_alias"": ""四室"", ""area"": 150}, {""id"": 694781, ""rooms"": 4, ""room_alias"": ""四室"", ""area"": 155}, {""id"": 729280, ""rooms"": 4, ""room_alias"": ""四室"", ""area"": 164}, {""id"": 683786, ""rooms"": 4, ""room_alias"": ""四室"", ""area"": 170}, {""id"": 683790, ""rooms"": 4, ""room_alias"": ""四室"", ""area"": 188}, {""id"": 842397, ""rooms"": 4, ""room_alias"": ""四室"", ""area"": 239}, {""id"": 683788, ""rooms"": 5, ""room_alias"": ""五室"", ""area"": 348}]",3/4/5室,"3室户型,4室户型,5室户型",2001-01-09,2021年11月,2001年,2002年,"[""2024-09-04"", ""2022-04-24"", ""2021-12-01"", ""2021-11-18""]","{小高层,高层,花园洋房}",小高层、高层、花园洋房,70年,3.54,35%,718,"毛坯,带装修",在建中，竣工时间：暂无数据,住宅,绿城服务,3.02元/㎡/月,,2211,,售罄,售罄,售罄,"[""青人才房崂注字〔2024)第1号"", ""青崂房预字（2022）第0010号"", ""青崂房预字（2021）第0017号"", ""青崂房预字（2021）第0018号""]","[""3#、4#"", ""16#、17#"", ""7#、9#、8#、10#"", ""11#、12#、14#""]",龙湖,君一控股,青岛海云创智商业发展有限公司,民电,民水,36.151283,120.439,"{""service_num"": ""4006708287"", ""num"": ""80972""}","{""81"": ""大阳台"", ""29"": ""装修交付"", ""9"": ""轨交房"", ""76"": ""厨卫全明"", ""75"": ""三房朝南"", ""74"": ""南北通透"", ""73"": ""卧室全朝南"", ""7"": ""项目在建"", ""10"": ""多轨交"", ""78"": ""大户型"", ""404"": ""客餐厅相连"", ""403"": ""私密性好"", ""402"": ""玄关入户"", ""401"": ""户型方正"", ""397"": ""动静分离"", ""85"": ""主卧套房"", ""83"": ""双阳台"", ""82"": ""双卫生间"", ""92"": ""热搜盘"", ""91"": ""热评楼盘"", ""90"": ""人气楼盘"", ""744"": ""好房子"", ""638"": ""民办中学"", ""637"": ""公办中学"", ""636"": ""公办小学"", ""635"": ""民办小学"", ""624"": ""九年一贯制"", ""599"": ""省级示范园"", ""598"": ""民办幼儿园"", ""597"": ""公办幼儿园"", ""541"": ""3D沙盘"", ""540"": ""日照模拟"", ""263"": ""VR看房"", ""50"": ""品牌开发商""}","[""大阳台"", ""装修交付"", ""轨交房"", ""厨卫全明"", ""三房朝南""]",https://pic4.ajkimg.com/display/xinfang/7ee6bb151ffc9170186a5d49c602d3b0/275x206n.jpg,"[{""id"": ""7182073"", ""loupan_id"": ""498259"", ""station_id"": ""4363"", ""subway_id"": ""121"", ""city_id"": ""30"", ""distance"": ""890米"", ""status"": ""1"", ""last_update_time"": ""1774212706"", ""is_rail_loupan"": ""1"", ""subway_name"": ""3号线"", ""station_name"": ""海尔路"", ""distance_raw"": ""890""}, {""id"": ""7273746"", ""loupan_id"": ""498259"", ""station_id"": ""121185"", ""subway_id"": ""12068"", ""city_id"": ""30"", ""distance"": ""1126米"", ""status"": ""1"", ""last_update_time"": ""1774212705"", ""is_rail_loupan"": ""1"", ""subway_name"": ""5号线"", ""station_name"": ""地铁大厦"", ""distance_raw"": ""1126""}, {""id"": ""7182074"", ""loupan_id"": ""498259"", ""station_id"": ""4364"", ""subway_id"": ""121"", ""city_id"": ""30"", ""distance"": ""1332米"", ""status"": ""1"", ""last_update_time"": ""1774212706"", ""is_rail_loupan"": ""1"", ""subway_name"": ""3号线"", ""station_name"": ""地铁大厦"", ""distance_raw"": ""1332""}]",青岛崂山区海尔路1号
9260444,瑞花园三期,青岛,30,城阳区,3644,正阳路,3712,青岛城阳区正阳路正阳路159号,,,,,84-133㎡,23368m²,33637m²,"[{""id"": 47677, ""rooms"": 2, ""room_alias"": ""二室"", ""area"": 84}, {""id"": 47679, ""rooms"": 2, ""room_alias"": ""二室"", ""area"": 90}, {""id"": 47675, ""rooms"": 3, ""room_alias"": ""三室"", ""area"": 95}, {""id"": 47680, ""rooms"": 4, ""room_alias"": ""四室"", ""area"": 133}]",2/3/4室,"2室户型,3室户型,4室户型",2001-12-21,,2001年,2002年,[],{多层},多层,70年,1.4,40%,218,带装修,,住宅,中海物业,1.1~1.5元/㎡/月,,218,,售罄,售罄,售罄,[],[],金地,,青岛溢德鑫房地产开发有限公司,民电,民水,36.329319,120.398862,"""""","{""53"": ""高绿化率"", ""52"": ""低容积"", ""29"": ""装修交付"", ""9"": ""轨交房"", ""10"": ""多轨交"", ""72"": ""配套纯熟"", ""71"": ""便利店"", ""70"": ""银行"", ""69"": ""学校"", ""68"": ""医院"", ""66"": ""公园"", ""65"": ""商业街"", ""64"": ""购物中心"", ""78"": ""大户型"", ""637"": ""公办中学"", ""636"": ""公办小学"", ""635"": ""民办小学"", ""598"": ""民办幼儿园"", ""597"": ""公办幼儿园"", ""55"": ""小型社区""}","[""高绿化率"", ""低容积"", ""装修交付"", ""轨交房"", ""多轨交""]",https://pic4.ajkimg.com/display/xinfang/e1e76233246b8ba31bf07f8d9d2b2da6/275x206n.jpg,"[{""id"": ""7313432"", ""loupan_id"": ""241817"", ""station_id"": ""121199"", ""subway_id"": ""12069"", ""city_id"": ""30"", ""distance"": ""261米"", ""status"": ""1"", ""last_update_time"": ""1774212705"", ""is_rail_loupan"": ""1"", ""subway_name"": ""9号线"", ""station_name"": ""靖城路"", ""distance_raw"": ""261""}, {""id"": ""7313431"", ""loupan_id"": ""241817"", ""station_id"": ""121198"", ""subway_id"": ""12069"", ""city_id"": ""30"", ""distance"": ""449米"", ""status"": ""1"", ""last_update_time"": ""1774212705"", ""is_rail_loupan"": ""1"", ""subway_name"": ""9号线"", ""station_name"": ""长城路"", ""distance_raw"": ""449""}, {""id"": ""7314580"", ""loupan_id"": ""241817"", ""station_id"": ""121216"", ""subway_id"": ""12070"", ""city_id"": ""30"", ""distance"": ""764米"", ""status"": ""1"", ""last_update_time"": ""1774212706"", ""is_rail_loupan"": ""1"", ""subway_name"": ""15号线"", ""station_name"": ""靖城路"", ""distance_raw"": ""764""}]",正阳路159号特易购西侧
5579019,蓝未来榭,青岛,30,平度市,3649,平度,3722,青岛平度市平度华山路与长江路交汇处,,1881元/㎡,1881元/㎡,首付12万，月供3046元,105-196㎡,56000m²,150000m²,"[{""id"": 590745, ""rooms"": 3, ""room_alias"": ""三室"", ""area"": 105}, {""id"": 797944, ""rooms"": 3, ""room_alias"": ""三室"", ""area"": 106}, {""id"": 590747, ""rooms"": 3, ""room_alias"": ""三室"", ""area"": 118}, {""id"": 797943, ""rooms"": 3, ""room_alias"": ""三室"", ""area"": 119}, {""id"": 590748, ""rooms"": 3, ""room_alias"": ""三室"", ""area"": 120}, {""id"": 590751, ""rooms"": 3, ""room_alias"": ""三室"", ""area"": 120}, {""id"": 797942, ""rooms"": 3, ""room_alias"": ""三室"", ""area"": 133}, {""id"": 590753, ""rooms"": 3, ""room_alias"": ""三室"", ""area"": 142}, {""id"": 590749, ""rooms"": 3, ""room_alias"": ""三室"", ""area"": 144}, {""id"": 797945, ""rooms"": 4, ""room_alias"": ""四室"", ""area"": 152}, {""id"": 640748, ""rooms"": 4, ""room_alias"": ""四室"", ""area"": 155}, {""id"": 797941, ""rooms"": 4, ""room_alias"": ""四室"", ""area"": 196}]",3/4室,"3室户型,4室户型",2001-06-04,2023年03月20日,2001年,2002年,"[""2025-09-16"", ""2021-09-18"", ""2025-06-20"", ""2025-04-29"", ""2025-01-26"", ""2023-04-27"", ""2022-09-22"", ""2022-02-28"", ""2020-09-17"", ""2021-02-07"", ""2021-04-30""]",别墅,多层、小高层,70年,2,35%,929,毛坯,在建中，竣工时间：2027-06-30,住宅,旭辉永升,2.7元/㎡/月,,1136,1:1.2,售罄,售罄,售罄,"[""青房注字（平注）第（2025）013号"", ""青房注字（平注）第（2025）015号"", ""青房注字（平注）第（2021）064号"", ""青房注字（平注）第（2025）008号"", ""青房注字（平注）第（2025）006号"", ""青房注字（平注）第（2025）001号"", ""青房注字（平注）第（2023）017号"", ""青房注字（平注）第（2022）044号"", ""青房注字（平注）第（2022）007号"", ""青房注字（平注）第（2020）049号"", ""青房注字（平注）第（2021）005号"", ""青房注字（平注）第（2021）017号""]","[""二期15#"", ""16#"", ""11#、8#"", ""二期13#、二期14#"", ""二期12#"", ""二期11#"", ""二期10#、二期5#、二期2#、二期8#、二期6#"", ""二期1#、二期4#"", ""14#"", ""4#、7#、12#、15#"", ""10#、17#、6#"", ""13#、5#、1#""]",禹洲,海信地产,海信地产,民电,民水,36.782902,120.003931,"{""service_num"": ""4006708287"", ""num"": ""76924""}","{""56"": ""车位充足"", ""76"": ""厨卫全明"", ""74"": ""南北通透"", ""73"": ""卧室全朝南"", ""7"": ""项目在建"", ""32"": ""绿色住宅"", ""5"": ""低单价"", ""78"": ""大户型"", ""404"": ""客餐厅相连"", ""402"": ""玄关入户"", ""401"": ""户型方正"", ""397"": ""动静分离"", ""85"": ""主卧套房"", ""83"": ""双阳台"", ""92"": ""热搜盘"", ""90"": ""人气楼盘"", ""638"": ""民办中学"", ""637"": ""公办中学"", ""636"": ""公办小学"", ""635"": ""民办小学"", ""598"": ""民办幼儿园"", ""597"": ""公办幼儿园"", ""541"": ""3D沙盘"", ""540"": ""日照模拟"", ""263"": ""VR看房"", ""50"": ""品牌开发商""}","[""车位充足"", ""厨卫全明"", ""南北通透"", ""卧室全朝南"", ""项目在建""]",https://pic4.ajkimg.com/display/xinfang/d6b75310a0be2fdc892b4f2a449680b3/275x206n.jpg,[],平度市华山路与长江路交汇处
3623050,裕龙翠竹佳苑,青岛,30,平度市,3649,平度,3722,青岛平度市平度南村镇三城路189号,,1936元/㎡,1936元/㎡,首付9万，月供2150元,85㎡,住宅：2670000m² 别墅：2670000m²,住宅：500000m² 别墅：500000m²,"[{""id"": 574483, ""rooms"": 2, ""room_alias"": ""二室"", ""area"": 85}]",2室,2室户型,2001-11-18,2018年06月01日,2001年,2002年,"[""2020-04-10""]",{小高层},住宅：小高层 别墅：独栋别墅、联排别墅、叠加别墅,住宅：70年 别墅：40年,住宅：2 别墅：1.2,住宅：30% 别墅：30%,住宅：56 别墅：56,住宅：毛坯 别墅：毛坯,已竣工，竣工时间：2019-12-31,住宅,碧桂园服务,住宅：1.9元/㎡/月,,住宅：56 别墅：56,,售罄,售罄,售罄,"[""平房注字(2020)003""]","[""23、23272101、25、26、27、28""]",华润,,青岛南村旅游度假开发有限公司,住宅：民电,住宅：民水,36.57178,120.097999,"""""","{""559"": ""现房"", ""557"": ""项目竣工"", ""76"": ""厨卫全明"", ""74"": ""南北通透"", ""404"": ""客餐厅相连"", ""638"": ""民办中学"", ""637"": ""公办中学"", ""636"": ""公办小学"", ""597"": ""公办幼儿园"", ""263"": ""VR看房"", ""55"": ""小型社区""}","[""现房"", ""项目竣工"", ""厨卫全明"", ""南北通透"", ""客餐厅相连""]",https://pic4.ajkimg.com/display/xinfang/38fa59566b69a9724c8e0a265e698c34/275x206n.jpg,[],平度市南村镇三城路189号
5372771,新花园A区,青岛,30,市南区,3639,香港路沿线,3653,青岛市南区香港路沿线市南燕儿岛路8号（颐中皇冠假日酒店南）,,,,,78-381㎡,住宅：8500m² 别墅：8500m²,住宅：110000m² 别墅：110000m²,"[{""id"": 43956, ""rooms"": 1, ""room_alias"": ""一室"", ""area"": 77.89}, {""id"": 43964, ""rooms"": 1, ""room_alias"": ""一室"", ""area"": 86.18}, {""id"": 43957, ""rooms"": 1, ""room_alias"": ""一室"", ""area"": 91.35}, {""id"": 43960, ""rooms"": 1, ""room_alias"": ""一室"", ""area"": 114.35}, {""id"": 43955, ""rooms"": 1, ""room_alias"": ""一室"", ""area"": 119.94}, {""id"": 43958, ""rooms"": 2, ""room_alias"": ""二室"", ""area"": 100.24}, {""id"": 43963, ""rooms"": 2, ""room_alias"": ""二室"", ""area"": 143.28}, {""id"": 43954, ""rooms"": 2, ""room_alias"": ""二室"", ""area"": 158}, {""id"": 43959, ""rooms"": 2, ""room_alias"": ""二室"", ""area"": 173.46}, {""id"": 43961, ""rooms"": 2, ""room_alias"": ""二室"", ""area"": 202.75}, {""id"": 43962, ""rooms"": 5, ""room_alias"": ""五室"", ""area"": 381.27}]",1/2/5室,"1室户型,2室户型,5室户型",2001-07-04,,2001年,2002年,[],{高层},住宅：高层,住宅：70年 别墅：70年,住宅：9.99,住宅：25% 别墅：25%,住宅：311 别墅：311,住宅：带装修 别墅：带装修,,住宅,世茂服务,住宅：6.5元/㎡/月,,住宅：300 别墅：300,,售罄,售罄,售罄,[],[],仁恒,,青岛凯悦置业,住宅：民电,住宅：民水,36.054226,120.394238,"""""","{""29"": ""装修交付"", ""9"": ""轨交房"", ""72"": ""配套纯熟"", ""71"": ""便利店"", ""70"": ""银行"", ""69"": ""学校"", ""68"": ""医院"", ""67"": ""生态绿地"", ""66"": ""公园"", ""65"": ""商业街"", ""64"": ""购物中心"", ""78"": ""大户型"", ""638"": ""民办中学"", ""637"": ""公办中学"", ""636"": ""公办小学"", ""635"": ""民办小学"", ""598"": ""民办幼儿园"", ""597"": ""公办幼儿园""}","[""装修交付"", ""轨交房"", ""配套纯熟"", ""便利店"", ""银行""]",https://pic4.ajkimg.com/display/xinfang/d049b14b8161176bcb1f1f4e78a1e42a/275x206n.jpg,"[{""id"": ""7316331"", ""loupan_id"": ""241902"", ""station_id"": ""4480"", ""subway_id"": ""126"", ""city_id"": ""30"", ""distance"": ""430米"", ""status"": ""1"", ""last_update_time"": ""1774212708"", ""is_rail_loupan"": ""1"", ""subway_name"": ""2号线"", ""station_name"": ""燕儿岛路"", ""distance_raw"": ""430""}, {""id"": ""7316334"", ""loupan_id"": ""241902"", ""station_id"": ""4479"", ""subway_id"": ""126"", ""city_id"": ""30"", ""distance"": ""915米"", ""status"": ""1"", ""last_update_time"": ""1774212708"", ""is_rail_loupan"": ""1"", ""subway_name"": ""2号线"", ""station_name"": ""浮山所"", ""distance_raw"": ""915""}, {""id"": ""7316332"", ""loupan_id"": ""241902"", ""station_id"": ""4481"", ""subway_id"": ""126"", ""city_id"": ""30"", ""distance"": ""1195米"", ""status"": ""1"", ""last_update_time"": ""1774212708"", ""is_rail_loupan"": ""1"", ""subway_name"": ""2号线"", ""station_name"": ""高雄路"", ""distance_raw"": ""1195""}]",燕儿岛路8号（颐中皇冠假日酒店南）
2252335,世盛世宅,青岛,30,李沧区,3642,金水路,5196,青岛李沧区金水路李沧广水路以南、铜川路以西,,,,,130㎡,30000m²,60000m²,"[{""id"": 212317, ""rooms"": 3, ""room_alias"": ""三室"", ""area"": 130}]",3室,3室户型,2001-08-05,,2001年,2002年,[],{小高层},小高层,70年,2,30%,,毛坯,,住宅,招商积余,2.8元/㎡/月,,526,,售罄,售罄,售罄,"[""青房注字（2016）161号""]",[],远洋,,,民电,民水,36.187001,120.472055,"""""","{""57"": ""人车分流"", ""9"": ""轨交房"", ""78"": ""大户型"", ""638"": ""民办中学"", ""637"": ""公办中学"", ""636"": ""公办小学"", ""599"": ""省级示范园"", ""598"": ""民办幼儿园"", ""597"": ""公办幼儿园""}","[""人车分流"", ""轨交房"", ""大户型"", ""民办中学"", ""公办中学""]",https://pic4.ajkimg.com/display/xinfang/25fdd7ed03d57ac908a7edce67bff458/275x206n.jpg,"[{""id"": ""7315601"", ""loupan_id"": ""415182"", ""station_id"": ""121230"", ""subway_id"": ""126"", ""city_id"": ""30"", ""distance"": ""1407米"", ""status"": ""1"", ""last_update_time"": ""1774212707"", ""is_rail_loupan"": ""1"", ""subway_name"": ""2号线"", ""station_name"": ""合川路"", ""distance_raw"": ""1407""}]",李沧区金水路与铜川路交汇处
6818363,青岛南国花园,青岛,30,黄岛区,4516,安子片区,5217,青岛黄岛区安子片区嘉陵江东路1号,,,,,29-148㎡,别墅：238765m² 住宅：238765m²,别墅：201807m² 住宅：201807m²,"[{""id"": 51938, ""rooms"": 1, ""room_alias"": ""一室"", ""area"": 29}, {""id"": 51933, ""rooms"": 1, ""room_alias"": ""一室"", ""area"": 48}, {""id"": 51935, ""rooms"": 1, ""room_alias"": ""一室"", ""area"": 79}, {""id"": 51936, ""rooms"": 1, ""room_alias"": ""一室"", ""area"": 79}, {""id"": 51934, ""rooms"": 3, ""room_alias"": ""三室"", ""area"": 129}, {""id"": 51937, ""rooms"": 3, ""room_alias"": ""三室"", ""area"": 148}]",1/3室,"1室户型,3室户型",2001-06-18,2015年05月10日,2001年,2002年,"[""2016-10-30""]","{独栋别墅,双拼别墅}",别墅：独栋别墅、双拼别墅 住宅：多层、高层,别墅：40年 住宅：40年,别墅：0.5 住宅：0.5,别墅：50% 住宅：50%,别墅：1236 住宅：1236,"别墅：毛坯,带装修 住宅：毛坯,带装修",,别墅,招商积余,别墅：2.4元/㎡/月 住宅：2.4元/㎡/月,,别墅：557 住宅：557,别墅：1:0.45 住宅：1:0.45,售罄,售罄,售罄,"[""青房注字青开(2014)第019""]","[""27#、28#、29#、30#、24#""]",朗诗,青岛城建,青岛城市建设集团物业销售有限公司,别墅：民电,别墅：民水,35.968055,120.244389,"{""service_num"": ""4006708287"", ""num"": """"}","{""559"": ""现房"", ""53"": ""高绿化率"", ""52"": ""低容积"", ""29"": ""装修交付"", ""9"": ""轨交房"", ""63"": ""旅游地产"", ""72"": ""配套纯熟"", ""71"": ""便利店"", ""70"": ""银行"", ""69"": ""学校"", ""68"": ""医院"", ""67"": ""生态绿地"", ""66"": ""公园"", ""65"": ""商业街"", ""64"": ""购物中心"", ""79"": ""小户型"", ""78"": ""大户型"", ""637"": ""公办中学"", ""636"": ""公办小学"", ""599"": ""省级示范园"", ""598"": ""民办幼儿园"", ""597"": ""公办幼儿园"", ""50"": ""品牌开发商""}","[""现房"", ""高绿化率"", ""低容积"", ""装修交付"", ""轨交房""]",https://pic4.ajkimg.com/display/xinfang/305a7ff96703edf65a5b4245831a78f2/275x206n.jpg,"[{""id"": ""7315918"", ""loupan_id"": ""241910"", ""station_id"": ""120439"", ""subway_id"": ""1045"", ""city_id"": ""30"", ""distance"": ""1150米"", ""status"": ""1"", ""last_update_time"": ""1774212708"", ""is_rail_loupan"": ""1"", ""subway_name"": ""1号线"", ""station_name"": ""天目山"", ""distance_raw"": ""1150""}]",开发区漓江东路2号（项目现场北）
7366600,华雅居二期,青岛,30,即墨区,3645,鹤山路,5205,青岛即墨区鹤山路文峰路966号,,3043元/㎡,3043元/㎡,首付13万，月供3297元,89-128㎡,137000m²,371700m²,"[{""id"": 662559, ""rooms"": 3, ""room_alias"": ""三室"", ""area"": 89}, {""id"": 661597, ""rooms"": 3, ""room_alias"": ""三室"", ""area"": 109}, {""id"": 701859, ""rooms"": 3, ""room_alias"": ""三室"", ""area"": 128}]",3室,3室户型,2001-12-17,2022年04月01日,2001年,2002年,"[""2023-08-14"", ""2023-05-31"", ""2023-04-24"", ""2023-03-21"", ""2022-10-10"", ""2022-04-01"", ""2022-02-28"", ""2022-02-28"", ""2021-07-22"", ""2021-08-13"", ""2021-08-20"", ""2021-09-08"", ""2021-11-05"", ""2021-09-30"", ""2021-09-30""]","{多层,小高层}",多层、小高层,70年,2,30%,678,毛坯,,住宅,合景悠活,2.7元/㎡/月,,2700,,售罄,售罄,售罄,"[""即房注字(2023)第046号"", ""即房注字(2023)第033号"", ""即房注字(2023)第021号"", ""即房注字(2023)第012号"", ""即房注字(2022)第074号"", ""即房注字(2022)第023号"", ""即房注字(2022)第008号"", ""即房注字(2022)第009号"", ""即房注字(2021)第091号"", ""即房注字(2021)第104号"", ""即房注字(2021)第107号"", ""即房注字(2021)第119号"", ""即房注字(2021)第153号"", ""即房注字(2021)第137号"", ""即房注字(2021)第138号""]","[""13#、12#"", ""7#、6#、1#"", ""8#、2#"", ""3#"", ""4#、14#、18#、22#、23#"", ""10#、20#、5#"", ""9#"", ""21#"", ""3#、5#"", ""7#"", ""16#、17#"", ""9#、8#"", ""24#"", ""19#"", ""6#""]",龙湖,首创置业,青岛首智投资开发有限公司,民电,民水,36.38807,120.426088,"""""","{""559"": ""现房"", ""81"": ""大阳台"", ""76"": ""厨卫全明"", ""74"": ""南北通透"", ""73"": ""卧室全朝南"", ""33"": ""智能住宅"", ""32"": ""绿色住宅"", ""78"": ""大户型"", ""404"": ""客餐厅相连"", ""403"": ""私密性好"", ""402"": ""玄关入户"", ""401"": ""户型方正"", ""85"": ""主卧套房"", ""637"": ""公办中学"", ""636"": ""公办小学"", ""600"": ""市级示范园"", ""598"": ""民办幼儿园"", ""597"": ""公办幼儿园"", ""541"": ""3D沙盘"", ""540"": ""日照模拟"", ""263"": ""VR看房"", ""50"": ""品牌开发商""}","[""现房"", ""大阳台"", ""厨卫全明"", ""南北通透"", ""卧室全朝南""]",https://pic4.ajkimg.com/display/xinfang/b5063ced201288ad7d57ac0b5373a5f2/275x206n.jpg,[],即墨区通济街道文峰路966号
5527494,新时代宅,青岛,30,李沧区,3642,李村,3690,青岛李沧区李村普安路59号,,4426元/㎡,4426元/㎡,首付18万，月供4480元,96-127㎡,39000m²,94000m²,"[{""id"": 755123, ""rooms"": 3, ""room_alias"": ""三室"", ""area"": 96}, {""id"": 755124, ""rooms"": 3, ""room_alias"": ""三室"", ""area"": 97}, {""id"": 755125, ""rooms"": 3, ""room_alias"": ""三室"", ""area"": 97}, {""id"": 755126, ""rooms"": 3, ""room_alias"": ""三室"", ""area"": 107}, {""id"": 755127, ""rooms"": 3, ""room_alias"": ""三室"", ""area"": 108}, {""id"": 589986, ""rooms"": 4, ""room_alias"": ""四室"", ""area"": 127}]",3/4室,"3室户型,4室户型",2001-12-13,2023年03月31日,2001年,2002年,"[""2022-05-17"", ""2022-03-10"", ""2022-03-10"", ""2020-11-19""]","{小高层,花园洋房}",小高层、花园洋房,70年,1.7,37%,608,毛坯,在建中，竣工时间：暂无数据,住宅,旭辉永升,2.2元/㎡/月,,760,1:1.25,售罄,售罄,售罄,"[""青房预字（2022）025号"", ""青房预字（2022）006号"", ""青房预字（2022）005号"", ""青房注字（2020）第072号""]","[""普安路59号1号楼、普安路59号2号楼、普安路59号3号楼、普安路59号4号楼、普安路59号5号楼、普安路59号7号楼、普安路59号9号楼"", ""普安路59号6#、普安路59号8#"", ""普安路59号10#、普安路59号11#、普安路59号12#"", ""10#、11#、12#、13#、1#、2#、4#、6#、8#、9#、7#、3#、5#""]",恒大,青岛城建,青岛城市建设集团泰都置业有限公司,民电,民水,36.23225,120.416988,"{""service_num"": ""4006708287"", ""num"": ""76443""}","{""559"": ""现房"", ""56"": ""车位充足"", ""53"": ""高绿化率"", ""52"": ""低容积"", ""76"": ""厨卫全明"", ""74"": ""南北通透"", ""73"": ""卧室全朝南"", ""7"": ""项目在建"", ""276"": ""一房一价"", ""78"": ""大户型"", ""404"": ""客餐厅相连"", ""402"": ""玄关入户"", ""401"": ""户型方正"", ""397"": ""动静分离"", ""85"": ""主卧套房"", ""83"": ""双阳台"", ""637"": ""公办中学"", ""636"": ""公办小学"", ""635"": ""民办小学"", ""624"": ""九年一贯制"", ""598"": ""民办幼儿园"", ""597"": ""公办幼儿园"", ""541"": ""3D沙盘"", ""540"": ""日照模拟"", ""263"": ""VR看房"", ""50"": ""品牌开发商""}","[""现房"", ""车位充足"", ""高绿化率"", ""低容积"", ""厨卫全明""]",https://pic4.ajkimg.com/display/xinfang/2cbb0bc4d28c8974c63a603091f496a5/275x206n.jpg,[],青岛市李沧区遵义东路56号
250732,开泰半岛小区,青岛,30,崂山区,3643,高科园,3696,青岛崂山区高科园合肥路与劲松6路交汇处,,,,,91-136㎡,15295.8m²,56666.2m²,"[{""id"": 41231, ""rooms"": 2, ""room_alias"": ""二室"", ""area"": 91}, {""id"": 41233, ""rooms"": 2, ""room_alias"": ""二室"", ""area"": 92}, {""id"": 41235, ""rooms"": 3, ""room_alias"": ""三室"", ""area"": 113}, {""id"": 41236, ""rooms"": 3, ""room_alias"": ""三室"", ""area"": 136}]",2/3室,"2室户型,3室户型",2001-06-24,,2001年,2002年,[],{高层},高层,70年,2.94,30%,432,毛坯,,住宅,保利物业,1.6元/㎡/月,,432,,售罄,售罄,售罄,[],[],阳光城,,日照安泰集团,民电,民水,36.102929,120.466421,"""""","{""9"": ""轨交房"", ""10"": ""多轨交"", ""72"": ""配套纯熟"", ""71"": ""便利店"", ""70"": ""银行"", ""69"": ""学校"", ""68"": ""医院"", ""66"": ""公园"", ""65"": ""商业街"", ""64"": ""购物中心"", ""78"": ""大户型"", ""638"": ""民办中学"", ""637"": ""公办中学"", ""636"": ""公办小学"", ""635"": ""民办小学"", ""599"": ""省级示范园"", ""598"": ""民办幼儿园"", ""597"": ""公办幼儿园""}","[""轨交房"", ""多轨交"", ""配套纯熟"", ""便利店"", ""银行""]",https://pic4.ajkimg.com/display/xinfang/c16fe5d1bfe7c0b2b3e0da55f8064e0e/275x206n.jpg,"[{""id"": ""7313328"", ""loupan_id"": ""242072"", ""station_id"": ""121189"", ""subway_id"": ""12068"", ""city_id"": ""30"", ""distance"": ""250米"", ""status"": ""1"", ""last_update_time"": ""1774212705"", ""is_rail_loupan"": ""1"", ""subway_name"": ""5号线"", ""station_name"": ""国信体育馆"", ""distance_raw"": ""250""}, {""id"": ""7313326"", ""loupan_id"": ""242072"", ""station_id"": ""121188"", ""subway_id"": ""12068"", ""city_id"": ""30"", ""distance"": ""1114米"", ""status"": ""1"", ""last_update_time"": ""1774212705"", ""is_rail_loupan"": ""1"", ""subway_name"": ""5号线"", ""station_name"": ""大埠东"", ""distance_raw"": ""1114""}, {""id"": ""7313918"", ""loupan_id"": ""242072"", ""station_id"": ""120742"", ""subway_id"": ""12051"", ""city_id"": ""30"", ""distance"": ""1122米"", ""status"": ""1"", ""last_update_time"": ""1774212705"", ""is_rail_loupan"": ""1"", ""subway_name"": ""4号线"", ""station_name"": ""大埠东"", ""distance_raw"": ""1122""}]",合肥路668号（四季景园小区南门）
2139164,蓝岸A区,青岛,30,平度市,3649,平度,3722,青岛平度市平度市红旗路,,,,,,24000m²,120000m²,[],,,2001-01-03,,2001年,2002年,[],洋房,,40年,,2500%,,毛坯,,,合景悠活,,,,,售罄,售罄,售罄,[],[],万科,,青岛鼎峰瑞平置业有限公司,商电,商水,36.792459,120.027568,"""""","{""638"": ""民办中学"", ""637"": ""公办中学"", ""636"": ""公办小学"", ""597"": ""公办幼儿园"", ""635"": ""民办小学"", ""598"": ""民办幼儿园""}","[""民办中学"", ""公办中学"", ""公办小学"", ""公办幼儿园"", ""民办小学""]",https://pic4.ajkimg.com/display/xinfang/0a4adbeb2b25b9c4a2fd1fd57973ce9b/275x206n.jpg,[],平度市红旗路27号
113100,翠蓝湾新城,青岛,30,西海岸新区,3646,滨海大道,5211,青岛西海岸新区滨海大道滨海大道与朝阳路交界处,,,,,160-480㎡,别墅：49606m² 住宅：49606m²,别墅：60000m² 住宅：60000m²,"[{""id"": 39189, ""rooms"": 4, ""room_alias"": ""四室"", ""area"": 160}, {""id"": 39187, ""rooms"": 4, ""room_alias"": ""四室"", ""area"": 245}, {""id"": 50126, ""rooms"": 4, ""room_alias"": ""四室"", ""area"": 260}]",4室、别墅,"4室户型,别墅户型",2001-08-16,,2001年,2002年,[],"{独栋别墅,多层,高层}",别墅：独栋别墅 住宅：多层、高层,别墅：70年 住宅：70年,住宅：0.99,别墅：36% 住宅：36%,别墅：188 住宅：188,别墅：毛坯 住宅：毛坯,,别墅,中海物业,住宅：4.28元/㎡/月,,别墅：228 住宅：228,别墅：1:2 住宅：1:2,售罄,售罄,售罄,"[""南房注字(2011)第041""]",[],建发,,康大地产,别墅：民电,别墅：民水,35.923528,120.154492,"{""service_num"": ""4006708287"", ""num"": """"}","{""56"": ""车位充足"", ""52"": ""低容积"", ""9"": ""轨交房"", ""63"": ""旅游地产"", ""72"": ""配套纯熟"", ""70"": ""银行"", ""69"": ""学校"", ""68"": ""医院"", ""66"": ""公园"", ""65"": ""商业街"", ""64"": ""购物中心"", ""78"": ""大户型"", ""637"": ""公办中学"", ""636"": ""公办小学"", ""598"": ""民办幼儿园"", ""597"": ""公办幼儿园"", ""55"": ""小型社区""}","[""车位充足"", ""低容积"", ""轨交房"", ""旅游地产"", ""配套纯熟""]",https://pic4.ajkimg.com/display/xinfang/a706ee57097b9edf6a1b16be654e3b10/275x206n.jpg,"[{""id"": ""7314982"", ""loupan_id"": ""241708"", ""station_id"": ""4405"", ""subway_id"": ""123"", ""city_id"": ""30"", ""distance"": ""1168米"", ""status"": ""1"", ""last_update_time"": ""1774212707"", ""is_rail_loupan"": ""1"", ""subway_name"": ""西海岸快线"", ""station_name"": ""灵山卫"", ""distance_raw"": ""1168""}]",滨海大道与朝阳路交界处
2040154,青岛盛世源,青岛,30,市南区,3639,香港路沿线,3653,青岛市南区香港路沿线银川西路14号（与宁德路交汇处北侧）,,,,,91-145㎡,住宅：28900m² 别墅：28900m²,住宅：46062m² 别墅：46062m²,"[{""id"": 41038, ""rooms"": 2, ""room_alias"": ""二室"", ""area"": 99.35}, {""id"": 41027, ""rooms"": 3, ""room_alias"": ""三室"", ""area"": 90.91}, {""id"": 41037, ""rooms"": 3, ""room_alias"": ""三室"", ""area"": 118.5}, {""id"": 41036, ""rooms"": 3, ""room_alias"": ""三室"", ""area"": 118.83}, {""id"": 41035, ""rooms"": 3, ""room_alias"": ""三室"", ""area"": 122.3}, {""id"": 41028, ""rooms"": 3, ""room_alias"": ""三室"", ""area"": 144.86}]",2/3室,"2室户型,3室户型",2001-11-16,,2001年,2002年,[],多层,住宅：多层、小高层,住宅：70年 别墅：70年,住宅：1.1,住宅：40% 别墅：40%,住宅：308 别墅：308,住宅：带装修 别墅：带装修,,住宅,新城悦服务,住宅：1.4元/㎡/月,,住宅：308 别墅：308,,售罄,售罄,售罄,[],[],象屿,,青岛亚建实业有限公司,住宅：民电,住宅：民水,36.105504,120.409983,"{""service_num"": ""4006708287"", ""num"": """"}","{""53"": ""高绿化率"", ""52"": ""低容积"", ""29"": ""装修交付"", ""63"": ""旅游地产"", ""72"": ""配套纯熟"", ""70"": ""银行"", ""69"": ""学校"", ""68"": ""医院"", ""67"": ""生态绿地"", ""66"": ""公园"", ""65"": ""商业街"", ""78"": ""大户型"", ""638"": ""民办中学"", ""637"": ""公办中学"", ""636"": ""公办小学"", ""635"": ""民办小学"", ""598"": ""民办幼儿园"", ""597"": ""公办幼儿园""}","[""高绿化率"", ""低容积"", ""装修交付"", ""旅游地产"", ""配套纯熟""]",https://pic4.ajkimg.com/display/xinfang/826123684dc24e2a1907a1028f65a2b4/275x206n.jpg,[],银川西路26号
1349152,金华庭二期,青岛,30,市北区,3640,瑞昌路,5194,青岛市北区瑞昌路瑞海北路1号、5号,,8299元/㎡,8299元/㎡,首付66万，月供15875元,143-390㎡,78936.98m²,309583.63m²,"[{""id"": 752574, ""rooms"": 3, ""room_alias"": ""三室"", ""area"": 143}, {""id"": 752575, ""rooms"": 3, ""room_alias"": ""三室"", ""area"": 143}, {""id"": 874326, ""rooms"": 3, ""room_alias"": ""三室"", ""area"": 143}, {""id"": 752577, ""rooms"": 3, ""room_alias"": ""三室"", ""area"": 155}, {""id"": 752579, ""rooms"": 3, ""room_alias"": ""三室"", ""area"": 155}, {""id"": 752581, ""rooms"": 4, ""room_alias"": ""四室"", ""area"": 160}, {""id"": 874325, ""rooms"": 4, ""room_alias"": ""四室"", ""area"": 182}, {""id"": 752583, ""rooms"": 4, ""room_alias"": ""四室"", ""area"": 200}, {""id"": 761029, ""rooms"": 4, ""room_alias"": ""四室"", ""area"": 390}]",3/4室,"3室户型,4室户型",2001-06-12,2022年12月27日,2001年,2002年,"[""2025-07-21"", ""2024-12-12"", ""2023-09-11"", ""2022-12-27"", ""2022-09-27"", ""2022-07-07"", ""2022-05-12""]",小高层,小高层、高层,70年,2.54,35%,449,带装修,已竣工，竣工时间：2024-09-30,住宅,绿城服务,3.02元/㎡/月,,1207,1:1.35,售罄,售罄,售罄,"[""青房预字（2025）第042号"", ""青房预字（2024）第080号"", ""青房预字（2023）第069号"", ""青房预字（2022）第097号"", ""青房注字（2022）第060号"", ""青房注字（2022）第037号"", ""青房预字（2022）第021号""]","[""15#"", ""12#、16#"", ""11#"", ""2#"", ""3#、9#"", ""8#"", ""1#、5#、7#""]",远洋,"华润置地,青岛地铁",青铁置业，华润置地，新凯达置地,民电,民水,36.125254,120.32551,"{""service_num"": ""4006708287"", ""num"": ""78546""}","{""557"": ""项目竣工"", ""56"": ""车位充足"", ""29"": ""装修交付"", ""9"": ""轨交房"", ""76"": ""厨卫全明"", ""74"": ""南北通透"", ""73"": ""卧室全朝南"", ""78"": ""大户型"", ""404"": ""客餐厅相连"", ""402"": ""玄关入户"", ""401"": ""户型方正"", ""397"": ""动静分离"", ""85"": ""主卧套房"", ""744"": ""好房子"", ""638"": ""民办中学"", ""637"": ""公办中学"", ""636"": ""公办小学"", ""624"": ""九年一贯制"", ""598"": ""民办幼儿园"", ""597"": ""公办幼儿园"", ""541"": ""3D沙盘"", ""540"": ""日照模拟"", ""263"": ""VR看房"", ""50"": ""品牌开发商""}","[""项目竣工"", ""车位充足"", ""装修交付"", ""轨交房"", ""厨卫全明""]",https://pic4.ajkimg.com/display/xinfang/b0dbb85347b40d8eddc13f1a2250d246/275x206n.jpg,"[{""id"": ""7275171"", ""loupan_id"": ""510353"", ""station_id"": ""121178"", ""subway_id"": ""12068"", ""city_id"": ""30"", ""distance"": ""1346米"", ""status"": ""1"", ""last_update_time"": ""1774212708"", ""is_rail_loupan"": ""1"", ""subway_name"": ""5号线"", ""station_name"": ""瑞昌路"", ""distance_raw"": ""1346""}]",青岛市市北区瑞海北路1号
194838,蓝青山坊,青岛,30,即墨区,3645,创智新区,17473,青岛即墨区创智新区明达路6号,,2904元/㎡,2904元/㎡,首付14万，月供3512元,89-135㎡,54595m²,176715m²,"[{""id"": 499432, ""rooms"": 2, ""room_alias"": ""二室"", ""area"": 89}, {""id"": 499453, ""rooms"": 3, ""room_alias"": ""三室"", ""area"": 116}, {""id"": 499462, ""rooms"": 3, ""room_alias"": ""三室"", ""area"": 118}, {""id"": 743059, ""rooms"": 3, ""room_alias"": ""三室"", ""area"": 118}, {""id"": 499466, ""rooms"": 3, ""room_alias"": ""三室"", ""area"": 125}, {""id"": 743061, ""rooms"": 3, ""room_alias"": ""三室"", ""area"": 125}, {""id"": 743062, ""rooms"": 3, ""room_alias"": ""三室"", ""area"": 135}, {""id"": 743063, ""rooms"": 3, ""room_alias"": ""三室"", ""area"": 135}]",2/3室,"2室户型,3室户型",2001-02-06,2021年08月13日,2001年,2002年,"[""2021-04-23"", ""2021-05-25"", ""2020-06-12"", ""2020-08-27"", ""2021-08-13""]","{小高层,高层}",小高层、高层,70年,2.4,30%,1052,带装修,,住宅,碧桂园服务,2.77元/㎡/月,,1269,1:1.28,售罄,售罄,售罄,"[""即房注字(2021)第035号"", ""即房注字(2021)第053号"", ""即房注字(2020)第066号"", ""即房注字(2020)第122号"", ""即房注字(2021)第083号""]","[""11#、8#"", ""13#、1#"", ""5#、7#"", ""4#"", ""10#、14#、6#、9#""]",阳光城,海信地产,海信地产,民电,民水,36.430233,120.552431,"""""","{""56"": ""车位充足"", ""29"": ""装修交付"", ""76"": ""厨卫全明"", ""74"": ""南北通透"", ""73"": ""卧室全朝南"", ""78"": ""大户型"", ""404"": ""客餐厅相连"", ""403"": ""私密性好"", ""402"": ""玄关入户"", ""401"": ""户型方正"", ""397"": ""动静分离"", ""85"": ""主卧套房"", ""82"": ""双卫生间"", ""637"": ""公办中学"", ""636"": ""公办小学"", ""598"": ""民办幼儿园"", ""597"": ""公办幼儿园"", ""541"": ""3D沙盘"", ""540"": ""日照模拟"", ""263"": ""VR看房"", ""50"": ""品牌开发商""}","[""车位充足"", ""装修交付"", ""厨卫全明"", ""南北通透"", ""卧室全朝南""]",https://pic4.ajkimg.com/display/xinfang/9d1145dcfee797068c8d8e7300340e7e/275x206n.jpg,[],即墨区盟旺路与长广路交汇处
5704114,德馨盛世墅,青岛,30,即墨区,3645,鹤山路,5205,"青岛即墨区鹤山路鹤山路,近泰山一路",,,,,58-147㎡,28186m²,84000m²,"[{""id"": 146206, ""rooms"": 1, ""room_alias"": ""一室"", ""area"": 58}, {""id"": 146207, ""rooms"": 2, ""room_alias"": ""二室"", ""area"": 60}, {""id"": 285922, ""rooms"": 3, ""room_alias"": ""三室"", ""area"": 82}, {""id"": 369093, ""rooms"": 3, ""room_alias"": ""三室"", ""area"": 91}, {""id"": 285923, ""rooms"": 3, ""room_alias"": ""三室"", ""area"": 104}, {""id"": 369073, ""rooms"": 3, ""room_alias"": ""三室"", ""area"": 108}, {""id"": 416390, ""rooms"": 3, ""room_alias"": ""三室"", ""area"": 125}, {""id"": 416391, ""rooms"": 3, ""room_alias"": ""三室"", ""area"": 126}, {""id"": 416388, ""rooms"": 4, ""room_alias"": ""四室"", ""area"": 147}]",1/2/3/4室,"1室户型,2室户型,3室户型,4室户型",2001-10-08,,2001年,2002年,"[""2018-04-26"", ""2014-06-19""]",{高层},高层,70年,3,36%,770,毛坯,,住宅,旭辉永升,1.6元/㎡/月,,142,1:0.18,售罄,售罄,售罄,"[""即房(2018)注字012"", ""即房(2014)注字023""]","[""4#、3#、5#、6#"", ""2#、1#""]",滨江集团,,即墨市城市建设开发有限公司,民电,民水,36.400514,120.501266,"""""","{""81"": ""大阳台"", ""53"": ""高绿化率"", ""76"": ""厨卫全明"", ""75"": ""三房朝南"", ""74"": ""南北通透"", ""72"": ""配套纯熟"", ""71"": ""便利店"", ""70"": ""银行"", ""69"": ""学校"", ""68"": ""医院"", ""67"": ""生态绿地"", ""65"": ""商业街"", ""64"": ""购物中心"", ""79"": ""小户型"", ""78"": ""大户型"", ""86"": ""全景飘窗"", ""82"": ""双卫生间"", ""637"": ""公办中学"", ""636"": ""公办小学"", ""635"": ""民办小学"", ""598"": ""民办幼儿园"", ""597"": ""公办幼儿园""}","[""大阳台"", ""高绿化率"", ""厨卫全明"", ""三房朝南"", ""南北通透""]",https://pic4.ajkimg.com/display/xinfang/84357dd54894a617a3377fa2a4b30ad0/275x206n.jpg,[],即墨市鹤山路与城东一路交汇处(龙华大厦东)
5656101,绿翠苑三期,青岛,30,李沧区,3642,李村,3690,青岛李沧区李村李沧李村商圈（金水路附近）,,,,,,160000m²,364000m²,[],,,2001-01-16,,2001年,2002年,[],洋房,多层,70年,,,,毛坯,,住宅,世茂服务,,,,,售罄,售罄,售罄,[],[],滨江集团,,青岛众望置业有限公司,民电,民水,36.179413,120.42574,"""""","{""9"": ""轨交房"", ""10"": ""多轨交"", ""72"": ""配套纯熟"", ""71"": ""便利店"", ""70"": ""银行"", ""69"": ""学校"", ""68"": ""医院"", ""67"": ""生态绿地"", ""66"": ""公园"", ""65"": ""商业街"", ""64"": ""购物中心"", ""638"": ""民办中学"", ""637"": ""公办中学"", ""636"": ""公办小学"", ""635"": ""民办小学"", ""599"": ""省级示范园"", ""598"": ""民办幼儿园"", ""597"": ""公办幼儿园"", ""55"": ""小型社区""}","[""轨交房"", ""多轨交"", ""配套纯熟"", ""便利店"", ""银行""]",https://pic4.ajkimg.com/display/xinfang/dc4ab22bd553cb7db5550aad2de633cc/275x206n.jpg,"[{""id"": ""7316183"", ""loupan_id"": ""242077"", ""station_id"": ""4494"", ""subway_id"": ""126"", ""city_id"": ""30"", ""distance"": ""5米"", ""status"": ""1"", ""last_update_time"": ""1774212708"", ""is_rail_loupan"": ""1"", ""subway_name"": ""2号线"", ""station_name"": ""李村公园"", ""distance_raw"": ""5""}, {""id"": ""7316185"", ""loupan_id"": ""242077"", ""station_id"": ""4493"", ""subway_id"": ""126"", ""city_id"": ""30"", ""distance"": ""933米"", ""status"": ""1"", ""last_update_time"": ""1774212708"", ""is_rail_loupan"": ""1"", ""subway_name"": ""2号线"", ""station_name"": ""李村"", ""distance_raw"": ""933""}, {""id"": ""7315689"", ""loupan_id"": ""242077"", ""station_id"": ""4361"", ""subway_id"": ""121"", ""city_id"": ""30"", ""distance"": ""1093米"", ""status"": ""1"", ""last_update_time"": ""1774212708"", ""is_rail_loupan"": ""1"", ""subway_name"": ""3号线"", ""station_name"": ""李村"", ""distance_raw"": ""1093""}, {""id"": ""7316426"", ""loupan_id"": ""242077"", ""station_id"": ""121228"", ""subway_id"": ""126"", ""city_id"": ""30"", ""distance"": ""1273米"", ""status"": ""1"", ""last_update_time"": ""1774212708"", ""is_rail_loupan"": ""1"", ""subway_name"": ""2号线"", ""station_name"": ""下王埠"", ""distance_raw"": ""1273""}, {""id"": ""7315687"", ""loupan_id"": ""242077"", ""station_id"": ""4360"", ""subway_id"": ""121"", ""city_id"": ""30"", ""distance"": ""1388米"", ""status"": ""1"", ""last_update_time"": ""1774212708"", ""is_rail_loupan"": ""1"", ""subway_name"": ""3号线"", ""station_name"": ""君峰路"", ""distance_raw"": ""1388""}, {""id"": ""7316829"", ""loupan_id"": ""242077"", ""station_id"": ""121206"", ""subway_id"": ""12070"", ""city_id"": ""30"", ""distance"": ""1499米"", ""status"": ""1"", ""last_update_time"": ""1774212709"", ""is_rail_loupan"": ""1"", ""subway_name"": ""15号线"", ""station_name"": ""下王埠"", ""distance_raw"": ""1499""}]",暂无
606863,泰玉兰源,青岛,30,市南区,3639,中山路,5181,青岛市南区中山路地铁2号线四川路（轮渡）站旁,,8576元/㎡,8576元/㎡,首付59万，月供14263元,127-183㎡,21781.5m²,63166.36m²,"[{""id"": 875205, ""rooms"": 3, ""room_alias"": ""三室"", ""area"": 127}, {""id"": 875209, ""rooms"": 3, ""room_alias"": ""三室"", ""area"": 150}, {""id"": 875206, ""rooms"": 4, ""room_alias"": ""四室"", ""area"": 156}, {""id"": 875207, ""rooms"": 4, ""room_alias"": ""四室"", ""area"": 177}, {""id"": 875208, ""rooms"": 4, ""room_alias"": ""四室"", ""area"": 183}]",3/4室,"3室户型,4室户型",2001-02-10,2025年10月01日,2001年,2002年,"[""2025-09-04"", ""2025-09-04""]",{高层},高层,70年,2.9,30%,448,,在建中，竣工时间：2027-10-31,住宅,旭辉永升,,,685,1:1.5,售罄,售罄,售罄,"[""青房预字（2025）第047号"", ""青房预字（2025）第048号""]","[""2#"", ""3#""]",中铁建,"保利集团,青岛地铁",青岛青铁广瑞置业有限公司,民电,民水,36.065662,120.32948,"{""service_num"": ""4006708287"", ""num"": ""40771""}","{""400"": ""小区会所"", ""101"": ""自持物业"", ""56"": ""车位充足"", ""9"": ""轨交房"", ""76"": ""厨卫全明"", ""74"": ""南北通透"", ""73"": ""卧室全朝南"", ""7"": ""项目在建"", ""10"": ""多轨交"", ""277"": ""特价房源"", ""276"": ""一房一价"", ""60"": ""海景地产"", ""547"": ""地铁"", ""72"": ""配套纯熟"", ""71"": ""便利店"", ""70"": ""银行"", ""69"": ""学校"", ""68"": ""医院"", ""67"": ""生态绿地"", ""66"": ""公园"", ""65"": ""商业街"", ""64"": ""购物中心"", ""78"": ""大户型"", ""402"": ""玄关入户"", ""401"": ""户型方正"", ""397"": ""动静分离"", ""85"": ""主卧套房"", ""92"": ""热搜盘"", ""90"": ""人气楼盘"", ""744"": ""好房子"", ""638"": ""民办中学"", ""637"": ""公办中学"", ""636"": ""公办小学"", ""635"": ""民办小学"", ""598"": ""民办幼儿园"", ""597"": ""公办幼儿园"", ""263"": ""VR看房"", ""50"": ""品牌开发商""}","[""小区会所"", ""自持物业"", ""车位充足"", ""轨交房"", ""厨卫全明""]",https://pic4.ajkimg.com/display/xinfang/5392b6ffae8492059dcfbb9d8413f04e/275x206n.jpg,"[{""id"": ""7318540"", ""loupan_id"": ""531545"", ""station_id"": ""121225"", ""subway_id"": ""126"", ""city_id"": ""30"", ""distance"": ""30米"", ""status"": ""1"", ""last_update_time"": ""1774212705"", ""is_rail_loupan"": ""1"", ""subway_name"": ""2号线"", ""station_name"": ""四川路(轮渡)"", ""distance_raw"": ""30""}, {""id"": ""7318544"", ""loupan_id"": ""531545"", ""station_id"": ""120339"", ""subway_id"": ""1045"", ""city_id"": ""30"", ""distance"": ""1310米"", ""status"": ""1"", ""last_update_time"": ""1774212709"", ""is_rail_loupan"": ""1"", ""subway_name"": ""1号线"", ""station_name"": ""西镇"", ""distance_raw"": ""1310""}]",市南区地铁2号线四川路（轮渡）站
6129857,百变星辰豪庭,青岛,30,市北区,3640,新都心,6140,青岛市北区新都心蚌埠路9号（蚌埠路与合肥路交界处）,,,,,51-61㎡,4395m²,23135m²,"[{""id"": 106716, ""rooms"": 1, ""room_alias"": ""一室"", ""area"": 51}, {""id"": 106718, ""rooms"": 1, ""room_alias"": ""一室"", ""area"": 61}]",1室,商业户型,2001-04-26,,2001年,2002年,[],小高层,高层,40年,4.09,35%,252,毛坯,,商业,碧桂园服务,4.8元/㎡/月,,220,1:0.8,售罄,售罄,售罄,"[""青房注字(2014)第028号""]",[],旭辉,,青岛欣德远景置业有限公司,商电,商水,36.117867,120.407755,"""""","{""9"": ""轨交房"", ""10"": ""多轨交"", ""72"": ""配套纯熟"", ""71"": ""便利店"", ""70"": ""银行"", ""68"": ""医院"", ""67"": ""生态绿地"", ""66"": ""公园"", ""65"": ""商业街"", ""64"": ""购物中心"", ""55"": ""小型社区""}","[""轨交房"", ""多轨交"", ""配套纯熟"", ""便利店"", ""银行""]",https://pic4.ajkimg.com/display/xinfang/7440772b22cd171e2642b1fa80cc23e1/275x206n.jpg,"[{""id"": ""7314124"", ""loupan_id"": ""251639"", ""station_id"": ""4366"", ""subway_id"": ""121"", ""city_id"": ""30"", ""distance"": ""966米"", ""status"": ""1"", ""last_update_time"": ""1774212706"", ""is_rail_loupan"": ""1"", ""subway_name"": ""3号线"", ""station_name"": ""双山"", ""distance_raw"": ""966""}, {""id"": ""7314123"", ""loupan_id"": ""251639"", ""station_id"": ""4365"", ""subway_id"": ""121"", ""city_id"": ""30"", ""distance"": ""1264米"", ""status"": ""1"", ""last_update_time"": ""1774212706"", ""is_rail_loupan"": ""1"", ""subway_name"": ""3号线"", ""station_name"": ""长沙路"", ""distance_raw"": ""1264""}, {""id"": ""7316043"", ""loupan_id"": ""251639"", ""station_id"": ""121285"", ""subway_id"": ""1044"", ""city_id"": ""30"", ""distance"": ""1398米"", ""status"": ""1"", ""last_update_time"": ""1774212708"", ""is_rail_loupan"": ""1"", ""subway_name"": ""8号线"", ""station_name"": ""嘉定山"", ""distance_raw"": ""1398""}]",青岛市市北区合肥路与蚌埠路交接处东200米路南
1983754,御林一期,青岛,30,崂山区,3643,海尔路,3697,青岛崂山区海尔路海尔路一号,,6086元/㎡,6086元/㎡,首付23万，月供5519元,70-110㎡,,16000m²,"[{""id"": 343080, ""rooms"": 1, ""room_alias"": ""一室"", ""area"": 70}, {""id"": 343051, ""rooms"": 2, ""room_alias"": ""二室"", ""area"": 110}]",1/2室,商业户型,2001-11-15,2018年04月30日,2001年,2002年,[],{高层},高层,40年,4.59,,180,带装修,,商业,绿城服务,4~5元/㎡/月,,180,1:1,售罄,售罄,售罄,"[""青房注字（崂）2018第002号""]",[],世茂,君一控股,青岛海云谷置业有限公司,商电,商水,36.134317,120.453947,"{""service_num"": ""4006708287"", ""num"": """"}","{""81"": ""大阳台"", ""29"": ""装修交付"", ""9"": ""轨交房"", ""76"": ""厨卫全明"", ""74"": ""南北通透"", ""73"": ""卧室全朝南"", ""10"": ""多轨交"", ""397"": ""动静分离"", ""263"": ""VR看房"", ""55"": ""小型社区"", ""50"": ""品牌开发商""}","[""大阳台"", ""装修交付"", ""轨交房"", ""厨卫全明"", ""南北通透""]",https://pic4.ajkimg.com/display/xinfang/0d12e63b88ca9aefef77bd052ea71d6a/275x206n.jpg,"[{""id"": ""7313772"", ""loupan_id"": ""439603"", ""station_id"": ""4363"", ""subway_id"": ""121"", ""city_id"": ""30"", ""distance"": ""1084米"", ""status"": ""1"", ""last_update_time"": ""1774212705"", ""is_rail_loupan"": ""1"", ""subway_name"": ""3号线"", ""station_name"": ""海尔路"", ""distance_raw"": ""1084""}, {""id"": ""7313884"", ""loupan_id"": ""439603"", ""station_id"": ""121185"", ""subway_id"": ""12068"", ""city_id"": ""30"", ""distance"": ""1368米"", ""status"": ""1"", ""last_update_time"": ""1774212705"", ""is_rail_loupan"": ""1"", ""subway_name"": ""5号线"", ""station_name"": ""地铁大厦"", ""distance_raw"": ""1368""}]",崂山区海尔路1号
5991140,天金色源,青岛,30,城阳区,3644,白沙湾,5204,青岛城阳区白沙湾梦海路28号,,3458元/㎡,3458元/㎡,,170㎡,别墅：86700m² 住宅：86700m²,别墅：164000m² 住宅：164000m²,"[{""id"": 698286, ""rooms"": 4, ""room_alias"": ""四室"", ""area"": 170}, {""id"": 698293, ""rooms"": 4, ""room_alias"": ""四室"", ""area"": 170}, {""id"": 698299, ""rooms"": 5, ""room_alias"": ""五室"", ""area"": 170}]",别墅,别墅户型,2001-07-21,2025年04月28日,2001年,2002年,"[""2026-02-10"", ""2025-07-31"", ""2025-09-29"", ""2025-06-24"", ""2025-05-08"", ""2023-06-15"", ""2022-06-23"", ""2022-06-02"", ""2022-03-24"", ""2021-12-08"", ""2021-09-01"", ""2021-07-28"", ""2021-05-28"", ""2021-04-22"", ""2021-04-02"", ""2019-06-25"", ""2020-09-12"", ""2020-01-02""]",{叠加别墅},别墅：叠加别墅 住宅：花园洋房、多层,别墅：70年 住宅：70年,别墅：1.1 住宅：1.1,别墅：46% 住宅：46%,别墅：928 住宅：184,"别墅：毛坯,带装修 住宅：毛坯",在建中，竣工时间：2026-12-31,别墅,世茂服务,别墅：2.77元/㎡/月 住宅：2.77元/㎡/月,,住宅：1672,,售罄,售罄,售罄,"[""城行审三（2026）58号"", ""城行审三（2025）326号"", ""城行审三（2025）435号"", ""城行审三（2025）241号"", ""城行审三（2025）156号"", ""城行审三（2023）433号"", ""城行审三（2022）567号"", ""城行审三（2022）412号"", ""城行审三（2022）176号"", ""城行审建（2021）1395号"", ""城行审建（2021）974号"", ""城行审建（2021）799号"", ""城行审建（2021）517号"", ""城行审建（2021）374号"", ""城行审建（2021）281号"", ""青房注字城（19）第37"", ""青房注字城（20）第104号"", ""青房注字城（19）第96号""]","[""宸园26#、宸园25#"", ""宸园6#"", ""宸园18#、宸园12#"", ""宸园17#、宸园11#"", ""宸园10#、宸园3#"", ""1#、2#、7#、8#、9#"", ""29#"", ""13#、15#、16#"", ""32#、38#"", ""28#"", ""31#、37#"", ""27#、20#、21#、22#"", ""58#"", ""30#、33#、36#"", ""59#"", ""56#、57#、61#"", ""53#"", ""55#、62#、63#""]",正荣,青特集团,青特置业,别墅：民电,别墅：民水,36.242468,120.334362,"{""service_num"": ""4006708287"", ""num"": ""24341""}","{""53"": ""高绿化率"", ""52"": ""低容积"", ""29"": ""装修交付"", ""7"": ""项目在建"", ""276"": ""一房一价"", ""5"": ""低单价"", ""4"": ""低总价"", ""60"": ""海景地产"", ""72"": ""配套纯熟"", ""69"": ""学校"", ""68"": ""医院"", ""65"": ""商业街"", ""64"": ""购物中心"", ""404"": ""客餐厅相连"", ""403"": ""私密性好"", ""638"": ""民办中学"", ""637"": ""公办中学"", ""636"": ""公办小学"", ""598"": ""民办幼儿园"", ""597"": ""公办幼儿园"", ""541"": ""3D沙盘"", ""540"": ""日照模拟"", ""361"": ""城阳区"", ""329"": ""共有产权"", ""263"": ""VR看房"", ""98"": ""改善置业"", ""97"": ""刚需直选"", ""55"": ""小型社区"", ""51"": ""金牌物业"", ""50"": ""品牌开发商""}","[""高绿化率"", ""低容积"", ""装修交付"", ""项目在建"", ""一房一价""]",https://pic4.ajkimg.com/display/xinfang/ace64353bc6a20e257797e9c1d54d935/275x206n.jpg,[],青岛市城阳区梦海路28号
3346572,保利红树庭,青岛,30,西海岸新区,3646,长江路,24950,青岛西海岸新区长江路长江路街道嘉陵江路与奋进路交汇处东南角,,3596元/㎡,3596元/㎡,首付18万，月供4480元,96-135㎡,124440m²,123200m²,"[{""id"": 845271, ""rooms"": 3, ""room_alias"": ""三室"", ""area"": 96}, {""id"": 845274, ""rooms"": 3, ""room_alias"": ""三室"", ""area"": 106}, {""id"": 845277, ""rooms"": 3, ""room_alias"": ""三室"", ""area"": 119}, {""id"": 845275, ""rooms"": 3, ""room_alias"": ""三室"", ""area"": 135}]",3室,3室户型,2001-09-15,2024年07月20日,2001年,2002年,"[""2025-07-21"", ""2025-05-09"", ""2025-05-26"", ""2025-04-02"", ""2024-12-04"", ""2024-11-08"", ""2024-10-16"", ""2024-06-21"", ""2024-07-19""]",小高层,小高层,70年,2,35%,797,毛坯,在建中，竣工时间：2026-04-30,住宅,碧桂园服务,,,1041,1:1.12,售罄,售罄,售罄,"[""青房注字（青黄25）第039号"", ""青房注字（青黄25）第016号"", ""青房注字（青黄25）第020号"", ""青房注字（青黄25）第008号"", ""青房注字（青黄24）第067号"", ""青房注字（青黄24）第064号"", ""青房注字（青黄24）第059号"", ""青房注字（青黄24）第036号"", ""青房注字（青黄24）第050号""]","[""1#、3#"", ""2#"", ""4#"", ""5#"", ""9#、7#"", ""6#"", ""10#"", ""12#、8#"", ""11#""]",仁恒,"保利集团,青岛地铁",,民电,民水,35.993378,120.160674,"""""","{""56"": ""车位充足"", ""9"": ""轨交房"", ""76"": ""厨卫全明"", ""74"": ""南北通透"", ""73"": ""卧室全朝南"", ""7"": ""项目在建"", ""276"": ""一房一价"", ""5"": ""低单价"", ""4"": ""低总价"", ""72"": ""配套纯熟"", ""71"": ""便利店"", ""70"": ""银行"", ""69"": ""学校"", ""68"": ""医院"", ""67"": ""生态绿地"", ""65"": ""商业街"", ""64"": ""购物中心"", ""78"": ""大户型"", ""402"": ""玄关入户"", ""401"": ""户型方正"", ""85"": ""主卧套房"", ""82"": ""双卫生间"", ""744"": ""好房子"", ""637"": ""公办中学"", ""636"": ""公办小学"", ""635"": ""民办小学"", ""598"": ""民办幼儿园"", ""597"": ""公办幼儿园"", ""541"": ""3D沙盘"", ""540"": ""日照模拟"", ""263"": ""VR看房"", ""50"": ""品牌开发商""}","[""车位充足"", ""轨交房"", ""厨卫全明"", ""南北通透"", ""卧室全朝南""]",https://pic4.ajkimg.com/display/xinfang/d8369287ca496c5977097627e3d45dcb/275x206n.jpg,"[{""id"": ""7291565"", ""loupan_id"": ""526353"", ""station_id"": ""121257"", ""subway_id"": ""12071"", ""city_id"": ""30"", ""distance"": ""310米"", ""status"": ""1"", ""last_update_time"": ""1774212707"", ""is_rail_loupan"": ""1"", ""subway_name"": ""6号线"", ""station_name"": ""扒山(滨海学院)"", ""distance_raw"": ""310""}, {""id"": ""7291566"", ""loupan_id"": ""526353"", ""station_id"": ""121258"", ""subway_id"": ""12071"", ""city_id"": ""30"", ""distance"": ""1114米"", ""status"": ""1"", ""last_update_time"": ""1774212707"", ""is_rail_loupan"": ""1"", ""subway_name"": ""6号线"", ""station_name"": ""青大附院西海岸院区"", ""distance_raw"": ""1114""}]",M6号线滨海学院站A口东侧
2111858,银豪庭二期,青岛,30,城阳区,3644,惜福镇,3711,青岛城阳区惜福镇白云山路与荟城路交汇处,,,,,84-88㎡,26629m²,56211m²,"[{""id"": 179339, ""rooms"": 2, ""room_alias"": ""二室"", ""area"": 84}, {""id"": 144888, ""rooms"": 2, ""room_alias"": ""二室"", ""area"": 85}, {""id"": 144889, ""rooms"": 2, ""room_alias"": ""二室"", ""area"": 88}]",2室,2室户型,2001-10-24,,2001年,2002年,[],{小高层},小高层,70年,1.75,30%,378,毛坯,,住宅,碧桂园服务,1.7元/㎡/月,,756,1:2,售罄,售罄,售罄,"[""青房注字(城16)第08"", ""青房注字(城16)第06"", ""青房注字(城15)第29""]",[],龙湖,,,民电,民水,36.32821,120.463454,"{""service_num"": ""4006708287"", ""num"": """"}","{""56"": ""车位充足"", ""52"": ""低容积"", ""72"": ""配套纯熟"", ""70"": ""银行"", ""69"": ""学校"", ""68"": ""医院"", ""66"": ""公园"", ""65"": ""商业街"", ""64"": ""购物中心"", ""637"": ""公办中学"", ""636"": ""公办小学"", ""635"": ""民办小学"", ""599"": ""省级示范园"", ""598"": ""民办幼儿园"", ""597"": ""公办幼儿园""}","[""车位充足"", ""低容积"", ""配套纯熟"", ""银行"", ""学校""]",https://pic4.ajkimg.com/display/xinfang/8f41ca8ad5587eb4781e8f950627bab7/275x206n.jpg,[],青岛城阳区白云山路与荟城路交汇处
4387347,万东方城,青岛,30,市北区,3640,湖岛,5193,青岛市北区湖岛海岸路22乙板块,,,,,80-115㎡,70756.39m²,198117.9m²,"[{""id"": 183557, ""rooms"": 2, ""room_alias"": ""二室"", ""area"": 80}, {""id"": 149918, ""rooms"": 2, ""room_alias"": ""二室"", ""area"": 85}, {""id"": 183555, ""rooms"": 2, ""room_alias"": ""二室"", ""area"": 105}, {""id"": 149931, ""rooms"": 3, ""room_alias"": ""三室"", ""area"": 95}, {""id"": 183558, ""rooms"": 3, ""room_alias"": ""三室"", ""area"": 99}, {""id"": 149927, ""rooms"": 3, ""room_alias"": ""三室"", ""area"": 100}, {""id"": 149930, ""rooms"": 3, ""room_alias"": ""三室"", ""area"": 100}, {""id"": 149932, ""rooms"": 3, ""room_alias"": ""三室"", ""area"": 110}, {""id"": 149933, ""rooms"": 3, ""room_alias"": ""三室"", ""area"": 110}, {""id"": 149934, ""rooms"": 3, ""room_alias"": ""三室"", ""area"": 115}]",2/3室,"2室户型,3室户型",2001-08-04,,2001年,2002年,[],"{多层,高层,花园洋房}",多层、高层、花园洋房,70年,2.8,30%,1800,"毛坯,带装修",,住宅,招商积余,2.8元/㎡/月,,1800,1:1,售罄,售罄,售罄,"[""青房注字(2015)第148号"", ""青房注字(2015)第147号"", ""青房注字(2016)第014号"", ""青房注字(2016)第091号""]",[],碧桂园,,中海地产,民电,民水,36.106338,120.357201,"""""","{""29"": ""装修交付"", ""9"": ""轨交房"", ""72"": ""配套纯熟"", ""70"": ""银行"", ""69"": ""学校"", ""68"": ""医院"", ""66"": ""公园"", ""65"": ""商业街"", ""64"": ""购物中心"", ""78"": ""大户型"", ""638"": ""民办中学"", ""637"": ""公办中学"", ""636"": ""公办小学"", ""635"": ""民办小学"", ""598"": ""民办幼儿园"", ""597"": ""公办幼儿园"", ""54"": ""大型社区""}","[""装修交付"", ""轨交房"", ""配套纯熟"", ""银行"", ""学校""]",https://pic4.ajkimg.com/display/xinfang/61c08cfc95dc3eab218ad809f2966222/275x206n.jpg,"[{""id"": ""7313408"", ""loupan_id"": ""389871"", ""station_id"": ""121176"", ""subway_id"": ""12068"", ""city_id"": ""30"", ""distance"": ""1112米"", ""status"": ""1"", ""last_update_time"": ""1774212705"", ""is_rail_loupan"": ""1"", ""subway_name"": ""5号线"", ""station_name"": ""海云庵"", ""distance_raw"": ""1112""}]",青岛市市北区杭州路9-14号，四方长途汽车站北600米
4712604,华新绿洲都,青岛,30,市北区,3640,新都心,6140,青岛市北区新都心南京路与重庆南路交汇处,,6916元/㎡,6916元/㎡,首付41万，月供9855元,115-240㎡,32851.26m²,101840m²,"[{""id"": 678789, ""rooms"": 3, ""room_alias"": ""三室"", ""area"": 115}, {""id"": 678787, ""rooms"": 3, ""room_alias"": ""三室"", ""area"": 125}, {""id"": 678802, ""rooms"": 4, ""room_alias"": ""四室"", ""area"": 130}, {""id"": 678795, ""rooms"": 4, ""room_alias"": ""四室"", ""area"": 143}, {""id"": 878508, ""rooms"": 4, ""room_alias"": ""四室"", ""area"": 240.09}]",3/4室,"3室户型,4室户型",2001-12-01,2023年07月15日,2001年,2002年,"[""2024-07-29"", ""2022-12-06"", ""2022-05-12""]",{高层},高层,70年,3.1,35%,708,毛坯,已竣工，竣工时间：2024-12-31,住宅,融创服务,3元/㎡/月,,1100,1:1.5,售罄,售罄,售罄,"[""青房预字(2024）第048号"", ""青房预字（2022）第084号"", ""青房预字（2022）第024号""]","[""4#"", ""5#"", ""1#、2#、3#""]",龙湖,华新园置业,青岛华新园置业有限公司,民电,民水,36.112069,120.377066,"{""service_num"": ""4006708287"", ""num"": ""75002""}","{""557"": ""项目竣工"", ""56"": ""车位充足"", ""9"": ""轨交房"", ""76"": ""厨卫全明"", ""74"": ""南北通透"", ""73"": ""卧室全朝南"", ""277"": ""特价房源"", ""276"": ""一房一价"", ""78"": ""大户型"", ""404"": ""客餐厅相连"", ""403"": ""私密性好"", ""402"": ""玄关入户"", ""401"": ""户型方正"", ""397"": ""动静分离"", ""85"": ""主卧套房"", ""91"": ""热评楼盘"", ""90"": ""人气楼盘"", ""638"": ""民办中学"", ""637"": ""公办中学"", ""636"": ""公办小学"", ""635"": ""民办小学"", ""624"": ""九年一贯制"", ""598"": ""民办幼儿园"", ""597"": ""公办幼儿园"", ""541"": ""3D沙盘"", ""540"": ""日照模拟"", ""263"": ""VR看房"", ""50"": ""品牌开发商""}","[""项目竣工"", ""车位充足"", ""轨交房"", ""厨卫全明"", ""南北通透""]",https://pic4.ajkimg.com/display/xinfang/a538de73cd26806a43b13358a1433d65/275x206n.jpg,"[{""id"": ""7181403"", ""loupan_id"": ""496979"", ""station_id"": ""4367"", ""subway_id"": ""121"", ""city_id"": ""30"", ""distance"": ""964米"", ""status"": ""1"", ""last_update_time"": ""1774212708"", ""is_rail_loupan"": ""1"", ""subway_name"": ""3号线"", ""station_name"": ""清江路"", ""distance_raw"": ""964""}, {""id"": ""7327309"", ""loupan_id"": ""496979"", ""station_id"": ""4368"", ""subway_id"": ""121"", ""city_id"": ""30"", ""distance"": ""1416米"", ""status"": ""1"", ""last_update_time"": ""1774212708"", ""is_rail_loupan"": ""1"", ""subway_name"": ""3号线"", ""station_name"": ""错埠岭"", ""distance_raw"": ""1416""}]",青岛市北区南京路与南京支路交叉口东60米
4284889,御花苑一期,青岛,30,崂山区,3643,海尔路,3697,青岛崂山区海尔路劲松六路106号（高职校西侧）,,9959元/㎡,9959元/㎡,首付64万，月供15302元,122-141㎡,40000m²,185000m²,"[{""id"": 585089, ""rooms"": 3, ""room_alias"": ""三室"", ""area"": 122}, {""id"": 585088, ""rooms"": 3, ""room_alias"": ""三室"", ""area"": 130}]",3室,3室户型,2001-07-17,2020年09月02日,2001年,2002年,"[""2023-07-25"", ""2023-06-20"", ""2022-01-06"", ""2020-09-02"", ""2021-06-07""]",超高层,高层,70年,3.26,40%,984,带装修,,住宅,龙湖智慧服务,3.9元/㎡/月,,1570,1:1.5,售罄,售罄,售罄,"[""鲁（2023）青岛市崂山区不动产权第0066165号"", ""鲁（2023）青岛市崂山区不动产权第0062371号"", ""青崂房预字（2021）第0024号"", ""青房注字（崂）2020第022号"", ""青房注字（崂）2021第003号""]","[""9#"", ""3#、4#"", ""1#、2#、5#"", ""7#、8#"", ""6#、10#""]",中南,,青岛北泰置地有限公司,民电,民水,36.136393,120.419763,"{""service_num"": ""4006708287"", ""num"": ""73410""}","{""81"": ""大阳台"", ""56"": ""车位充足"", ""53"": ""高绿化率"", ""29"": ""装修交付"", ""9"": ""轨交房"", ""76"": ""厨卫全明"", ""74"": ""南北通透"", ""33"": ""智能住宅"", ""32"": ""绿色住宅"", ""78"": ""大户型"", ""402"": ""玄关入户"", ""401"": ""户型方正"", ""85"": ""主卧套房"", ""92"": ""热搜盘"", ""638"": ""民办中学"", ""637"": ""公办中学"", ""636"": ""公办小学"", ""635"": ""民办小学"", ""624"": ""九年一贯制"", ""599"": ""省级示范园"", ""598"": ""民办幼儿园"", ""597"": ""公办幼儿园"", ""540"": ""日照模拟"", ""263"": ""VR看房""}","[""大阳台"", ""车位充足"", ""高绿化率"", ""装修交付"", ""轨交房""]",https://pic4.ajkimg.com/display/xinfang/7fea2e478d40899dae2a1ebeb90c6a24/275x206n.jpg,"[{""id"": ""7273572"", ""loupan_id"": ""478807"", ""station_id"": ""121186"", ""subway_id"": ""12068"", ""city_id"": ""30"", ""distance"": ""663米"", ""status"": ""1"", ""last_update_time"": ""1774212705"", ""is_rail_loupan"": ""1"", ""subway_name"": ""5号线"", ""station_name"": ""滁州路"", ""distance_raw"": ""663""}, {""id"": ""7273573"", ""loupan_id"": ""478807"", ""station_id"": ""121187"", ""subway_id"": ""12068"", ""city_id"": ""30"", ""distance"": ""993米"", ""status"": ""1"", ""last_update_time"": ""1774212705"", ""is_rail_loupan"": ""1"", ""subway_name"": ""5号线"", ""station_name"": ""合肥路"", ""distance_raw"": ""993""}]",紫樾尚府接待中心（临）崂山区白金广场南门
5852661,锦蓝湾园,青岛,30,李沧区,3642,沧口,3687,青岛李沧区沧口瑞金路地铁口西侧300米,,3790元/㎡,3790元/㎡,首付16万，月供3906元,89-109㎡,25852.49m²,102171.51m²,"[{""id"": 852319, ""rooms"": 3, ""room_alias"": ""三室"", ""area"": 89}, {""id"": 852320, ""rooms"": 3, ""room_alias"": ""三室"", ""area"": 109}]",3室,3室户型,2001-11-17,2024年11月,2001年,2002年,"[""2025-10-10"", ""2025-03-14"", ""2024-09-30""]",{高层},高层,70年,2.9,35%,748,毛坯,在建中，竣工时间：暂无数据,住宅,万科物业,2.59元/㎡/月,,870,,售罄,售罄,售罄,"[""青房预字（2025）第053号"", ""青房预字(2025)第004号"", ""青房预字（2024）第068号""]","[""4#"", ""5#"", ""7#""]",禹洲,越秀地产,,民电,民水,36.222683,120.41448,"{""service_num"": ""4006708287"", ""num"": ""14711""}","{""80"": ""得房率高"", ""9"": ""轨交房"", ""76"": ""厨卫全明"", ""74"": ""南北通透"", ""7"": ""项目在建"", ""10"": ""多轨交"", ""72"": ""配套纯熟"", ""70"": ""银行"", ""69"": ""学校"", ""68"": ""医院"", ""65"": ""商业街"", ""64"": ""购物中心"", ""402"": ""玄关入户"", ""401"": ""户型方正"", ""397"": ""动静分离"", ""85"": ""主卧套房"", ""92"": ""热搜盘"", ""91"": ""热评楼盘"", ""90"": ""人气楼盘"", ""744"": ""好房子"", ""637"": ""公办中学"", ""636"": ""公办小学"", ""624"": ""九年一贯制"", ""598"": ""民办幼儿园"", ""597"": ""公办幼儿园"", ""541"": ""3D沙盘"", ""540"": ""日照模拟"", ""263"": ""VR看房"", ""50"": ""品牌开发商""}","[""得房率高"", ""轨交房"", ""厨卫全明"", ""南北通透"", ""项目在建""]",https://pic4.ajkimg.com/display/xinfang/5a22228c2d8112e6cb784a0c7386ebae/275x206n.jpg,"[{""id"": ""7298569"", ""loupan_id"": ""528209"", ""station_id"": ""11039"", ""subway_id"": ""1045"", ""city_id"": ""30"", ""distance"": ""772米"", ""status"": ""1"", ""last_update_time"": ""1774212706"", ""is_rail_loupan"": ""1"", ""subway_name"": ""1号线"", ""station_name"": ""瑞金路"", ""distance_raw"": ""772""}, {""id"": ""7298567"", ""loupan_id"": ""528209"", ""station_id"": ""4427"", ""subway_id"": ""124"", ""city_id"": ""30"", ""distance"": ""774米"", ""status"": ""1"", ""last_update_time"": ""1774212705"", ""is_rail_loupan"": ""1"", ""subway_name"": ""7号线"", ""station_name"": ""瑞金路"", ""distance_raw"": ""774""}]","青岛市李沧区遵义路5号(遵义路与四流北路交叉口东20米路北,青钢集团东南2号门)"
2660720,新城梅林佳苑,青岛,30,莱西市,3648,莱西,3720,青岛莱西市莱西上海西路32号,,1521元/㎡,1521元/㎡,首付7万，月供1863元,95-124㎡,60000m²,100000m²,"[{""id"": 604830, ""rooms"": 3, ""room_alias"": ""三室"", ""area"": 95}, {""id"": 604826, ""rooms"": 3, ""room_alias"": ""三室"", ""area"": 119}, {""id"": 604831, ""rooms"": 3, ""room_alias"": ""三室"", ""area"": 124}]",3室,3室户型,2001-10-15,2022年11月07日,2001年,2002年,"[""2022-11-07"", ""2022-05-12"", ""2021-10-19"", ""2021-05-14"", ""2021-04-08""]",{小高层},小高层,70年,1.8,30%,892,毛坯,在建中，竣工时间：2022-12-31,住宅,绿城服务,1.9元/㎡/月,,1000,,售罄,售罄,售罄,"[""西房注字（2022）027"", ""西房注字（2022）004"", ""西房注字（2021）048"", ""西房注字（2021）022"", ""西房注字（2021）012""]","[""1#"", ""2#"", ""16#、20#"", ""10#、13#"", ""17#、21#""]",招商蛇口,新城控股,新城控股,民电,民水,36.891736,120.498243,"""""","{""559"": ""现房"", ""52"": ""低容积"", ""76"": ""厨卫全明"", ""74"": ""南北通透"", ""73"": ""卧室全朝南"", ""7"": ""项目在建"", ""78"": ""大户型"", ""404"": ""客餐厅相连"", ""402"": ""玄关入户"", ""401"": ""户型方正"", ""397"": ""动静分离"", ""85"": ""主卧套房"", ""83"": ""双阳台"", ""638"": ""民办中学"", ""637"": ""公办中学"", ""636"": ""公办小学"", ""598"": ""民办幼儿园"", ""597"": ""公办幼儿园"", ""263"": ""VR看房"", ""50"": ""品牌开发商""}","[""现房"", ""低容积"", ""厨卫全明"", ""南北通透"", ""卧室全朝南""]",https://pic4.ajkimg.com/display/xinfang/879277df28b72152bbd3d4c00fa72d3c/275x206n.jpg,[],青岛市莱西市上海西路32号
1964148,紫岸B区,青岛,30,平度市,3649,平度,3722,青岛平度市平度北至厦门路，南至朝阳路，西至同圣路，东至苏州路,,,,,64-114㎡,7.4m²,14.58m²,"[{""id"": 345333, ""rooms"": 2, ""room_alias"": ""二室"", ""area"": 64}, {""id"": 345334, ""rooms"": 2, ""room_alias"": ""二室"", ""area"": 78}, {""id"": 345335, ""rooms"": 2, ""room_alias"": ""二室"", ""area"": 78}, {""id"": 345336, ""rooms"": 3, ""room_alias"": ""三室"", ""area"": 92}, {""id"": 345337, ""rooms"": 3, ""room_alias"": ""三室"", ""area"": 92}, {""id"": 300000, ""rooms"": 3, ""room_alias"": ""三室"", ""area"": 96.08}, {""id"": 345338, ""rooms"": 3, ""room_alias"": ""三室"", ""area"": 105}, {""id"": 300007, ""rooms"": 3, ""room_alias"": ""三室"", ""area"": 105.5}, {""id"": 300011, ""rooms"": 3, ""room_alias"": ""三室"", ""area"": 114.45}]",2/3室,"2室户型,3室户型",2001-12-17,,2001年,2002年,[],小高层,多层、高层,70年,1.83,36%,964,毛坯,,住宅,融创服务,0.59~1.02元/㎡/月,,560,10:01,售罄,售罄,售罄,"[""青房注字（青平注）第530号"", ""青房注字（青平注）第525号"", ""平房注字(2017)642""]",[],中南,,青岛成元房地产开发有限公司,民电,民水,36.790846,119.971301,"""""","{""53"": ""高绿化率"", ""52"": ""低容积"", ""79"": ""小户型"", ""78"": ""大户型"", ""638"": ""民办中学"", ""637"": ""公办中学"", ""636"": ""公办小学"", ""635"": ""民办小学"", ""598"": ""民办幼儿园"", ""597"": ""公办幼儿园""}","[""高绿化率"", ""低容积"", ""小户型"", ""大户型"", ""民办中学""]",https://pic4.ajkimg.com/display/xinfang/ef0756f39d892601e59d11b714f25ab8/275x206n.jpg,[],平度市杭州路与朝阳路交汇处（开元城·开元盛景南门）
4699386,瑞世纪城,青岛,30,黄岛区,4516,安子片区,5217,青岛黄岛区安子片区珠江路1007号,,,,,,17000m²,70000m²,[],,,2001-03-24,,2001年,2002年,[],别墅,,,,,300,,,标准写字楼,华润万象生活,,,,,售罄,售罄,售罄,[],[],建发,,,商电,商水,35.948662,120.225704,"""""","{""9"": ""轨交房"", ""10"": ""多轨交"", ""70"": ""银行"", ""65"": ""商业街""}","[""轨交房"", ""多轨交"", ""银行"", ""商业街""]",https://pic4.ajkimg.com/display/xinfang/072ff701ef8394d2e6c084fc3d5886f9/275x206n.jpg,"[{""id"": ""7313635"", ""loupan_id"": ""413134"", ""station_id"": ""120322"", ""subway_id"": ""1045"", ""city_id"": ""30"", ""distance"": ""329米"", ""status"": ""1"", ""last_update_time"": ""1774212705"", ""is_rail_loupan"": ""1"", ""subway_name"": ""1号线"", ""station_name"": ""丁家河"", ""distance_raw"": ""329""}, {""id"": ""7313698"", ""loupan_id"": ""413134"", ""station_id"": ""120312"", ""subway_id"": ""1045"", ""city_id"": ""30"", ""distance"": ""1091米"", ""status"": ""1"", ""last_update_time"": ""1774212705"", ""is_rail_loupan"": ""1"", ""subway_name"": ""1号线"", ""station_name"": ""井冈山路"", ""distance_raw"": ""1091""}, {""id"": ""7316806"", ""loupan_id"": ""413134"", ""station_id"": ""4403"", ""subway_id"": ""123"", ""city_id"": ""30"", ""distance"": ""1176米"", ""status"": ""1"", ""last_update_time"": ""1774212709"", ""is_rail_loupan"": ""1"", ""subway_name"": ""西海岸快线"", ""station_name"": ""井冈山路"", ""distance_raw"": ""1176""}]",青岛市黄岛区珠江路1007号，区政府对面，市民文化广场西邻
7431468,紫悦明珠豪庭,青岛,30,莱西市,3648,莱西,3720,青岛莱西市莱西北京西路5号,,,,,77-173㎡,200000m²,460000m²,"[{""id"": 345644, ""rooms"": 2, ""room_alias"": ""二室"", ""area"": 77}, {""id"": 345645, ""rooms"": 2, ""room_alias"": ""二室"", ""area"": 97}, {""id"": 345646, ""rooms"": 2, ""room_alias"": ""二室"", ""area"": 98}, {""id"": 169308, ""rooms"": 2, ""room_alias"": ""二室"", ""area"": 99}, {""id"": 169311, ""rooms"": 3, ""room_alias"": ""三室"", ""area"": 101}, {""id"": 345647, ""rooms"": 3, ""room_alias"": ""三室"", ""area"": 107}, {""id"": 169313, ""rooms"": 3, ""room_alias"": ""三室"", ""area"": 123}, {""id"": 345648, ""rooms"": 3, ""room_alias"": ""三室"", ""area"": 123}, {""id"": 345649, ""rooms"": 3, ""room_alias"": ""三室"", ""area"": 125}, {""id"": 434440, ""rooms"": 3, ""room_alias"": ""三室"", ""area"": 132}, {""id"": 434441, ""rooms"": 3, ""room_alias"": ""三室"", ""area"": 132}, {""id"": 434435, ""rooms"": 3, ""room_alias"": ""三室"", ""area"": 173}]",2/3室,"2室户型,3室户型",2001-08-23,2018年12月26日,2001年,2002年,"[""2018-01-30"", ""2018-12-26""]",超高层,多层、小高层、高层,70年,2,30%,3300,毛坯,,住宅,融创服务,0.9元/㎡/月,,346,1:0.1,售罄,售罄,售罄,"[""西房注字(2018)006号"", ""西房注字（2018）055""]","[""9#、51#、52#、53#"", ""39#、40#、46#、47#、48#""]",旭辉,,青岛豪都置业有限公司,民电,民水,36.898423,120.511669,"""""","{""559"": ""现房"", ""81"": ""大阳台"", ""76"": ""厨卫全明"", ""75"": ""三房朝南"", ""74"": ""南北通透"", ""69"": ""学校"", ""66"": ""公园"", ""78"": ""大户型"", ""402"": ""玄关入户"", ""401"": ""户型方正"", ""85"": ""主卧套房"", ""83"": ""双阳台"", ""82"": ""双卫生间"", ""638"": ""民办中学"", ""637"": ""公办中学"", ""636"": ""公办小学"", ""598"": ""民办幼儿园"", ""597"": ""公办幼儿园"", ""263"": ""VR看房"", ""54"": ""大型社区""}","[""现房"", ""大阳台"", ""厨卫全明"", ""三房朝南"", ""南北通透""]",https://pic4.ajkimg.com/display/xinfang/b1b831c14be32db5110d140ba5f314fd/275x206n.jpg,[],莱西市北京西路5号(市政府西约800米)
366270,紫坊A区,青岛,30,黄岛区,4516,长江路,5213,青岛黄岛区长江路嘉陵江路220号,,,,,64-88㎡,9799m²,44176m²,"[{""id"": 61663, ""rooms"": 1, ""room_alias"": ""一室"", ""area"": 64}, {""id"": 61665, ""rooms"": 2, ""room_alias"": ""二室"", ""area"": 88}]",1/2室,"1室户型,2室户型",2001-12-23,,2001年,2002年,[],{高层},高层,70年,3.2,35%,309,毛坯,,住宅,合景悠活,1.6元/㎡/月,,,1:1,售罄,售罄,售罄,[],[],中海,,鑫隆建设集团,民电,民水,35.972999,120.170171,"""""","{""9"": ""轨交房"", ""72"": ""配套纯熟"", ""71"": ""便利店"", ""70"": ""银行"", ""69"": ""学校"", ""68"": ""医院"", ""67"": ""生态绿地"", ""66"": ""公园"", ""65"": ""商业街"", ""64"": ""购物中心"", ""79"": ""小户型"", ""638"": ""民办中学"", ""637"": ""公办中学"", ""636"": ""公办小学"", ""635"": ""民办小学"", ""598"": ""民办幼儿园"", ""597"": ""公办幼儿园""}","[""轨交房"", ""配套纯熟"", ""便利店"", ""银行"", ""学校""]",https://pic4.ajkimg.com/display/xinfang/84ea9cc5b20d7b75914034f73681d736/275x206n.jpg,"[{""id"": ""7316014"", ""loupan_id"": ""246353"", ""station_id"": ""4401"", ""subway_id"": ""123"", ""city_id"": ""30"", ""distance"": ""531米"", ""status"": ""1"", ""last_update_time"": ""1774212708"", ""is_rail_loupan"": ""1"", ""subway_name"": ""西海岸快线"", ""station_name"": ""嘉陵江路"", ""distance_raw"": ""531""}]",香江路克拉玛依宾馆一楼大厅
3979378,天西岸雅苑,青岛,30,李沧区,3642,李村,3690,青岛李沧区李村金水路177号（青岛世园会会址南侧金水路以北毛杨路以东 ）,,,,,153㎡,19800m²,31700m²,"[{""id"": 113456, ""rooms"": 3, ""room_alias"": ""三室"", ""area"": 153}]",3室,3室户型,2001-06-01,,2001年,2002年,[],小高层,多层,70年,1.1,32%,128,"毛坯,带装修",,住宅,金地智慧服务,3.2元/㎡/月,,128,1:1,售罄,售罄,售罄,"[""青房注字（2014）第003号""]",[],金茂,,,民电,民水,36.205405,120.501233,"{""service_num"": ""4006708287"", ""num"": """"}","{""52"": ""低容积"", ""29"": ""装修交付"", ""9"": ""轨交房"", ""72"": ""配套纯熟"", ""70"": ""银行"", ""69"": ""学校"", ""68"": ""医院"", ""66"": ""公园"", ""65"": ""商业街"", ""64"": ""购物中心"", ""78"": ""大户型"", ""638"": ""民办中学"", ""637"": ""公办中学"", ""636"": ""公办小学"", ""635"": ""民办小学"", ""598"": ""民办幼儿园"", ""597"": ""公办幼儿园"", ""55"": ""小型社区""}","[""低容积"", ""装修交付"", ""轨交房"", ""配套纯熟"", ""银行""]",https://pic4.ajkimg.com/display/xinfang/4007b54a8f0ac0629cfa612879b062ca/275x206n.jpg,"[{""id"": ""7314906"", ""loupan_id"": ""249577"", ""station_id"": ""121233"", ""subway_id"": ""126"", ""city_id"": ""30"", ""distance"": ""811米"", ""status"": ""1"", ""last_update_time"": ""1774212707"", ""is_rail_loupan"": ""1"", ""subway_name"": ""2号线"", ""station_name"": ""常川路"", ""distance_raw"": ""811""}, {""id"": ""7314902"", ""loupan_id"": ""249577"", ""station_id"": ""121232"", ""subway_id"": ""126"", ""city_id"": ""30"", ""distance"": ""997米"", ""status"": ""1"", ""last_update_time"": ""1774212707"", ""is_rail_loupan"": ""1"", ""subway_name"": ""2号线"", ""station_name"": ""东川路"", ""distance_raw"": ""997""}, {""id"": ""7314907"", ""loupan_id"": ""249577"", ""station_id"": ""121234"", ""subway_id"": ""126"", ""city_id"": ""30"", ""distance"": ""1481米"", ""status"": ""1"", ""last_update_time"": ""1774212707"", ""is_rail_loupan"": ""1"", ""subway_name"": ""2号线"", ""station_name"": ""龙川路"", ""distance_raw"": ""1481""}]",李沧区金水路李家上流社区居委会三楼
3671428,新城碧水峰,青岛,30,李沧区,3642,世园,5195,青岛李沧区世园金水路与汉川路交汇处,,,,,95-140㎡,30073m²,67001m²,"[{""id"": 170252, ""rooms"": 3, ""room_alias"": ""三室"", ""area"": 95}, {""id"": 282759, ""rooms"": 3, ""room_alias"": ""三室"", ""area"": 125}, {""id"": 282758, ""rooms"": 3, ""room_alias"": ""三室"", ""area"": 140}, {""id"": 282757, ""rooms"": 4, ""room_alias"": ""四室"", ""area"": 125}]",3/4室,"3室户型,4室户型",2001-01-17,,2001年,2002年,[],"{高层,花园洋房}",高层、花园洋房,70年,1.7,35%,501,毛坯,,住宅,旭辉永升,2.4元/㎡/月,,521,1:1,售罄,售罄,售罄,"[""青房注字(2016)第010号"", ""青房注字(2016)第055号"", ""青房注字(2016)第074号"", ""青房注字(2016)第109号"", ""青房注字(2017)第034号"", ""青房注字(2017)第017号"", ""青房注字(2017)第004号""]",[],阳光城,,,民电,民水,36.18429,120.468129,"{""service_num"": ""4006708287"", ""num"": """"}","{""57"": ""人车分流"", ""52"": ""低容积"", ""9"": ""轨交房"", ""72"": ""配套纯熟"", ""70"": ""银行"", ""69"": ""学校"", ""68"": ""医院"", ""66"": ""公园"", ""65"": ""商业街"", ""64"": ""购物中心"", ""78"": ""大户型"", ""638"": ""民办中学"", ""637"": ""公办中学"", ""636"": ""公办小学"", ""598"": ""民办幼儿园"", ""597"": ""公办幼儿园""}","[""人车分流"", ""低容积"", ""轨交房"", ""配套纯熟"", ""银行""]",https://pic4.ajkimg.com/display/xinfang/a221fabd61c459584a3104b002042723/275x206n.jpg,"[{""id"": ""7313354"", ""loupan_id"": ""389705"", ""station_id"": ""121231"", ""subway_id"": ""126"", ""city_id"": ""30"", ""distance"": ""1158米"", ""status"": ""1"", ""last_update_time"": ""1774212705"", ""is_rail_loupan"": ""1"", ""subway_name"": ""2号线"", ""station_name"": ""汉川路"", ""distance_raw"": ""1158""}]",李沧区金水路与东川路交汇处（东北角）金水路181号【原售楼处以东300米】
4410115,瑞谷A区,青岛,30,市北区,3640,闫家山,25638,青岛市北区闫家山郑州路以北、商丘路以东,,,,,112-139㎡,21548.1m²,43096.2m²,"[{""id"": 891008, ""rooms"": 3, ""room_alias"": ""三室"", ""area"": 112}, {""id"": 891012, ""rooms"": 3, ""room_alias"": ""三室"", ""area"": 129}, {""id"": 891010, ""rooms"": 4, ""room_alias"": ""四室"", ""area"": 122}, {""id"": 891011, ""rooms"": 4, ""room_alias"": ""四室"", ""area"": 122}, {""id"": 891013, ""rooms"": 4, ""room_alias"": ""四室"", ""area"": 139}, {""id"": 891014, ""rooms"": 4, ""room_alias"": ""四室"", ""area"": 139}]",3/4室,"3室户型,4室户型",2001-11-16,2026年06月,2001年,2002年,[],{小高层},小高层,70年,2,35%,334,带装修,,住宅,招商积余,,,518,,售罄,售罄,售罄,[],[],阳光城,海信地产,,民电,民水,36.138476,120.399906,"{""service_num"": ""4006708287"", ""num"": ""69398""}","{""29"": ""装修交付"", ""9"": ""轨交房"", ""10"": ""多轨交"", ""72"": ""配套纯熟"", ""70"": ""银行"", ""69"": ""学校"", ""68"": ""医院"", ""66"": ""公园"", ""65"": ""商业街"", ""64"": ""购物中心"", ""78"": ""大户型"", ""92"": ""热搜盘"", ""638"": ""民办中学"", ""637"": ""公办中学"", ""636"": ""公办小学"", ""635"": ""民办小学"", ""624"": ""九年一贯制"", ""600"": ""市级示范园"", ""598"": ""民办幼儿园"", ""597"": ""公办幼儿园"", ""55"": ""小型社区"", ""50"": ""品牌开发商""}","[""装修交付"", ""轨交房"", ""多轨交"", ""配套纯熟"", ""银行""]",https://pic4.ajkimg.com/display/xinfang/1213c3df50bc38dc3de506c3226d99d0/275x206n.jpg,"[{""id"": ""7337622"", ""loupan_id"": ""533669"", ""station_id"": ""121283"", ""subway_id"": ""1044"", ""city_id"": ""30"", ""distance"": ""1009米"", ""status"": ""1"", ""last_update_time"": ""1774212705"", ""is_rail_loupan"": ""1"", ""subway_name"": ""8号线"", ""station_name"": ""闫家山"", ""distance_raw"": ""1009""}, {""id"": ""7337626"", ""loupan_id"": ""533669"", ""station_id"": ""121183"", ""subway_id"": ""12068"", ""city_id"": ""30"", ""distance"": ""1009米"", ""status"": ""1"", ""last_update_time"": ""1774212709"", ""is_rail_loupan"": ""1"", ""subway_name"": ""5号线"", ""station_name"": ""闫家山"", ""distance_raw"": ""1009""}, {""id"": ""7337624"", ""loupan_id"": ""533669"", ""station_id"": ""121182"", ""subway_id"": ""12068"", ""city_id"": ""30"", ""distance"": ""1234米"", ""status"": ""1"", ""last_update_time"": ""1774212709"", ""is_rail_loupan"": ""1"", ""subway_name"": ""5号线"", ""station_name"": ""胜利桥（纺织谷）"", ""distance_raw"": ""1234""}, {""id"": ""7337623"", ""loupan_id"": ""533669"", ""station_id"": ""120421"", ""subway_id"": ""1045"", ""city_id"": ""30"", ""distance"": ""1268米"", ""status"": ""1"", ""last_update_time"": ""1774212707"", ""is_rail_loupan"": ""1"", ""subway_name"": ""1号线"", ""station_name"": ""胜利桥(纺织谷)"", ""distance_raw"": ""1268""}]",青岛市市北区商丘路57号（临时接待中心）
758102,锦幸福花苑,青岛,30,市北区,3640,瑞昌路,5194,青岛市北区瑞昌路傍海中路与瑞昌路交界,,4288元/㎡,4288元/㎡,首付22万，月供5268元,95-117㎡,11863.5m²,51024.08m²,"[{""id"": 868272, ""rooms"": 3, ""room_alias"": ""三室"", ""area"": 95}, {""id"": 868273, ""rooms"": 3, ""room_alias"": ""三室"", ""area"": 117}]",3室,3室户型,2001-07-11,2025年08月09日,2001年,2002年,"[""2025-12-19"", ""2025-07-21"", ""2025-06-27""]",高层,高层,70年,2.9,30%,312,毛坯,在建中，竣工时间：2027-03-31,住宅,绿城服务,2.52元/㎡/月,,406,,售罄,售罄,售罄,"[""青房预字（2025）第056号"", ""青房预字（2025）第039号"", ""青房预字（2025）第024号""]","[""1#"", ""2#"", ""3#""]",雅居乐,,,民电,民水,36.156036,120.332455,"{""service_num"": ""4006708287"", ""num"": ""34009""}","{""9"": ""轨交房"", ""76"": ""厨卫全明"", ""74"": ""南北通透"", ""73"": ""卧室全朝南"", ""7"": ""项目在建"", ""72"": ""配套纯熟"", ""69"": ""学校"", ""68"": ""医院"", ""67"": ""生态绿地"", ""66"": ""公园"", ""65"": ""商业街"", ""64"": ""购物中心"", ""78"": ""大户型"", ""402"": ""玄关入户"", ""401"": ""户型方正"", ""397"": ""动静分离"", ""85"": ""主卧套房"", ""638"": ""民办中学"", ""637"": ""公办中学"", ""636"": ""公办小学"", ""624"": ""九年一贯制"", ""600"": ""市级示范园"", ""598"": ""民办幼儿园"", ""597"": ""公办幼儿园"", ""541"": ""3D沙盘"", ""540"": ""日照模拟"", ""263"": ""VR看房""}","[""轨交房"", ""厨卫全明"", ""南北通透"", ""卧室全朝南"", ""项目在建""]",https://pic4.ajkimg.com/display/xinfang/efc5740bacceb19e9685fde3330dca81/275x206n.jpg,"[{""id"": ""7307791"", ""loupan_id"": ""530784"", ""station_id"": ""121178"", ""subway_id"": ""12068"", ""city_id"": ""30"", ""distance"": ""467米"", ""status"": ""1"", ""last_update_time"": ""1774212705"", ""is_rail_loupan"": ""1"", ""subway_name"": ""5号线"", ""station_name"": ""瑞昌路"", ""distance_raw"": ""467""}]",青岛市市北区傍海中路与瑞昌路交汇处
7492003,云龙碧水轩,青岛,30,黄岛区,4516,石雀滩,5216,青岛黄岛区石雀滩滨海大道2267号,,,,,64-90㎡,39692m²,138195m²,"[{""id"": 142200, ""rooms"": 1, ""room_alias"": ""一室"", ""area"": 63.74}, {""id"": 142201, ""rooms"": 2, ""room_alias"": ""二室"", ""area"": 90.3}]",1/2室,"1室户型,2室户型",2001-11-07,,2001年,2002年,[],"{多层,高层}",多层、高层,40年,2.52,35%,596,毛坯,,住宅,保利物业,1.85元/㎡/月,,892,1:1.5,售罄,售罄,售罄,"[""青房注字青开(2013)第058""]",[],华润,,青岛云驿房地产开发有限公司,民电,民水,35.92689,120.152106,"{""service_num"": ""4006708287"", ""num"": """"}","{""56"": ""车位充足"", ""9"": ""轨交房"", ""63"": ""旅游地产"", ""72"": ""配套纯熟"", ""71"": ""便利店"", ""70"": ""银行"", ""69"": ""学校"", ""68"": ""医院"", ""66"": ""公园"", ""65"": ""商业街"", ""64"": ""购物中心"", ""79"": ""小户型"", ""637"": ""公办中学"", ""636"": ""公办小学"", ""598"": ""民办幼儿园"", ""597"": ""公办幼儿园""}","[""车位充足"", ""轨交房"", ""旅游地产"", ""配套纯熟"", ""便利店""]",https://pic4.ajkimg.com/display/xinfang/c069d6c287885b4b466cf0f11f13a9ff/275x206n.jpg,"[{""id"": ""7315206"", ""loupan_id"": ""383830"", ""station_id"": ""4405"", ""subway_id"": ""123"", ""city_id"": ""30"", ""distance"": ""434米"", ""status"": ""1"", ""last_update_time"": ""1774212707"", ""is_rail_loupan"": ""1"", ""subway_name"": ""西海岸快线"", ""station_name"": ""灵山卫"", ""distance_raw"": ""434""}]",黄岛区灵山卫驻地，滨海大道2267号，万达东方影都东，阅武路西
6361576,万小区A区,青岛,30,平度市,3649,平度,3722,青岛平度市平度锦州路69号,,,,,85-115㎡,238888m²,368747m²,"[{""id"": 145643, ""rooms"": 2, ""room_alias"": ""二室"", ""area"": 85}, {""id"": 145646, ""rooms"": 3, ""room_alias"": ""三室"", ""area"": 108}, {""id"": 145661, ""rooms"": 3, ""room_alias"": ""三室"", ""area"": 115}]",2/3室,"2室户型,3室户型",2001-05-10,,2001年,2002年,[],"{多层,小高层}",多层、小高层,70年,1.54,36%,1402,"毛坯,简装修",,住宅,龙湖智慧服务,0.4元/㎡/月,,110,1:0.1,售罄,售罄,售罄,"[""平房注字(2011)335"", ""平房注字(2015)494"", ""平房注字(2015)488""]",[],龙湖,,,民电,民水,36.783201,119.936896,"""""","{""53"": ""高绿化率"", ""52"": ""低容积"", ""29"": ""装修交付"", ""72"": ""配套纯熟"", ""71"": ""便利店"", ""70"": ""银行"", ""69"": ""学校"", ""68"": ""医院"", ""65"": ""商业街"", ""78"": ""大户型"", ""638"": ""民办中学"", ""637"": ""公办中学"", ""636"": ""公办小学"", ""635"": ""民办小学"", ""598"": ""民办幼儿园"", ""597"": ""公办幼儿园""}","[""高绿化率"", ""低容积"", ""装修交付"", ""配套纯熟"", ""便利店""]",https://pic4.ajkimg.com/display/xinfang/ff1a25556295615b1426ce0361be901e/275x206n.jpg,[],平度市广州路16-1号
8345807,紫月亮舍,青岛,30,即墨区,3645,即墨市,3714,青岛即墨区即墨市即墨市通济办事处西元庄369号,,,,,,住宅：107000m² 别墅：107000m²,住宅：127000m² 别墅：127000m²,[],,,2001-12-19,,2001年,2002年,[],{多层},住宅：多层,住宅：70年 别墅：70年,住宅：1.2,住宅：35% 别墅：35%,住宅：1430 别墅：1430,住宅：毛坯 别墅：毛坯,,住宅,碧桂园服务,,,,,售罄,售罄,售罄,[],[],招商蛇口,,,住宅：民电,住宅：民水,36.405206,120.472758,"""""","{""52"": ""低容积"", ""72"": ""配套纯熟"", ""70"": ""银行"", ""69"": ""学校"", ""68"": ""医院"", ""66"": ""公园"", ""65"": ""商业街"", ""64"": ""购物中心"", ""637"": ""公办中学"", ""636"": ""公办小学"", ""598"": ""民办幼儿园"", ""597"": ""公办幼儿园""}","[""低容积"", ""配套纯熟"", ""银行"", ""学校"", ""医院""]",https://pic4.ajkimg.com/display/xinfang/7562c333845de1b37e3ac5b9d6213a2c/275x206n.jpg,[],西元庄小学南
2916809,清溪青山城,青岛,30,莱西市,3648,莱西,3720,青岛莱西市莱西青岛南路98号,,,,,86-109㎡,,,"[{""id"": 417897, ""rooms"": 2, ""room_alias"": ""二室"", ""area"": 86}, {""id"": 417898, ""rooms"": 2, ""room_alias"": ""二室"", ""area"": 86}, {""id"": 417899, ""rooms"": 3, ""room_alias"": ""三室"", ""area"": 96}, {""id"": 417900, ""rooms"": 3, ""room_alias"": ""三室"", ""area"": 96}, {""id"": 417901, ""rooms"": 3, ""room_alias"": ""三室"", ""area"": 109}, {""id"": 417902, ""rooms"": 3, ""room_alias"": ""三室"", ""area"": 109}]",2/3室,"2室户型,3室户型",2001-09-05,,2001年,2002年,[],{花园洋房},花园洋房,70年,1.2,,,毛坯,,住宅,龙湖智慧服务,,,,,售罄,售罄,售罄,[],[],融创,,,民电,民水,36.859642,120.528418,"""""","{""52"": ""低容积"", ""68"": ""医院"", ""637"": ""公办中学"", ""636"": ""公办小学"", ""598"": ""民办幼儿园"", ""597"": ""公办幼儿园""}","[""低容积"", ""医院"", ""公办中学"", ""公办小学"", ""民办幼儿园""]",https://pic4.ajkimg.com/display/xinfang/1cd1c40b57edcd60cc4bd533b696ab0e/275x206n.jpg,[],
6427274,雅小区一期,青岛,30,市北区,3640,新都心,6140,青岛市北区新都心南京路与重庆南路交汇处,,6916元/㎡,6916元/㎡,首付41万，月供9855元,115-240㎡,32851.26m²,101840m²,"[{""id"": 678789, ""rooms"": 3, ""room_alias"": ""三室"", ""area"": 115}, {""id"": 678787, ""rooms"": 3, ""room_alias"": ""三室"", ""area"": 125}, {""id"": 678802, ""rooms"": 4, ""room_alias"": ""四室"", ""area"": 130}, {""id"": 678795, ""rooms"": 4, ""room_alias"": ""四室"", ""area"": 143}, {""id"": 878508, ""rooms"": 4, ""room_alias"": ""四室"", ""area"": 240.09}]",3/4室,"3室户型,4室户型",2001-01-18,2023年07月15日,2001年,2002年,"[""2024-07-29"", ""2022-12-06"", ""2022-05-12""]",{高层},高层,70年,3.1,35%,708,毛坯,已竣工，竣工时间：2024-12-31,住宅,保利物业,3元/㎡/月,,1100,1:1.5,售罄,售罄,售罄,"[""青房预字(2024）第048号"", ""青房预字（2022）第084号"", ""青房预字（2022）第024号""]","[""4#"", ""5#"", ""1#、2#、3#""]",路劲,华新园置业,青岛华新园置业有限公司,民电,民水,36.097464,120.379251,"{""service_num"": ""4006708287"", ""num"": ""75002""}","{""557"": ""项目竣工"", ""56"": ""车位充足"", ""9"": ""轨交房"", ""76"": ""厨卫全明"", ""74"": ""南北通透"", ""73"": ""卧室全朝南"", ""277"": ""特价房源"", ""276"": ""一房一价"", ""78"": ""大户型"", ""404"": ""客餐厅相连"", ""403"": ""私密性好"", ""402"": ""玄关入户"", ""401"": ""户型方正"", ""397"": ""动静分离"", ""85"": ""主卧套房"", ""91"": ""热评楼盘"", ""90"": ""人气楼盘"", ""638"": ""民办中学"", ""637"": ""公办中学"", ""636"": ""公办小学"", ""635"": ""民办小学"", ""624"": ""九年一贯制"", ""598"": ""民办幼儿园"", ""597"": ""公办幼儿园"", ""541"": ""3D沙盘"", ""540"": ""日照模拟"", ""263"": ""VR看房"", ""50"": ""品牌开发商""}","[""项目竣工"", ""车位充足"", ""轨交房"", ""厨卫全明"", ""南北通透""]",https://pic4.ajkimg.com/display/xinfang/a538de73cd26806a43b13358a1433d65/275x206n.jpg,"[{""id"": ""7181403"", ""loupan_id"": ""496979"", ""station_id"": ""4367"", ""subway_id"": ""121"", ""city_id"": ""30"", ""distance"": ""964米"", ""status"": ""1"", ""last_update_time"": ""1774212708"", ""is_rail_loupan"": ""1"", ""subway_name"": ""3号线"", ""station_name"": ""清江路"", ""distance_raw"": ""964""}, {""id"": ""7327309"", ""loupan_id"": ""496979"", ""station_id"": ""4368"", ""subway_id"": ""121"", ""city_id"": ""30"", ""distance"": ""1416米"", ""status"": ""1"", ""last_update_time"": ""1774212708"", ""is_rail_loupan"": ""1"", ""subway_name"": ""3号线"", ""station_name"": ""错埠岭"", ""distance_raw"": ""1416""}]",青岛市北区南京路与南京支路交叉口东60米
3758176,碧银河丽景,青岛,30,崂山区,3643,海尔路,3697,青岛崂山区海尔路海尔路一号,,6086元/㎡,6086元/㎡,首付23万，月供5519元,70-110㎡,,16000m²,"[{""id"": 343080, ""rooms"": 1, ""room_alias"": ""一室"", ""area"": 70}, {""id"": 343051, ""rooms"": 2, ""room_alias"": ""二室"", ""area"": 110}]",1/2室,商业户型,2001-01-04,2018年04月30日,2001年,2002年,[],超高层,高层,40年,4.59,,180,带装修,,商业,旭辉永升,4~5元/㎡/月,,180,1:1,售罄,售罄,售罄,"[""青房注字（崂）2018第002号""]",[],美的置业,君一控股,青岛海云谷置业有限公司,商电,商水,36.139182,120.42251,"{""service_num"": ""4006708287"", ""num"": """"}","{""81"": ""大阳台"", ""29"": ""装修交付"", ""9"": ""轨交房"", ""76"": ""厨卫全明"", ""74"": ""南北通透"", ""73"": ""卧室全朝南"", ""10"": ""多轨交"", ""397"": ""动静分离"", ""263"": ""VR看房"", ""55"": ""小型社区"", ""50"": ""品牌开发商""}","[""大阳台"", ""装修交付"", ""轨交房"", ""厨卫全明"", ""南北通透""]",https://pic4.ajkimg.com/display/xinfang/0d12e63b88ca9aefef77bd052ea71d6a/275x206n.jpg,"[{""id"": ""7313772"", ""loupan_id"": ""439603"", ""station_id"": ""4363"", ""subway_id"": ""121"", ""city_id"": ""30"", ""distance"": ""1084米"", ""status"": ""1"", ""last_update_time"": ""1774212705"", ""is_rail_loupan"": ""1"", ""subway_name"": ""3号线"", ""station_name"": ""海尔路"", ""distance_raw"": ""1084""}, {""id"": ""7313884"", ""loupan_id"": ""439603"", ""station_id"": ""121185"", ""subway_id"": ""12068"", ""city_id"": ""30"", ""distance"": ""1368米"", ""status"": ""1"", ""last_update_time"": ""1774212705"", ""is_rail_loupan"": ""1"", ""subway_name"": ""5号线"", ""station_name"": ""地铁大厦"", ""distance_raw"": ""1368""}]",崂山区海尔路1号
6252793,青岛梅林岸,青岛,30,崂山区,3643,其他,10175,青岛崂山区其他松岭路169号,,,,,,36667m²,170000m²,[],,,2001-01-02,,2001年,2002年,[],别墅,,40年,,,,,,标准写字楼,绿城服务,,,,,售罄,售罄,售罄,[],[],佳兆业,,,商电,商水,36.135455,120.511834,"""""","{""9"": ""轨交房"", ""10"": ""多轨交"", ""72"": ""配套纯熟"", ""71"": ""便利店"", ""70"": ""银行"", ""65"": ""商业街""}","[""轨交房"", ""多轨交"", ""配套纯熟"", ""便利店"", ""银行""]",https://pic4.ajkimg.com/display/xinfang/98a5ef7373e89e32eb612840dc3dfc34/275x206n.jpg,"[{""id"": ""7313301"", ""loupan_id"": ""413162"", ""station_id"": ""4384"", ""subway_id"": ""122"", ""city_id"": ""30"", ""distance"": ""235米"", ""status"": ""1"", ""last_update_time"": ""1774212705"", ""is_rail_loupan"": ""1"", ""subway_name"": ""蓝谷快线"", ""station_name"": ""枯桃"", ""distance_raw"": ""235""}, {""id"": ""7313297"", ""loupan_id"": ""413162"", ""station_id"": ""4383"", ""subway_id"": ""122"", ""city_id"": ""30"", ""distance"": ""671米"", ""status"": ""1"", ""last_update_time"": ""1774212705"", ""is_rail_loupan"": ""1"", ""subway_name"": ""蓝谷快线"", ""station_name"": ""张村"", ""distance_raw"": ""671""}, {""id"": ""7316367"", ""loupan_id"": ""413162"", ""station_id"": ""120736"", ""subway_id"": ""12051"", ""city_id"": ""30"", ""distance"": ""786米"", ""status"": ""1"", ""last_update_time"": ""1774212708"", ""is_rail_loupan"": ""1"", ""subway_name"": ""4号线"", ""station_name"": ""张村"", ""distance_raw"": ""786""}]",青岛市崂山区松岭路169号
5181689,福美景B区,青岛,30,城阳区,3644,流亭,3709,青岛城阳区流亭长城南路6号,,,,,47-59㎡,92000m²,185000m²,"[{""id"": 87582, ""rooms"": 1, ""room_alias"": ""一室"", ""area"": 47}, {""id"": 87598, ""rooms"": 1, ""room_alias"": ""一室"", ""area"": 59}]",1室,商业户型,2001-09-13,2018年05月06日,2001年,2002年,"[""2012-07-15""]",别墅,高层,40年,2,30%,,毛坯,,商业,华润万象生活,3.3元/㎡/月,,1850,1:1,售罄,售罄,售罄,"[""青房注字(城12)第35"", ""青房注字(城14)第98"", ""青房注字(城14)第41号"", ""青房注字(城13)第68""]","[""3#""]",保利,首创置业,首创置业,商电,商水,36.289088,120.405545,"""""","{""9"": ""轨交房"", ""10"": ""多轨交"", ""41"": ""办公企业园"", ""72"": ""配套纯熟"", ""71"": ""便利店"", ""70"": ""银行"", ""68"": ""医院"", ""65"": ""商业街"", ""64"": ""购物中心"", ""50"": ""品牌开发商""}","[""轨交房"", ""多轨交"", ""办公企业园"", ""配套纯熟"", ""便利店""]",https://pic4.ajkimg.com/display/xinfang/ca431a42beaefbef85a1789ae7ef629f/275x206n.jpg,"[{""id"": ""7315269"", ""loupan_id"": ""247614"", ""station_id"": ""4429"", ""subway_id"": ""124"", ""city_id"": ""30"", ""distance"": ""961米"", ""status"": ""1"", ""last_update_time"": ""1774212707"", ""is_rail_loupan"": ""1"", ""subway_name"": ""7号线"", ""station_name"": ""流亭"", ""distance_raw"": ""961""}, {""id"": ""7316751"", ""loupan_id"": ""247614"", ""station_id"": ""11035"", ""subway_id"": ""1045"", ""city_id"": ""30"", ""distance"": ""984米"", ""status"": ""1"", ""last_update_time"": ""1774212709"", ""is_rail_loupan"": ""1"", ""subway_name"": ""1号线"", ""station_name"": ""流亭"", ""distance_raw"": ""984""}]",青岛市城阳区长城南路6号
3761170,泰黄金雅苑,青岛,30,黄岛区,4516,金沙滩,5214,青岛黄岛区金沙滩黄岛区灵山湾路566号（原人民路），人民路与灵山路步行街交汇处，家乐城往东200米,,,,,59-127㎡,26852.93m²,,"[{""id"": 104266, ""rooms"": 1, ""room_alias"": ""一室"", ""area"": 59}, {""id"": 104265, ""rooms"": 1, ""room_alias"": ""一室"", ""area"": 84}, {""id"": 104270, ""rooms"": 1, ""room_alias"": ""一室"", ""area"": 86}, {""id"": 104272, ""rooms"": 1, ""room_alias"": ""一室"", ""area"": 101}, {""id"": 104269, ""rooms"": 3, ""room_alias"": ""三室"", ""area"": 127}]",1/3室,"1室户型,3室户型",2001-06-13,,2001年,2002年,[],{小高层},小高层,40年,1.36,20%,378,"毛坯,带装修",,商业,龙湖智慧服务,2.6元/㎡/月,,,,售罄,售罄,售罄,[],[],龙湖,,青岛紫荆花置业有限公司,商电,商水,35.883829,120.004099,"{""service_num"": ""4006708287"", ""num"": """"}","{""29"": ""装修交付"", ""9"": ""轨交房"", ""10"": ""多轨交"", ""72"": ""配套纯熟"", ""70"": ""银行"", ""68"": ""医院"", ""67"": ""生态绿地"", ""66"": ""公园"", ""65"": ""商业街"", ""64"": ""购物中心"", ""79"": ""小户型"", ""78"": ""大户型""}","[""装修交付"", ""轨交房"", ""多轨交"", ""配套纯熟"", ""银行""]",https://pic4.ajkimg.com/display/xinfang/454c9b2e3aa02c6f8868bddc9da3e50f/275x206n.jpg,"[{""id"": ""7315421"", ""loupan_id"": ""241712"", ""station_id"": ""121241"", ""subway_id"": ""12071"", ""city_id"": ""30"", ""distance"": ""1372米"", ""status"": ""1"", ""last_update_time"": ""1774212707"", ""is_rail_loupan"": ""1"", ""subway_name"": ""6号线"", ""station_name"": ""双珠路"", ""distance_raw"": ""1372""}, {""id"": ""7316149"", ""loupan_id"": ""241712"", ""station_id"": ""4412"", ""subway_id"": ""123"", ""city_id"": ""30"", ""distance"": ""1438米"", ""status"": ""1"", ""last_update_time"": ""1774212708"", ""is_rail_loupan"": ""1"", ""subway_name"": ""西海岸快线"", ""station_name"": ""双珠路"", ""distance_raw"": ""1438""}]",黄岛区灵山湾路566号（原人民路），人民路与灵山路步行街交汇处，家乐城往东200米
292642,和贵银河城,青岛,30,黄岛区,4516,唐岛湾,5215,青岛黄岛区唐岛湾武当山路与嘉陵江路交汇处北,,,,,72-91㎡,11683m²,39842m²,"[{""id"": 136896, ""rooms"": 2, ""room_alias"": ""二室"", ""area"": 72.16}, {""id"": 136897, ""rooms"": 2, ""room_alias"": ""二室"", ""area"": 82.99}, {""id"": 136898, ""rooms"": 2, ""room_alias"": ""二室"", ""area"": 91.48}]",2室,2室户型,2001-02-28,,2001年,2002年,[],洋房,小高层,70年,2.5,35%,305,毛坯,,住宅,招商积余,1.7元/㎡/月,,200,1:0.8,售罄,售罄,售罄,"[""青房注字青开(2015)第039""]",[],万科,,,民电,民水,35.979189,120.184459,"""""","{""9"": ""轨交房"", ""72"": ""配套纯熟"", ""71"": ""便利店"", ""70"": ""银行"", ""69"": ""学校"", ""68"": ""医院"", ""67"": ""生态绿地"", ""66"": ""公园"", ""65"": ""商业街"", ""64"": ""购物中心"", ""638"": ""民办中学"", ""637"": ""公办中学"", ""636"": ""公办小学"", ""598"": ""民办幼儿园"", ""597"": ""公办幼儿园""}","[""轨交房"", ""配套纯熟"", ""便利店"", ""银行"", ""学校""]",https://pic4.ajkimg.com/display/xinfang/6ee159a33976f541082561ff6433cd6e/275x206n.jpg,"[{""id"": ""7315651"", ""loupan_id"": ""383220"", ""station_id"": ""4401"", ""subway_id"": ""123"", ""city_id"": ""30"", ""distance"": ""472米"", ""status"": ""1"", ""last_update_time"": ""1774212707"", ""is_rail_loupan"": ""1"", ""subway_name"": ""西海岸快线"", ""station_name"": ""嘉陵江路"", ""distance_raw"": ""472""}, {""id"": ""7315652"", ""loupan_id"": ""383220"", ""station_id"": ""4402"", ""subway_id"": ""123"", ""city_id"": ""30"", ""distance"": ""921米"", ""status"": ""1"", ""last_update_time"": ""1774212707"", ""is_rail_loupan"": ""1"", ""subway_name"": ""西海岸快线"", ""station_name"": ""香江路"", ""distance_raw"": ""921""}]",开发区武当山路与嘉陵江路交汇处北
4420063,嘉里B区,青岛,30,黄岛区,4516,漓江路,5218,青岛黄岛区漓江路滨海大道北侧，阿里山路西侧，武夷山路东侧,,,,,,19470m²,53627m²,[],,,2001-08-03,,2001年,2002年,[],小高层,,,,20%,,,,标准写字楼,中海物业,,,,,售罄,售罄,售罄,[],[],中梁,,,商电,商水,35.955275,120.198926,"""""","{""9"": ""轨交房"", ""10"": ""多轨交"", ""72"": ""配套纯熟"", ""71"": ""便利店"", ""70"": ""银行"", ""68"": ""医院"", ""66"": ""公园"", ""65"": ""商业街"", ""64"": ""购物中心""}","[""轨交房"", ""多轨交"", ""配套纯熟"", ""便利店"", ""银行""]",https://pic4.ajkimg.com/display/xinfang/73fc21f8eb093319f305e16a56e3c6e1/275x206n.jpg,"[{""id"": ""7314014"", ""loupan_id"": ""413188"", ""station_id"": ""120322"", ""subway_id"": ""1045"", ""city_id"": ""30"", ""distance"": ""576米"", ""status"": ""1"", ""last_update_time"": ""1774212706"", ""is_rail_loupan"": ""1"", ""subway_name"": ""1号线"", ""station_name"": ""丁家河"", ""distance_raw"": ""576""}, {""id"": ""7313765"", ""loupan_id"": ""413188"", ""station_id"": ""120312"", ""subway_id"": ""1045"", ""city_id"": ""30"", ""distance"": ""808米"", ""status"": ""1"", ""last_update_time"": ""1774212705"", ""is_rail_loupan"": ""1"", ""subway_name"": ""1号线"", ""station_name"": ""井冈山路"", ""distance_raw"": ""808""}, {""id"": ""7316082"", ""loupan_id"": ""413188"", ""station_id"": ""4403"", ""subway_id"": ""123"", ""city_id"": ""30"", ""distance"": ""893米"", ""status"": ""1"", ""last_update_time"": ""1774212708"", ""is_rail_loupan"": ""1"", ""subway_name"": ""西海岸快线"", ""station_name"": ""井冈山路"", ""distance_raw"": ""893""}, {""id"": ""7316083"", ""loupan_id"": ""413188"", ""station_id"": ""4402"", ""subway_id"": ""123"", ""city_id"": ""30"", ""distance"": ""1482米"", ""status"": ""1"", ""last_update_time"": ""1774212708"", ""is_rail_loupan"": ""1"", ""subway_name"": ""西海岸快线"", ""station_name"": ""香江路"", ""distance_raw"": ""1482""}]",暂无
7489290,和梅林墅,青岛,30,市南区,3639,西镇,3660,青岛市南区西镇贵州路5号,,,,,98-152㎡,9224.6m²,20294.09m²,"[{""id"": 636654, ""rooms"": 3, ""room_alias"": ""三室"", ""area"": 98}, {""id"": 636658, ""rooms"": 3, ""room_alias"": ""三室"", ""area"": 107}, {""id"": 636660, ""rooms"": 3, ""room_alias"": ""三室"", ""area"": 116}, {""id"": 636661, ""rooms"": 3, ""room_alias"": ""三室"", ""area"": 132}, {""id"": 636662, ""rooms"": 3, ""room_alias"": ""三室"", ""area"": 134}, {""id"": 636663, ""rooms"": 3, ""room_alias"": ""三室"", ""area"": 152}]",3室,3室户型,2001-04-09,2021年06月29日,2001年,2002年,"[""2021-06-30"", ""2021-02-25""]",{小高层},小高层,70年,,25%,119,毛坯,,住宅,绿城服务,,,,,售罄,售罄,售罄,"[""青房注字（2021）第033号"", ""青房注字（2020）第103号""]","[""2#"", ""1#""]",恒大,,,民电,民水,36.075674,120.32169,"{""service_num"": ""4006708287"", ""num"": """"}","{""9"": ""轨交房"", ""76"": ""厨卫全明"", ""74"": ""南北通透"", ""78"": ""大户型"", ""402"": ""玄关入户"", ""401"": ""户型方正"", ""397"": ""动静分离"", ""638"": ""民办中学"", ""637"": ""公办中学"", ""636"": ""公办小学"", ""635"": ""民办小学"", ""598"": ""民办幼儿园"", ""597"": ""公办幼儿园"", ""263"": ""VR看房"", ""55"": ""小型社区""}","[""轨交房"", ""厨卫全明"", ""南北通透"", ""大户型"", ""玄关入户""]",https://pic4.ajkimg.com/display/xinfang/94ff7629a91fce67533fb2676338a6c3/275x206n.jpg,"[{""id"": ""7314337"", ""loupan_id"": ""487546"", ""station_id"": ""120422"", ""subway_id"": ""1045"", ""city_id"": ""30"", ""distance"": ""315米"", ""status"": ""1"", ""last_update_time"": ""1774212706"", ""is_rail_loupan"": ""1"", ""subway_name"": ""1号线"", ""station_name"": ""团岛"", ""distance_raw"": ""315""}, {""id"": ""7314870"", ""loupan_id"": ""487546"", ""station_id"": ""120339"", ""subway_id"": ""1045"", ""city_id"": ""30"", ""distance"": ""811米"", ""status"": ""1"", ""last_update_time"": ""1774212707"", ""is_rail_loupan"": ""1"", ""subway_name"": ""1号线"", ""station_name"": ""西镇"", ""distance_raw"": ""811""}]",青岛市市南区贵州路5号
6440273,远洋金色翠苑,青岛,30,崂山区,3643,高科园,3696,青岛崂山区高科园同兴路669号,,11896元/㎡,11896元/㎡,首付95万，月供22720元,147㎡,34287.3m²,132304.4m²,[],,,2001-06-09,2020年07月10日,2001年,2002年,[],{},,50年,,35%,18,,,临街店铺,金地智慧服务,5.5元/㎡/月,,,,售罄,售罄,售罄,[],[],金茂,远洋集团,远洋易家,商电,商水,36.121116,120.455213,"""""","{""559"": ""现房"", ""9"": ""轨交房"", ""76"": ""厨卫全明"", ""73"": ""卧室全朝南"", ""10"": ""多轨交"", ""397"": ""动静分离"", ""263"": ""VR看房"", ""55"": ""小型社区"", ""50"": ""品牌开发商""}","[""现房"", ""轨交房"", ""厨卫全明"", ""卧室全朝南"", ""多轨交""]",https://pic4.ajkimg.com/display/xinfang/00ac11353237f8738e1baed1e26492f4/275x206n.jpg,"[{""id"": ""7316365"", ""loupan_id"": ""490445"", ""station_id"": ""121189"", ""subway_id"": ""12068"", ""city_id"": ""30"", ""distance"": ""716米"", ""status"": ""1"", ""last_update_time"": ""1774212708"", ""is_rail_loupan"": ""1"", ""subway_name"": ""5号线"", ""station_name"": ""国信体育馆"", ""distance_raw"": ""716""}, {""id"": ""7316359"", ""loupan_id"": ""490445"", ""station_id"": ""121188"", ""subway_id"": ""12068"", ""city_id"": ""30"", ""distance"": ""872米"", ""status"": ""1"", ""last_update_time"": ""1774212708"", ""is_rail_loupan"": ""1"", ""subway_name"": ""5号线"", ""station_name"": ""大埠东"", ""distance_raw"": ""872""}, {""id"": ""7316438"", ""loupan_id"": ""490445"", ""station_id"": ""120742"", ""subway_id"": ""12051"", ""city_id"": ""30"", ""distance"": ""897米"", ""status"": ""1"", ""last_update_time"": ""1774212708"", ""is_rail_loupan"": ""1"", ""subway_name"": ""4号线"", ""station_name"": ""大埠东"", ""distance_raw"": ""897""}, {""id"": ""7316424"", ""loupan_id"": ""490445"", ""station_id"": ""120734"", ""subway_id"": ""12051"", ""city_id"": ""30"", ""distance"": ""1075米"", ""status"": ""1"", ""last_update_time"": ""1774212708"", ""is_rail_loupan"": ""1"", ""subway_name"": ""4号线"", ""station_name"": ""埠西"", ""distance_raw"": ""1075""}]",浮山后辽阳西路与劲松五路交汇处西约200米
1064396,绿峰一期,青岛,30,李沧区,3642,李村,3690,青岛李沧区李村九水东路320-26号,,,,,80-105㎡,23134m²,41622m²,"[{""id"": 70941, ""rooms"": 1, ""room_alias"": ""一室"", ""area"": 80}, {""id"": 70942, ""rooms"": 2, ""room_alias"": ""二室"", ""area"": 80}, {""id"": 71057, ""rooms"": 2, ""room_alias"": ""二室"", ""area"": 104.86}]",1/2室,"1室户型,2室户型",2001-05-06,,2001年,2002年,[],{多层},多层,70年,1.8,35%,312,带装修,,住宅,保利物业,1.6元/㎡/月,,100,1:0.32,售罄,售罄,售罄,[],[],龙湖,,青岛市艺德实业有限公司,民电,民水,36.186147,120.495225,"""""","{""52"": ""低容积"", ""29"": ""装修交付"", ""9"": ""轨交房"", ""72"": ""配套纯熟"", ""70"": ""银行"", ""69"": ""学校"", ""68"": ""医院"", ""66"": ""公园"", ""65"": ""商业街"", ""64"": ""购物中心"", ""638"": ""民办中学"", ""637"": ""公办中学"", ""636"": ""公办小学"", ""635"": ""民办小学"", ""598"": ""民办幼儿园"", ""597"": ""公办幼儿园""}","[""低容积"", ""装修交付"", ""轨交房"", ""配套纯熟"", ""银行""]",https://pic4.ajkimg.com/display/xinfang/989f0fc998b8df903f7b456a4d27ed9b/275x206n.jpg,"[{""id"": ""7315807"", ""loupan_id"": ""241856"", ""station_id"": ""121231"", ""subway_id"": ""126"", ""city_id"": ""30"", ""distance"": ""964米"", ""status"": ""1"", ""last_update_time"": ""1774212708"", ""is_rail_loupan"": ""1"", ""subway_name"": ""2号线"", ""station_name"": ""汉川路"", ""distance_raw"": ""964""}]",九水东路320-26号
3054348,鑫云天轩,青岛,30,市北区,3640,瑞昌路,5194,青岛市北区瑞昌路青岛市市北区瑞昌路187号,,4703元/㎡,4703元/㎡,,62-130㎡,39000m²,117000m²,[],,,2001-06-08,2021年01月06日,2001年,2002年,[],{},,40年,,30%,32,毛坯,,临街店铺,招商积余,4.5元/㎡/月,,,,售罄,售罄,售罄,[],[],中梁,海信地产,海信地产,商电,商水,36.121612,120.378938,"{""service_num"": ""4006708287"", ""num"": ""41071""}","{""559"": ""现房"", ""9"": ""轨交房"", ""10"": ""多轨交"", ""72"": ""配套纯熟"", ""70"": ""银行"", ""68"": ""医院"", ""65"": ""商业街"", ""55"": ""小型社区"", ""50"": ""品牌开发商""}","[""现房"", ""轨交房"", ""多轨交"", ""配套纯熟"", ""银行""]",https://pic4.ajkimg.com/display/xinfang/8da32278268928193854d54be1994097/275x206n.jpg,"[{""id"": ""7275091"", ""loupan_id"": ""505496"", ""station_id"": ""121177"", ""subway_id"": ""12068"", ""city_id"": ""30"", ""distance"": ""122米"", ""status"": ""1"", ""last_update_time"": ""1774212708"", ""is_rail_loupan"": ""1"", ""subway_name"": ""5号线"", ""station_name"": ""湖岛"", ""distance_raw"": ""122""}, {""id"": ""7188007"", ""loupan_id"": ""505496"", ""station_id"": ""120363"", ""subway_id"": ""1045"", ""city_id"": ""30"", ""distance"": ""1235米"", ""status"": ""1"", ""last_update_time"": ""1774212705"", ""is_rail_loupan"": ""1"", ""subway_name"": ""1号线"", ""station_name"": ""北岭"", ""distance_raw"": ""1235""}, {""id"": ""7275093"", ""loupan_id"": ""505496"", ""station_id"": ""121176"", ""subway_id"": ""12068"", ""city_id"": ""30"", ""distance"": ""1389米"", ""status"": ""1"", ""last_update_time"": ""1774212708"", ""is_rail_loupan"": ""1"", ""subway_name"": ""5号线"", ""station_name"": ""海云庵"", ""distance_raw"": ""1389""}]",青岛市市北区瑞昌路218号
6023741,中联西岸台,青岛,30,市南区,3639,西镇,3660,青岛市南区西镇新疆路8号,,,,,63-90㎡,18931m²,143251m²,"[{""id"": 148781, ""rooms"": 1, ""room_alias"": ""一室"", ""area"": 63}, {""id"": 86128, ""rooms"": 1, ""room_alias"": ""一室"", ""area"": 90}]",1室,商业户型,2001-02-21,2018年05月21日,2001年,2002年,[],{高层},高层,40年,6.85,30%,1405,简装修,,商业,旭辉永升,3.25元/㎡/月,,465,1:0.3,售罄,售罄,售罄,"[""青房注字2013第053号""]",[],融创,中联集团,青岛中联建业集团,商电,商水,36.082202,120.348571,"""""","{""29"": ""装修交付"", ""9"": ""轨交房"", ""10"": ""多轨交"", ""72"": ""配套纯熟"", ""71"": ""便利店"", ""70"": ""银行"", ""68"": ""医院"", ""66"": ""公园"", ""65"": ""商业街"", ""64"": ""购物中心"", ""50"": ""品牌开发商""}","[""装修交付"", ""轨交房"", ""多轨交"", ""配套纯熟"", ""便利店""]",https://pic4.ajkimg.com/display/xinfang/18c044ddc751953f695bc3e750562609/275x206n.jpg,"[{""id"": ""7313630"", ""loupan_id"": ""247824"", ""station_id"": ""121227"", ""subway_id"": ""126"", ""city_id"": ""30"", ""distance"": ""444米"", ""status"": ""1"", ""last_update_time"": ""1774212705"", ""is_rail_loupan"": ""1"", ""subway_name"": ""2号线"", ""station_name"": ""国际邮轮港"", ""distance_raw"": ""444""}, {""id"": ""7313633"", ""loupan_id"": ""247824"", ""station_id"": ""121226"", ""subway_id"": ""126"", ""city_id"": ""30"", ""distance"": ""654米"", ""status"": ""1"", ""last_update_time"": ""1774212705"", ""is_rail_loupan"": ""1"", ""subway_name"": ""2号线"", ""station_name"": ""小港"", ""distance_raw"": ""654""}, {""id"": ""7314937"", ""loupan_id"": ""247824"", ""station_id"": ""4473"", ""subway_id"": ""126"", ""city_id"": ""30"", ""distance"": ""1409米"", ""status"": ""1"", ""last_update_time"": ""1774212707"", ""is_rail_loupan"": ""1"", ""subway_name"": ""2号线"", ""station_name"": ""泰山路"", ""distance_raw"": ""1409""}, {""id"": ""7313460"", ""loupan_id"": ""247824"", ""station_id"": ""120730"", ""subway_id"": ""12051"", ""city_id"": ""30"", ""distance"": ""1453米"", ""status"": ""1"", ""last_update_time"": ""1774212705"", ""is_rail_loupan"": ""1"", ""subway_name"": ""4号线"", ""station_name"": ""泰山路"", ""distance_raw"": ""1453""}]",市北区新疆路8号
8429524,嘉墅一期,青岛,30,市南区,3639,香港路沿线,3653,青岛市南区香港路沿线泰州路9-19号（万象城北约700米）,,,,,89-162㎡,11464.3m²,71613.5m²,"[{""id"": 186392, ""rooms"": 2, ""room_alias"": ""二室"", ""area"": 89.19}, {""id"": 194667, ""rooms"": 2, ""room_alias"": ""二室"", ""area"": 95.6}, {""id"": 186395, ""rooms"": 3, ""room_alias"": ""三室"", ""area"": 109.74}, {""id"": 194670, ""rooms"": 3, ""room_alias"": ""三室"", ""area"": 110.47}, {""id"": 194674, ""rooms"": 3, ""room_alias"": ""三室"", ""area"": 122.44}, {""id"": 194678, ""rooms"": 3, ""room_alias"": ""三室"", ""area"": 130.05}, {""id"": 194675, ""rooms"": 3, ""room_alias"": ""三室"", ""area"": 134.37}, {""id"": 194672, ""rooms"": 3, ""room_alias"": ""三室"", ""area"": 135.79}, {""id"": 186389, ""rooms"": 4, ""room_alias"": ""四室"", ""area"": 137.41}, {""id"": 194677, ""rooms"": 4, ""room_alias"": ""四室"", ""area"": 142}, {""id"": 194679, ""rooms"": 4, ""room_alias"": ""四室"", ""area"": 162.01}]",2/3/4室,"2室户型,3室户型,4室户型",2001-06-13,,2001年,2002年,[],小高层,高层,70年,4.13,30%,298,带装修,,住宅,保利物业,2.7元/㎡/月,,192,1:0.8,售罄,售罄,售罄,"[""青房注字(2016)第106号"", ""青房注字(2016)第105号"", ""青房注字(2009)072号"", ""青房注字(2009)071号""]",[],大华,,青岛宏程置业有限公司,民电,民水,36.071057,120.394053,"""""","{""29"": ""装修交付"", ""9"": ""轨交房"", ""10"": ""多轨交"", ""72"": ""配套纯熟"", ""71"": ""便利店"", ""70"": ""银行"", ""69"": ""学校"", ""68"": ""医院"", ""66"": ""公园"", ""65"": ""商业街"", ""64"": ""购物中心"", ""78"": ""大户型"", ""638"": ""民办中学"", ""637"": ""公办中学"", ""636"": ""公办小学"", ""635"": ""民办小学"", ""598"": ""民办幼儿园"", ""597"": ""公办幼儿园"", ""55"": ""小型社区""}","[""装修交付"", ""轨交房"", ""多轨交"", ""配套纯熟"", ""便利店""]",https://pic4.ajkimg.com/display/xinfang/5862608bcd5dba26f3c8465822ccfd5e/275x206n.jpg,"[{""id"": ""7313344"", ""loupan_id"": ""409334"", ""station_id"": ""121170"", ""subway_id"": ""12068"", ""city_id"": ""30"", ""distance"": ""786米"", ""status"": ""1"", ""last_update_time"": ""1774212705"", ""is_rail_loupan"": ""1"", ""subway_name"": ""5号线"", ""station_name"": ""镇江路"", ""distance_raw"": ""786""}, {""id"": ""7314640"", ""loupan_id"": ""409334"", ""station_id"": ""121287"", ""subway_id"": ""1044"", ""city_id"": ""30"", ""distance"": ""914米"", ""status"": ""1"", ""last_update_time"": ""1774212706"", ""is_rail_loupan"": ""1"", ""subway_name"": ""8号线"", ""station_name"": ""澳柯玛桥"", ""distance_raw"": ""914""}, {""id"": ""7313365"", ""loupan_id"": ""409334"", ""station_id"": ""121169"", ""subway_id"": ""12068"", ""city_id"": ""30"", ""distance"": ""914米"", ""status"": ""1"", ""last_update_time"": ""1774212705"", ""is_rail_loupan"": ""1"", ""subway_name"": ""5号线"", ""station_name"": ""澳柯玛桥"", ""distance_raw"": ""914""}, {""id"": ""7315508"", ""loupan_id"": ""409334"", ""station_id"": ""4477"", ""subway_id"": ""126"", ""city_id"": ""30"", ""distance"": ""1083米"", ""status"": ""1"", ""last_update_time"": ""1774212707"", ""is_rail_loupan"": ""1"", ""subway_name"": ""2号线"", ""station_name"": ""芝泉路"", ""distance_raw"": ""1083""}, {""id"": ""7315506"", ""loupan_id"": ""409334"", ""station_id"": ""4476"", ""subway_id"": ""126"", ""city_id"": ""30"", ""distance"": ""1395米"", ""status"": ""1"", ""last_update_time"": ""1774212707"", ""is_rail_loupan"": ""1"", ""subway_name"": ""2号线"", ""station_name"": ""海信桥"", ""distance_raw"": ""1395""}, {""id"": ""7315509"", ""loupan_id"": ""409334"", ""station_id"": ""4478"", ""subway_id"": ""126"", ""city_id"": ""30"", ""distance"": ""1481米"", ""status"": ""1"", ""last_update_time"": ""1774212707"", ""is_rail_loupan"": ""1"", ""subway_name"": ""2号线"", ""station_name"": ""五四广场"", ""distance_raw"": ""1481""}, {""id"": ""7314180"", ""loupan_id"": ""409334"", ""station_id"": ""4372"", ""subway_id"": ""121"", ""city_id"": ""30"", ""distance"": ""1485米"", ""status"": ""1"", ""last_update_time"": ""1774212706"", ""is_rail_loupan"": ""1"", ""subway_name"": ""3号线"", ""station_name"": ""五四广场"", ""distance_raw"": ""1485""}, {""id"": ""7314641"", ""loupan_id"": ""409334"", ""station_id"": ""121288"", ""subway_id"": ""1044"", ""city_id"": ""30"", ""distance"": ""1485米"", ""status"": ""1"", ""last_update_time"": ""1774212706"", ""is_rail_loupan"": ""1"", ""subway_name"": ""8号线"", ""station_name"": ""五四广场"", ""distance_raw"": ""1485""}]",市南区泰州路13号（泰州四路和泰州路交汇处）
8031584,碧幸福汇,青岛,30,平度市,3649,平度,3722,青岛平度市平度锦州路69号,,,,,83-145㎡,238888m²,368747m²,"[{""id"": 345318, ""rooms"": 2, ""room_alias"": ""二室"", ""area"": 83.22}, {""id"": 345319, ""rooms"": 2, ""room_alias"": ""二室"", ""area"": 85.92}, {""id"": 345320, ""rooms"": 3, ""room_alias"": ""三室"", ""area"": 96}, {""id"": 276528, ""rooms"": 3, ""room_alias"": ""三室"", ""area"": 115}, {""id"": 276530, ""rooms"": 3, ""room_alias"": ""三室"", ""area"": 119}, {""id"": 345321, ""rooms"": 3, ""room_alias"": ""三室"", ""area"": 134.85}, {""id"": 345322, ""rooms"": 3, ""room_alias"": ""三室"", ""area"": 138}, {""id"": 345323, ""rooms"": 3, ""room_alias"": ""三室"", ""area"": 145.24}]",2/3室,"2室户型,3室户型",2001-12-25,,2001年,2002年,[],"{多层,小高层}",多层、小高层,70年,1.54,36%,1402,毛坯,,住宅,龙湖智慧服务,0.4元/㎡/月,,110,1:0.7,售罄,售罄,售罄,"[""平房注字(2015)494""]",[],中海,,青岛农商银行,民电,民水,36.802741,119.96089,"""""","{""53"": ""高绿化率"", ""52"": ""低容积"", ""69"": ""学校"", ""78"": ""大户型"", ""637"": ""公办中学"", ""636"": ""公办小学"", ""635"": ""民办小学"", ""598"": ""民办幼儿园"", ""597"": ""公办幼儿园""}","[""高绿化率"", ""低容积"", ""学校"", ""大户型"", ""公办中学""]",https://pic4.ajkimg.com/display/xinfang/342222bd8bf200993e51e53d3cc06004/275x206n.jpg,[],平度市广州路16-1号（平度市委组织部南200米）
4199561,青铁梦想华庭,青岛,30,西海岸新区,3646,唐岛湾,24952,青岛西海岸新区唐岛湾城市传媒东侧（珠江路小学东校区西侧）,,5394元/㎡,5394元/㎡,首付42万，月供10142元,119-143㎡,55415m²,264466m²,"[{""id"": 816629, ""rooms"": 2, ""room_alias"": ""二室"", ""area"": 119}, {""id"": 703239, ""rooms"": 3, ""room_alias"": ""三室"", ""area"": 119}, {""id"": 703238, ""rooms"": 3, ""room_alias"": ""三室"", ""area"": 143}]",2/3室,"2室户型,3室户型",2001-08-13,2021年11月20日,2001年,2002年,"[""2021-11-12""]",{高层},高层,70年,3.35,35%,1414,毛坯,在建中，竣工时间：暂无数据,住宅,融创服务,2.9元/㎡/月,,1900,1:1.4,售罄,售罄,售罄,"[""青房注字（青房21）第156号""]","[""1#、5#、11#""]",融创,青岛地铁,青岛房投青科置业有限公司,民电,民水,35.948911,120.203425,"""""","{""56"": ""车位充足"", ""9"": ""轨交房"", ""76"": ""厨卫全明"", ""74"": ""南北通透"", ""73"": ""卧室全朝南"", ""7"": ""项目在建"", ""78"": ""大户型"", ""404"": ""客餐厅相连"", ""402"": ""玄关入户"", ""401"": ""户型方正"", ""85"": ""主卧套房"", ""83"": ""双阳台"", ""82"": ""双卫生间"", ""638"": ""民办中学"", ""637"": ""公办中学"", ""636"": ""公办小学"", ""599"": ""省级示范园"", ""598"": ""民办幼儿园"", ""597"": ""公办幼儿园"", ""541"": ""3D沙盘"", ""540"": ""日照模拟"", ""263"": ""VR看房"", ""50"": ""品牌开发商""}","[""车位充足"", ""轨交房"", ""厨卫全明"", ""南北通透"", ""卧室全朝南""]",https://pic4.ajkimg.com/display/xinfang/4112aa9411ef681293709069d2fa522e/275x206n.jpg,"[{""id"": ""7313900"", ""loupan_id"": ""501749"", ""station_id"": ""120322"", ""subway_id"": ""1045"", ""city_id"": ""30"", ""distance"": ""1219米"", ""status"": ""1"", ""last_update_time"": ""1774212705"", ""is_rail_loupan"": ""1"", ""subway_name"": ""1号线"", ""station_name"": ""丁家河"", ""distance_raw"": ""1219""}]",青岛西海岸新区唐岛湾芯城市传媒东侧
7884296,天汇B区,青岛,30,胶州市,3647,新城,17477,青岛胶州市新城澳门路与海尔大道交汇处（龙湖天街旁）,,3319元/㎡,3319元/㎡,首付19万，月供4659元,126-190㎡,47000m²,140000m²,"[{""id"": 875608, ""rooms"": 3, ""room_alias"": ""三室"", ""area"": 126}, {""id"": 875609, ""rooms"": 4, ""room_alias"": ""四室"", ""area"": 143}, {""id"": 875610, ""rooms"": 4, ""room_alias"": ""四室"", ""area"": 190}]",3/4室,"3室户型,4室户型",2001-05-14,2025年09月21日,2001年,2002年,"[""2026-01-15"", ""2026-02-04"", ""2025-12-02"", ""2025-11-21"", ""2025-11-21"", ""2025-09-05"", ""2025-09-05"", ""2025-09-05""]",{小高层},小高层,70年,2,50%,502,毛坯,在建中，竣工时间：暂无数据,住宅,中海物业,2.6元/㎡/月,,1012,1:2,售罄,售罄,售罄,"[""青房注字（胶州）第2025040号"", ""青房注字（胶州）第2025039号"", ""青房注字（胶州）第2025036号"", ""青房注字（胶州）第2025035号"", ""青房注字（胶州）第2025037号"", ""青房注字（胶州）第2025024号"", ""青房注字（胶州）第2025026号"", ""青房注字（胶州）第2025025号""]","[""11#"", ""10#"", ""3#"", ""2#"", ""5#"", ""1#、7#"", ""9#、8#"", ""6#""]",中梁,龙湖地产,青岛锦昊嘉辉置业有限公司,民电,民水,36.266655,120.05562,"{""service_num"": ""4006708287"", ""num"": ""48649""}","{""80"": ""得房率高"", ""56"": ""车位充足"", ""53"": ""高绿化率"", ""76"": ""厨卫全明"", ""74"": ""南北通透"", ""73"": ""卧室全朝南"", ""7"": ""项目在建"", ""276"": ""一房一价"", ""72"": ""配套纯熟"", ""70"": ""银行"", ""69"": ""学校"", ""68"": ""医院"", ""66"": ""公园"", ""65"": ""商业街"", ""64"": ""购物中心"", ""78"": ""大户型"", ""402"": ""玄关入户"", ""401"": ""户型方正"", ""397"": ""动静分离"", ""85"": ""主卧套房"", ""92"": ""热搜盘"", ""91"": ""热评楼盘"", ""90"": ""人气楼盘"", ""637"": ""公办中学"", ""636"": ""公办小学"", ""598"": ""民办幼儿园"", ""597"": ""公办幼儿园"", ""263"": ""VR看房"", ""50"": ""品牌开发商""}","[""得房率高"", ""车位充足"", ""高绿化率"", ""厨卫全明"", ""南北通透""]",https://pic4.ajkimg.com/display/xinfang/04839196d87d7c9e7d81a56a4b9a41cb/275x206n.jpg,[],青岛市胶州市澳门路与海尔大道交汇处（龙湖天街旁）
2222019,绿玉兰丽景,青岛,30,城阳区,3644,高新区,6139,青岛城阳区高新区华强路2号,,4979元/㎡,4979元/㎡,首付43万，月供10393元,65-226㎡,222853.4m²,480506.53m²,"[{""id"": 677934, ""rooms"": 3, ""room_alias"": ""三室"", ""area"": 130}, {""id"": 753781, ""rooms"": 4, ""room_alias"": ""四室"", ""area"": 65}, {""id"": 677929, ""rooms"": 4, ""room_alias"": ""四室"", ""area"": 175}, {""id"": 677947, ""rooms"": 4, ""room_alias"": ""四室"", ""area"": 226}, {""id"": 753780, ""rooms"": 5, ""room_alias"": ""五室"", ""area"": 85}]",3/4/5室,商业户型,2001-07-20,2020年12月28日,2001年,2002年,"[""2020-12-28""]","{低层,多层,小高层}",低层、多层、小高层,40年,1.5,35%,2424,毛坯,已竣工，竣工时间：2021-12-31,商业,融创服务,5元/㎡/月,,2424,1:1,售罄,售罄,售罄,"[""青房注字（高20）第037号""]","[""10#、13#、14#、16#、17#、18#、19#""]",中海,保利集团,青岛慧联置业有限公司,商电,商水,36.218848,120.311818,"""""","{""559"": ""现房"", ""557"": ""项目竣工"", ""263"": ""VR看房"", ""54"": ""大型社区"", ""50"": ""品牌开发商""}","[""现房"", ""项目竣工"", ""VR看房"", ""大型社区"", ""品牌开发商""]",https://pic4.ajkimg.com/display/xinfang/2a9b221b71456d40472e455582111b07/275x206n.jpg,[],青岛市城阳区华强路2号
6479991,万科理想新村,青岛,30,市北区,3640,浮山后,3667,青岛市北区浮山后福州北路(308国道南，福州北路西),,,,,90-199㎡,住宅：68000m² 别墅：68000m²,住宅：204400m² 别墅：204400m²,"[{""id"": 42059, ""rooms"": 2, ""room_alias"": ""二室"", ""area"": 90}, {""id"": 42060, ""rooms"": 2, ""room_alias"": ""二室"", ""area"": 90}, {""id"": 42061, ""rooms"": 3, ""room_alias"": ""三室"", ""area"": 140}, {""id"": 42062, ""rooms"": 4, ""room_alias"": ""四室"", ""area"": 199}]",2/3/4室,"2室户型,3室户型,4室户型",2001-06-20,,2001年,2002年,[],小高层,住宅：小高层、高层,住宅：70年 别墅：70年,住宅：3,住宅：36% 别墅：36%,住宅：1500 别墅：1500,住宅：毛坯 别墅：毛坯,,住宅,龙湖智慧服务,住宅：2.6~2.92元/㎡/月,,住宅：1200 别墅：1200,住宅：1:0.8 别墅：1:0.8,售罄,售罄,售罄,[],[],绿城,,青岛万科房地产开发有限公司,住宅：民电,住宅：民水,36.119237,120.413947,"""""","{""53"": ""高绿化率"", ""9"": ""轨交房"", ""10"": ""多轨交"", ""72"": ""配套纯熟"", ""71"": ""便利店"", ""70"": ""银行"", ""69"": ""学校"", ""68"": ""医院"", ""66"": ""公园"", ""65"": ""商业街"", ""64"": ""购物中心"", ""78"": ""大户型"", ""638"": ""民办中学"", ""637"": ""公办中学"", ""636"": ""公办小学"", ""635"": ""民办小学"", ""624"": ""九年一贯制"", ""598"": ""民办幼儿园"", ""597"": ""公办幼儿园""}","[""高绿化率"", ""轨交房"", ""多轨交"", ""配套纯熟"", ""便利店""]",https://pic4.ajkimg.com/display/xinfang/cc5c994eee94342c7606d99276256ae8/275x206n.jpg,"[{""id"": ""7313524"", ""loupan_id"": ""241802"", ""station_id"": ""4367"", ""subway_id"": ""121"", ""city_id"": ""30"", ""distance"": ""615米"", ""status"": ""1"", ""last_update_time"": ""1774212705"", ""is_rail_loupan"": ""1"", ""subway_name"": ""3号线"", ""station_name"": ""清江路"", ""distance_raw"": ""615""}, {""id"": ""7313521"", ""loupan_id"": ""241802"", ""station_id"": ""4368"", ""subway_id"": ""121"", ""city_id"": ""30"", ""distance"": ""1200米"", ""status"": ""1"", ""last_update_time"": ""1774212705"", ""is_rail_loupan"": ""1"", ""subway_name"": ""3号线"", ""station_name"": ""错埠岭"", ""distance_raw"": ""1200""}, {""id"": ""7315402"", ""loupan_id"": ""241802"", ""station_id"": ""120732"", ""subway_id"": ""12051"", ""city_id"": ""30"", ""distance"": ""1457米"", ""status"": ""1"", ""last_update_time"": ""1774212707"", ""is_rail_loupan"": ""1"", ""subway_name"": ""4号线"", ""station_name"": ""错埠岭"", ""distance_raw"": ""1457""}]",市北区伊春路与错埠岭三路交汇处
9942609,福名城,青岛,30,市北区,3640,湖岛,5193,青岛市北区湖岛瑞安路20号,,,,,,70966m²,291754m²,[],,,2001-11-19,2016年11月30日,2001年,2002年,[],{},,40年,,30%,1680,毛坯,,标准写字楼,绿城服务,4.7元/㎡/月,,2100,,售罄,售罄,售罄,[],[],中铁建,,,商电,商水,36.121399,120.375271,"""""","{""559"": ""现房"", ""9"": ""轨交房"", ""10"": ""多轨交"", ""71"": ""便利店"", ""70"": ""银行"", ""65"": ""商业街"", ""54"": ""大型社区""}","[""现房"", ""轨交房"", ""多轨交"", ""便利店"", ""银行""]",https://pic4.ajkimg.com/display/xinfang/adcb84b636249ed3c3e423dfeaa72141/275x206n.jpg,"[{""id"": ""7315091"", ""loupan_id"": ""456593"", ""station_id"": ""121177"", ""subway_id"": ""12068"", ""city_id"": ""30"", ""distance"": ""757米"", ""status"": ""1"", ""last_update_time"": ""1774212707"", ""is_rail_loupan"": ""1"", ""subway_name"": ""5号线"", ""station_name"": ""湖岛"", ""distance_raw"": ""757""}, {""id"": ""7313664"", ""loupan_id"": ""456593"", ""station_id"": ""120363"", ""subway_id"": ""1045"", ""city_id"": ""30"", ""distance"": ""1167米"", ""status"": ""1"", ""last_update_time"": ""1774212705"", ""is_rail_loupan"": ""1"", ""subway_name"": ""1号线"", ""station_name"": ""北岭"", ""distance_raw"": ""1167""}, {""id"": ""7315090"", ""loupan_id"": ""456593"", ""station_id"": ""121176"", ""subway_id"": ""12068"", ""city_id"": ""30"", ""distance"": ""1431米"", ""status"": ""1"", ""last_update_time"": ""1774212707"", ""is_rail_loupan"": ""1"", ""subway_name"": ""5号线"", ""station_name"": ""海云庵"", ""distance_raw"": ""1431""}]",市北区瑞安路与金华路交汇处
1739018,金云天翠苑,青岛,30,崂山区,3643,高科园,3696,青岛崂山区高科园天水路2号,,,,,190-439㎡,别墅：45724m² 住宅：45724m²,别墅：81796m² 住宅：81796m²,"[{""id"": 198582, ""rooms"": 2, ""room_alias"": ""二室"", ""area"": 194}, {""id"": 198578, ""rooms"": 2, ""room_alias"": ""二室"", ""area"": 257}, {""id"": 198573, ""rooms"": 3, ""room_alias"": ""三室"", ""area"": 190}, {""id"": 144683, ""rooms"": 3, ""room_alias"": ""三室"", ""area"": 318}, {""id"": 144685, ""rooms"": 4, ""room_alias"": ""四室"", ""area"": 294}, {""id"": 198562, ""rooms"": 4, ""room_alias"": ""四室"", ""area"": 439}]",2/3/4室、别墅,"2室户型,3室户型,4室户型,别墅户型",2001-03-04,2013年07月07日,2001年,2002年,"[""2013-06-30""]",高层,别墅：独栋别墅、联排别墅、叠加别墅 住宅：花园洋房,别墅：40年 住宅：40年,别墅：1.2 住宅：1.2,别墅：40% 住宅：40%,别墅：101 住宅：101,别墅：毛坯 住宅：毛坯,,别墅,旭辉永升,别墅：2.9元/㎡/月,,别墅：541 住宅：541,别墅：1:5.36 住宅：1:5.36,售罄,售罄,售罄,"[""青房注字(崂)2013第004号""]","[""1#、3#、4#、5#、6#、7#、8#、9#、10#、11#、12#""]",仁恒,,青岛金谷旅游发展有限公司,别墅：民电,别墅：民水,36.188972,120.528886,"{""service_num"": ""4006708287"", ""num"": """"}","{""559"": ""现房"", ""81"": ""大阳台"", ""56"": ""车位充足"", ""53"": ""高绿化率"", ""52"": ""低容积"", ""9"": ""轨交房"", ""76"": ""厨卫全明"", ""74"": ""南北通透"", ""10"": ""多轨交"", ""72"": ""配套纯熟"", ""70"": ""银行"", ""69"": ""学校"", ""68"": ""医院"", ""66"": ""公园"", ""65"": ""商业街"", ""64"": ""购物中心"", ""78"": ""大户型"", ""86"": ""全景飘窗"", ""85"": ""主卧套房"", ""82"": ""双卫生间"", ""636"": ""公办小学"", ""598"": ""民办幼儿园"", ""597"": ""公办幼儿园"", ""55"": ""小型社区""}","[""现房"", ""大阳台"", ""车位充足"", ""高绿化率"", ""低容积""]",https://pic4.ajkimg.com/display/xinfang/af56aed86118e3ea994da1ebd56e111c/275x206n.jpg,"[{""id"": ""7316122"", ""loupan_id"": ""383122"", ""station_id"": ""121235"", ""subway_id"": ""126"", ""city_id"": ""30"", ""distance"": ""1243米"", ""status"": ""1"", ""last_update_time"": ""1774212708"", ""is_rail_loupan"": ""1"", ""subway_name"": ""2号线"", ""station_name"": ""世博园"", ""distance_raw"": ""1243""}, {""id"": ""7315829"", ""loupan_id"": ""383122"", ""station_id"": ""4386"", ""subway_id"": ""122"", ""city_id"": ""30"", ""distance"": ""1387米"", ""status"": ""1"", ""last_update_time"": ""1774212708"", ""is_rail_loupan"": ""1"", ""subway_name"": ""蓝谷快线"", ""station_name"": ""世博园"", ""distance_raw"": ""1387""}]",青岛市崂山区天水路2号
8476527,永新理想汇,青岛,30,崂山区,3643,海尔路,3697,青岛崂山区海尔路秦岭路6号（大剧院西）,,,,,1440㎡,30000m²,270000m²,"[{""id"": 144690, ""rooms"": 10, ""room_alias"": ""十室"", ""area"": 1440}]",10室,商业户型,2001-05-04,,2001年,2002年,[],{高层},高层,50年,5.5,59%,700,毛坯,,商业,旭辉永升,2.2~2.4元/㎡/月,,1700,1:2,售罄,售罄,售罄,[],[],保利,,青岛海沃置业有限公司,商电,商水,36.121789,120.459853,"{""service_num"": ""4006708287"", ""num"": """"}","{""56"": ""车位充足"", ""31"": ""大平层"", ""9"": ""轨交房"", ""10"": ""多轨交"", ""72"": ""配套纯熟"", ""71"": ""便利店"", ""70"": ""银行"", ""68"": ""医院"", ""66"": ""公园"", ""65"": ""商业街"", ""64"": ""购物中心""}","[""车位充足"", ""大平层"", ""轨交房"", ""多轨交"", ""配套纯熟""]",https://pic4.ajkimg.com/display/xinfang/b028cd4a2d391108ba401d6abe360227/275x206n.jpg,"[{""id"": ""7314086"", ""loupan_id"": ""245710"", ""station_id"": ""4380"", ""subway_id"": ""122"", ""city_id"": ""30"", ""distance"": ""672米"", ""status"": ""1"", ""last_update_time"": ""1774212706"", ""is_rail_loupan"": ""1"", ""subway_name"": ""蓝谷快线"", ""station_name"": ""会展中心"", ""distance_raw"": ""672""}, {""id"": ""7314207"", ""loupan_id"": ""245710"", ""station_id"": ""121192"", ""subway_id"": ""12068"", ""city_id"": ""30"", ""distance"": ""726米"", ""status"": ""1"", ""last_update_time"": ""1774212706"", ""is_rail_loupan"": ""1"", ""subway_name"": ""5号线"", ""station_name"": ""云岭路"", ""distance_raw"": ""726""}, {""id"": ""7316356"", ""loupan_id"": ""245710"", ""station_id"": ""4487"", ""subway_id"": ""126"", ""city_id"": ""30"", ""distance"": ""832米"", ""status"": ""1"", ""last_update_time"": ""1774212708"", ""is_rail_loupan"": ""1"", ""subway_name"": ""2号线"", ""station_name"": ""苗岭路"", ""distance_raw"": ""832""}, {""id"": ""7314053"", ""loupan_id"": ""245710"", ""station_id"": ""4379"", ""subway_id"": ""122"", ""city_id"": ""30"", ""distance"": ""832米"", ""status"": ""1"", ""last_update_time"": ""1774212706"", ""is_rail_loupan"": ""1"", ""subway_name"": ""蓝谷快线"", ""station_name"": ""苗岭路"", ""distance_raw"": ""832""}, {""id"": ""7314206"", ""loupan_id"": ""245710"", ""station_id"": ""121191"", ""subway_id"": ""12068"", ""city_id"": ""30"", ""distance"": ""1253米"", ""status"": ""1"", ""last_update_time"": ""1774212706"", ""is_rail_loupan"": ""1"", ""subway_name"": ""5号线"", ""station_name"": ""石老人浴场"", ""distance_raw"": ""1253""}, {""id"": ""7316358"", ""loupan_id"": ""245710"", ""station_id"": ""4486"", ""subway_id"": ""126"", ""city_id"": ""30"", ""distance"": ""1303米"", ""status"": ""1"", ""last_update_time"": ""1774212708"", ""is_rail_loupan"": ""1"", ""subway_name"": ""2号线"", ""station_name"": ""石老人浴场"", ""distance_raw"": ""1303""}]",崂山区秦岭路17号韩中商务中心5层
9329417,蓝阁B区,青岛,30,李沧区,3642,世园,5195,青岛李沧区世园青岛市李沧区铜川路121号,,,,,119-139㎡,19245.4m²,63947.27m²,"[{""id"": 890117, ""rooms"": 3, ""room_alias"": ""三室"", ""area"": 119}, {""id"": 890118, ""rooms"": 3, ""room_alias"": ""三室"", ""area"": 121}, {""id"": 890116, ""rooms"": 3, ""room_alias"": ""三室"", ""area"": 139}, {""id"": 890119, ""rooms"": 4, ""room_alias"": ""四室"", ""area"": 121}, {""id"": 890120, ""rooms"": 4, ""room_alias"": ""四室"", ""area"": 139}]",3/4室,"3室户型,4室户型",2001-08-19,2026年03月28日,2001年,2002年,"[""2026-03-26"", ""2026-03-26""]",{多层},多层,70年,2.4,30%,374,毛坯,,住宅,招商积余,,,,,售罄,售罄,售罄,"[""青房预字（2026）第011号"", ""青房预字（2026）第012号""]","[""2#"", ""6#""]",中梁,青特集团,青岛丰茂置业有限公司,民电,民水,36.184612,120.465288,"{""service_num"": ""4006708287"", ""num"": ""72125""}","{""80"": ""得房率高"", ""9"": ""轨交房"", ""72"": ""配套纯熟"", ""71"": ""便利店"", ""70"": ""银行"", ""69"": ""学校"", ""68"": ""医院"", ""67"": ""生态绿地"", ""66"": ""公园"", ""65"": ""商业街"", ""64"": ""购物中心"", ""78"": ""大户型"", ""92"": ""热搜盘"", ""90"": ""人气楼盘"", ""638"": ""民办中学"", ""637"": ""公办中学"", ""636"": ""公办小学"", ""599"": ""省级示范园"", ""598"": ""民办幼儿园"", ""597"": ""公办幼儿园"", ""422"": ""30日内开盘"", ""55"": ""小型社区"", ""50"": ""品牌开发商""}","[""得房率高"", ""轨交房"", ""配套纯熟"", ""便利店"", ""银行""]",https://pic4.ajkimg.com/display/xinfang/86235fec385ef0c7f2c1fa74efeb0191/275x206n.jpg,"[{""id"": ""7337420"", ""loupan_id"": ""533907"", ""station_id"": ""121230"", ""subway_id"": ""126"", ""city_id"": ""30"", ""distance"": ""1363米"", ""status"": ""1"", ""last_update_time"": ""1774212707"", ""is_rail_loupan"": ""1"", ""subway_name"": ""2号线"", ""station_name"": ""合川路"", ""distance_raw"": ""1363""}, {""id"": ""7337421"", ""loupan_id"": ""533907"", ""station_id"": ""121229"", ""subway_id"": ""126"", ""city_id"": ""30"", ""distance"": ""1370米"", ""status"": ""1"", ""last_update_time"": ""1774212707"", ""is_rail_loupan"": ""1"", ""subway_name"": ""2号线"", ""station_name"": ""佛耳崖"", ""distance_raw"": ""1370""}]",青岛市李沧区铜川路117号（原青特璟誉生活馆）
8233024,悦未来轩,青岛,30,莱西市,3648,莱西,3720,青岛莱西市莱西姜山新城杭州路与李朴路交汇处,,,,,86-115㎡,400000m²,830000m²,"[{""id"": 307560, ""rooms"": 2, ""room_alias"": ""二室"", ""area"": 86}, {""id"": 345610, ""rooms"": 2, ""room_alias"": ""二室"", ""area"": 86}, {""id"": 345612, ""rooms"": 3, ""room_alias"": ""三室"", ""area"": 96}, {""id"": 345613, ""rooms"": 3, ""room_alias"": ""三室"", ""area"": 96}, {""id"": 345615, ""rooms"": 3, ""room_alias"": ""三室"", ""area"": 114}, {""id"": 345616, ""rooms"": 3, ""room_alias"": ""三室"", ""area"": 114}, {""id"": 345617, ""rooms"": 3, ""room_alias"": ""三室"", ""area"": 115}]",2/3室,"2室户型,3室户型",2001-02-02,,2001年,2002年,"[""2016-11-24""]",{多层},多层,70年,1.5,30%,5000,毛坯,,住宅,融创服务,1.2元/㎡/月,,259,,售罄,售罄,售罄,"[""西房注字(2016)012""]","[""16#、10#、12#、2#、8#、15#、18#、6#、7#""]",远洋,,青岛远腾投资发展有限公司,民电,民水,36.643043,120.540331,"{""service_num"": ""4006708287"", ""num"": """"}","{""52"": ""低容积"", ""70"": ""银行"", ""69"": ""学校"", ""78"": ""大户型"", ""637"": ""公办中学"", ""636"": ""公办小学"", ""54"": ""大型社区""}","[""低容积"", ""银行"", ""学校"", ""大户型"", ""公办中学""]",https://pic4.ajkimg.com/display/xinfang/b2b43ec45e598b6b4b73361c79172006/275x206n.jpg,[],青岛莱西市姜山新城杭州路与李朴路交汇处
4697063,奥克绿洲园,青岛,30,李沧区,3642,李村,3690,青岛李沧区李村青岛市李沧区书院路1号,,,,,90-95㎡,34043.18m²,308124.09m²,"[{""id"": 105612, ""rooms"": 2, ""room_alias"": ""二室"", ""area"": 90}, {""id"": 105613, ""rooms"": 2, ""room_alias"": ""二室"", ""area"": 95}]",2室,2室户型,2001-09-17,,2001年,2002年,[],{高层},高层,70年,6.05,40%,1320,毛坯,,住宅,旭辉永升,1.95元/㎡/月,,1700,1:1.5,售罄,售罄,售罄,[],[],金茂,,青岛奥克斯置业有限公司,民电,民水,36.16429,120.408913,"""""","{""56"": ""车位充足"", ""53"": ""高绿化率"", ""9"": ""轨交房"", ""10"": ""多轨交"", ""72"": ""配套纯熟"", ""71"": ""便利店"", ""70"": ""银行"", ""69"": ""学校"", ""68"": ""医院"", ""66"": ""公园"", ""65"": ""商业街"", ""64"": ""购物中心"", ""638"": ""民办中学"", ""637"": ""公办中学"", ""636"": ""公办小学"", ""635"": ""民办小学"", ""624"": ""九年一贯制"", ""598"": ""民办幼儿园"", ""597"": ""公办幼儿园""}","[""车位充足"", ""高绿化率"", ""轨交房"", ""多轨交"", ""配套纯熟""]",https://pic4.ajkimg.com/display/xinfang/625750d936c046c144bc52b1eb75f96d/275x206n.jpg,"[{""id"": ""7316830"", ""loupan_id"": ""251348"", ""station_id"": ""4361"", ""subway_id"": ""121"", ""city_id"": ""30"", ""distance"": ""1434米"", ""status"": ""1"", ""last_update_time"": ""1774212709"", ""is_rail_loupan"": ""1"", ""subway_name"": ""3号线"", ""station_name"": ""李村"", ""distance_raw"": ""1434""}, {""id"": ""7315469"", ""loupan_id"": ""251348"", ""station_id"": ""4493"", ""subway_id"": ""126"", ""city_id"": ""30"", ""distance"": ""1482米"", ""status"": ""1"", ""last_update_time"": ""1774212707"", ""is_rail_loupan"": ""1"", ""subway_name"": ""2号线"", ""station_name"": ""李村"", ""distance_raw"": ""1482""}]",青岛市李沧区书院路1号（苏宁电器西门）
6267459,中府一期,青岛,30,即墨区,3645,温泉镇,5207,青岛即墨区温泉镇温泉镇驻地北、新兴街东侧,,,,,280㎡,183352m²,173332m²,"[{""id"": 305094, ""rooms"": 4, ""room_alias"": ""四室"", ""area"": 280}]",别墅,别墅户型,2001-10-12,,2001年,2002年,[],"{独栋别墅,联排别墅}",独栋别墅、联排别墅,70年,0.69,45%,38,毛坯,,别墅,绿城服务,6元/㎡/月,,76,1:2,售罄,售罄,售罄,"[""即房(2012)注字012""]",[],阳光城,,,民电,民水,36.476519,120.671617,"{""service_num"": ""4006708287"", ""num"": """"}","{""56"": ""车位充足"", ""53"": ""高绿化率"", ""70"": ""银行"", ""68"": ""医院"", ""64"": ""购物中心"", ""78"": ""大户型"", ""637"": ""公办中学"", ""636"": ""公办小学"", ""598"": ""民办幼儿园"", ""597"": ""公办幼儿园"", ""55"": ""小型社区""}","[""车位充足"", ""高绿化率"", ""银行"", ""医院"", ""购物中心""]",https://pic4.ajkimg.com/display/xinfang/999a87c34d58748f5691b3b3d3e0d195/275x206n.jpg,[],温泉镇驻地北、新兴街东侧
9547869,恒和平岸,青岛,30,西海岸新区,3646,滨海大道,5211,青岛西海岸新区滨海大道高山路2077号,,153元/㎡,153元/㎡,首付83万，月供19853元,80-700㎡,别墅：200000m² 住宅：200000m²,别墅：260000m² 住宅：260000m²,"[{""id"": 350653, ""rooms"": 2, ""room_alias"": ""二室"", ""area"": 80}, {""id"": 243616, ""rooms"": 3, ""room_alias"": ""三室"", ""area"": 95}, {""id"": 662295, ""rooms"": 3, ""room_alias"": ""三室"", ""area"": 100}, {""id"": 350654, ""rooms"": 3, ""room_alias"": ""三室"", ""area"": 106}, {""id"": 243620, ""rooms"": 3, ""room_alias"": ""三室"", ""area"": 110}, {""id"": 350701, ""rooms"": 3, ""room_alias"": ""三室"", ""area"": 110}, {""id"": 243621, ""rooms"": 3, ""room_alias"": ""三室"", ""area"": 125}, {""id"": 350703, ""rooms"": 3, ""room_alias"": ""三室"", ""area"": 125}, {""id"": 662307, ""rooms"": 3, ""room_alias"": ""三室"", ""area"": 130}, {""id"": 264672, ""rooms"": 3, ""room_alias"": ""三室"", ""area"": 155}, {""id"": 264673, ""rooms"": 3, ""room_alias"": ""三室"", ""area"": 166}, {""id"": 352042, ""rooms"": 3, ""room_alias"": ""三室"", ""area"": 205}, {""id"": 264670, ""rooms"": 4, ""room_alias"": ""四室"", ""area"": 140}, {""id"": 662310, ""rooms"": 4, ""room_alias"": ""四室"", ""area"": 152}, {""id"": 662313, ""rooms"": 4, ""room_alias"": ""四室"", ""area"": 160}, {""id"": 662315, ""rooms"": 4, ""room_alias"": ""四室"", ""area"": 189}, {""id"": 662323, ""rooms"": 4, ""room_alias"": ""四室"", ""area"": 251}, {""id"": 352048, ""rooms"": 4, ""room_alias"": ""四室"", ""area"": 260}, {""id"": 138871, ""rooms"": 4, ""room_alias"": ""四室"", ""area"": 500}, {""id"": 352089, ""rooms"": 5, ""room_alias"": ""五室"", ""area"": 230}, {""id"": 352050, ""rooms"": 5, ""room_alias"": ""五室"", ""area"": 270}, {""id"": 662336, ""rooms"": 5, ""room_alias"": ""五室"", ""area"": 343}, {""id"": 662326, ""rooms"": 6, ""room_alias"": ""六室"", ""area"": 274}, {""id"": 662349, ""rooms"": 7, ""room_alias"": ""七室"", ""area"": 346}]",2/3/4室、别墅,"2室户型,3室户型,4室户型,别墅户型",2001-12-02,2021年01月,2001年,2002年,"[""2019-03-25"", ""2021-01-25"", ""2018-10-22"", ""2018-11-19"", ""2018-12-29"", ""2019-07-23""]","{独栋别墅,联排别墅,双拼别墅}",别墅：独栋别墅、联排别墅、双拼别墅 住宅：小高层、花园洋房,别墅：70年 住宅：70年,别墅：1.1 住宅：1.1,别墅：36% 住宅：36%,别墅：1000 住宅：1000,别墅：毛坯 住宅：毛坯,已竣工，竣工时间：暂无数据,别墅,招商积余,别墅：4.5元/㎡/月 住宅：2.8元/㎡/月,,别墅：864 住宅：864,别墅：1:2 住宅：1:1.2,售罄,售罄,售罄,"[""青房注字青黄（2019）第017号"", ""青房注字青黄2020第338号"", ""青房注字青黄18第091号"", ""青房注字青黄（2018）第119号"", ""青房注字青黄（2018）第132号"", ""青房注字青黄2019第031号""]","[""10#、14#、18#"", ""二期14#"", ""9#"", ""6#"", ""11#"", ""二期9#、二期10#""]",新城控股,,青岛荣誉建设实业发展有限公司,别墅：民电,别墅：民水,35.958647,120.061502,"{""service_num"": ""4006708287"", ""num"": ""40822""}","{""557"": ""项目竣工"", ""76"": ""厨卫全明"", ""74"": ""南北通透"", ""73"": ""卧室全朝南"", ""63"": ""旅游地产"", ""69"": ""学校"", ""68"": ""医院"", ""78"": ""大户型"", ""404"": ""客餐厅相连"", ""402"": ""玄关入户"", ""401"": ""户型方正"", ""397"": ""动静分离"", ""85"": ""主卧套房"", ""83"": ""双阳台"", ""636"": ""公办小学"", ""598"": ""民办幼儿园"", ""263"": ""VR看房""}","[""项目竣工"", ""厨卫全明"", ""南北通透"", ""卧室全朝南"", ""旅游地产""]",https://pic4.ajkimg.com/display/xinfang/812df444580c5c865005a43ca2c526b0/275x206n.jpg,[],青岛西海岸经济新区高山路1997号
4359528,佳兆银河源,青岛,30,城阳区,3644,夏庄,10288,青岛城阳区夏庄王沙路358号,,,,,84-142㎡,别墅：270000m² 住宅：270000m²,别墅：400000m² 住宅：400000m²,"[{""id"": 289021, ""rooms"": 2, ""room_alias"": ""二室"", ""area"": 84}, {""id"": 289013, ""rooms"": 3, ""room_alias"": ""三室"", ""area"": 88}, {""id"": 289015, ""rooms"": 3, ""room_alias"": ""三室"", ""area"": 89}, {""id"": 289022, ""rooms"": 3, ""room_alias"": ""三室"", ""area"": 108}, {""id"": 299352, ""rooms"": 3, ""room_alias"": ""三室"", ""area"": 116}, {""id"": 255631, ""rooms"": 3, ""room_alias"": ""三室"", ""area"": 125}, {""id"": 99392, ""rooms"": 3, ""room_alias"": ""三室"", ""area"": 127}, {""id"": 99397, ""rooms"": 3, ""room_alias"": ""三室"", ""area"": 134}, {""id"": 299353, ""rooms"": 4, ""room_alias"": ""四室"", ""area"": 131}, {""id"": 308661, ""rooms"": 4, ""room_alias"": ""四室"", ""area"": 140}, {""id"": 308663, ""rooms"": 4, ""room_alias"": ""四室"", ""area"": 142}]",别墅、2/3/4室,"2室户型,3室户型,4室户型,别墅户型",2001-04-26,,2001年,2002年,"[""2018-07-28""]",高层,别墅：叠加别墅 住宅：小高层、高层、花园洋房,别墅：70年 住宅：70年,别墅：1.3 住宅：1.3,别墅：35% 住宅：35%,别墅：500 住宅：500,别墅：毛坯 住宅：毛坯,,别墅,保利物业,别墅：4.2元/㎡/月,,别墅：620 住宅：620,别墅：1:1.24 住宅：1:1.24,售罄,售罄,售罄,"[""青房注字(城18)第73号""]","[""80#、75#、67#、82#、71#、72#、78#""]",华润,,佳兆业新都置业(青岛)有限公司,别墅：民电,别墅：民水,36.259233,120.457956,"""""","{""81"": ""大阳台"", ""56"": ""车位充足"", ""76"": ""厨卫全明"", ""74"": ""南北通透"", ""73"": ""卧室全朝南"", ""72"": ""配套纯熟"", ""70"": ""银行"", ""69"": ""学校"", ""68"": ""医院"", ""66"": ""公园"", ""65"": ""商业街"", ""64"": ""购物中心"", ""78"": ""大户型"", ""397"": ""动静分离"", ""637"": ""公办中学"", ""636"": ""公办小学"", ""635"": ""民办小学"", ""598"": ""民办幼儿园"", ""597"": ""公办幼儿园"", ""263"": ""VR看房""}","[""大阳台"", ""车位充足"", ""厨卫全明"", ""南北通透"", ""卧室全朝南""]",https://pic4.ajkimg.com/display/xinfang/9b4175ae448fa5e6bb479e35535a35f8/275x206n.jpg,[],城阳区夏庄街道王沙路358号白沙河南岸500米
4303922,绿峰二期,青岛,30,莱西市,3648,莱西,3720,青岛莱西市莱西莱西市上海路利群西1800米,,,,,87-122㎡,,,"[{""id"": 423009, ""rooms"": 2, ""room_alias"": ""二室"", ""area"": 87}, {""id"": 423012, ""rooms"": 3, ""room_alias"": ""三室"", ""area"": 97}, {""id"": 423010, ""rooms"": 3, ""room_alias"": ""三室"", ""area"": 108}, {""id"": 423013, ""rooms"": 3, ""room_alias"": ""三室"", ""area"": 112}, {""id"": 423011, ""rooms"": 4, ""room_alias"": ""四室"", ""area"": 122}]",2/3/4室,"2室户型,3室户型,4室户型",2001-10-07,2019年09月30日,2001年,2002年,[],高层,多层、小高层,70年,,,,毛坯,,住宅,合景悠活,,,,,售罄,售罄,售罄,[],[],恒大,,,民电,民水,36.888381,120.516475,"""""","{""76"": ""厨卫全明"", ""74"": ""南北通透"", ""69"": ""学校"", ""78"": ""大户型"", ""402"": ""玄关入户"", ""401"": ""户型方正"", ""85"": ""主卧套房"", ""638"": ""民办中学"", ""637"": ""公办中学"", ""636"": ""公办小学"", ""599"": ""省级示范园"", ""598"": ""民办幼儿园"", ""597"": ""公办幼儿园"", ""263"": ""VR看房""}","[""厨卫全明"", ""南北通透"", ""学校"", ""大户型"", ""玄关入户""]",https://pic4.ajkimg.com/display/xinfang/946d3abdac4bb5978160354e60cee481/275x206n.jpg,[],莱西市上海路利群西1700米附近
910614,龙紫金苑,青岛,30,莱西市,3648,莱西,3720,青岛莱西市莱西[ 莱西市 - 莱西 ] 上海东路152号,,,,,81-134㎡,,,"[{""id"": 423083, ""rooms"": 2, ""room_alias"": ""二室"", ""area"": 81}, {""id"": 423084, ""rooms"": 2, ""room_alias"": ""二室"", ""area"": 90}, {""id"": 423085, ""rooms"": 2, ""room_alias"": ""二室"", ""area"": 91}, {""id"": 423087, ""rooms"": 3, ""room_alias"": ""三室"", ""area"": 104}, {""id"": 423088, ""rooms"": 3, ""room_alias"": ""三室"", ""area"": 111}, {""id"": 423089, ""rooms"": 3, ""room_alias"": ""三室"", ""area"": 134}]",2/3室,"2室户型,3室户型",2001-12-26,2018年10月08日,2001年,2002年,[],别墅,,70年,,,,毛坯,,住宅,华润万象生活,,,,,售罄,售罄,售罄,[],[],中海,,,民电,民水,0,0,"""""","{""78"": ""大户型""}","[""大户型""]",https://pic4.ajkimg.com/display/xinfang/1bc8262c8e3f5dd4266a42e2a25269b8/275x206n.jpg,[],
5184710,金祥青山里,青岛,30,胶州市,3647,胶州,3718,青岛胶州市胶州福州北路192号,,,,,74㎡,61550m²,78793m²,"[{""id"": 144693, ""rooms"": 2, ""room_alias"": ""二室"", ""area"": 74}]",2室,2室户型,2001-11-04,,2001年,2002年,[],别墅,多层,70年,1.28,35%,1300,毛坯,,住宅,旭辉永升,0.6元/㎡/月,,400,1:0.9,售罄,售罄,售罄,"[""青房注字(胶州)第2013056"", ""青房注字(胶州)第2016046"", ""青房注字(胶州)第2014060""]",[],大华,,青岛金默基业房地产开发有限公司,民电,民水,36.296499,120.037409,"{""service_num"": ""4006708287"", ""num"": """"}","{""52"": ""低容积"", ""72"": ""配套纯熟"", ""71"": ""便利店"", ""70"": ""银行"", ""69"": ""学校"", ""68"": ""医院"", ""66"": ""公园"", ""65"": ""商业街"", ""64"": ""购物中心"", ""637"": ""公办中学"", ""636"": ""公办小学"", ""598"": ""民办幼儿园"", ""597"": ""公办幼儿园""}","[""低容积"", ""配套纯熟"", ""便利店"", ""银行"", ""学校""]",https://pic4.ajkimg.com/display/xinfang/abb8772019cbce0fba0ce846ebd521d1/275x206n.jpg,[],胶州市福州北路192号
7204737,中谷二期,青岛,30,莱西市,3648,莱西,3720,青岛莱西市莱西重庆西路17号,,2074元/㎡,2074元/㎡,首付9万，月供2294元,85-130㎡,69551.21m²,215818m²,"[{""id"": 547542, ""rooms"": 2, ""room_alias"": ""二室"", ""area"": 85}, {""id"": 547540, ""rooms"": 3, ""room_alias"": ""三室"", ""area"": 108}, {""id"": 547544, ""rooms"": 3, ""room_alias"": ""三室"", ""area"": 110}, {""id"": 547545, ""rooms"": 3, ""room_alias"": ""三室"", ""area"": 130}]",2/3室,"2室户型,3室户型",2001-12-09,2021年10月21日,2001年,2002年,"[""2021-10-21"", ""2019-12-02""]",高层,多层、小高层、高层,70年,2.17,30%,1364,毛坯,,住宅,中海物业,2.06元/㎡/月,,1668,1:1.2,售罄,售罄,售罄,"[""西房注字（2021）053"", ""西房注字（2019）049""]","[""19#、20#、24#、25#"", ""6#、7#、8#""]",新城控股,,青岛润辉置业有限公司,民电,民水,36.902043,120.489507,"""""","{""559"": ""现房"", ""81"": ""大阳台"", ""56"": ""车位充足"", ""76"": ""厨卫全明"", ""74"": ""南北通透"", ""32"": ""绿色住宅"", ""78"": ""大户型"", ""404"": ""客餐厅相连"", ""402"": ""玄关入户"", ""401"": ""户型方正"", ""397"": ""动静分离"", ""85"": ""主卧套房"", ""638"": ""民办中学"", ""637"": ""公办中学"", ""636"": ""公办小学"", ""598"": ""民办幼儿园"", ""597"": ""公办幼儿园"", ""263"": ""VR看房""}","[""现房"", ""大阳台"", ""车位充足"", ""厨卫全明"", ""南北通透""]",https://pic4.ajkimg.com/display/xinfang/c605d88616d93ef9d518dd6b9fc5c7f8/275x206n.jpg,[],青岛市莱西市北京西路5号
8126233,天碧水汇,青岛,30,胶州市,3647,新城,17477,青岛胶州市新城兰州东路592号（海尔大道与兰州东路交汇处东800米路南）,,2766元/㎡,2766元/㎡,首付16万，月供4014元,112-139㎡,30000m²,57000m²,"[{""id"": 386989, ""rooms"": 3, ""room_alias"": ""三室"", ""area"": 112}, {""id"": 386990, ""rooms"": 3, ""room_alias"": ""三室"", ""area"": 127}, {""id"": 386988, ""rooms"": 3, ""room_alias"": ""三室"", ""area"": 139}]",3室,3室户型,2001-07-13,2018年12月31日,2001年,2002年,"[""2019-03-05"", ""2018-10-24""]",{多层},多层,70年,1.3,45%,304,毛坯,已竣工，竣工时间：2020-08-29,住宅,新城悦服务,1.5元/㎡/月,,383,1:1.2,售罄,售罄,售罄,"[""青房注字（胶州）第2018105号"", ""青房注字（胶州）第2018072号""]","[""6#、7#"", ""1#、2#、5#、4#""]",朗诗,君一控股,海尔地产集团,民电,民水,36.312263,120.061248,"""""","{""559"": ""现房"", ""557"": ""项目竣工"", ""56"": ""车位充足"", ""53"": ""高绿化率"", ""52"": ""低容积"", ""76"": ""厨卫全明"", ""74"": ""南北通透"", ""73"": ""卧室全朝南"", ""72"": ""配套纯熟"", ""70"": ""银行"", ""69"": ""学校"", ""68"": ""医院"", ""66"": ""公园"", ""65"": ""商业街"", ""78"": ""大户型"", ""404"": ""客餐厅相连"", ""402"": ""玄关入户"", ""401"": ""户型方正"", ""85"": ""主卧套房"", ""637"": ""公办中学"", ""636"": ""公办小学"", ""598"": ""民办幼儿园"", ""597"": ""公办幼儿园"", ""263"": ""VR看房"", ""50"": ""品牌开发商""}","[""现房"", ""项目竣工"", ""车位充足"", ""高绿化率"", ""低容积""]",https://pic4.ajkimg.com/display/xinfang/efe69d9e71abc31f08015036640e2f00/275x206n.jpg,[],胶州市海尔大道与兰州东路交汇处东100米路南
5301728,中巍阳光花园,青岛,30,城阳区,3644,白云山,24457,青岛城阳区白云山荟城路与广阳路交汇处,,6086元/㎡,6086元/㎡,首付71万，月供17058元,238㎡,32833m²,116466m²,"[{""id"": 875381, ""rooms"": 4, ""room_alias"": ""四室"", ""area"": 238}]",4室,4室户型,2001-11-12,2024年09月07日,2001年,2002年,"[""2025-08-06"", ""2025-06-12"", ""2025-04-03"", ""2025-01-23"", ""2024-08-21""]",{小高层},小高层,70年,2.6,30%,241,毛坯,在建中，竣工时间：2026-11-30,住宅,新城悦服务,4.5元/㎡/月,,756,,售罄,售罄,售罄,"[""城行审三（2025）309号"", ""城行审三（2025）234号"", ""城行审三（2025）109号"", ""城行审三（2025）31号"", ""城行审三（2024）434号""]","[""6#、10#"", ""3#、2#"", ""5#"", ""8#"", ""7#、9#""]",朗诗,,中巍环湾（青岛）投资运营有限公司,民电,民水,36.313775,120.447457,"""""","{""76"": ""厨卫全明"", ""74"": ""南北通透"", ""73"": ""卧室全朝南"", ""7"": ""项目在建"", ""72"": ""配套纯熟"", ""71"": ""便利店"", ""70"": ""银行"", ""69"": ""学校"", ""68"": ""医院"", ""66"": ""公园"", ""65"": ""商业街"", ""64"": ""购物中心"", ""78"": ""大户型"", ""402"": ""玄关入户"", ""85"": ""主卧套房"", ""637"": ""公办中学"", ""636"": ""公办小学"", ""635"": ""民办小学"", ""598"": ""民办幼儿园"", ""597"": ""公办幼儿园"", ""541"": ""3D沙盘"", ""540"": ""日照模拟"", ""263"": ""VR看房"", ""55"": ""小型社区""}","[""厨卫全明"", ""南北通透"", ""卧室全朝南"", ""项目在建"", ""配套纯熟""]",https://pic4.ajkimg.com/display/xinfang/905dc41e03239749394a55aaa4967c98/275x206n.jpg,[],青岛市城阳区荟城路与广阳路交汇处
4140807,中翠苑三期,青岛,30,城阳区,3644,黑龙江路,5202,青岛城阳区黑龙江路湘潭路9号,,,,,138-248㎡,170000m²,530000m²,"[{""id"": 244793, ""rooms"": 2, ""room_alias"": ""二室"", ""area"": 137.63}, {""id"": 244794, ""rooms"": 2, ""room_alias"": ""二室"", ""area"": 247.99}, {""id"": 244792, ""rooms"": 3, ""room_alias"": ""三室"", ""area"": 157.6}]",,,2001-12-04,,2001年,2002年,[],{},,40年,,40%,110,毛坯,,社区底商,世茂服务,2.2元/㎡/月,,1276,,售罄,售罄,售罄,[],[],路劲,中国中铁,青岛中铁祥丰置业有限公司,商电,商水,36.243776,120.436063,"""""","{""9"": ""轨交房"", ""70"": ""银行"", ""68"": ""医院"", ""216"": ""社区底商"", ""55"": ""小型社区"", ""50"": ""品牌开发商""}","[""轨交房"", ""银行"", ""医院"", ""社区底商"", ""小型社区""]",https://pic4.ajkimg.com/display/xinfang/e0b192aecaa2e84f46310964b4fd27af/275x206n.jpg,"[{""id"": ""7314461"", ""loupan_id"": ""415330"", ""station_id"": ""121210"", ""subway_id"": ""12070"", ""city_id"": ""30"", ""distance"": ""921米"", ""status"": ""1"", ""last_update_time"": ""1774212706"", ""is_rail_loupan"": ""1"", ""subway_name"": ""15号线"", ""station_name"": ""玉霞路"", ""distance_raw"": ""921""}]",青岛市城阳区湘潭路9号
2712840,龙世纪湾,青岛,30,西海岸新区,3646,滨海大道,5211,青岛西海岸新区滨海大道东岳东路3777号,,3319元/㎡,3319元/㎡,首付22万，月供5268元,105-165㎡,92338m²,265581m²,"[{""id"": 482942, ""rooms"": 3, ""room_alias"": ""三室"", ""area"": 105}, {""id"": 838793, ""rooms"": 3, ""room_alias"": ""三室"", ""area"": 107}, {""id"": 482941, ""rooms"": 3, ""room_alias"": ""三室"", ""area"": 117}, {""id"": 838794, ""rooms"": 3, ""room_alias"": ""三室"", ""area"": 120}, {""id"": 838795, ""rooms"": 4, ""room_alias"": ""四室"", ""area"": 140}, {""id"": 529115, ""rooms"": 4, ""room_alias"": ""四室"", ""area"": 143}, {""id"": 529119, ""rooms"": 4, ""room_alias"": ""四室"", ""area"": 165}]",3/4室,"3室户型,4室户型",2001-04-07,2019年07月21日,2001年,2002年,"[""2021-06-22"", ""2019-07-18"", ""2019-09-09"", ""2019-09-03"", ""2019-10-11"", ""2019-10-10"", ""2019-12-05"", ""2020-06-02"", ""2020-12-02"", ""2021-03-23"", ""2021-05-19""]",多层,小高层、高层,70年,2.88,30%,2114,毛坯,已竣工，竣工时间：暂无数据,住宅,雅生活服务,2.7元/㎡/月,,2777,1:1.2,售罄,售罄,售罄,"[""青房注字青黄2021第116号"", ""青房注字青黄2019第086号"", ""青房注字青黄（2019）第122号"", ""青房注字青黄（2019）第114号"", ""青房注字青黄19157号"", ""青房注字青黄2019第151号"", ""青房注字青黄（2019）第225号"", ""青房注字青黄20084号"", ""青房注字青黄（2020）第297号"", ""青房注字青黄2021第031号"", ""青房注字青黄（2021）第085号""]","[""15#"", ""11#、16#、6#"", ""7#"", ""8#"", ""9#、12#"", ""17#"", ""13#、19#"", ""18#"", ""10#、20#"", ""21#、23#"", ""25#、26#""]",建发,保利集团,青岛源诚西海岸置业有限公司,民电,民水,35.897094,120.088683,"{""service_num"": ""4006708287"", ""num"": ""20174""}","{""557"": ""项目竣工"", ""56"": ""车位充足"", ""9"": ""轨交房"", ""76"": ""厨卫全明"", ""74"": ""南北通透"", ""73"": ""卧室全朝南"", ""10"": ""多轨交"", ""276"": ""一房一价"", ""5"": ""低单价"", ""4"": ""低总价"", ""71"": ""便利店"", ""70"": ""银行"", ""78"": ""大户型"", ""404"": ""客餐厅相连"", ""403"": ""私密性好"", ""402"": ""玄关入户"", ""401"": ""户型方正"", ""397"": ""动静分离"", ""85"": ""主卧套房"", ""82"": ""双卫生间"", ""91"": ""热评楼盘"", ""638"": ""民办中学"", ""637"": ""公办中学"", ""636"": ""公办小学"", ""635"": ""民办小学"", ""598"": ""民办幼儿园"", ""597"": ""公办幼儿园"", ""540"": ""日照模拟"", ""263"": ""VR看房"", ""54"": ""大型社区"", ""50"": ""品牌开发商""}","[""项目竣工"", ""车位充足"", ""轨交房"", ""厨卫全明"", ""南北通透""]",https://pic4.ajkimg.com/display/xinfang/6dc167e0484c90da9d4f80bdf635a034/275x206n.jpg,"[{""id"": ""7167961"", ""loupan_id"": ""452630"", ""station_id"": ""4409"", ""subway_id"": ""123"", ""city_id"": ""30"", ""distance"": ""552米"", ""status"": ""1"", ""last_update_time"": ""1774212706"", ""is_rail_loupan"": ""1"", ""subway_name"": ""西海岸快线"", ""station_name"": ""两河"", ""distance_raw"": ""552""}, {""id"": ""7275060"", ""loupan_id"": ""452630"", ""station_id"": ""121246"", ""subway_id"": ""12071"", ""city_id"": ""30"", ""distance"": ""1494米"", ""status"": ""1"", ""last_update_time"": ""1774212708"", ""is_rail_loupan"": ""1"", ""subway_name"": ""6号线"", ""station_name"": ""灵山湾"", ""distance_raw"": ""1494""}]",青岛市胶南市东岳中路3777号
2099699,君一春天宅,青岛,30,即墨区,3645,鳌山卫,5206,青岛即墨区鳌山卫硅谷路6号,,2213元/㎡,2213元/㎡,首付23万，月供5519元,110-163㎡,65000m²,220000m²,"[{""id"": 522132, ""rooms"": 3, ""room_alias"": ""三室"", ""area"": 110}, {""id"": 522129, ""rooms"": 3, ""room_alias"": ""三室"", ""area"": 120}, {""id"": 522136, ""rooms"": 4, ""room_alias"": ""四室"", ""area"": 140}, {""id"": 522128, ""rooms"": 4, ""room_alias"": ""四室"", ""area"": 163}]",3/4室,"3室户型,4室户型",2001-12-25,2020年03月20日,2001年,2002年,"[""2022-06-15"", ""2020-11-13"", ""2020-11-13"", ""2020-11-13""]",超高层,高层,70年,2.29,30%,784,"毛坯,带装修",已竣工，竣工时间：暂无数据,住宅,绿城服务,2.77元/㎡/月,,1082,,售罄,售罄,售罄,"[""即房注字(2022)第038号"", ""即房注字(2020)第047号"", ""即房注字(2020)第076号"", ""即房注字(2020)第010号""]","[""4#"", ""5#"", ""2#"", ""3#""]",恒大,君一控股,青岛海尔产城创集团有限公司,民电,民水,36.37588,120.68346,"{""service_num"": ""4006708287"", ""num"": ""30642""}","{""559"": ""现房"", ""557"": ""项目竣工"", ""29"": ""装修交付"", ""9"": ""轨交房"", ""76"": ""厨卫全明"", ""74"": ""南北通透"", ""5"": ""低单价"", ""4"": ""低总价"", ""72"": ""配套纯熟"", ""71"": ""便利店"", ""70"": ""银行"", ""69"": ""学校"", ""68"": ""医院"", ""66"": ""公园"", ""65"": ""商业街"", ""64"": ""购物中心"", ""78"": ""大户型"", ""404"": ""客餐厅相连"", ""402"": ""玄关入户"", ""401"": ""户型方正"", ""85"": ""主卧套房"", ""92"": ""热搜盘"", ""637"": ""公办中学"", ""636"": ""公办小学"", ""598"": ""民办幼儿园"", ""597"": ""公办幼儿园"", ""263"": ""VR看房"", ""50"": ""品牌开发商""}","[""现房"", ""项目竣工"", ""装修交付"", ""轨交房"", ""厨卫全明""]",https://pic4.ajkimg.com/display/xinfang/3ef9445a7963662fb891f0015186e5a6/275x206n.jpg,"[{""id"": ""7168110"", ""loupan_id"": ""458475"", ""station_id"": ""4392"", ""subway_id"": ""122"", ""city_id"": ""30"", ""distance"": ""1475米"", ""status"": ""1"", ""last_update_time"": ""1774212708"", ""is_rail_loupan"": ""1"", ""subway_name"": ""蓝谷快线"", ""station_name"": ""山东大学"", ""distance_raw"": ""1475""}]",青岛蓝色硅谷·滨海大道·山东大学青岛校区西侧
3705226,凤新村A区,青岛,30,城阳区,3644,高新区,6139,青岛城阳区高新区和源路216号,,2213元/㎡,2213元/㎡,首付12万，月供2974元,105-144㎡,310000m²,700000m²,"[{""id"": 689518, ""rooms"": 3, ""room_alias"": ""三室"", ""area"": 105}, {""id"": 689517, ""rooms"": 3, ""room_alias"": ""三室"", ""area"": 124}, {""id"": 463246, ""rooms"": 4, ""room_alias"": ""四室"", ""area"": 142.68}, {""id"": 463245, ""rooms"": 4, ""room_alias"": ""四室"", ""area"": 143.18}, {""id"": 689520, ""rooms"": 4, ""room_alias"": ""四室"", ""area"": 144}]",3/4室,"3室户型,4室户型",2001-08-14,2025年05月01日,2001年,2002年,"[""2025-09-23"", ""2022-03-29"", ""2020-03-31"", ""2019-02-13""]",多层,多层、高层,70年,1.8,38%,1700,毛坯,已竣工，竣工时间：2025-12-31,住宅,华润万象生活,2.2元/㎡/月,,2040,1:1.2,售罄,售罄,售罄,"[""青房注字（高25）第012号"", ""青房注字（高22）第005号"", ""青房注字（高20）第005号"", ""青房注字（高19）第001号""]","[""24#"", ""22#"", ""21#"", ""19#、20#、25#、26#、27#、28#、29#、31#""]",恒大,雨润集团,青岛地华房地产开发有限公司,民电,民水,36.283103,120.349732,"{""service_num"": ""4006708287"", ""num"": ""20622""}","{""557"": ""项目竣工"", ""56"": ""车位充足"", ""53"": ""高绿化率"", ""52"": ""低容积"", ""76"": ""厨卫全明"", ""74"": ""南北通透"", ""73"": ""卧室全朝南"", ""276"": ""一房一价"", ""5"": ""低单价"", ""4"": ""低总价"", ""72"": ""配套纯熟"", ""70"": ""银行"", ""69"": ""学校"", ""65"": ""商业街"", ""64"": ""购物中心"", ""78"": ""大户型"", ""404"": ""客餐厅相连"", ""403"": ""私密性好"", ""402"": ""玄关入户"", ""401"": ""户型方正"", ""397"": ""动静分离"", ""85"": ""主卧套房"", ""82"": ""双卫生间"", ""638"": ""民办中学"", ""637"": ""公办中学"", ""636"": ""公办小学"", ""598"": ""民办幼儿园"", ""597"": ""公办幼儿园"", ""263"": ""VR看房"", ""54"": ""大型社区"", ""50"": ""品牌开发商""}","[""项目竣工"", ""车位充足"", ""高绿化率"", ""低容积"", ""厨卫全明""]",https://pic4.ajkimg.com/display/xinfang/c6969c215a7dcc4ba8e1d5bf3d738f1e/275x206n.jpg,[],青岛市高新区和源路216号
5019986,紫黄金谷,青岛,30,胶州市,3647,胶州,3718,青岛胶州市胶州沽河大街56号,,,,,,26000m²,32000m²,[],,,2001-05-24,,2001年,2002年,[],{多层},多层,70年,1.2,40%,349,毛坯,,住宅,雅生活服务,0.38元/㎡/月,,,,售罄,售罄,售罄,[],[],滨江集团,,青岛易辰地产经纪有限公司,民电,民水,36.258273,120.037479,"{""service_num"": ""4006708287"", ""num"": """"}","{""53"": ""高绿化率"", ""52"": ""低容积"", ""72"": ""配套纯熟"", ""70"": ""银行"", ""69"": ""学校"", ""68"": ""医院"", ""66"": ""公园"", ""65"": ""商业街"", ""64"": ""购物中心"", ""637"": ""公办中学"", ""636"": ""公办小学"", ""598"": ""民办幼儿园"", ""597"": ""公办幼儿园""}","[""高绿化率"", ""低容积"", ""配套纯熟"", ""银行"", ""学校""]",https://pic4.ajkimg.com/display/xinfang/21bf8f64bebd03172691eb6ad0195ea2/275x206n.jpg,[],青岛高新区北部李哥庄镇大沽河大街56号
2501909,隆海春天汇,青岛,30,西海岸新区,3646,滨海大道,5211,青岛西海岸新区滨海大道滨海大道以西100米,,,,,90-125㎡,450000m²,450000m²,"[{""id"": 40579, ""rooms"": 2, ""room_alias"": ""二室"", ""area"": 90}, {""id"": 40580, ""rooms"": 3, ""room_alias"": ""三室"", ""area"": 109}, {""id"": 40581, ""rooms"": 3, ""room_alias"": ""三室"", ""area"": 125}]",2/3室,"2室户型,3室户型",2001-05-01,,2001年,2002年,[],"{多层,小高层}",多层、小高层,70年,1.4,40%,779,毛坯,,住宅,新城悦服务,1.6元/㎡/月,,1800,1:0.9,售罄,售罄,售罄,"[""南房注字(2011)第010号"", ""南房注字(2010)第035"", ""南房注字(2010)第014"", ""南房注字(2009)第028"", ""南房注字(2009)第027""]",[],路劲,,青岛隆海集团有限公司,民电,民水,35.838754,120.045423,"""""","{""53"": ""高绿化率"", ""52"": ""低容积"", ""63"": ""旅游地产"", ""72"": ""配套纯熟"", ""69"": ""学校"", ""68"": ""医院"", ""66"": ""公园"", ""64"": ""购物中心"", ""78"": ""大户型"", ""638"": ""民办中学"", ""637"": ""公办中学"", ""636"": ""公办小学"", ""635"": ""民办小学"", ""598"": ""民办幼儿园"", ""597"": ""公办幼儿园""}","[""高绿化率"", ""低容积"", ""旅游地产"", ""配套纯熟"", ""学校""]",https://pic4.ajkimg.com/display/xinfang/8e2051514767af85e32b87f8e1bcc8cd/275x206n.jpg,[],青岛售楼处：青岛市市南区福州南路50号甲；胶南售楼处：胶南市世纪大道以西100米，仅靠灵山湾国家森林公园
5358758,紫园三期,青岛,30,胶州市,3647,里岔,20820,青岛胶州市里岔里岔镇祓泽大道1号,,58元/㎡,58元/㎡,首付31万，月供7633元,85-210㎡,住宅：47495m² 别墅：47495m²,住宅：21952m² 别墅：21952m²,"[{""id"": 516236, ""rooms"": 2, ""room_alias"": ""二室"", ""area"": 85}, {""id"": 516238, ""rooms"": 3, ""room_alias"": ""三室"", ""area"": 110}, {""id"": 516247, ""rooms"": 4, ""room_alias"": ""四室"", ""area"": 145}, {""id"": 516243, ""rooms"": 4, ""room_alias"": ""四室"", ""area"": 148}, {""id"": 516257, ""rooms"": 4, ""room_alias"": ""四室"", ""area"": 210}, {""id"": 516256, ""rooms"": 5, ""room_alias"": ""五室"", ""area"": 170}, {""id"": 516250, ""rooms"": 5, ""room_alias"": ""五室"", ""area"": 171}]",2/3/4/5室,"2室户型,3室户型,4室户型,5室户型",2001-02-05,2019年12月04日,2001年,2002年,"[""2022-04-21"", ""2019-11-22"", ""2020-04-01"", ""2020-04-22""]",多层,住宅：低层 别墅：合院别墅,住宅：70年 别墅：70年,住宅：0.4 别墅：0.4,住宅：35% 别墅：35%,住宅：137 别墅：137,住宅：带装修 别墅：带装修,已竣工，竣工时间：2020-12-31,住宅,旭辉永升,住宅：5.9元/㎡/月 别墅：5.9元/㎡/月,,住宅：548 别墅：548,住宅：1:4 别墅：1:4,售罄,售罄,售罄,"[""青房注字（胶州）第2022016号"", ""青房注字（胶州）第2019136号"", ""青房注字（胶州）第2020014号"", ""青房注字（胶州）第2020028号""]","[""60#、62#、63#"", ""12#、13#、16#、4#、5#、6#、7#、14#、15#、17#、23#、24#、27#、29#、2#、31#、32#、34#、25#、26#、28#、30#、33#、35#"", ""1#、9#、8#、10#、11#"", ""3#、18#、19#、20#、21#、22#""]",雅居乐,蓝城集团,青岛慎洋置业有限公司,住宅：民电,住宅：民水,36.061983,119.78419,"""""","{""559"": ""现房"", ""557"": ""项目竣工"", ""56"": ""车位充足"", ""52"": ""低容积"", ""29"": ""装修交付"", ""76"": ""厨卫全明"", ""74"": ""南北通透"", ""73"": ""卧室全朝南"", ""78"": ""大户型"", ""404"": ""客餐厅相连"", ""402"": ""玄关入户"", ""401"": ""户型方正"", ""397"": ""动静分离"", ""85"": ""主卧套房"", ""636"": ""公办小学"", ""597"": ""公办幼儿园"", ""263"": ""VR看房"", ""55"": ""小型社区"", ""50"": ""品牌开发商""}","[""现房"", ""项目竣工"", ""车位充足"", ""低容积"", ""装修交付""]",https://pic4.ajkimg.com/display/xinfang/c26e34709999fb8df51f260310ace772/275x206n.jpg,[],青岛胶州市里岔镇祓泽大道1号
3562429,万紫金小区,青岛,30,崂山区,3643,汽车东站,5200,青岛崂山区汽车东站深圳路与辽阳东路交汇处,,,,,92-186㎡,住宅：26000m² 别墅：26000m²,住宅：80000m² 别墅：80000m²,"[{""id"": 42058, ""rooms"": 2, ""room_alias"": ""二室"", ""area"": 92.1}, {""id"": 42056, ""rooms"": 3, ""room_alias"": ""三室"", ""area"": 140.45}, {""id"": 42057, ""rooms"": 4, ""room_alias"": ""四室"", ""area"": 185.54}]",2/3/4室,"2室户型,3室户型,4室户型",2001-06-11,,2001年,2002年,[],别墅,住宅：高层,,住宅：2.5,住宅：41% 别墅：41%,住宅：687 别墅：687,住宅：毛坯 别墅：毛坯,,住宅,碧桂园服务,住宅：1.6元/㎡/月,,住宅：460 别墅：460,住宅：1:1 别墅：1:1,售罄,售罄,售罄,[],[],保利,,百仕置业,住宅：民电,住宅：民水,36.108113,120.454649,"{""service_num"": ""4006708287"", ""num"": """"}","{""53"": ""高绿化率"", ""9"": ""轨交房"", ""10"": ""多轨交"", ""72"": ""配套纯熟"", ""71"": ""便利店"", ""70"": ""银行"", ""69"": ""学校"", ""68"": ""医院"", ""66"": ""公园"", ""65"": ""商业街"", ""64"": ""购物中心"", ""78"": ""大户型"", ""637"": ""公办中学"", ""636"": ""公办小学"", ""635"": ""民办小学"", ""599"": ""省级示范园"", ""598"": ""民办幼儿园"", ""597"": ""公办幼儿园""}","[""高绿化率"", ""轨交房"", ""多轨交"", ""配套纯熟"", ""便利店""]",https://pic4.ajkimg.com/display/xinfang/208d67e4b90e8956253c242f558006f5/275x206n.jpg,"[{""id"": ""7315942"", ""loupan_id"": ""241797"", ""station_id"": ""4489"", ""subway_id"": ""126"", ""city_id"": ""30"", ""distance"": ""843米"", ""status"": ""1"", ""last_update_time"": ""1774212708"", ""is_rail_loupan"": ""1"", ""subway_name"": ""2号线"", ""station_name"": ""辽阳东路"", ""distance_raw"": ""843""}, {""id"": ""7316417"", ""loupan_id"": ""241797"", ""station_id"": ""120741"", ""subway_id"": ""12051"", ""city_id"": ""30"", ""distance"": ""864米"", ""status"": ""1"", ""last_update_time"": ""1774212708"", ""is_rail_loupan"": ""1"", ""subway_name"": ""4号线"", ""station_name"": ""辽阳东路"", ""distance_raw"": ""864""}, {""id"": ""7315943"", ""loupan_id"": ""241797"", ""station_id"": ""4488"", ""subway_id"": ""126"", ""city_id"": ""30"", ""distance"": ""1040米"", ""status"": ""1"", ""last_update_time"": ""1774212708"", ""is_rail_loupan"": ""1"", ""subway_name"": ""2号线"", ""station_name"": ""同安路"", ""distance_raw"": ""1040""}]",崂山区汽车东站二楼
8047656,芭东银河雅苑,青岛,30,即墨区,3645,即墨市,3714,青岛即墨区即墨市温泉镇大田路2888号,,,,,,36000m²,36000m²,[],,,2001-10-21,,2001年,2002年,[],{},,40年,,50%,,带装修,,标准写字楼,绿城服务,5.9元/㎡/月,,200,,售罄,售罄,售罄,[],[],恒大,,,商电,商水,36.474776,120.655866,"""""","{""29"": ""装修交付""}","[""装修交付""]",https://pic4.ajkimg.com/display/xinfang/9f556a0967c1b80c2aeb0de20e4df403/275x206n.jpg,[],青岛即墨市温泉镇芭东路9号
2911656,金庄B区,青岛,30,莱西市,3648,莱西,3720,青岛莱西市莱西上海路东路69号,,2157元/㎡,2157元/㎡,首付13万，月供3154元,113-125㎡,110000m²,250000m²,"[{""id"": 508683, ""rooms"": 3, ""room_alias"": ""三室"", ""area"": 113}, {""id"": 508686, ""rooms"": 3, ""room_alias"": ""三室"", ""area"": 125}]",3室,3室户型,2001-02-06,2021年01月11日,2001年,2002年,"[""2021-08-20"", ""2021-07-20"", ""2021-06-30"", ""2021-04-08"", ""2021-03-19"", ""2021-01-11"", ""2019-10-17"", ""2021-09-24""]","{小高层,花园洋房}",小高层、花园洋房,70年,1.6,30%,1100,毛坯,在建中，竣工时间：2023-06-30,住宅,华润万象生活,2.04元/㎡/月,,1650,1:1.5,售罄,售罄,售罄,"[""西房注字（2021）041"", ""西房注字（2021）017"", ""西房注字（2021）015"", ""西房注字（2021）011"", ""西房注字（2021）010"", ""西房注字（2020）060"", ""西房注字（2019）042"", ""西房注字（2021）045""]","[""22#、23#"", ""16#、17#"", ""15#、18#、21#"", ""40#、41#、47#"", ""13#、19#、20#"", ""32#"", ""5#、6#、7#"", ""38#、39#、42#、43#、45#、46#""]",保利,,青岛万福房地产开发有限公司,民电,民水,36.895174,120.550084,"""""","{""101"": ""自持物业"", ""81"": ""大阳台"", ""56"": ""车位充足"", ""52"": ""低容积"", ""76"": ""厨卫全明"", ""74"": ""南北通透"", ""7"": ""项目在建"", ""32"": ""绿色住宅"", ""30"": ""花园洋房"", ""78"": ""大户型"", ""404"": ""客餐厅相连"", ""402"": ""玄关入户"", ""401"": ""户型方正"", ""85"": ""主卧套房"", ""637"": ""公办中学"", ""636"": ""公办小学"", ""599"": ""省级示范园"", ""598"": ""民办幼儿园"", ""597"": ""公办幼儿园"", ""263"": ""VR看房""}","[""自持物业"", ""大阳台"", ""车位充足"", ""低容积"", ""厨卫全明""]",https://pic4.ajkimg.com/display/xinfang/76ccb0bc15f8bdf4663c15bb0c9f4c55/275x206n.jpg,[],青岛市莱西市长岛路与济南路交汇处
4101411,雅明珠源,青岛,30,崂山区,3643,海尔路,3697,青岛崂山区海尔路辽阳东路与同安路交汇处,,3873元/㎡,3873元/㎡,首付6万，月供1613元,35-42㎡,28599m²,99292m²,"[{""id"": 433504, ""rooms"": 1, ""room_alias"": ""一室"", ""area"": 35}, {""id"": 680941, ""rooms"": 1, ""room_alias"": ""一室"", ""area"": 35}, {""id"": 433506, ""rooms"": 1, ""room_alias"": ""一室"", ""area"": 42}]",1室,商业户型,2001-05-25,2021年02月22日,2001年,2002年,"[""2021-02-22""]",{高层},高层,40年,2.5,25%,1000,毛坯,,商业,合景悠活,,,747,100:1,售罄,售罄,售罄,"[""青房注字（崂）2020第021号"", ""青房注字（崂）2018第014号""]","[""1#、4#""]",正荣,山钢地产,青岛巨腾置业有限公司,商电,商水,36.128008,120.449919,"{""service_num"": ""4006708287"", ""num"": ""97306""}","{""559"": ""现房"", ""81"": ""大阳台"", ""77"": ""复式"", ""9"": ""轨交房"", ""76"": ""厨卫全明"", ""74"": ""南北通透"", ""73"": ""卧室全朝南"", ""47"": ""甲级写字楼"", ""41"": ""办公企业园"", ""276"": ""一房一价"", ""5"": ""低单价"", ""4"": ""低总价"", ""402"": ""玄关入户"", ""397"": ""动静分离"", ""263"": ""VR看房"", ""224"": ""枢纽办公区"", ""220"": ""办公首选"", ""213"": ""地铁沿线"", ""50"": ""品牌开发商""}","[""现房"", ""大阳台"", ""复式"", ""轨交房"", ""厨卫全明""]",https://pic4.ajkimg.com/display/xinfang/ecd0e7e5701c5280065917e2b41f396d/275x206n.jpg,"[{""id"": ""7249822"", ""loupan_id"": ""427940"", ""station_id"": ""120738"", ""subway_id"": ""12051"", ""city_id"": ""30"", ""distance"": ""869米"", ""status"": ""1"", ""last_update_time"": ""1774212707"", ""is_rail_loupan"": ""1"", ""subway_name"": ""4号线"", ""station_name"": ""董家下庄"", ""distance_raw"": ""869""}]",辽阳东路与同安路交汇处山钢东部新天地营销中心
9458600,航运春天都,青岛,30,黄岛区,4516,安子片区,5217,青岛黄岛区安子片区保税区四号区北京路62号（海尔大道和前港湾路交汇处）,,2904元/㎡,2904元/㎡,首付18万，月供4372元,116㎡,4517m²,26504m²,[],,商业户型,2001-01-19,2017年05月,2001年,2002年,[],{},,40年,,26%,123,毛坯,,标准写字楼,合景悠活,4.4~240元/㎡/月,,203,,售罄,售罄,售罄,[],[],大华,,青岛保税区开发建设有限公司,商电,商水,35.980348,120.169593,"""""","{""9"": ""轨交房"", ""72"": ""配套纯熟"", ""71"": ""便利店"", ""70"": ""银行"", ""65"": ""商业街"", ""55"": ""小型社区""}","[""轨交房"", ""配套纯熟"", ""便利店"", ""银行"", ""商业街""]",https://pic4.ajkimg.com/display/xinfang/55de365ae2828b7f4bfd196ee421f544/275x206n.jpg,"[{""id"": ""7316418"", ""loupan_id"": ""413127"", ""station_id"": ""4401"", ""subway_id"": ""123"", ""city_id"": ""30"", ""distance"": ""1382米"", ""status"": ""1"", ""last_update_time"": ""1774212708"", ""is_rail_loupan"": ""1"", ""subway_name"": ""西海岸快线"", ""station_name"": ""嘉陵江路"", ""distance_raw"": ""1382""}]",青岛保税区四号区北京路62号路北
964116,悦小区,青岛,30,市北区,3640,其他,10177,青岛市北区其他四方台柳路138号甲（清江路与台柳路交汇向西200米）,,,,,56-123㎡,住宅：5617m² 别墅：5617m²,住宅：16850m² 别墅：16850m²,"[{""id"": 43045, ""rooms"": 1, ""room_alias"": ""一室"", ""area"": 56}, {""id"": 43047, ""rooms"": 2, ""room_alias"": ""二室"", ""area"": 89}, {""id"": 43048, ""rooms"": 3, ""room_alias"": ""三室"", ""area"": 123}]",1/2/3室,"1室户型,2室户型,3室户型",2001-03-20,,2001年,2002年,[],{小高层},住宅：小高层,住宅：70年 别墅：70年,住宅：3,住宅：35% 别墅：35%,住宅：236 别墅：236,住宅：毛坯 别墅：毛坯,,住宅,碧桂园服务,,,住宅：1 别墅：1,,售罄,售罄,售罄,[],[],象屿,,青岛康诚建设发展有限公司,住宅：民电,住宅：民水,36.106718,120.387952,"""""","{""9"": ""轨交房"", ""72"": ""配套纯熟"", ""71"": ""便利店"", ""70"": ""银行"", ""69"": ""学校"", ""68"": ""医院"", ""66"": ""公园"", ""65"": ""商业街"", ""64"": ""购物中心"", ""79"": ""小户型"", ""78"": ""大户型"", ""638"": ""民办中学"", ""637"": ""公办中学"", ""636"": ""公办小学"", ""635"": ""民办小学"", ""624"": ""九年一贯制"", ""600"": ""市级示范园"", ""598"": ""民办幼儿园"", ""597"": ""公办幼儿园"", ""55"": ""小型社区""}","[""轨交房"", ""配套纯熟"", ""便利店"", ""银行"", ""学校""]",https://pic4.ajkimg.com/display/xinfang/87db6b20bcef10c8b841b01b656639c8/275x206n.jpg,"[{""id"": ""7314248"", ""loupan_id"": ""242064"", ""station_id"": ""4367"", ""subway_id"": ""121"", ""city_id"": ""30"", ""distance"": ""436米"", ""status"": ""1"", ""last_update_time"": ""1774212706"", ""is_rail_loupan"": ""1"", ""subway_name"": ""3号线"", ""station_name"": ""清江路"", ""distance_raw"": ""436""}]",四方区台柳路133号（台柳路与清江路交汇处）
3927820,金西岸花园,青岛,30,黄岛区,4516,长江路,5213,青岛黄岛区长江路开发区江山中路185号,,,,,53-110㎡,住宅：11533m² 别墅：11533m²,住宅：74412m² 别墅：74412m²,"[{""id"": 43402, ""rooms"": 1, ""room_alias"": ""一室"", ""area"": 53.19}, {""id"": 43405, ""rooms"": 1, ""room_alias"": ""一室"", ""area"": 56.23}, {""id"": 43403, ""rooms"": 1, ""room_alias"": ""一室"", ""area"": 68.36}, {""id"": 50519, ""rooms"": 2, ""room_alias"": ""二室"", ""area"": 85.61}, {""id"": 43404, ""rooms"": 2, ""room_alias"": ""二室"", ""area"": 89.29}, {""id"": 50520, ""rooms"": 2, ""room_alias"": ""二室"", ""area"": 93.64}, {""id"": 50518, ""rooms"": 3, ""room_alias"": ""三室"", ""area"": 105.7}, {""id"": 43401, ""rooms"": 3, ""room_alias"": ""三室"", ""area"": 110.39}]",1/2/3室,"1室户型,2室户型,3室户型",2001-08-23,,2001年,2002年,[],高层,住宅：高层,,住宅：5.24,住宅：23% 别墅：23%,住宅：744 别墅：744,住宅：毛坯 别墅：毛坯,,住宅,旭辉永升,住宅：1.39元/㎡/月,,住宅：334 别墅：334,,售罄,售罄,售罄,[],[],中南,,天玺地产,住宅：民电,住宅：民水,36.033961,120.161082,"""""","{""72"": ""配套纯熟"", ""70"": ""银行"", ""69"": ""学校"", ""68"": ""医院"", ""66"": ""公园"", ""65"": ""商业街"", ""79"": ""小户型"", ""78"": ""大户型"", ""637"": ""公办中学"", ""636"": ""公办小学"", ""606"": ""省一级园"", ""598"": ""民办幼儿园"", ""597"": ""公办幼儿园""}","[""配套纯熟"", ""银行"", ""学校"", ""医院"", ""公园""]",https://pic4.ajkimg.com/display/xinfang/4f2b7dbd2baed4f986d8a1d8157ff97d/275x206n.jpg,[],青岛开发区江山中路185号
4058225,康大北辰邸,青岛,30,黄岛区,4516,安子片区,5217,青岛黄岛区安子片区滨海大道以南，石雀滩路以北,,,,,85-306㎡,住宅：22000m² 别墅：22000m²,住宅：55000m² 别墅：55000m²,"[{""id"": 44718, ""rooms"": 2, ""room_alias"": ""二室"", ""area"": 85}, {""id"": 48180, ""rooms"": 2, ""room_alias"": ""二室"", ""area"": 85}, {""id"": 44717, ""rooms"": 2, ""room_alias"": ""二室"", ""area"": 86}, {""id"": 48176, ""rooms"": 2, ""room_alias"": ""二室"", ""area"": 86}, {""id"": 44715, ""rooms"": 2, ""room_alias"": ""二室"", ""area"": 89}, {""id"": 44716, ""rooms"": 2, ""room_alias"": ""二室"", ""area"": 92}, {""id"": 48202, ""rooms"": 2, ""room_alias"": ""二室"", ""area"": 93}, {""id"": 48174, ""rooms"": 2, ""room_alias"": ""二室"", ""area"": 102.55}, {""id"": 48183, ""rooms"": 2, ""room_alias"": ""二室"", ""area"": 103}, {""id"": 48173, ""rooms"": 3, ""room_alias"": ""三室"", ""area"": 110}, {""id"": 48178, ""rooms"": 3, ""room_alias"": ""三室"", ""area"": 110}, {""id"": 48171, ""rooms"": 3, ""room_alias"": ""三室"", ""area"": 123}, {""id"": 48199, ""rooms"": 3, ""room_alias"": ""三室"", ""area"": 137}, {""id"": 48197, ""rooms"": 3, ""room_alias"": ""三室"", ""area"": 158}, {""id"": 48190, ""rooms"": 4, ""room_alias"": ""四室"", ""area"": 152}, {""id"": 48194, ""rooms"": 5, ""room_alias"": ""五室"", ""area"": 208}, {""id"": 48192, ""rooms"": 5, ""room_alias"": ""五室"", ""area"": 306}, {""id"": 48188, ""rooms"": 6, ""room_alias"": ""六室"", ""area"": 212}]",2/3/4/5/6室,"2室户型,3室户型,4室户型,5室户型,6室户型",2001-09-15,,2001年,2002年,[],超高层,住宅：多层、小高层,住宅：70年 别墅：70年,住宅：2.5,住宅：50% 别墅：50%,住宅：364 别墅：364,"住宅：毛坯,带装修 别墅：毛坯,带装修",,住宅,保利物业,住宅：2~2.2元/㎡/月,,住宅：366 别墅：366,,售罄,售罄,售罄,[],[],华侨城,,青岛康大房地产开发有限公司,住宅：民电,住宅：民水,35.963851,120.236548,"""""","{""53"": ""高绿化率"", ""29"": ""装修交付"", ""63"": ""旅游地产"", ""72"": ""配套纯熟"", ""71"": ""便利店"", ""70"": ""银行"", ""69"": ""学校"", ""68"": ""医院"", ""67"": ""生态绿地"", ""66"": ""公园"", ""65"": ""商业街"", ""78"": ""大户型"", ""637"": ""公办中学"", ""636"": ""公办小学"", ""599"": ""省级示范园"", ""598"": ""民办幼儿园"", ""597"": ""公办幼儿园""}","[""高绿化率"", ""装修交付"", ""旅游地产"", ""配套纯熟"", ""便利店""]",https://pic4.ajkimg.com/display/xinfang/0c09d74d81ad832c8576a31a7df75065/275x206n.jpg,[],滨海大道以南，石雀滩路以北
2238936,鑫筑二期,青岛,30,莱西市,3648,莱西,3720,青岛莱西市莱西龙水路65号,,1798元/㎡,1798元/㎡,首付27万，月供6558元,66-255㎡,住宅：206666m² 别墅：206666m²,住宅：250000m² 别墅：250000m²,"[{""id"": 139462, ""rooms"": 1, ""room_alias"": ""一室"", ""area"": 66}, {""id"": 345275, ""rooms"": 1, ""room_alias"": ""一室"", ""area"": 66}, {""id"": 345274, ""rooms"": 2, ""room_alias"": ""二室"", ""area"": 82}, {""id"": 345276, ""rooms"": 3, ""room_alias"": ""三室"", ""area"": 116}, {""id"": 54282, ""rooms"": 3, ""room_alias"": ""三室"", ""area"": 122}, {""id"": 345277, ""rooms"": 3, ""room_alias"": ""三室"", ""area"": 122}, {""id"": 417627, ""rooms"": 4, ""room_alias"": ""四室"", ""area"": 179.23}, {""id"": 417625, ""rooms"": 4, ""room_alias"": ""四室"", ""area"": 203.67}, {""id"": 345280, ""rooms"": 4, ""room_alias"": ""四室"", ""area"": 255}, {""id"": 345278, ""rooms"": 5, ""room_alias"": ""五室"", ""area"": 190}, {""id"": 345279, ""rooms"": 5, ""room_alias"": ""五室"", ""area"": 190}]",1/2/3/4/5室,"1室户型,2室户型,3室户型,4室户型,5室户型",2001-03-23,2018年06月27日,2001年,2002年,"[""2018-01-30"", ""2016-01-20""]","{高层,花园洋房}",住宅：高层、花园洋房 别墅：独栋别墅、联排别墅,住宅：70年 别墅：70年,住宅：0.8 别墅：0.8,住宅：40% 别墅：40%,住宅：888 别墅：888,"住宅：毛坯,带装修 别墅：毛坯,带装修",已竣工，竣工时间：2019-05-31,住宅,绿城服务,住宅：1.1元/㎡/月 别墅：2元/㎡/月,,住宅：1220 别墅：1220,住宅：1:1.4 别墅：1:1.4,售罄,售罄,售罄,"[""西房注字(2018)002号"", ""西房注字(2016)002""]","[""29#、30#、43#、44#、45#、46#、47#、48#、51#"", ""16号楼、17号楼、18号楼""]",华润,,青岛奥润投资集团,住宅：民电,住宅：民水,36.936639,120.405392,"{""service_num"": ""4006708287"", ""num"": ""42368""}","{""559"": ""现房"", ""557"": ""项目竣工"", ""56"": ""车位充足"", ""53"": ""高绿化率"", ""52"": ""低容积"", ""29"": ""装修交付"", ""5"": ""低单价"", ""4"": ""低总价"", ""404"": ""客餐厅相连"", ""90"": ""人气楼盘"", ""263"": ""VR看房""}","[""现房"", ""项目竣工"", ""车位充足"", ""高绿化率"", ""低容积""]",https://pic4.ajkimg.com/display/xinfang/80d6541e618ad86a013a61c82a5b7c46/275x206n.jpg,[],青岛市莱西市龙水路65号
6642932,和龙湖雅苑,青岛,30,莱西市,3648,莱西,3720,青岛莱西市莱西北京西路5号,,,,,77-173㎡,200000m²,460000m²,"[{""id"": 345644, ""rooms"": 2, ""room_alias"": ""二室"", ""area"": 77}, {""id"": 345645, ""rooms"": 2, ""room_alias"": ""二室"", ""area"": 97}, {""id"": 345646, ""rooms"": 2, ""room_alias"": ""二室"", ""area"": 98}, {""id"": 169308, ""rooms"": 2, ""room_alias"": ""二室"", ""area"": 99}, {""id"": 169311, ""rooms"": 3, ""room_alias"": ""三室"", ""area"": 101}, {""id"": 345647, ""rooms"": 3, ""room_alias"": ""三室"", ""area"": 107}, {""id"": 169313, ""rooms"": 3, ""room_alias"": ""三室"", ""area"": 123}, {""id"": 345648, ""rooms"": 3, ""room_alias"": ""三室"", ""area"": 123}, {""id"": 345649, ""rooms"": 3, ""room_alias"": ""三室"", ""area"": 125}, {""id"": 434440, ""rooms"": 3, ""room_alias"": ""三室"", ""area"": 132}, {""id"": 434441, ""rooms"": 3, ""room_alias"": ""三室"", ""area"": 132}, {""id"": 434435, ""rooms"": 3, ""room_alias"": ""三室"", ""area"": 173}]",2/3室,"2室户型,3室户型",2001-02-02,2018年12月26日,2001年,2002年,"[""2018-01-30"", ""2018-12-26""]","{多层,小高层,高层}",多层、小高层、高层,70年,2,30%,3300,毛坯,,住宅,万科物业,0.9元/㎡/月,,346,1:0.1,售罄,售罄,售罄,"[""西房注字(2018)006号"", ""西房注字（2018）055""]","[""9#、51#、52#、53#"", ""39#、40#、46#、47#、48#""]",保利,,青岛豪都置业有限公司,民电,民水,36.911263,120.52723,"""""","{""559"": ""现房"", ""81"": ""大阳台"", ""76"": ""厨卫全明"", ""75"": ""三房朝南"", ""74"": ""南北通透"", ""69"": ""学校"", ""66"": ""公园"", ""78"": ""大户型"", ""402"": ""玄关入户"", ""401"": ""户型方正"", ""85"": ""主卧套房"", ""83"": ""双阳台"", ""82"": ""双卫生间"", ""638"": ""民办中学"", ""637"": ""公办中学"", ""636"": ""公办小学"", ""598"": ""民办幼儿园"", ""597"": ""公办幼儿园"", ""263"": ""VR看房"", ""54"": ""大型社区""}","[""现房"", ""大阳台"", ""厨卫全明"", ""三房朝南"", ""南北通透""]",https://pic4.ajkimg.com/display/xinfang/b1b831c14be32db5110d140ba5f314fd/275x206n.jpg,[],莱西市北京西路5号(市政府西约800米)
5875959,保利蓝湾湾,青岛,30,胶州市,3647,新城,17477,青岛胶州市新城兰州东路与海尔大道交汇处,,2351元/㎡,2351元/㎡,首付13万，月供3154元,90-143㎡,187801m²,477400m²,"[{""id"": 832817, ""rooms"": 3, ""room_alias"": ""三室"", ""area"": 90}, {""id"": 691944, ""rooms"": 3, ""room_alias"": ""三室"", ""area"": 105}, {""id"": 633179, ""rooms"": 3, ""room_alias"": ""三室"", ""area"": 108}, {""id"": 512805, ""rooms"": 3, ""room_alias"": ""三室"", ""area"": 112}, {""id"": 512806, ""rooms"": 3, ""room_alias"": ""三室"", ""area"": 122}, {""id"": 512809, ""rooms"": 3, ""room_alias"": ""三室"", ""area"": 127}, {""id"": 691945, ""rooms"": 4, ""room_alias"": ""四室"", ""area"": 127}, {""id"": 512811, ""rooms"": 4, ""room_alias"": ""四室"", ""area"": 129}, {""id"": 512816, ""rooms"": 4, ""room_alias"": ""四室"", ""area"": 140}, {""id"": 691941, ""rooms"": 4, ""room_alias"": ""四室"", ""area"": 143}]",3/4室,"3室户型,4室户型",2001-11-27,2021年03月26日,2001年,2002年,"[""2024-10-24"", ""2023-10-09"", ""2020-06-24"", ""2022-06-13"", ""2021-12-27"", ""2021-07-06"", ""2021-04-21"", ""2021-03-26"", ""2019-10-22"", ""2019-04-22""]","{多层,小高层,花园洋房}",多层、小高层、花园洋房,70年,1.8,35%,2868,毛坯,,住宅,合景悠活,2.6元/㎡/月,,3348,1:1.2,售罄,售罄,售罄,"[""青房注字（胶州）第2024030号"", ""青房注字（胶州）第2023023号"", ""青房注字（胶州）第2020066号"", ""青房注字（胶州）第2022024号"", ""青房注字（胶州）第2021121号"", ""青房注字（胶州）第2021057号"", ""青房注字（胶州）第2021031号"", ""青房注字（胶州）第2021014号"", ""青房注字（胶州）第2019118号"", ""青房注字（胶州）第2019016号""]","[""63#、49#、65#"", ""55#"", ""16#、17#、18#、23#"", ""32#、35#、36#"", ""25#、26#、27#"", ""20#、28#、43#、45#"", ""21#、22#、29#、30#、31#、42#"", ""19#"", ""5#、6#、7#、8#"", ""1#、2#、3#""]",华侨城,保利集团,保利发展,民电,民水,36.276406,120.036789,"{""service_num"": ""4006708287"", ""num"": ""16148""}","{""81"": ""大阳台"", ""58"": ""车库入户"", ""57"": ""人车分流"", ""56"": ""车位充足"", ""52"": ""低容积"", ""76"": ""厨卫全明"", ""74"": ""南北通透"", ""73"": ""卧室全朝南"", ""30"": ""花园洋房"", ""276"": ""一房一价"", ""5"": ""低单价"", ""4"": ""低总价"", ""70"": ""银行"", ""68"": ""医院"", ""78"": ""大户型"", ""404"": ""客餐厅相连"", ""402"": ""玄关入户"", ""401"": ""户型方正"", ""397"": ""动静分离"", ""85"": ""主卧套房"", ""83"": ""双阳台"", ""637"": ""公办中学"", ""636"": ""公办小学"", ""598"": ""民办幼儿园"", ""597"": ""公办幼儿园"", ""541"": ""3D沙盘"", ""540"": ""日照模拟"", ""263"": ""VR看房"", ""54"": ""大型社区"", ""51"": ""金牌物业"", ""50"": ""品牌开发商""}","[""大阳台"", ""车库入户"", ""人车分流"", ""车位充足"", ""低容积""]",https://pic4.ajkimg.com/display/xinfang/5debfe17253427db77194f1a6d8f67df/275x206n.jpg,[],胶州市兰州东路与海尔大道交汇处
9027021,新景,青岛,30,即墨区,3645,温泉镇,5207,青岛即墨区温泉镇莱青路365号,,2766元/㎡,2766元/㎡,首付19万，月供4551元,98-110㎡,49829m²,133353.26m²,"[{""id"": 497924, ""rooms"": 3, ""room_alias"": ""三室"", ""area"": 98}, {""id"": 497923, ""rooms"": 3, ""room_alias"": ""三室"", ""area"": 99}, {""id"": 497925, ""rooms"": 3, ""room_alias"": ""三室"", ""area"": 110}]",3室,3室户型,2001-04-11,2019年09月21日,2001年,2002年,"[""2019-11-29"", ""2019-09-20""]","{小高层,花园洋房}",小高层、花园洋房,70年,2,35%,900,"毛坯,带装修",已竣工，竣工时间：2021-12-31,住宅,新城悦服务,2.6元/㎡/月,,1141,1:1.27,售罄,售罄,售罄,"[""即房注字(2019)第127号"", ""即房注字(2019)第100号""]","[""3#、4#"", ""1#、2#、5#、6#、9#、10#""]",金地,天泰集团,天泰地产,民电,民水,36.441581,120.66537,"{""service_num"": ""4006708287"", ""num"": ""30362""}","{""559"": ""现房"", ""557"": ""项目竣工"", ""101"": ""自持物业"", ""56"": ""车位充足"", ""29"": ""装修交付"", ""76"": ""厨卫全明"", ""74"": ""南北通透"", ""73"": ""卧室全朝南"", ""60"": ""海景地产"", ""78"": ""大户型"", ""404"": ""客餐厅相连"", ""403"": ""私密性好"", ""402"": ""玄关入户"", ""401"": ""户型方正"", ""397"": ""动静分离"", ""85"": ""主卧套房"", ""637"": ""公办中学"", ""636"": ""公办小学"", ""598"": ""民办幼儿园"", ""597"": ""公办幼儿园"", ""263"": ""VR看房"", ""213"": ""地铁沿线"", ""50"": ""品牌开发商""}","[""现房"", ""项目竣工"", ""自持物业"", ""车位充足"", ""装修交付""]",https://pic4.ajkimg.com/display/xinfang/641cc3b384b9ac192cdb241335cd16e7/275x206n.jpg,[],即墨区蓝色硅谷核心区莱青路365号
3700260,蓝乐居名城,青岛,30,莱西市,3648,莱西,3720,青岛莱西市莱西青岛南路98号,,,,,86-109㎡,,,"[{""id"": 417897, ""rooms"": 2, ""room_alias"": ""二室"", ""area"": 86}, {""id"": 417898, ""rooms"": 2, ""room_alias"": ""二室"", ""area"": 86}, {""id"": 417899, ""rooms"": 3, ""room_alias"": ""三室"", ""area"": 96}, {""id"": 417900, ""rooms"": 3, ""room_alias"": ""三室"", ""area"": 96}, {""id"": 417901, ""rooms"": 3, ""room_alias"": ""三室"", ""area"": 109}, {""id"": 417902, ""rooms"": 3, ""room_alias"": ""三室"", ""area"": 109}]",2/3室,"2室户型,3室户型",2001-09-22,,2001年,2002年,[],小高层,花园洋房,70年,1.2,,,毛坯,,住宅,世茂服务,,,,,售罄,售罄,售罄,[],[],绿城,,,民电,民水,36.83213,120.533502,"""""","{""52"": ""低容积"", ""68"": ""医院"", ""637"": ""公办中学"", ""636"": ""公办小学"", ""598"": ""民办幼儿园"", ""597"": ""公办幼儿园""}","[""低容积"", ""医院"", ""公办中学"", ""公办小学"", ""民办幼儿园""]",https://pic4.ajkimg.com/display/xinfang/1cd1c40b57edcd60cc4bd533b696ab0e/275x206n.jpg,[],
7188635,君一黄金里,青岛,30,即墨区,3645,创智新区,17473,青岛即墨区创智新区振武路939号,,3043元/㎡,3043元/㎡,,,55000m²,130000m²,[],,,2001-02-19,2021年05月04日,2001年,2002年,[],{},,40年,,26%,266,毛坯,,标准写字楼,世茂服务,4.5元/㎡/月,,780,,售罄,售罄,售罄,[],[],建发,君一控股,海尔产城创集团,商电,商水,36.417198,120.558115,"""""","{""559"": ""现房"", ""5"": ""低单价"", ""55"": ""小型社区"", ""50"": ""品牌开发商""}","[""现房"", ""低单价"", ""小型社区"", ""品牌开发商""]",https://pic4.ajkimg.com/display/xinfang/00d6119988baa055a57100ef514722d1/275x206n.jpg,[],即墨创智新区振武路939号
3947371,盛台三期,青岛,30,胶州市,3647,新城,17477,青岛胶州市新城营杜路338号,,69元/㎡,69元/㎡,首付37万，月供8995元,183㎡,别墅：51000m² 住宅：51000m²,别墅：53000m² 住宅：53000m²,"[{""id"": 358104, ""rooms"": 4, ""room_alias"": ""四室"", ""area"": 183.34}]",别墅,别墅户型,2001-06-17,2018年05月01日,2001年,2002年,"[""2018-02-09"", ""2018-01-02""]",{联排别墅},别墅：联排别墅 住宅：多层、小高层,别墅：70年 住宅：70年,别墅：1.03 住宅：1.03,别墅：25% 住宅：25%,别墅：380 住宅：380,别墅：带装修 住宅：带装修,,别墅,保利物业,别墅：5.2元/㎡/月 住宅：5.2元/㎡/月,,别墅：300 住宅：300,别墅：1:01 住宅：1:01,售罄,售罄,售罄,"[""青房注字(胶州)第2018007"", ""青房注字(胶州)第2017063""]","[""2#、3#"", ""1#""]",恒大,,青岛海能房地产发展有限公司,别墅：民电,别墅：民水,36.211024,120.071137,"""""","{""559"": ""现房"", ""29"": ""装修交付"", ""78"": ""大户型"", ""637"": ""公办中学"", ""636"": ""公办小学"", ""598"": ""民办幼儿园"", ""597"": ""公办幼儿园""}","[""现房"", ""装修交付"", ""大户型"", ""公办中学"", ""公办小学""]",https://pic4.ajkimg.com/display/xinfang/f13494362cca20235fc39c7f3f956e08/275x206n.jpg,[],青岛市胶州市营杜路338号
817543,盛半岛墅,青岛,30,西海岸新区,3646,珠山路,5208,青岛西海岸新区珠山路翠岛路678号,,88元/㎡,88元/㎡,首付48万，月供11468元,105-205㎡,别墅：115812m² 住宅：115812m²,别墅：281295m² 住宅：281295m²,"[{""id"": 633983, ""rooms"": 3, ""room_alias"": ""三室"", ""area"": 105}, {""id"": 496344, ""rooms"": 3, ""room_alias"": ""三室"", ""area"": 116}, {""id"": 493997, ""rooms"": 3, ""room_alias"": ""三室"", ""area"": 130}, {""id"": 493999, ""rooms"": 3, ""room_alias"": ""三室"", ""area"": 130}, {""id"": 437782, ""rooms"": 3, ""room_alias"": ""三室"", ""area"": 155}, {""id"": 721295, ""rooms"": 3, ""room_alias"": ""三室"", ""area"": 172}, {""id"": 494002, ""rooms"": 4, ""room_alias"": ""四室"", ""area"": 153}, {""id"": 494005, ""rooms"": 4, ""room_alias"": ""四室"", ""area"": 155}, {""id"": 748101, ""rooms"": 4, ""room_alias"": ""四室"", ""area"": 155}, {""id"": 494007, ""rooms"": 4, ""room_alias"": ""四室"", ""area"": 163}, {""id"": 437781, ""rooms"": 4, ""room_alias"": ""四室"", ""area"": 205}]",3/4室、别墅,"3室户型,4室户型,别墅户型",2001-08-20,2021年10月14日,2001年,2002年,"[""2019-04-18"", ""2019-06-18"", ""2021-10-14""]","{联排别墅,叠加别墅}",别墅：联排别墅、叠加别墅 住宅：多层、小高层,别墅：70年 住宅：70年,别墅：1.6 住宅：1.6,别墅：35% 住宅：35%,别墅：1294 住宅：1294,别墅：毛坯 住宅：毛坯,已竣工，竣工时间：暂无数据,别墅,融创服务,别墅：3~4元/㎡/月 住宅：2.2元/㎡/月,,别墅：1908 住宅：1908,别墅：1:1.47 住宅：1:1.47,售罄,售罄,售罄,"[""青房注字（青黄19）第028"", ""青房注字青黄19第065号"", ""青房注字青黄（2021）第198号""]","[""16#、20#、31#、34#"", ""24#、26#"", ""15#、21#、30#、35#、45#""]",融创,,青岛融发地产开发有限公司,别墅：民电,别墅：民水,35.802844,120.003611,"""""","{""557"": ""项目竣工"", ""56"": ""车位充足"", ""276"": ""一房一价"", ""4"": ""低总价"", ""72"": ""配套纯熟"", ""69"": ""学校"", ""68"": ""医院"", ""65"": ""商业街"", ""64"": ""购物中心"", ""408"": ""全明空间"", ""404"": ""客餐厅相连"", ""403"": ""私密性好"", ""638"": ""民办中学"", ""598"": ""民办幼儿园"", ""597"": ""公办幼儿园"", ""263"": ""VR看房""}","[""项目竣工"", ""车位充足"", ""一房一价"", ""低总价"", ""配套纯熟""]",https://pic4.ajkimg.com/display/xinfang/61ced1f2c9742721558047aafff20297/275x206n.jpg,[],青岛市胶南市军民融合区山川路与翠岛路交汇处
6636493,青岛翠竹家园,青岛,30,市南区,3639,西镇,3660,青岛市南区西镇市南青岛市市南区湖南路76号（火车站对面，紧邻青岛湾栈桥）,,,,,55㎡,住宅：5272m² 别墅：5272m²,住宅：52366m² 别墅：52366m²,"[{""id"": 52119, ""rooms"": 1, ""room_alias"": ""一室"", ""area"": 55}]",1室,1室户型,2001-03-23,,2001年,2002年,[],小高层,住宅：高层,住宅：70年 别墅：70年,住宅：7.2,住宅：25% 别墅：25%,住宅：1000 别墅：1000,住宅：带装修 别墅：带装修,,住宅,碧桂园服务,住宅：6元/㎡/月,,,,售罄,售罄,售罄,[],[],金茂,,青岛华森置业有限公司,住宅：民电,住宅：民水,36.065214,120.322873,"{""service_num"": ""4006708287"", ""num"": ""39463""}","{""29"": ""装修交付"", ""9"": ""轨交房"", ""10"": ""多轨交"", ""72"": ""配套纯熟"", ""71"": ""便利店"", ""70"": ""银行"", ""69"": ""学校"", ""68"": ""医院"", ""66"": ""公园"", ""65"": ""商业街"", ""64"": ""购物中心"", ""79"": ""小户型"", ""638"": ""民办中学"", ""637"": ""公办中学"", ""636"": ""公办小学"", ""635"": ""民办小学"", ""598"": ""民办幼儿园"", ""597"": ""公办幼儿园""}","[""装修交付"", ""轨交房"", ""多轨交"", ""配套纯熟"", ""便利店""]",https://pic4.ajkimg.com/display/xinfang/c327e7cf494af206f2f15deb62d196bd/275x206n.jpg,"[{""id"": ""7314585"", ""loupan_id"": ""241784"", ""station_id"": ""120393"", ""subway_id"": ""1045"", ""city_id"": ""30"", ""distance"": ""231米"", ""status"": ""1"", ""last_update_time"": ""1774212706"", ""is_rail_loupan"": ""1"", ""subway_name"": ""1号线"", ""station_name"": ""青岛站"", ""distance_raw"": ""231""}, {""id"": ""7313592"", ""loupan_id"": ""241784"", ""station_id"": ""4378"", ""subway_id"": ""121"", ""city_id"": ""30"", ""distance"": ""527米"", ""status"": ""1"", ""last_update_time"": ""1774212705"", ""is_rail_loupan"": ""1"", ""subway_name"": ""3号线"", ""station_name"": ""青岛站"", ""distance_raw"": ""527""}, {""id"": ""7314666"", ""loupan_id"": ""241784"", ""station_id"": ""120339"", ""subway_id"": ""1045"", ""city_id"": ""30"", ""distance"": ""1172米"", ""status"": ""1"", ""last_update_time"": ""1774212706"", ""is_rail_loupan"": ""1"", ""subway_name"": ""1号线"", ""station_name"": ""西镇"", ""distance_raw"": ""1172""}, {""id"": ""7314587"", ""loupan_id"": ""241784"", ""station_id"": ""120390"", ""subway_id"": ""1045"", ""city_id"": ""30"", ""distance"": ""1238米"", ""status"": ""1"", ""last_update_time"": ""1774212706"", ""is_rail_loupan"": ""1"", ""subway_name"": ""1号线"", ""station_name"": ""中山路"", ""distance_raw"": ""1238""}, {""id"": ""7316607"", ""loupan_id"": ""241784"", ""station_id"": ""120728"", ""subway_id"": ""12051"", ""city_id"": ""30"", ""distance"": ""1404米"", ""status"": ""1"", ""last_update_time"": ""1774212709"", ""is_rail_loupan"": ""1"", ""subway_name"": ""4号线"", ""station_name"": ""信号山(青大附院)"", ""distance_raw"": ""1404""}]",青岛市市南区湖南路76号维多利亚广场3楼营销中心
3261021,博雅居A区,青岛,30,市北区,3640,山东路,5185,青岛市北区山东路连云港路20号,,,,,33-157㎡,13600m²,110000m²,[],,商业户型,2001-12-27,,2001年,2002年,[],别墅,,40年,,35%,520,,,标准写字楼,保利物业,4.8元/㎡/月,,520,1:1,售罄,售罄,售罄,[],[],建发,,,商电,商水,36.091397,120.372067,"""""","{""9"": ""轨交房"", ""76"": ""厨卫全明"", ""74"": ""南北通透"", ""73"": ""卧室全朝南"", ""10"": ""多轨交"", ""72"": ""配套纯熟"", ""71"": ""便利店"", ""70"": ""银行"", ""68"": ""医院"", ""66"": ""公园"", ""64"": ""购物中心"", ""402"": ""玄关入户"", ""401"": ""户型方正"", ""85"": ""主卧套房"", ""263"": ""VR看房"", ""223"": ""中心商务区""}","[""轨交房"", ""厨卫全明"", ""南北通透"", ""卧室全朝南"", ""多轨交""]",https://pic4.ajkimg.com/display/xinfang/3f2bc318526bfde343217365c012920c/275x206n.jpg,"[{""id"": ""7315868"", ""loupan_id"": ""413107"", ""station_id"": ""120732"", ""subway_id"": ""12051"", ""city_id"": ""30"", ""distance"": ""601米"", ""status"": ""1"", ""last_update_time"": ""1774212708"", ""is_rail_loupan"": ""1"", ""subway_name"": ""4号线"", ""station_name"": ""错埠岭"", ""distance_raw"": ""601""}, {""id"": ""7315462"", ""loupan_id"": ""413107"", ""station_id"": ""4368"", ""subway_id"": ""121"", ""city_id"": ""30"", ""distance"": ""811米"", ""status"": ""1"", ""last_update_time"": ""1774212707"", ""is_rail_loupan"": ""1"", ""subway_name"": ""3号线"", ""station_name"": ""错埠岭"", ""distance_raw"": ""811""}, {""id"": ""7315464"", ""loupan_id"": ""413107"", ""station_id"": ""4369"", ""subway_id"": ""121"", ""city_id"": ""30"", ""distance"": ""956米"", ""status"": ""1"", ""last_update_time"": ""1774212707"", ""is_rail_loupan"": ""1"", ""subway_name"": ""3号线"", ""station_name"": ""敦化路"", ""distance_raw"": ""956""}, {""id"": ""7315700"", ""loupan_id"": ""413107"", ""station_id"": ""121286"", ""subway_id"": ""1044"", ""city_id"": ""30"", ""distance"": ""1023米"", ""status"": ""1"", ""last_update_time"": ""1774212708"", ""is_rail_loupan"": ""1"", ""subway_name"": ""8号线"", ""station_name"": ""西吴家村"", ""distance_raw"": ""1023""}, {""id"": ""7315866"", ""loupan_id"": ""413107"", ""station_id"": ""120731"", ""subway_id"": ""12051"", ""city_id"": ""30"", ""distance"": ""1315米"", ""status"": ""1"", ""last_update_time"": ""1774212708"", ""is_rail_loupan"": ""1"", ""subway_name"": ""4号线"", ""station_name"": ""西吴家村"", ""distance_raw"": ""1315""}]",青岛市市北区延吉路万达广场北，北与辽阳西路相接，南临敦化路，西近山东路，东接南京路
6943521,万梦想居,青岛,30,城阳区,3644,高新区,6139,青岛城阳区高新区合心路69号,,,,,,,,[],,,2001-11-09,,2001年,2002年,[],{},,40年,,,,毛坯,,临街店铺,保利物业,,,,,售罄,售罄,售罄,[],[],碧桂园,,,商电,商水,31.477595,119.340195,"""""",[],[],https://pic4.ajkimg.com/display/xinfang/da79ad3bb019ffcd212de9f98a96e644/275x206n.jpg,[],城阳区红岛高新区智力岛东南（青岛中学旁）
5044018,利群春天舍,青岛,30,平度市,3649,平度,3722,青岛平度市平度杭州路61号,,,,,59-139㎡,79000m²,330000m²,"[{""id"": 143224, ""rooms"": 1, ""room_alias"": ""一室"", ""area"": 59}, {""id"": 143225, ""rooms"": 4, ""room_alias"": ""四室"", ""area"": 139}]",1/4室,"1室户型,4室户型",2001-01-28,,2001年,2002年,[],"{小高层,高层}",小高层、高层,70年,2.56,36%,472,毛坯,,住宅,新城悦服务,1.7元/㎡/月,,437,1:1,售罄,售罄,售罄,[],[],中南,,利群集团,民电,民水,36.801169,119.991834,"""""","{""53"": ""高绿化率"", ""72"": ""配套纯熟"", ""71"": ""便利店"", ""70"": ""银行"", ""69"": ""学校"", ""68"": ""医院"", ""66"": ""公园"", ""65"": ""商业街"", ""64"": ""购物中心"", ""79"": ""小户型"", ""78"": ""大户型"", ""638"": ""民办中学"", ""637"": ""公办中学"", ""636"": ""公办小学"", ""635"": ""民办小学"", ""598"": ""民办幼儿园"", ""597"": ""公办幼儿园""}","[""高绿化率"", ""配套纯熟"", ""便利店"", ""银行"", ""学校""]",https://pic4.ajkimg.com/display/xinfang/55e4a681b558e9ec176e4a8ad4eafc3f/275x206n.jpg,[],平度市扬州路北方国贸一楼（临时）
1850265,中峰,青岛,30,李沧区,3642,李村,3690,青岛李沧区李村金水路与宾川路交界,,,,,77-86㎡,63717m²,250319m²,"[{""id"": 150641, ""rooms"": 2, ""room_alias"": ""二室"", ""area"": 77}, {""id"": 150642, ""rooms"": 3, ""room_alias"": ""三室"", ""area"": 86}]",2/3室,"2室户型,3室户型",2001-01-05,,2001年,2002年,[],超高层,小高层、高层,70年,2.93,25%,1156,毛坯,,住宅,碧桂园服务,,,,,售罄,售罄,售罄,"[""(青房注字(2016)第022号)""]",[],碧桂园,,,民电,民水,36.190469,120.465898,"""""","{""9"": ""轨交房"", ""72"": ""配套纯熟"", ""70"": ""银行"", ""69"": ""学校"", ""68"": ""医院"", ""66"": ""公园"", ""65"": ""商业街"", ""64"": ""购物中心"", ""638"": ""民办中学"", ""637"": ""公办中学"", ""636"": ""公办小学"", ""635"": ""民办小学"", ""598"": ""民办幼儿园"", ""597"": ""公办幼儿园""}","[""轨交房"", ""配套纯熟"", ""银行"", ""学校"", ""医院""]",https://pic4.ajkimg.com/display/xinfang/55ba021c3c5bd6c22e4623e79c0bc7ab/275x206n.jpg,"[{""id"": ""7316273"", ""loupan_id"": ""383853"", ""station_id"": ""121232"", ""subway_id"": ""126"", ""city_id"": ""30"", ""distance"": ""409米"", ""status"": ""1"", ""last_update_time"": ""1774212708"", ""is_rail_loupan"": ""1"", ""subway_name"": ""2号线"", ""station_name"": ""东川路"", ""distance_raw"": ""409""}, {""id"": ""7316274"", ""loupan_id"": ""383853"", ""station_id"": ""121231"", ""subway_id"": ""126"", ""city_id"": ""30"", ""distance"": ""500米"", ""status"": ""1"", ""last_update_time"": ""1774212708"", ""is_rail_loupan"": ""1"", ""subway_name"": ""2号线"", ""station_name"": ""汉川路"", ""distance_raw"": ""500""}]",李沧区金水路181-2号
7304942,海美好汇,青岛,30,黄岛区,4516,长江路,5213,青岛黄岛区长江路开发区江山中路185号,,,,,53-110㎡,住宅：11533m² 别墅：11533m²,住宅：74412m² 别墅：74412m²,"[{""id"": 43402, ""rooms"": 1, ""room_alias"": ""一室"", ""area"": 53.19}, {""id"": 43405, ""rooms"": 1, ""room_alias"": ""一室"", ""area"": 56.23}, {""id"": 43403, ""rooms"": 1, ""room_alias"": ""一室"", ""area"": 68.36}, {""id"": 50519, ""rooms"": 2, ""room_alias"": ""二室"", ""area"": 85.61}, {""id"": 43404, ""rooms"": 2, ""room_alias"": ""二室"", ""area"": 89.29}, {""id"": 50520, ""rooms"": 2, ""room_alias"": ""二室"", ""area"": 93.64}, {""id"": 50518, ""rooms"": 3, ""room_alias"": ""三室"", ""area"": 105.7}, {""id"": 43401, ""rooms"": 3, ""room_alias"": ""三室"", ""area"": 110.39}]",1/2/3室,"1室户型,2室户型,3室户型",2001-07-04,,2001年,2002年,[],别墅,住宅：高层,,住宅：5.24,住宅：23% 别墅：23%,住宅：744 别墅：744,住宅：毛坯 别墅：毛坯,,住宅,金地智慧服务,住宅：1.39元/㎡/月,,住宅：334 别墅：334,,售罄,售罄,售罄,[],[],绿城,,天玺地产,住宅：民电,住宅：民水,36.021639,120.176668,"""""","{""72"": ""配套纯熟"", ""70"": ""银行"", ""69"": ""学校"", ""68"": ""医院"", ""66"": ""公园"", ""65"": ""商业街"", ""79"": ""小户型"", ""78"": ""大户型"", ""637"": ""公办中学"", ""636"": ""公办小学"", ""606"": ""省一级园"", ""598"": ""民办幼儿园"", ""597"": ""公办幼儿园""}","[""配套纯熟"", ""银行"", ""学校"", ""医院"", ""公园""]",https://pic4.ajkimg.com/display/xinfang/4f2b7dbd2baed4f986d8a1d8157ff97d/275x206n.jpg,[],青岛开发区江山中路185号
2723457,青岛云天美景,青岛,30,市北区,3640,错埠岭,5437,青岛市北区错埠岭绍兴路77号,,9959元/㎡,9959元/㎡,首付50万，月供12077元,116-143㎡,22500m²,22500m²,"[{""id"": 774452, ""rooms"": 3, ""room_alias"": ""三室"", ""area"": 116}, {""id"": 774621, ""rooms"": 3, ""room_alias"": ""三室"", ""area"": 120}, {""id"": 774453, ""rooms"": 4, ""room_alias"": ""四室"", ""area"": 143}, {""id"": 774719, ""rooms"": 4, ""room_alias"": ""四室"", ""area"": 143}]",3/4室,"3室户型,4室户型",2001-03-23,2022年09月29日,2001年,2002年,"[""2022-10-18"", ""2022-09-27""]","{小高层,高层}",小高层、高层,70年,,30%,457,毛坯,在建中，竣工时间：2024-12-31,住宅,旭辉永升,3.02元/㎡/月,,595,1:1.3,售罄,售罄,售罄,"[""青房预字（2022）第069号"", ""青房预字（2022）第063号""]","[""1#、2#"", ""5#、6#、3#、4#""]",融创,华润置地,青岛润商投资有限公司,民电,民水,36.087934,120.417174,"{""service_num"": ""4006708287"", ""num"": """"}","{""56"": ""车位充足"", ""9"": ""轨交房"", ""76"": ""厨卫全明"", ""74"": ""南北通透"", ""73"": ""卧室全朝南"", ""7"": ""项目在建"", ""10"": ""多轨交"", ""276"": ""一房一价"", ""72"": ""配套纯熟"", ""71"": ""便利店"", ""70"": ""银行"", ""69"": ""学校"", ""68"": ""医院"", ""65"": ""商业街"", ""64"": ""购物中心"", ""78"": ""大户型"", ""402"": ""玄关入户"", ""401"": ""户型方正"", ""397"": ""动静分离"", ""85"": ""主卧套房"", ""83"": ""双阳台"", ""638"": ""民办中学"", ""637"": ""公办中学"", ""636"": ""公办小学"", ""635"": ""民办小学"", ""624"": ""九年一贯制"", ""598"": ""民办幼儿园"", ""597"": ""公办幼儿园"", ""541"": ""3D沙盘"", ""540"": ""日照模拟"", ""263"": ""VR看房"", ""50"": ""品牌开发商""}","[""车位充足"", ""轨交房"", ""厨卫全明"", ""南北通透"", ""卧室全朝南""]",https://pic4.ajkimg.com/display/xinfang/09f06b5c3789f60ddef871f874a20f0e/275x206n.jpg,"[{""id"": ""7315570"", ""loupan_id"": ""514975"", ""station_id"": ""4368"", ""subway_id"": ""121"", ""city_id"": ""30"", ""distance"": ""514米"", ""status"": ""1"", ""last_update_time"": ""1774212707"", ""is_rail_loupan"": ""1"", ""subway_name"": ""3号线"", ""station_name"": ""错埠岭"", ""distance_raw"": ""514""}, {""id"": ""7313575"", ""loupan_id"": ""514975"", ""station_id"": ""120732"", ""subway_id"": ""12051"", ""city_id"": ""30"", ""distance"": ""735米"", ""status"": ""1"", ""last_update_time"": ""1774212705"", ""is_rail_loupan"": ""1"", ""subway_name"": ""4号线"", ""station_name"": ""错埠岭"", ""distance_raw"": ""735""}, {""id"": ""7313576"", ""loupan_id"": ""514975"", ""station_id"": ""120733"", ""subway_id"": ""12051"", ""city_id"": ""30"", ""distance"": ""771米"", ""status"": ""1"", ""last_update_time"": ""1774212705"", ""is_rail_loupan"": ""1"", ""subway_name"": ""4号线"", ""station_name"": ""福辽立交桥"", ""distance_raw"": ""771""}, {""id"": ""7315569"", ""loupan_id"": ""514975"", ""station_id"": ""4369"", ""subway_id"": ""121"", ""city_id"": ""30"", ""distance"": ""963米"", ""status"": ""1"", ""last_update_time"": ""1774212707"", ""is_rail_loupan"": ""1"", ""subway_name"": ""3号线"", ""station_name"": ""敦化路"", ""distance_raw"": ""963""}]",市北区敦化路156号
5849584,万雅居三期,青岛,30,西海岸新区,3646,灵山卫,5209,青岛西海岸新区灵山卫海军路1000号,,,,,45-48㎡,666667m²,900000m²,"[{""id"": 226120, ""rooms"": 1, ""room_alias"": ""一室"", ""area"": 45}, {""id"": 314011, ""rooms"": 2, ""room_alias"": ""二室"", ""area"": 47}, {""id"": 314012, ""rooms"": 2, ""room_alias"": ""二室"", ""area"": 48}]",1/2室,商业户型,2001-01-28,2018年09月08日,2001年,2002年,[],别墅,低层、小高层,40年,2.29,10%,637,毛坯,,商业,旭辉永升,2.9元/㎡/月,,410,1:0.5,售罄,售罄,售罄,"[""青房注字 青黄18第090号"", ""(青房注胶南(2015)第057)"", ""青房注字(2016)第019"", ""青房注字黄岛(2016)第072"", ""青房注字青黄(2016)第045"", ""青房注字黄岛(2016)第127"", ""青房注字黄岛(2017)第071"", ""青黄注字青黄(2017)第112"", ""青房注字（青黄18）第076号""]",[],建发,,青岛中纺亿联时尚产业投资集团有限公司,商电,商水,35.80215,120.052067,"""""","{""81"": ""大阳台"", ""76"": ""厨卫全明"", ""74"": ""南北通透"", ""73"": ""卧室全朝南"", ""72"": ""配套纯熟"", ""71"": ""便利店"", ""68"": ""医院"", ""66"": ""公园"", ""65"": ""商业街"", ""402"": ""玄关入户"", ""401"": ""户型方正"", ""397"": ""动静分离"", ""263"": ""VR看房""}","[""大阳台"", ""厨卫全明"", ""南北通透"", ""卧室全朝南"", ""配套纯熟""]",https://pic4.ajkimg.com/display/xinfang/1d272af81e4f6e3e4161ba351ce6fd94/275x206n.jpg,[],西海岸新区古镇口军民融合区海军路1000号
8202046,和黄金花园,青岛,30,市北区,3640,瑞昌路,5194,青岛市北区瑞昌路瑞海北路17号、177号欢乐滨海城总体规划范围内,,,,,87-121㎡,84126m²,90000m²,"[{""id"": 87656, ""rooms"": 2, ""room_alias"": ""二室"", ""area"": 87}, {""id"": 198533, ""rooms"": 3, ""room_alias"": ""三室"", ""area"": 89}, {""id"": 198535, ""rooms"": 3, ""room_alias"": ""三室"", ""area"": 103}, {""id"": 87658, ""rooms"": 3, ""room_alias"": ""三室"", ""area"": 115}, {""id"": 198534, ""rooms"": 3, ""room_alias"": ""三室"", ""area"": 115}, {""id"": 241903, ""rooms"": 3, ""room_alias"": ""三室"", ""area"": 121}]",2/3室,"2室户型,3室户型",2001-09-09,,2001年,2002年,[],"{小高层,高层}",小高层、高层,70年,2.2,35%,2105,毛坯,,住宅,合景悠活,2.2元/㎡/月,,1275,暂无资料,售罄,售罄,售罄,"[""青经房注字(2012)第014号"", ""青房注字(2014)第082号"", ""青房地权备字2015第17号"", ""青房注字(2014)第019号"", ""青房注字(2013)第078号"", ""青房注字(2015)040""]",[],招商蛇口,,保利（青岛）实业有限公司,民电,民水,36.138257,120.357979,"""""","{""9"": ""轨交房"", ""63"": ""旅游地产"", ""72"": ""配套纯熟"", ""70"": ""银行"", ""69"": ""学校"", ""68"": ""医院"", ""67"": ""生态绿地"", ""78"": ""大户型"", ""638"": ""民办中学"", ""637"": ""公办中学"", ""636"": ""公办小学"", ""624"": ""九年一贯制"", ""598"": ""民办幼儿园"", ""597"": ""公办幼儿园"", ""54"": ""大型社区""}","[""轨交房"", ""旅游地产"", ""配套纯熟"", ""银行"", ""学校""]",https://pic4.ajkimg.com/display/xinfang/7dfb32c23299e55cd9590e8f04d4f64e/275x206n.jpg,"[{""id"": ""7314817"", ""loupan_id"": ""242093"", ""station_id"": ""121179"", ""subway_id"": ""12068"", ""city_id"": ""30"", ""distance"": ""1097米"", ""status"": ""1"", ""last_update_time"": ""1774212706"", ""is_rail_loupan"": ""1"", ""subway_name"": ""5号线"", ""station_name"": ""欢乐滨海城"", ""distance_raw"": ""1097""}]",青岛市市北区瑞海北路17号
2983012,华商碧水宅,青岛,30,莱西市,3648,莱西,3720,青岛莱西市莱西上海东路152号,,,,,81-134㎡,91706m²,245983m²,"[{""id"": 345303, ""rooms"": 2, ""room_alias"": ""二室"", ""area"": 81}, {""id"": 345305, ""rooms"": 2, ""room_alias"": ""二室"", ""area"": 90}, {""id"": 345306, ""rooms"": 2, ""room_alias"": ""二室"", ""area"": 91}, {""id"": 345308, ""rooms"": 3, ""room_alias"": ""三室"", ""area"": 104}, {""id"": 345309, ""rooms"": 3, ""room_alias"": ""三室"", ""area"": 111}, {""id"": 432949, ""rooms"": 3, ""room_alias"": ""三室"", ""area"": 130}, {""id"": 345310, ""rooms"": 3, ""room_alias"": ""三室"", ""area"": 134}]",2/3室,"2室户型,3室户型",2001-06-01,,2001年,2002年,"[""2016-04-21"", ""2017-05-24"", ""2018-09-12""]","{多层,小高层,高层}",多层、小高层、高层,70年,2.2,35%,1832,毛坯,,住宅,融创服务,1.4元/㎡/月,,231,1:0.1,售罄,售罄,售罄,"[""西房注字(2016)011"", ""西房注字(2017)015"", ""西房注字(2018)037""]","[""22#"", ""17#"", ""13#，14#，15#，16#""]",金茂,,青岛华商集团,民电,民水,36.899864,120.564572,"""""","{""76"": ""厨卫全明"", ""75"": ""三房朝南"", ""74"": ""南北通透"", ""72"": ""配套纯熟"", ""70"": ""银行"", ""69"": ""学校"", ""68"": ""医院"", ""66"": ""公园"", ""65"": ""商业街"", ""64"": ""购物中心"", ""78"": ""大户型"", ""82"": ""双卫生间"", ""637"": ""公办中学"", ""636"": ""公办小学"", ""599"": ""省级示范园"", ""598"": ""民办幼儿园"", ""597"": ""公办幼儿园"", ""54"": ""大型社区""}","[""厨卫全明"", ""三房朝南"", ""南北通透"", ""配套纯熟"", ""银行""]",https://pic4.ajkimg.com/display/xinfang/760452721b80e9227d4453fa49251fcd/275x206n.jpg,[],莱西市团岛路89号(烟台路与团岛路交汇处西200米)
5852693,悦美景A区,青岛,30,平度市,3649,平度,3722,青岛平度市平度白沙河街道麻兰镇中心街西边,,1383元/㎡,1383元/㎡,首付6万，月供1648元,92-124㎡,12545m²,19090m²,"[{""id"": 456319, ""rooms"": 3, ""room_alias"": ""三室"", ""area"": 92.01}, {""id"": 456320, ""rooms"": 3, ""room_alias"": ""三室"", ""area"": 101.07}, {""id"": 456322, ""rooms"": 3, ""room_alias"": ""三室"", ""area"": 113.53}, {""id"": 456325, ""rooms"": 3, ""room_alias"": ""三室"", ""area"": 124.18}]",3室,3室户型,2001-08-24,2019年07月31日,2001年,2002年,"[""2019-08-15""]",{花园洋房},花园洋房,70年,1.29,37%,136,毛坯,已竣工，竣工时间：2020-12-31,住宅,融创服务,0.7元/㎡/月,,155,1:1.13,售罄,售罄,售罄,"[""平房注字(2019)023""]","[""1#、2#、3#、5#""]",美的置业,,青岛东篱院置业有限公司,民电,民水,36.772957,120.118647,"{""service_num"": ""4006708287"", ""num"": ""25477""}","{""559"": ""现房"", ""557"": ""项目竣工"", ""81"": ""大阳台"", ""56"": ""车位充足"", ""53"": ""高绿化率"", ""52"": ""低容积"", ""76"": ""厨卫全明"", ""75"": ""三房朝南"", ""74"": ""南北通透"", ""73"": ""卧室全朝南"", ""72"": ""配套纯熟"", ""71"": ""便利店"", ""70"": ""银行"", ""69"": ""学校"", ""68"": ""医院"", ""65"": ""商业街"", ""78"": ""大户型"", ""401"": ""户型方正"", ""397"": ""动静分离"", ""85"": ""主卧套房"", ""82"": ""双卫生间"", ""636"": ""公办小学"", ""597"": ""公办幼儿园"", ""263"": ""VR看房"", ""55"": ""小型社区""}","[""现房"", ""项目竣工"", ""大阳台"", ""车位充足"", ""高绿化率""]",https://pic4.ajkimg.com/display/xinfang/286ef772d140177c78c7e85ece60ed3e/275x206n.jpg,[],平度市白沙河街道麻兰镇中心街西边
7128080,蓝水岸岸,青岛,30,城阳区,3644,白沙湾,5204,青岛城阳区白沙湾王沙路1号,,,,,325-1060㎡,66255m²,43944m²,"[{""id"": 238453, ""rooms"": 4, ""room_alias"": ""四室"", ""area"": 427}, {""id"": 238467, ""rooms"": 4, ""room_alias"": ""四室"", ""area"": 485}, {""id"": 238454, ""rooms"": 4, ""room_alias"": ""四室"", ""area"": 1060}, {""id"": 238459, ""rooms"": 5, ""room_alias"": ""五室"", ""area"": 680}, {""id"": 238457, ""rooms"": 5, ""room_alias"": ""五室"", ""area"": 715}]",别墅,别墅户型,2001-08-15,,2001年,2002年,[],"{独栋别墅,联排别墅}",独栋别墅、联排别墅,70年,0.66,68%,149,毛坯,,别墅,保利物业,3.98元/㎡/月,,149,1:1,售罄,售罄,售罄,"[""青房注字(城14)第59"", ""青房注字(城14)第18号"", ""青房注字（城13）第45""]",[],招商蛇口,,青岛海信恒阳置业有限公司,民电,民水,36.222858,120.470506,"{""service_num"": ""4006708287"", ""num"": """"}","{""53"": ""高绿化率"", ""31"": ""大平层"", ""63"": ""旅游地产"", ""69"": ""学校"", ""68"": ""医院"", ""78"": ""大户型"", ""636"": ""公办小学"", ""635"": ""民办小学"", ""598"": ""民办幼儿园"", ""597"": ""公办幼儿园"", ""55"": ""小型社区""}","[""高绿化率"", ""大平层"", ""旅游地产"", ""学校"", ""医院""]",https://pic4.ajkimg.com/display/xinfang/d7a1b16099898d06a532adf32ce52666/275x206n.jpg,[],市中心接待：东海东路5号
9593053,万科翠竹阁,青岛,30,西海岸新区,3646,长江路,24950,青岛西海岸新区长江路长江东路766号,,5394元/㎡,5394元/㎡,首付48万，月供11539元,165-230㎡,28142.4m²,232740.2m²,"[{""id"": 785598, ""rooms"": 3, ""room_alias"": ""三室"", ""area"": 165}, {""id"": 785599, ""rooms"": 4, ""room_alias"": ""四室"", ""area"": 190}, {""id"": 785600, ""rooms"": 4, ""room_alias"": ""四室"", ""area"": 210}, {""id"": 400284, ""rooms"": 4, ""room_alias"": ""四室"", ""area"": 230}]",3/4室,"3室户型,4室户型",2001-08-18,2022年06月18日,2001年,2002年,"[""2023-06-06"", ""2019-01-18"", ""2022-09-27""]",洋房,高层,50年,5.24,35%,629,带装修,,住宅,金地智慧服务,3.8元/㎡/月,,1385,1:2.2,售罄,售罄,售罄,"[""青黄注字青黄（2023）第072号"", ""青房注字（青黄）第141号"", ""青房注字青黄（2022）第123号""]","[""2#"", ""3#、4#"", ""1#""]",新城控股,万科集团,青岛锦秀基业房地产开发有限公司,民电,民水,35.948095,120.221256,"""""","{""56"": ""车位充足"", ""31"": ""大平层"", ""29"": ""装修交付"", ""9"": ""轨交房"", ""72"": ""配套纯熟"", ""70"": ""银行"", ""69"": ""学校"", ""68"": ""医院"", ""65"": ""商业街"", ""404"": ""客餐厅相连"", ""637"": ""公办中学"", ""636"": ""公办小学"", ""599"": ""省级示范园"", ""598"": ""民办幼儿园"", ""597"": ""公办幼儿园"", ""541"": ""3D沙盘"", ""540"": ""日照模拟"", ""263"": ""VR看房"", ""50"": ""品牌开发商""}","[""车位充足"", ""大平层"", ""装修交付"", ""轨交房"", ""配套纯熟""]",https://pic4.ajkimg.com/display/xinfang/4b008938346167c1fad6e4a1a6860305/275x206n.jpg,"[{""id"": ""7190332"", ""loupan_id"": ""434283"", ""station_id"": ""120347"", ""subway_id"": ""1045"", ""city_id"": ""30"", ""distance"": ""1144米"", ""status"": ""1"", ""last_update_time"": ""1774212705"", ""is_rail_loupan"": ""1"", ""subway_name"": ""1号线"", ""station_name"": ""薛家岛"", ""distance_raw"": ""1144""}, {""id"": ""7190333"", ""loupan_id"": ""434283"", ""station_id"": ""120322"", ""subway_id"": ""1045"", ""city_id"": ""30"", ""distance"": ""1485米"", ""status"": ""1"", ""last_update_time"": ""1774212705"", ""is_rail_loupan"": ""1"", ""subway_name"": ""1号线"", ""station_name"": ""丁家河"", ""distance_raw"": ""1485""}]",黄岛区长江东路766号
2406350,瑞轩二期,青岛,30,城阳区,3644,正阳路,3712,青岛城阳区正阳路青威路625号,,,,,40-158㎡,34706m²,87198m²,"[{""id"": 377917, ""rooms"": 2, ""room_alias"": ""二室"", ""area"": 85}, {""id"": 377930, ""rooms"": 2, ""room_alias"": ""二室"", ""area"": 90}, {""id"": 377948, ""rooms"": 2, ""room_alias"": ""二室"", ""area"": 93}, {""id"": 279185, ""rooms"": 3, ""room_alias"": ""三室"", ""area"": 40}, {""id"": 377961, ""rooms"": 3, ""room_alias"": ""三室"", ""area"": 101}, {""id"": 377985, ""rooms"": 3, ""room_alias"": ""三室"", ""area"": 103}, {""id"": 377997, ""rooms"": 3, ""room_alias"": ""三室"", ""area"": 106}, {""id"": 378036, ""rooms"": 3, ""room_alias"": ""三室"", ""area"": 112}, {""id"": 377976, ""rooms"": 3, ""room_alias"": ""三室"", ""area"": 133}, {""id"": 378064, ""rooms"": 3, ""room_alias"": ""三室"", ""area"": 133}, {""id"": 280321, ""rooms"": 5, ""room_alias"": ""五室"", ""area"": 158}]",3室、别墅、2/3室,"商业户型,2室户型,3室户型,别墅户型",2001-03-25,,2001年,2002年,"[""2017-07-05""]","{高层,叠加别墅,多层,小高层}",高层,40年,2.2,20%,820,毛坯,,商业,合景悠活,2.98元/㎡/月,,1230,1:1.5,售罄,售罄,售罄,"[""青房注字(城17)第63"", ""青房注字(城17)第81""]","[""二期10# 二期2# 二期3#""]",旭辉,,青岛青特华力置业有限公司,商电,商水,36.308655,120.430036,"""""","{""56"": ""车位充足"", ""9"": ""轨交房"", ""72"": ""配套纯熟"", ""71"": ""便利店"", ""68"": ""医院"", ""66"": ""公园"", ""64"": ""购物中心"", ""78"": ""大户型""}","[""车位充足"", ""轨交房"", ""配套纯熟"", ""便利店"", ""医院""]",https://pic4.ajkimg.com/display/xinfang/de0fcd77e063482239feab0ea993c55c/275x206n.jpg,"[{""id"": ""7315084"", ""loupan_id"": ""417050"", ""station_id"": ""121217"", ""subway_id"": ""12070"", ""city_id"": ""30"", ""distance"": ""488米"", ""status"": ""1"", ""last_update_time"": ""1774212707"", ""is_rail_loupan"": ""1"", ""subway_name"": ""15号线"", ""station_name"": ""虹子河"", ""distance_raw"": ""488""}, {""id"": ""7315082"", ""loupan_id"": ""417050"", ""station_id"": ""121216"", ""subway_id"": ""12070"", ""city_id"": ""30"", ""distance"": ""1022米"", ""status"": ""1"", ""last_update_time"": ""1774212707"", ""is_rail_loupan"": ""1"", ""subway_name"": ""15号线"", ""station_name"": ""靖城路"", ""distance_raw"": ""1022""}]",青岛市城阳区正阳路117号
7297329,新龙湖苑,青岛,30,黄岛区,4516,唐岛湾,5215,青岛黄岛区唐岛湾黄岛区珠江路590、592、596、598、600号,,,,,50㎡,62999m²,210000m²,[],,商业户型,2001-03-23,2016年09月01日,2001年,2002年,[],{},,40年,,20%,1938,带装修,,标准写字楼,金地智慧服务,9元/㎡/月,,2205,,售罄,售罄,售罄,[],[],保利,,,商电,商水,35.94761,120.2201,"{""service_num"": ""4006708287"", ""num"": """"}","{""559"": ""现房"", ""29"": ""装修交付"", ""9"": ""轨交房"", ""66"": ""公园"", ""221"": ""瞰海办公"", ""220"": ""办公首选"", ""97"": ""刚需直选"", ""54"": ""大型社区""}","[""现房"", ""装修交付"", ""轨交房"", ""公园"", ""瞰海办公""]",https://pic4.ajkimg.com/display/xinfang/bb88b0b4c4de83118f8e524a58925e7e/275x206n.jpg,"[{""id"": ""7315205"", ""loupan_id"": ""413159"", ""station_id"": ""120322"", ""subway_id"": ""1045"", ""city_id"": ""30"", ""distance"": ""1285米"", ""status"": ""1"", ""last_update_time"": ""1774212707"", ""is_rail_loupan"": ""1"", ""subway_name"": ""1号线"", ""station_name"": ""丁家河"", ""distance_raw"": ""1285""}]",青岛西海岸新区珠江路600号
2990144,天一半岛堂,青岛,30,西海岸新区,3646,滨海大道,5211,青岛西海岸新区滨海大道泰山路与青岛路交汇处北侧,,,,,94-120㎡,82756m²,167098.65m²,"[{""id"": 266622, ""rooms"": 3, ""room_alias"": ""三室"", ""area"": 94}, {""id"": 377280, ""rooms"": 3, ""room_alias"": ""三室"", ""area"": 98}, {""id"": 266621, ""rooms"": 3, ""room_alias"": ""三室"", ""area"": 103}, {""id"": 266623, ""rooms"": 3, ""room_alias"": ""三室"", ""area"": 103}, {""id"": 377293, ""rooms"": 3, ""room_alias"": ""三室"", ""area"": 107}, {""id"": 377287, ""rooms"": 3, ""room_alias"": ""三室"", ""area"": 120}]",3室,3室户型,2001-02-13,2021年12月,2001年,2002年,"[""2017-06-23"", ""2017-05-22"", ""2017-04-26""]","{多层,小高层}",多层、小高层,70年,1.62,30%,1205,毛坯,,住宅,碧桂园服务,1.9元/㎡/月,,1211,1:1,售罄,售罄,售罄,"[""青黄注字青黄(2017)第065"", ""青房注字黄岛(2017)第048"", ""青房注字黄岛(2017)第037""]","[""20#、21#、22#"", ""19#、23#"", ""10#、11#、13#""]",旭辉,天一集团,青岛天一集团樱珠山房地产开发有限公司,民电,民水,35.916137,120.03618,"{""service_num"": ""4006708287"", ""num"": """"}","{""52"": ""低容积"", ""9"": ""轨交房"", ""72"": ""配套纯熟"", ""71"": ""便利店"", ""70"": ""银行"", ""69"": ""学校"", ""68"": ""医院"", ""65"": ""商业街"", ""64"": ""购物中心"", ""78"": ""大户型"", ""637"": ""公办中学"", ""636"": ""公办小学"", ""635"": ""民办小学"", ""598"": ""民办幼儿园"", ""597"": ""公办幼儿园"", ""50"": ""品牌开发商""}","[""低容积"", ""轨交房"", ""配套纯熟"", ""便利店"", ""银行""]",https://pic4.ajkimg.com/display/xinfang/f054c7f411ee7bea8db78f56e6b2367d/275x206n.jpg,"[{""id"": ""7314096"", ""loupan_id"": ""416218"", ""station_id"": ""4411"", ""subway_id"": ""123"", ""city_id"": ""30"", ""distance"": ""527米"", ""status"": ""1"", ""last_update_time"": ""1774212706"", ""is_rail_loupan"": ""1"", ""subway_name"": ""西海岸快线"", ""station_name"": ""凤凰山路"", ""distance_raw"": ""527""}, {""id"": ""7314095"", ""loupan_id"": ""416218"", ""station_id"": ""4410"", ""subway_id"": ""123"", ""city_id"": ""30"", ""distance"": ""1053米"", ""status"": ""1"", ""last_update_time"": ""1774212706"", ""is_rail_loupan"": ""1"", ""subway_name"": ""西海岸快线"", ""station_name"": ""隐珠"", ""distance_raw"": ""1053""}]",黄岛区泰山路与青岛路交汇处北侧100米
159565,雅景A区,青岛,30,城阳区,3644,黑龙江路,5202,青岛城阳区黑龙江路黑龙江中路28号天泰运动工场,,,,,76-120㎡,110910m²,187949.82m²,"[{""id"": 110863, ""rooms"": 2, ""room_alias"": ""二室"", ""area"": 76}, {""id"": 111036, ""rooms"": 2, ""room_alias"": ""二室"", ""area"": 82}, {""id"": 111034, ""rooms"": 3, ""room_alias"": ""三室"", ""area"": 89}, {""id"": 111038, ""rooms"": 3, ""room_alias"": ""三室"", ""area"": 118}, {""id"": 110864, ""rooms"": 3, ""room_alias"": ""三室"", ""area"": 120}]",2/3室,"2室户型,3室户型",2001-07-04,,2001年,2002年,[],"{多层,小高层,高层}",多层、小高层、高层,70年,1.5,35%,1903,毛坯,,住宅,雅生活服务,2.6元/㎡/月,,1903,1:1,售罄,售罄,售罄,[],[],朗诗,,青岛天泰集团股份有限公司,民电,民水,36.243093,120.431374,"{""service_num"": ""4006708287"", ""num"": """"}","{""52"": ""低容积"", ""9"": ""轨交房"", ""72"": ""配套纯熟"", ""70"": ""银行"", ""69"": ""学校"", ""68"": ""医院"", ""66"": ""公园"", ""65"": ""商业街"", ""64"": ""购物中心"", ""78"": ""大户型"", ""637"": ""公办中学"", ""636"": ""公办小学"", ""635"": ""民办小学"", ""624"": ""九年一贯制"", ""598"": ""民办幼儿园"", ""597"": ""公办幼儿园"", ""54"": ""大型社区""}","[""低容积"", ""轨交房"", ""配套纯熟"", ""银行"", ""学校""]",https://pic4.ajkimg.com/display/xinfang/4fadaecffa92b672078d526fc7c35018/275x206n.jpg,"[{""id"": ""7314975"", ""loupan_id"": ""252538"", ""station_id"": ""121209"", ""subway_id"": ""12070"", ""city_id"": ""30"", ""distance"": ""172米"", ""status"": ""1"", ""last_update_time"": ""1774212707"", ""is_rail_loupan"": ""1"", ""subway_name"": ""15号线"", ""station_name"": ""丹山"", ""distance_raw"": ""172""}, {""id"": ""7314974"", ""loupan_id"": ""252538"", ""station_id"": ""121208"", ""subway_id"": ""12070"", ""city_id"": ""30"", ""distance"": ""1265米"", ""status"": ""1"", ""last_update_time"": ""1774212707"", ""is_rail_loupan"": ""1"", ""subway_name"": ""15号线"", ""station_name"": ""丹山南"", ""distance_raw"": ""1265""}]",城阳黑龙江中路28号
2383286,泰月亮湾,青岛,30,城阳区,3644,正阳路,3712,青岛城阳区正阳路华中路86号,,,,,71-230㎡,别墅：58000m² 住宅：58000m²,别墅：170000m² 住宅：170000m²,"[{""id"": 179335, ""rooms"": 1, ""room_alias"": ""一室"", ""area"": 71}, {""id"": 179330, ""rooms"": 2, ""room_alias"": ""二室"", ""area"": 104}, {""id"": 179840, ""rooms"": 3, ""room_alias"": ""三室"", ""area"": 131}, {""id"": 179839, ""rooms"": 3, ""room_alias"": ""三室"", ""area"": 135}, {""id"": 179837, ""rooms"": 3, ""room_alias"": ""三室"", ""area"": 137}, {""id"": 179333, ""rooms"": 3, ""room_alias"": ""三室"", ""area"": 145}, {""id"": 179835, ""rooms"": 4, ""room_alias"": ""四室"", ""area"": 155}, {""id"": 323584, ""rooms"": 5, ""room_alias"": ""五室"", ""area"": 230}]",1/2/3/4室、别墅,"1室户型,2室户型,3室户型,4室户型,别墅户型",2001-02-01,,2001年,2002年,"[""2018-01-29""]",高层,别墅：联排别墅 住宅：高层,别墅：70年 住宅：70年,别墅：2.1 住宅：2.1,别墅：40% 住宅：40%,别墅：890 住宅：890,别墅：毛坯 住宅：毛坯,,别墅,合景悠活,别墅：2.4元/㎡/月,,别墅：1162 住宅：1162,别墅：1:1.31 住宅：1:1.31,售罄,售罄,售罄,"[""青房注字(城16)第35"", ""青房注字(城16)第85"", ""青房注字(城16)第105""]","[""4#、6#、8#、9#""]",中海,,青岛中视联合置地有限公司,别墅：民电,别墅：民水,36.28436,120.290215,"""""","{""57"": ""人车分流"", ""56"": ""车位充足"", ""53"": ""高绿化率"", ""72"": ""配套纯熟"", ""71"": ""便利店"", ""70"": ""银行"", ""69"": ""学校"", ""68"": ""医院"", ""66"": ""公园"", ""65"": ""商业街"", ""64"": ""购物中心"", ""78"": ""大户型"", ""638"": ""民办中学"", ""637"": ""公办中学"", ""636"": ""公办小学"", ""598"": ""民办幼儿园"", ""597"": ""公办幼儿园""}","[""人车分流"", ""车位充足"", ""高绿化率"", ""配套纯熟"", ""便利店""]",https://pic4.ajkimg.com/display/xinfang/e02eaf49e548a3fdae074a2f854f9fe6/275x206n.jpg,[],"城阳区正阳西路以南,华中路以西,丹阳路以北,秀园路以东"
4994352,奥润世纪宅,青岛,30,莱西市,3648,莱西,3720,青岛莱西市莱西北京东路37号,,,,,117-138㎡,19000m²,23000m²,"[{""id"": 538000, ""rooms"": 3, ""room_alias"": ""三室"", ""area"": 117}, {""id"": 538005, ""rooms"": 4, ""room_alias"": ""四室"", ""area"": 138}]",3/4室,"3室户型,4室户型",2001-09-11,2019年03月31日,2001年,2002年,"[""2019-03-18""]",{花园洋房},花园洋房,70年,1.2,40%,120,毛坯,,住宅,碧桂园服务,1元/㎡/月,,120,1:1,售罄,售罄,售罄,"[""西房注字（2019）010""]","[""27#、28#、29#、30#""]",正荣,,青岛奥润投资集团,民电,民水,36.906474,120.564418,"""""","{""559"": ""现房"", ""81"": ""大阳台"", ""53"": ""高绿化率"", ""52"": ""低容积"", ""76"": ""厨卫全明"", ""74"": ""南北通透"", ""72"": ""配套纯熟"", ""71"": ""便利店"", ""70"": ""银行"", ""69"": ""学校"", ""68"": ""医院"", ""66"": ""公园"", ""65"": ""商业街"", ""78"": ""大户型"", ""402"": ""玄关入户"", ""401"": ""户型方正"", ""85"": ""主卧套房"", ""83"": ""双阳台"", ""637"": ""公办中学"", ""636"": ""公办小学"", ""598"": ""民办幼儿园"", ""597"": ""公办幼儿园"", ""263"": ""VR看房"", ""55"": ""小型社区""}","[""现房"", ""大阳台"", ""高绿化率"", ""低容积"", ""厨卫全明""]",https://pic4.ajkimg.com/display/xinfang/bd0ef8a23f34189cffc7570d3ad4146e/275x206n.jpg,[],莱西市北京东路37号
7513369,龙盛世府,青岛,30,黄岛区,4516,安子片区,5217,青岛黄岛区安子片区漓江东路517号,,,,,90-124㎡,23688m²,27587m²,"[{""id"": 49870, ""rooms"": 1, ""room_alias"": ""一室"", ""area"": 90.72}, {""id"": 44203, ""rooms"": 2, ""room_alias"": ""二室"", ""area"": 89.85}, {""id"": 49869, ""rooms"": 2, ""room_alias"": ""二室"", ""area"": 90.99}, {""id"": 44205, ""rooms"": 2, ""room_alias"": ""二室"", ""area"": 91.84}, {""id"": 44201, ""rooms"": 2, ""room_alias"": ""二室"", ""area"": 94.19}, {""id"": 44198, ""rooms"": 3, ""room_alias"": ""三室"", ""area"": 124.1}]",1/2/3室,"1室户型,2室户型,3室户型",2001-09-22,,2001年,2002年,[],{高层},高层,70年,1.47,47%,276,毛坯,,住宅,融创服务,1.3元/㎡/月,,270,1:0.98,售罄,售罄,售罄,"[""青房注字青开(2009)第041""]",[],新城控股,,青岛侨海房地产开发有限公司,民电,民水,35.988406,120.265099,"""""","{""53"": ""高绿化率"", ""52"": ""低容积"", ""9"": ""轨交房"", ""63"": ""旅游地产"", ""72"": ""配套纯熟"", ""70"": ""银行"", ""69"": ""学校"", ""68"": ""医院"", ""67"": ""生态绿地"", ""66"": ""公园"", ""65"": ""商业街"", ""64"": ""购物中心"", ""78"": ""大户型"", ""637"": ""公办中学"", ""636"": ""公办小学"", ""599"": ""省级示范园"", ""598"": ""民办幼儿园"", ""597"": ""公办幼儿园"", ""55"": ""小型社区""}","[""高绿化率"", ""低容积"", ""轨交房"", ""旅游地产"", ""配套纯熟""]",https://pic4.ajkimg.com/display/xinfang/93a9cb5704b988bd7cf5d3771ba8cd26/275x206n.jpg,"[{""id"": ""7315167"", ""loupan_id"": ""241810"", ""station_id"": ""120348"", ""subway_id"": ""1045"", ""city_id"": ""30"", ""distance"": ""1220米"", ""status"": ""1"", ""last_update_time"": ""1774212707"", ""is_rail_loupan"": ""1"", ""subway_name"": ""1号线"", ""station_name"": ""新港山路"", ""distance_raw"": ""1220""}, {""id"": ""7315236"", ""loupan_id"": ""241810"", ""station_id"": ""120300"", ""subway_id"": ""1045"", ""city_id"": ""30"", ""distance"": ""1305米"", ""status"": ""1"", ""last_update_time"": ""1774212707"", ""is_rail_loupan"": ""1"", ""subway_name"": ""1号线"", ""station_name"": ""安子"", ""distance_raw"": ""1305""}]",安子居住区（北海船厂公寓东邻）漓江东路517号项目现场
9148835,鹏丽明珠府,青岛,30,崂山区,3643,高科园,3696,青岛崂山区高科园辽阳东路12号,,,,,39-137㎡,114265m²,167325m²,"[{""id"": 39446, ""rooms"": 1, ""room_alias"": ""一室"", ""area"": 39.45}, {""id"": 39440, ""rooms"": 1, ""room_alias"": ""一室"", ""area"": 41.56}, {""id"": 39441, ""rooms"": 1, ""room_alias"": ""一室"", ""area"": 42.06}, {""id"": 39438, ""rooms"": 1, ""room_alias"": ""一室"", ""area"": 54.68}, {""id"": 39444, ""rooms"": 1, ""room_alias"": ""一室"", ""area"": 61.72}, {""id"": 39445, ""rooms"": 1, ""room_alias"": ""一室"", ""area"": 63.27}, {""id"": 39443, ""rooms"": 1, ""room_alias"": ""一室"", ""area"": 72.05}, {""id"": 39439, ""rooms"": 2, ""room_alias"": ""二室"", ""area"": 80.05}, {""id"": 39448, ""rooms"": 2, ""room_alias"": ""二室"", ""area"": 97.19}, {""id"": 39447, ""rooms"": 3, ""room_alias"": ""三室"", ""area"": 136.54}]",1/2/3室,"1室户型,2室户型,3室户型",2001-08-28,,2001年,2002年,[],多层,高层,,3.55,20%,228,毛坯,,住宅,新城悦服务,,,1111,1:1,售罄,售罄,售罄,[],[],龙湖,,中国南京利源集团,民电,民水,36.108505,120.458968,"""""","{""9"": ""轨交房"", ""10"": ""多轨交"", ""72"": ""配套纯熟"", ""70"": ""银行"", ""69"": ""学校"", ""68"": ""医院"", ""66"": ""公园"", ""65"": ""商业街"", ""64"": ""购物中心"", ""79"": ""小户型"", ""78"": ""大户型"", ""638"": ""民办中学"", ""637"": ""公办中学"", ""636"": ""公办小学"", ""635"": ""民办小学"", ""624"": ""九年一贯制"", ""599"": ""省级示范园"", ""598"": ""民办幼儿园"", ""597"": ""公办幼儿园"", ""55"": ""小型社区""}","[""轨交房"", ""多轨交"", ""配套纯熟"", ""银行"", ""学校""]",https://pic4.ajkimg.com/display/xinfang/e76e055b757473dfa18d95b36b3ff78f/275x206n.jpg,"[{""id"": ""7315805"", ""loupan_id"": ""244518"", ""station_id"": ""121188"", ""subway_id"": ""12068"", ""city_id"": ""30"", ""distance"": ""209米"", ""status"": ""1"", ""last_update_time"": ""1774212708"", ""is_rail_loupan"": ""1"", ""subway_name"": ""5号线"", ""station_name"": ""大埠东"", ""distance_raw"": ""209""}, {""id"": ""7315625"", ""loupan_id"": ""244518"", ""station_id"": ""120742"", ""subway_id"": ""12051"", ""city_id"": ""30"", ""distance"": ""234米"", ""status"": ""1"", ""last_update_time"": ""1774212707"", ""is_rail_loupan"": ""1"", ""subway_name"": ""4号线"", ""station_name"": ""大埠东"", ""distance_raw"": ""234""}, {""id"": ""7315806"", ""loupan_id"": ""244518"", ""station_id"": ""121187"", ""subway_id"": ""12068"", ""city_id"": ""30"", ""distance"": ""965米"", ""status"": ""1"", ""last_update_time"": ""1774212708"", ""is_rail_loupan"": ""1"", ""subway_name"": ""5号线"", ""station_name"": ""合肥路"", ""distance_raw"": ""965""}, {""id"": ""7315803"", ""loupan_id"": ""244518"", ""station_id"": ""121189"", ""subway_id"": ""12068"", ""city_id"": ""30"", ""distance"": ""972米"", ""status"": ""1"", ""last_update_time"": ""1774212708"", ""is_rail_loupan"": ""1"", ""subway_name"": ""5号线"", ""station_name"": ""国信体育馆"", ""distance_raw"": ""972""}, {""id"": ""7315636"", ""loupan_id"": ""244518"", ""station_id"": ""120734"", ""subway_id"": ""12051"", ""city_id"": ""30"", ""distance"": ""981米"", ""status"": ""1"", ""last_update_time"": ""1774212707"", ""is_rail_loupan"": ""1"", ""subway_name"": ""4号线"", ""station_name"": ""埠西"", ""distance_raw"": ""981""}]",崂山区辽阳东路12号
5899358,御苑一期,青岛,30,市北区,3640,图书馆,5186,青岛市北区图书馆延吉路与江都路交会处,,,,,64-178㎡,54007m²,280000m²,"[{""id"": 254342, ""rooms"": 1, ""room_alias"": ""一室"", ""area"": 64.28}, {""id"": 278551, ""rooms"": 2, ""room_alias"": ""二室"", ""area"": 87}, {""id"": 178492, ""rooms"": 2, ""room_alias"": ""二室"", ""area"": 88}, {""id"": 213554, ""rooms"": 2, ""room_alias"": ""二室"", ""area"": 90}, {""id"": 278543, ""rooms"": 2, ""room_alias"": ""二室"", ""area"": 94}, {""id"": 278541, ""rooms"": 3, ""room_alias"": ""三室"", ""area"": 108}, {""id"": 278547, ""rooms"": 3, ""room_alias"": ""三室"", ""area"": 117}, {""id"": 178498, ""rooms"": 3, ""room_alias"": ""三室"", ""area"": 120}, {""id"": 183918, ""rooms"": 3, ""room_alias"": ""三室"", ""area"": 138}, {""id"": 278555, ""rooms"": 3, ""room_alias"": ""三室"", ""area"": 139}, {""id"": 183921, ""rooms"": 3, ""room_alias"": ""三室"", ""area"": 140}, {""id"": 183920, ""rooms"": 3, ""room_alias"": ""三室"", ""area"": 143}, {""id"": 183922, ""rooms"": 4, ""room_alias"": ""四室"", ""area"": 178}]",1/2/3/4室,"1室户型,2室户型,3室户型,4室户型",2001-08-11,,2001年,2002年,[],"{多层,小高层}",多层、小高层,70年,3.49,20%,1202,"毛坯,带装修",,住宅,招商积余,2.95元/㎡/月,,,1:1,售罄,售罄,售罄,"[""青房注字(2016)第102号"", ""青房注字(2016)第090号"", ""青房注字(2016)第049号""]",[],旭辉,,,民电,民水,36.100958,120.382335,"""""","{""29"": ""装修交付"", ""9"": ""轨交房"", ""10"": ""多轨交"", ""72"": ""配套纯熟"", ""71"": ""便利店"", ""70"": ""银行"", ""69"": ""学校"", ""68"": ""医院"", ""66"": ""公园"", ""65"": ""商业街"", ""64"": ""购物中心"", ""79"": ""小户型"", ""78"": ""大户型"", ""638"": ""民办中学"", ""637"": ""公办中学"", ""636"": ""公办小学"", ""635"": ""民办小学"", ""624"": ""九年一贯制"", ""598"": ""民办幼儿园"", ""597"": ""公办幼儿园""}","[""装修交付"", ""轨交房"", ""多轨交"", ""配套纯熟"", ""便利店""]",https://pic4.ajkimg.com/display/xinfang/083358daf6f7e79f0cb3ce8fa50bb84a/275x206n.jpg,"[{""id"": ""7316029"", ""loupan_id"": ""401191"", ""station_id"": ""121170"", ""subway_id"": ""12068"", ""city_id"": ""30"", ""distance"": ""838米"", ""status"": ""1"", ""last_update_time"": ""1774212708"", ""is_rail_loupan"": ""1"", ""subway_name"": ""5号线"", ""station_name"": ""镇江路"", ""distance_raw"": ""838""}, {""id"": ""7316009"", ""loupan_id"": ""401191"", ""station_id"": ""121169"", ""subway_id"": ""12068"", ""city_id"": ""30"", ""distance"": ""1308米"", ""status"": ""1"", ""last_update_time"": ""1774212708"", ""is_rail_loupan"": ""1"", ""subway_name"": ""5号线"", ""station_name"": ""澳柯玛桥"", ""distance_raw"": ""1308""}, {""id"": ""7316451"", ""loupan_id"": ""401191"", ""station_id"": ""121287"", ""subway_id"": ""1044"", ""city_id"": ""30"", ""distance"": ""1308米"", ""status"": ""1"", ""last_update_time"": ""1774212708"", ""is_rail_loupan"": ""1"", ""subway_name"": ""8号线"", ""station_name"": ""澳柯玛桥"", ""distance_raw"": ""1308""}]",市北区江都路与延吉路交汇处
8376540,华龙湖筑,青岛,30,李沧区,3642,李村,3690,青岛李沧区李村重庆中路与兴国路交汇处,,,,,50-122㎡,96694m²,144900m²,"[{""id"": 50335, ""rooms"": 1, ""room_alias"": ""一室"", ""area"": 50.35}, {""id"": 38432, ""rooms"": 2, ""room_alias"": ""二室"", ""area"": 79.81}, {""id"": 38433, ""rooms"": 2, ""room_alias"": ""二室"", ""area"": 89.39}, {""id"": 38434, ""rooms"": 2, ""room_alias"": ""二室"", ""area"": 92.86}, {""id"": 38435, ""rooms"": 3, ""room_alias"": ""三室"", ""area"": 110}, {""id"": 38436, ""rooms"": 3, ""room_alias"": ""三室"", ""area"": 122.16}]",1/2/3室,"1室户型,2室户型,3室户型",2001-05-07,,2001年,2002年,[],"{小高层,高层}",小高层、高层,70年,1.3,49%,1100,毛坯,,住宅,华润万象生活,1.8元/㎡/月,,751,1:0.7,售罄,售罄,售罄,[],[],碧桂园,,阳光新业地产股份有限公司,民电,民水,36.201619,120.391357,"""""","{""53"": ""高绿化率"", ""52"": ""低容积"", ""9"": ""轨交房"", ""10"": ""多轨交"", ""72"": ""配套纯熟"", ""70"": ""银行"", ""69"": ""学校"", ""68"": ""医院"", ""66"": ""公园"", ""65"": ""商业街"", ""64"": ""购物中心"", ""79"": ""小户型"", ""78"": ""大户型"", ""637"": ""公办中学"", ""636"": ""公办小学"", ""635"": ""民办小学"", ""624"": ""九年一贯制"", ""599"": ""省级示范园"", ""598"": ""民办幼儿园"", ""597"": ""公办幼儿园""}","[""高绿化率"", ""低容积"", ""轨交房"", ""多轨交"", ""配套纯熟""]",https://pic4.ajkimg.com/display/xinfang/6618c8961fce35a0f424c6d5a496e7c9/275x206n.jpg,"[{""id"": ""7315152"", ""loupan_id"": ""241865"", ""station_id"": ""4424"", ""subway_id"": ""124"", ""city_id"": ""30"", ""distance"": ""372米"", ""status"": ""1"", ""last_update_time"": ""1774212707"", ""is_rail_loupan"": ""1"", ""subway_name"": ""7号线"", ""station_name"": ""兴国路"", ""distance_raw"": ""372""}, {""id"": ""7316084"", ""loupan_id"": ""241865"", ""station_id"": ""11032"", ""subway_id"": ""1045"", ""city_id"": ""30"", ""distance"": ""375米"", ""status"": ""1"", ""last_update_time"": ""1774212708"", ""is_rail_loupan"": ""1"", ""subway_name"": ""1号线"", ""station_name"": ""兴国路"", ""distance_raw"": ""375""}, {""id"": ""7316064"", ""loupan_id"": ""241865"", ""station_id"": ""11038"", ""subway_id"": ""1045"", ""city_id"": ""30"", ""distance"": ""1110米"", ""status"": ""1"", ""last_update_time"": ""1774212708"", ""is_rail_loupan"": ""1"", ""subway_name"": ""1号线"", ""station_name"": ""永年路"", ""distance_raw"": ""1110""}, {""id"": ""7314059"", ""loupan_id"": ""241865"", ""station_id"": ""121278"", ""subway_id"": ""124"", ""city_id"": ""30"", ""distance"": ""1162米"", ""status"": ""1"", ""last_update_time"": ""1774212706"", ""is_rail_loupan"": ""1"", ""subway_name"": ""7号线"", ""station_name"": ""文安路"", ""distance_raw"": ""1162""}, {""id"": ""7316081"", ""loupan_id"": ""241865"", ""station_id"": ""11036"", ""subway_id"": ""1045"", ""city_id"": ""30"", ""distance"": ""1490米"", ""status"": ""1"", ""last_update_time"": ""1774212708"", ""is_rail_loupan"": ""1"", ""subway_name"": ""1号线"", ""station_name"": ""南岭路"", ""distance_raw"": ""1490""}, {""id"": ""7315153"", ""loupan_id"": ""241865"", ""station_id"": ""4425"", ""subway_id"": ""124"", ""city_id"": ""30"", ""distance"": ""1490米"", ""status"": ""1"", ""last_update_time"": ""1774212707"", ""is_rail_loupan"": ""1"", ""subway_name"": ""7号线"", ""station_name"": ""南岭"", ""distance_raw"": ""1490""}]",李沧区重庆路与兴国路交汇处（项目现场）
1233267,新汇半岛苑,青岛,30,市北区,3640,福州路,3665,青岛市北区福州路福州北路132号,,6639元/㎡,6639元/㎡,首付28万，月供6701元,78-115㎡,3813.5m²,28114.2m²,"[{""id"": 804790, ""rooms"": 2, ""room_alias"": ""二室"", ""area"": 78}, {""id"": 804792, ""rooms"": 2, ""room_alias"": ""二室"", ""area"": 85}, {""id"": 804793, ""rooms"": 2, ""room_alias"": ""二室"", ""area"": 97}, {""id"": 804794, ""rooms"": 3, ""room_alias"": ""三室"", ""area"": 115}]",2/3室,"2室户型,3室户型",2001-06-07,2023年05月22日,2001年,2002年,"[""2023-04-18""]",{高层},高层,70年,,10%,282,毛坯,已竣工，竣工时间：2023-12-31,住宅,合景悠活,2.89元/㎡/月,,70,,售罄,售罄,售罄,"[""青房预字（2023）第030号""]","[""1#""]",滨江集团,,青岛市驻青机构建设服务有限责任公司,民电,民水,36.104241,120.418552,"""""","{""559"": ""现房"", ""557"": ""项目竣工"", ""9"": ""轨交房"", ""73"": ""卧室全朝南"", ""10"": ""多轨交"", ""72"": ""配套纯熟"", ""71"": ""便利店"", ""70"": ""银行"", ""69"": ""学校"", ""68"": ""医院"", ""66"": ""公园"", ""65"": ""商业街"", ""64"": ""购物中心"", ""78"": ""大户型"", ""402"": ""玄关入户"", ""401"": ""户型方正"", ""397"": ""动静分离"", ""638"": ""民办中学"", ""637"": ""公办中学"", ""636"": ""公办小学"", ""635"": ""民办小学"", ""624"": ""九年一贯制"", ""598"": ""民办幼儿园"", ""597"": ""公办幼儿园"", ""263"": ""VR看房"", ""55"": ""小型社区""}","[""现房"", ""项目竣工"", ""轨交房"", ""卧室全朝南"", ""多轨交""]",https://pic4.ajkimg.com/display/xinfang/ad04f544787e2db91295511f2ae79ec9/275x206n.jpg,"[{""id"": ""7249788"", ""loupan_id"": ""519650"", ""station_id"": ""120735"", ""subway_id"": ""12051"", ""city_id"": ""30"", ""distance"": ""983米"", ""status"": ""1"", ""last_update_time"": ""1774212707"", ""is_rail_loupan"": ""1"", ""subway_name"": ""4号线"", ""station_name"": ""洪山坡(妇儿医院)"", ""distance_raw"": ""983""}, {""id"": ""7245839"", ""loupan_id"": ""519650"", ""station_id"": ""4367"", ""subway_id"": ""121"", ""city_id"": ""30"", ""distance"": ""1354米"", ""status"": ""1"", ""last_update_time"": ""1774212705"", ""is_rail_loupan"": ""1"", ""subway_name"": ""3号线"", ""station_name"": ""清江路"", ""distance_raw"": ""1354""}]",青岛市市北区福州北路132号
3696552,银都A区,青岛,30,李沧区,3642,李村,3690,青岛李沧区李村京口路、书院路、古镇路交汇处（维客广场西侧）,,,,,,10432m²,117000m²,[],,,2001-03-24,,2001年,2002年,[],{},,40年,,28%,,毛坯,,标准写字楼,金地智慧服务,,,,,售罄,售罄,售罄,[],[],旭辉,,,商电,商水,36.161407,120.423719,"""""","{""9"": ""轨交房"", ""10"": ""多轨交"", ""72"": ""配套纯熟"", ""71"": ""便利店"", ""70"": ""银行"", ""68"": ""医院"", ""66"": ""公园"", ""65"": ""商业街"", ""64"": ""购物中心""}","[""轨交房"", ""多轨交"", ""配套纯熟"", ""便利店"", ""银行""]",https://pic4.ajkimg.com/display/xinfang/2fc2c30a468fd74123196127d8ec4bb0/275x206n.jpg,"[{""id"": ""7316704"", ""loupan_id"": ""413181"", ""station_id"": ""4361"", ""subway_id"": ""121"", ""city_id"": ""30"", ""distance"": ""111米"", ""status"": ""1"", ""last_update_time"": ""1774212709"", ""is_rail_loupan"": ""1"", ""subway_name"": ""3号线"", ""station_name"": ""李村"", ""distance_raw"": ""111""}, {""id"": ""7316281"", ""loupan_id"": ""413181"", ""station_id"": ""4493"", ""subway_id"": ""126"", ""city_id"": ""30"", ""distance"": ""209米"", ""status"": ""1"", ""last_update_time"": ""1774212708"", ""is_rail_loupan"": ""1"", ""subway_name"": ""2号线"", ""station_name"": ""李村"", ""distance_raw"": ""209""}, {""id"": ""7316279"", ""loupan_id"": ""413181"", ""station_id"": ""4492"", ""subway_id"": ""126"", ""city_id"": ""30"", ""distance"": ""1091米"", ""status"": ""1"", ""last_update_time"": ""1774212708"", ""is_rail_loupan"": ""1"", ""subway_name"": ""2号线"", ""station_name"": ""枣山路"", ""distance_raw"": ""1091""}, {""id"": ""7316280"", ""loupan_id"": ""413181"", ""station_id"": ""4494"", ""subway_id"": ""126"", ""city_id"": ""30"", ""distance"": ""1114米"", ""status"": ""1"", ""last_update_time"": ""1774212708"", ""is_rail_loupan"": ""1"", ""subway_name"": ""2号线"", ""station_name"": ""李村公园"", ""distance_raw"": ""1114""}, {""id"": ""7316700"", ""loupan_id"": ""413181"", ""station_id"": ""4360"", ""subway_id"": ""121"", ""city_id"": ""30"", ""distance"": ""1162米"", ""status"": ""1"", ""last_update_time"": ""1774212709"", ""is_rail_loupan"": ""1"", ""subway_name"": ""3号线"", ""station_name"": ""君峰路"", ""distance_raw"": ""1162""}, {""id"": ""7316702"", ""loupan_id"": ""413181"", ""station_id"": ""4362"", ""subway_id"": ""121"", ""city_id"": ""30"", ""distance"": ""1318米"", ""status"": ""1"", ""last_update_time"": ""1774212709"", ""is_rail_loupan"": ""1"", ""subway_name"": ""3号线"", ""station_name"": ""万年泉路"", ""distance_raw"": ""1318""}]",李沧区京口路、君峰路交汇处（蓝海大饭店附近）
